-2
0
0
1
0
-2
0
1
-1
1
0
0
1
-1
0
0
-1
0
-1
-1
0
0
-1
-2
0
0
1
0
2
3
2
2
1
1
3
2
3
3
2
2
1
0
2
1
0
0
0
1
1
1
1
0
0
0
2
-1
-1
-1
-2
-3
-2
-2
-2
-3
-4
-4
-3
-4
-3
-3
-3
-2
-3
-2
-2
-2
-2
-1
0
-2
0
0
-2
-1
-1
-2
0
-1
0
1
-1
-1
2
-1
0
1
-2
1
0
-1
1
0
-1
2
0
-1
2
-1
0
1
-1
1
0
-2
2
-1
-2
2
-2
0
2
-2
0
1
-2
1
0
-2
3
0
1
5
-1
0
2
-3
0
1
-3
1
-2
-3
2
-3
-3
0
-4
-3
0
-4
-3
-1
-4
0
-1
-3
2
-1
-2
2
-1
0
3
0
1
2
-1
2
-1
-2
3
0
0
3
1
0
3
0
2
2
-1
2
1
-1
2
0
0
3
0
1
2
2
2
3
2
4
3
2
5
6
5
8
8
7
10
10
10
11
10
9
9
7
9
9
5
3
3
1
2
1
-2
-1
-2
-3
-2
-4
-3
-1
-4
-2
-1
-2
-3
-2
-3
-2
-1
-4
1
-2
-3
-2
-6
-7
-6
-10
-10
-7
-13
-10
-12
-16
-13
-15
-18
-12
-17
-21
-16
-23
-21
-18
-23
-20
-20
-26
-23
-26
-30
-26
-31
-34
-28
-34
-32
-27
-34
-30
-26
-30
-23
-22
-27
-17
-20
-21
-14
-18
-19
-14
-22
-20
-18
-26
-21
-23
-29
-21
-22
-25
-16
-19
-18
-8
-10
-4
4
1
11
17
16
28
31
28
37
37
37
45
40
41
45
39
44
45
39
43
43
37
43
42
40
46
41
40
47
42
44
48
40
44
45
39
42
42
37
42
40
37
43
37
36
42
35
36
39
30
34
33
25
29
25
15
16
7
-3
-4
-17
-27
-30
-45
-54
-55
-71
-73
-80
-92
-91
-97
-105
-101
-107
-111
-104
-111
-109
-102
-108
-104
-100
-105
-98
-96
-102
-95
-97
-98
-88
-92
-91
-83
-88
-83
-74
-76
-68
-61
-62
-47
-40
-38
-22
-20
-15
-2
0
9
22
22
33
44
44
60
69
70
85
90
95
112
115
122
137
137
148
160
162
174
182
182
195
199
199
211
210
211
218
213
214
216
208
208
206
195
193
185
172
169
155
142
136
120
106
97
77
67
60
41
31
20
5
-1
-11
-23
-29
-42
-54
-60
-71
-81
-88
-101
-111
-118
-134
-138
-146
-161
-166
-180
-191
-197
-210
-220
-226
-237
-243
-245
-256
-259
-259
-266
-264
-266
-267
-260
-262
-262
-256
-254
-252
-246
-245
-243
-235
-232
-226
-219
-219
-212
-205
-201
-192
-188
-186
-180
-175
-166
-149
-136
-116
-95
-84
-58
-26
1
36
70
99
147
193
234
294
334
386
438
477
531
576
617
659
693
717
748
767
769
770
758
741
731
703
668
628
574
522
462
405
343
282
217
166
113
62
29
-18
-51
-72
-94
-100
-99
-107
-112
-107
-111
-102
-107
-118
-118
-128
-139
-150
-157
-179
-191
-214
-231
-246
-273
-289
-317
-337
-360
-377
-396
-414
-434
-446
-447
-457
-462
-462
-459
-461
-449
-432
-432
-420
-416
-401
-389
-393
-371
-372
-369
-366
-369
-364
-371
-368
-380
-381
-395
-399
-402
-417
-414
-428
-432
-446
-451
-449
-443
-416
-385
-344
-303
-244
-157
-73
21
117
224
334
439
544
633
717
768
816
862
884
917
928
933
931
926
914
888
872
831
782
730
669
607
535
458
366
282
185
90
11
-62
-128
-190
-228
-241
-245
-233
-204
-165
-110
-48
34
105
172
230
274
314
340
366
369
375
361
341
326
295
260
222
201
162
132
111
83
57
33
18
-4
-26
-56
-83
-112
-149
-171
-193
-213
-227
-240
-248
-247
-248
-244
-247
-249
-244
-250
-264
-289
-315
-344
-370
-390
-416
-435
-459
-485
-501
-523
-548
-564
-580
-591
-602
-606
-598
-601
-603
-589
-576
-564
-552
-535
-541
-539
-543
-549
-543
-551
-541
-550
-548
-545
-547
-527
-499
-453
-406
-343
-273
-191
-84
32
160
289
412
528
613
700
775
822
864
895
907
912
913
905
880
849
819
791
761
731
696
655
612
555
502
442
392
324
267
200
123
85
38
4
-14
-23
-12
1
37
93
152
222
289
364
426
497
562
606
637
651
668
648
627
588
539
483
400
324
224
133
41
-47
-130
-205
-250
-308
-346
-368
-393
-404
-431
-454
-471
-487
-504
-510
-513
-516
-505
-483
-446
-406
-357
-309
-268
-237
-211
-200
-210
-218
-233
-257
-272
-294
-319
-346
-370
-389
-414
-434
-462
-489
-519
-544
-568
-596
-588
-587
-569
-553
-519
-476
-451
-415
-402
-383
-372
-376
-375
-370
-369
-366
-362
-371
-375
-386
-408
-416
-419
-403
-365
-323
-262
-191
-121
-7
124
270
413
551
668
772
865
932
984
1004
1000
999
988
974
973
947
919
896
872
844
835
800
762
714
651
593
521
434
338
249
152
65
-17
-98
-152
-199
-231
-237
-224
-186
-116
-40
40
127
194
262
328
375
421
445
437
432
411
384
354
291
223
147
68
-17
-107
-183
-262
-314
-368
-410
-428
-445
-451
-460
-472
-468
-475
-499
-513
-537
-552
-548
-548
-524
-475
-427
-383
-330
-279
-231
-208
-189
-178
-182
-200
-222
-245
-283
-306
-321
-340
-352
-371
-386
-395
-419
-436
-451
-455
-456
-441
-415
-383
-331
-285
-236
-194
-154
-109
-94
-82
-77
-84
-96
-119
-137
-172
-196
-223
-250
-276
-314
-334
-354
-350
-336
-310
-269
-223
-140
-17
121
267
393
513
618
706
788
846
894
911
908
905
901
907
901
895
872
855
842
823
813
775
741
685
621
554
470
374
256
150
42
-53
-136
-229
-278
-310
-312
-284
-242
-169
-88
24
134
234
322
401
471
527
579
596
587
571
532
493
443
376
296
198
95
-11
-120
-226
-320
-412
-488
-542
-592
-609
-609
-614
-612
-600
-599
-603
-593
-596
-585
-566
-522
-473
-419
-354
-281
-188
-115
-48
2
31
31
11
-23
-63
-102
-158
-209
-244
-285
-313
-339
-369
-385
-403
-423
-437
-452
-462
-449
-422
-385
-352
-314
-275
-233
-197
-173
-151
-151
-162
-186
-219
-260
-294
-331
-370
-395
-430
-460
-477
-491
-474
-437
-397
-343
-276
-185
-56
118
285
458
608
749
905
1022
1117
1179
1204
1198
1189
1172
1145
1122
1070
1029
993
953
921
877
812
749
674
591
503
408
281
150
17
-122
-229
-329
-406
-465
-499
-503
-479
-426
-342
-247
-135
-3
126
251
368
464
532
600
642
659
656
628
585
532
468
391
290
188
94
-12
-143
-279
-419
-559
-672
-768
-830
-867
-882
-880
-864
-836
-802
-751
-707
-648
-573
-503
-413
-338
-266
-173
-88
2
86
152
195
239
270
273
271
236
181
100
0
-101
-210
-300
-390
-475
-535
-597
-635
-667
-692
-697
-686
-663
-643
-605
-572
-523
-484
-449
-397
-380
-369
-378
-394
-420
-452
-493
-550
-595
-649
-677
-655
-617
-525
-435
-319
-166
-21
191
400
609
801
961
1118
1226
1342
1395
1423
1432
1385
1366
1317
1260
1194
1114
1046
958
910
855
789
721
627
551
446
341
224
73
-63
-211
-332
-433
-516
-578
-629
-608
-571
-488
-384
-281
-112
32
214
383
513
645
727
791
825
831
812
762
697
612
547
458
355
265
148
54
-61
-185
-317
-462
-603
-748
-871
-1003
-1103
-1168
-1220
-1216
-1170
-1094
-981
-854
-717
-558
-379
-196
-24
105
204
300
364
418
451
461
452
441
415
378
311
212
109
-28
-152
-290
-454
-608
-774
-912
-1019
-1112
-1163
-1193
-1173
-1143
-1082
-1003
-935
-820
-747
-649
-563
-496
-407
-383
-346
-336
-360
-382
-453
-495
-537
-510
-428
-342
-211
-76
132
396
687
961
1186
1371
1506
1612
1658
1649
1568
1427
1271
1124
999
883
764
631
538
478
426
394
336
248
155
69
-34
-143
-268
-405
-538
-648
-707
-743
-755
-728
-662
-547
-365
-162
57
285
529
782
1031
1261
1412
1518
1572
1560
1547
1463
1346
1202
1009
851
673
516
341
159
5
-141
-240
-396
-540
-710
-874
-1003
-1128
-1223
-1335
-1400
-1430
-1405
-1325
-1209
-1063
-920
-719
-502
-271
-32
160
337
475
607
692
744
751
707
659
573
493
373
221
53
-140
-323
-514
-721
-919
-1121
-1299
-1444
-1572
-1661
-1731
-1771
-1765
-1721
-1652
-1544
-1430
-1293
-1170
-1040
-895
-804
-668
-592
-548
-462
-442
-301
-151
35
257
423
704
938
1316
1596
1843
2078
2119
2268
2231
2167
2029
1757
1526
1197
980
689
449
215
-69
-142
-330
-362
-428
-533
-538
-646
-623
-672
-666
-688
-746
-675
-673
-511
-359
-206
58
272
634
958
1289
1606
1822
2116
2271
2435
2481
2429
2343
2105
1950
1683
1405
1121
756
489
194
-20
-246
-485
-668
-899
-1003
-1163
-1298
-1427
-1608
-1675
-1774
-1782
-1781
-1736
-1633
-1512
-1270
-1068
-778
-519
-282
3
180
409
549
648
724
714
723
650
588
469
318
180
-8
-139
-342
-529
-717
-926
-1082
-1278
-1425
-1583
-1715
-1791
-1881
-1886
-1928
-1904
-1840
-1806
-1633
-1568
-1408
-1258
-1176
-940
-912
-691
-596
-521
-194
-137
380
643
956
1412
1511
2141
2400
2779
3013
2924
3080
2780
2784
2363
1961
1607
894
750
170
-31
-317
-731
-737
-1055
-910
-1039
-1055
-1086
-1298
-1145
-1348
-1183
-1226
-1270
-1047
-1058
-597
-318
122
587
949
1610
2039
2649
2972
3228
3483
3443
3569
3323
3090
2724
2157
1765
1169
762
275
-177
-525
-884
-983
-1210
-1257
-1385
-1531
-1471
-1578
-1502
-1544
-1598
-1545
-1528
-1338
-1239
-1033
-880
-660
-323
-120
223
365
536
692
722
832
744
688
544
373
227
8
-145
-422
-614
-818
-1029
-1133
-1351
-1447
-1591
-1696
-1723
-1785
-1779
-1806
-1768
-1754
-1631
-1560
-1480
-1366
-1362
-1165
-1137
-1020
-928
-968
-845
-866
-757
-767
-750
-660
-520
-104
232
674
997
1355
1922
2388
2883
3116
3173
3139
3016
2809
2435
1967
1345
796
315
-72
-338
-648
-926
-1088
-1164
-1127
-1063
-1090
-1167
-1263
-1310
-1306
-1254
-1240
-1195
-1085
-860
-404
77
603
1129
1645
2264
2838
3337
3662
3801
3822
3732
3547
3199
2740
2184
1605
1065
536
62
-384
-753
-1013
-1183
-1258
-1302
-1318
-1345
-1355
-1316
-1298
-1277
-1257
-1238
-1120
-996
-813
-590
-397
-123
167
450
679
860
981
1027
1030
909
759
551
300
69
-234
-500
-740
-971
-1178
-1380
-1530
-1687
-1765
-1840
-1914
-1924
-1954
-1924
-1896
-1849
-1780
-1707
-1622
-1530
-1462
-1397
-1305
-1245
-1155
-1119
-1097
-1068
-1069
-1037
-1023
-1044
-987
-820
-462
47
515
904
1334
1864
2525
3171
3517
3655
3574
3483
3293
2929
2404
1720
1061
454
71
-286
-594
-901
-1193
-1294
-1315
-1288
-1364
-1539
-1700
-1813
-1797
-1739
-1628
-1500
-1261
-821
-256
535
1276
1942
2582
3180
3769
4175
4345
4250
3994
3636
3219
2701
2064
1381
732
185
-234
-543
-822
-1069
-1248
-1317
-1270
-1218
-1224
-1242
-1301
-1274
-1189
-1117
-1032
-939
-782
-476
-146
159
471
663
918
1150
1265
1257
1117
905
681
471
134
-186
-537
-836
-1025
-1231
-1362
-1486
-1579
-1599
-1567
-1540
-1493
-1433
-1414
-1353
-1290
-1237
-1180
-1201
-1214
-1268
-1343
-1364
-1505
-1598
-1717
-1831
-1849
-1911
-1906
-2003
-1997
-1971
-1945
-1699
-1493
-838
-246
297
988
1399
2232
3058
3630
4044
4044
3993
3846
3550
3038
2387
1642
899
493
27
-276
-533
-1002
-1155
-1334
-1461
-1577
-1932
-2230
-2520
-2650
-2670
-2509
-2253
-1910
-1278
-572
472
1486
2334
3132
3706
4322
4705
4786
4564
4057
3541
2976
2386
1682
999
404
-82
-352
-632
-775
-895
-1005
-980
-1049
-993
-1022
-1044
-1035
-1060
-862
-721
-456
-218
-1
335
693
1112
1374
1580
1628
1629
1576
1353
1088
591
178
-182
-567
-873
-1233
-1521
-1762
-1845
-1880
-1903
-1870
-1860
-1701
-1542
-1319
-1070
-923
-674
-489
-273
-142
-93
-150
-313
-472
-750
-1035
-1454
-1719
-2117
-2287
-2444
-2658
-2531
-2814
-2580
-2587
-2640
-2142
-2065
-1135
-482
70
869
1256
2339
3177
3900
4221
4199
4215
3908
3768
3059
2380
1656
809
577
89
-162
-433
-984
-1150
-1461
-1604
-1909
-2389
-2804
-3224
-3207
-3172
-2731
-2230
-1588
-564
449
1832
2935
3808
4448
4783
5119
5048
4682
3969
3104
2387
1670
1063
369
-202
-642
-986
-1086
-1294
-1400
-1577
-1730
-1715
-1701
-1494
-1283
-940
-577
-53
539
1104
1807
2159
2517
2645
2601
2602
2237
1904
1407
882
489
76
-290
-680
-927
-1218
-1392
-1552
-1848
-2032
-2359
-2536
-2652
-2764
-2673
-2570
-2234
-1788
-1255
-686
-117
426
826
1132
1185
1050
770
287
-230
-877
-1463
-1982
-2427
-2766
-3040
-3063
-3218
-3038
-3115
-3073
-2861
-3019
-2566
-2223
-1552
-283
343
1414
2223
3088
4524
5106
5593
5356
4991
4464
3812
2969
1783
906
-194
-663
-956
-1287
-1302
-1726
-1956
-1971
-2192
-2209
-2629
-3001
-3191
-3157
-2643
-2043
-1098
-203
958
2191
3479
4692
5273
5598
5443
5192
4789
3952
2996
1838
924
280
-318
-758
-1226
-1565
-1857
-2020
-2147
-2340
-2442
-2691
-2589
-2290
-1792
-952
-254
720
1831
2811
3807
4375
4534
4549
4126
3533
2747
1727
849
-49
-760
-1059
-1284
-1473
-1478
-1527
-1537
-1497
-1726
-2056
-2565
-2994
-3095
-3246
-3229
-2973
-2523
-1736
-748
155
877
1427
1801
2048
1891
1393
679
-162
-940
-1671
-2330
-2819
-3181
-3364
-3380
-3358
-3311
-3279
-3329
-3420
-3497
-3587
-3478
-3212
-2322
-1083
413
1757
3007
4217
5438
6635
6980
6848
6007
4915
3813
2468
1266
29
-1029
-1703
-1982
-1869
-1642
-1644
-1886
-2120
-2256
-2400
-2707
-3177
-3546
-3429
-2866
-1769
-491
908
2396
3775
5145
6193
6748
6636
5921
4939
3891
2793
1597
384
-586
-1145
-1308
-1350
-1360
-1506
-1753
-1961
-2245
-2470
-2780
-3043
-3046
-2694
-1764
-524
868
2318
3629
4928
5859
6233
6131
5352
4310
3035
1666
485
-642
-1420
-1869
-1968
-1718
-1358
-1148
-1132
-1240
-1545
-1923
-2477
-3152
-3647
-3861
-3582
-2947
-2178
-1180
-101
1001
1994
2593
2705
2410
1864
1137
294
-692
-1601
-2362
-2901
-3141
-3256
-3299
-3339
-3462
-3482
-3631
-3832
-3997
-4326
-4357
-4182
-3803
-3045
-1852
-355
1692
3320
4651
5632
6097
6755
6804
6113
5144
3670
2368
1294
181
-544
-1167
-1663
-1779
-1707
-1495
-1340
-1655
-2184
-2556
-2755
-2822
-2798
-2890
-2442
-1552
-295
1306
2700
3993
5017
5633
6063
6012
5516
4538
3239
2066
1121
352
-379
-988
-1416
-1509
-1509
-1602
-1812
-2276
-2721
-3040
-3214
-3038
-2741
-2168
-1193
93
1696
3271
4496
5420
5960
6053
5775
4931
3774
2457
1113
111
-659
-1119
-1337
-1479
-1386
-1146
-953
-956
-1308
-1842
-2328
-2737
-2993
-3117
-3123
-2782
-2099
-1187
-194
613
1187
1615
1834
1841
1536
919
208
-397
-938
-1328
-1769
-2216
-2594
-2908
-3213
-3471
-3883
-4226
-4508
-4758
-4643
-4559
-4061
-3608
-3024
-2181
-1497
-433
829
2074
3582
4310
4872
5041
5193
5506
5236
4414
3345
2083
1045
58
-832
-1526
-2149
-2439
-2452
-2053
-1562
-1283
-1326
-1512
-1370
-1100
-930
-840
-880
-326
525
1603
2751
3666
4493
4960
5082
5071
4610
3842
2545
1238
245
-400
-875
-1461
-1848
-1935
-1728
-1532
-1593
-1782
-2034
-2193
-2165
-1965
-1479
-872
-74
956
2170
3426
4374
4823
4900
4679
4277
3558
2530
1353
295
-460
-854
-1073
-1176
-1197
-1152
-1011
-869
-879
-1042
-1391
-1715
-1890
-1909
-1735
-1518
-1250
-874
-316
300
776
897
817
719
613
422
-26
-593
-1067
-1406
-1664
-2032
-2519
-2978
-3402
-3741
-3998
-4234
-4282
-4269
-4159
-3758
-3227
-2630
-2106
-1783
-1448
-1050
-611
73
921
2139
3231
3871
4105
4248
4402
4326
3729
2551
1248
126
-813
-1523
-1861
-1944
-1815
-1438
-806
50
648
685
291
-108
-151
-127
-223
-315
9
742
1747
2677
3428
4010
4176
3857
3299
2674
1894
855
-260
-995
-1132
-968
-893
-945
-807
-464
-194
-225
-474
-704
-845
-831
-644
-139
550
1202
1775
2338
2992
3400
3347
2840
2172
1797
1407
837
158
-423
-675
-681
-619
-569
-457
-391
-370
-389
-412
-324
-432
-637
-672
-528
-208
-19
-79
-132
-33
149
204
-24
-320
-483
-585
-682
-902
-1233
-1534
-1828
-2130
-2401
-2764
-3131
-3548
-3810
-3905
-3666
-3401
-3165
-2926
-2651
-2197
-1915
-1708
-1731
-1775
-1773
-1583
-1138
-154
1208
2352
2991
3148
3178
3287
3162
2628
1636
674
-102
-645
-859
-686
-394
-190
60
480
1099
1462
1109
359
-139
-191
-100
-114
-83
266
905
1584
2129
2580
2898
2763
2246
1744
1463
1152
553
-139
-405
-127
227
241
98
131
326
394
255
46
-84
-103
-167
-77
301
776
1021
1088
1243
1666
2015
1860
1474
1122
1120
1215
982
644
361
291
279
223
218
284
270
106
-4
0
179
212
-19
-114
-31
70
-25
-380
-693
-827
-882
-918
-1039
-1088
-1052
-1013
-948
-936
-1087
-1376
-1759
-2085
-2328
-2579
-2908
-3211
-3297
-3229
-3039
-2825
-2624
-2470
-2339
-2258
-2166
-2161
-2161
-2327
-2375
-2114
-1416
-222
1152
2053
2458
2356
2270
2237
2066
1640
953
422
4
-172
-168
76
284
241
313
589
1093
1271
862
381
341
616
809
713
665
930
1217
1359
1365
1472
1577
1338
973
794
834
653
137
-297
-244
175
337
182
174
541
1020
1192
1080
1018
996
868
601
471
631
767
738
706
958
1390
1521
1287
1004
952
1143
1141
961
783
732
748
665
654
712
728
610
423
395
470
600
557
471
453
332
119
-305
-714
-1047
-1294
-1382
-1320
-1213
-1117
-1085
-1042
-1008
-1129
-1417
-1763
-2020
-2175
-2341
-2497
-2643
-2602
-2608
-2601
-2539
-2483
-2276
-2397
-2434
-2625
-2687
-2649
-2792
-2704
-2541
-1985
-974
263
1468
1933
1899
1702
1721
1945
1838
1475
1112
806
551
299
131
205
9
-77
-26
452
1015
1019
782
646
889
1079
899
604
549
724
866
872
1053
1286
1325
1117
861
821
591
51
-491
-602
-175
241
371
524
865
1346
1563
1389
1074
742
488
218
143
277
476
632
723
910
1122
1149
976
738
698
986
1301
1488
1444
1307
1196
990
755
523
371
427
515
634
689
737
769
651
470
203
-45
-317
-563
-702
-769
-735
-687
-644
-632
-679
-731
-867
-1081
-1311
-1509
-1710
-1817
-2003
-2105
-2286
-2384
-2435
-2519
-2583
-2663
-2695
-2690
-2677
-2733
-2728
-2816
-2812
-2872
-2772
-2465
-1754
-455
790
1533
1692
1387
1524
1556
1654
1365
975
758
406
252
50
7
-72
-242
-194
262
755
1009
861
806
1024
1140
1101
809
742
915
1040
1163
1209
1359
1354
1117
809
478
147
-337
-773
-767
-424
114
471
667
913
1135
1314
1219
884
550
325
301
408
516
644
746
839
970
1059
1162
1137
1096
1117
1200
1363
1282
1111
841
679
694
557
523
488
644
929
990
961
724
532
371
206
72
-39
-92
-45
-30
-17
-110
-281
-443
-652
-747
-917
-1048
-1157
-1241
-1237
-1302
-1395
-1547
-1772
-1963
-2187
-2407
-2524
-2703
-2623
-2647
-2516
-2482
-2646
-2621
-2966
-2944
-3019
-3003
-2534
-2026
-525
592
1347
1420
938
963
933
1044
1056
794
713
394
115
-2
-252
-355
-523
-379
249
800
1083
1038
914
1061
1052
959
863
821
1161
1415
1701
1808
1588
1381
850
535
177
-270
-498
-683
-396
28
415
729
724
775
811
825
837
635
499
441
481
599
586
599
628
669
856
1031
1306
1446
1465
1610
1553
1457
1152
767
475
289
412
542
698
777
751
722
580
423
291
210
338
519
525
470
385
324
221
56
-27
-145
-279
-412
-627
-820
-1086
-1286
-1379
-1347
-1150
-1151
-1248
-1549
-1846
-2203
-2582
-2725
-2739
-2629
-2404
-2204
-2112
-2216
-2480
-2713
-2931
-2724
-2386
-1661
-342
587
1151
959
552
489
377
628
561
603
493
78
-120
-486
-613
-715
-785
-481
113
645
873
848
804
809
783
782
911
1172
1581
1898
1989
1913
1507
1037
505
125
-125
-339
-377
-392
-138
99
207
260
174
294
582
782
918
920
873
807
634
447
269
314
426
653
959
1242
1445
1450
1379
1165
926
610
446
480
558
595
389
240
160
196
400
468
605
616
603
632
576
550
376
287
349
528
707
690
547
273
-113
-543
-997
-1319
-1441
-1427
-1247
-1081
-984
-982
-1203
-1486
-1838
-2138
-2229
-2253
-2066
-1982
-1975
-1976
-2189
-2312
-2464
-2508
-2486
-2290
-1912
-1285
-207
508
736
377
58
64
268
618
606
757
557
148
-174
-720
-760
-715
-577
-10
508
857
791
437
278
319
402
516
822
1309
1832
2119
1980
1629
1166
736
375
190
187
123
61
-45
-75
-30
-130
-235
-215
77
552
859
954
849
664
478
174
-7
32
303
695
1038
1270
1332
1261
1068
917
949
1061
1097
894
590
383
67
-111
-138
-155
80
245
438
656
636
606
387
226
298
432
582
638
789
940
923
730
400
69
-288
-623
-820
-989
-996
-982
-962
-992
-1060
-1152
-1339
-1500
-1678
-1801
-1842
-1954
-1940
-1998
-2086
-2076
-2223
-2066
-2196
-2055
-1971
-1837
-1221
-554
222
412
-41
-75
-217
310
630
419
597
114
155
-130
-479
-375
-367
80
278
686
908
689
438
30
207
531
684
968
1123
1575
1858
1676
1314
841
813
766
666
525
352
341
186
57
-57
-86
0
76
286
572
758
728
474
244
143
104
15
28
264
621
938
986
933
916
985
1066
1031
968
900
791
595
319
2
-286
-461
-470
-283
46
306
403
341
244
100
-55
-203
-195
22
301
543
604
535
395
179
-8
-187
-315
-323
-297
-226
-197
-171
-232
-375
-455
-528
-606
-677
-781
-883
-1025
-1180
-1361
-1458
-1506
-1571
-1624
-1689
-1733
-1815
-1888
-1886
-1604
-1385
-1294
-1333
-1472
-1367
-1114
-1013
-915
-947
-1037
-945
-857
-697
-408
-123
72
363
537
721
796
720
742
903
1165
1360
1467
1539
1597
1617
1516
1315
1219
1170
1189
1134
1000
860
749
686
659
704
718
735
724
761
800
815
756
629
547
473
380
266
155
47
2
-37
-119
-147
-107
-45
35
57
84
112
60
-1
-155
-279
-286
-231
-71
98
262
476
629
701
732
707
674
612
572
554
577
649
727
806
764
633
408
165
-7
-153
-273
-348
-368
-311
-283
-308
-385
-479
-541
-653
-747
-807
-872
-938
-1066
-1259
-1416
-1572
-1720
-1916
-2135
-2290
-2367
-2412
-2310
-2184
-2033
-1825
-1847
-1806
-1621
-1490
-1248
-1026
-1021
-788
-584
-453
-129
132
345
620
710
829
1008
1100
1217
1298
1435
1574
1686
1760
1802
1821
1790
1645
1478
1396
1373
1378
1333
1204
1111
1046
956
908
782
678
602
545
522
512
494
436
368
291
213
93
-39
-157
-248
-321
-409
-482
-468
-392
-271
-184
-127
5
59
70
-30
-258
-369
-361
-255
70
375
540
724
742
685
764
754
740
797
787
851
908
912
878
750
561
334
172
42
-109
-210
-321
-444
-513
-552
-608
-668
-759
-849
-887
-962
-991
-1080
-1169
-1246
-1389
-1522
-1695
-1885
-1984
-2093
-2251
-2228
-2142
-2069
-1899
-1887
-1923
-1710
-1533
-1293
-945
-841
-664
-474
-421
-194
114
369
647
772
827
941
992
1059
1094
1147
1272
1422
1530
1645
1645
1619
1529
1375
1297
1253
1290
1326
1291
1205
1141
1090
1034
932
791
684
598
493
380
283
222
175
106
42
-6
-33
-78
-162
-251
-291
-325
-386
-441
-412
-249
-90
30
62
80
161
176
126
62
14
62
180
227
335
500
641
732
715
683
711
749
726
653
570
516
516
470
375
254
78
-78
-223
-343
-450
-561
-670
-769
-839
-932
-1029
-1093
-1140
-1166
-1233
-1326
-1424
-1498
-1529
-1577
-1670
-1704
-1760
-1812
-1762
-1717
-1693
-1644
-1697
-1744
-1581
-1433
-1177
-795
-609
-433
-299
-297
-109
141
350
632
802
880
963
941
906
859
784
784
821
902
1012
1062
1098
1080
1031
1023
1031
1043
1069
1081
1090
1154
1172
1177
1208
1223
1235
1168
1014
860
716
579
423
258
132
56
14
-35
-70
-114
-144
-182
-216
-184
-145
-75
3
76
163
237
285
284
289
288
280
279
228
201
190
157
158
174
211
275
295
324
349
352
310
215
133
89
113
139
136
97
29
-64
-198
-298
-408
-491
-565
-643
-697
-751
-848
-914
-1011
-1120
-1222
-1356
-1459
-1527
-1535
-1513
-1489
-1432
-1289
-1255
-1207
-1308
-1498
-1458
-1415
-1254
-933
-865
-750
-590
-596
-379
-138
18
314
483
618
820
839
821
770
656
628
591
515
541
537
528
527
450
494
585
664
757
817
848
870
867
891
1013
1149
1250
1275
1259
1274
1269
1166
1000
805
666
577
462
337
201
85
-22
-108
-149
-140
-72
17
128
202
211
204
144
97
126
186
273
347
353
316
247
144
51
-10
-54
-76
-50
-36
-33
-49
-91
-142
-166
-162
-181
-178
-146
-113
-90
-89
-113
-155
-205
-299
-401
-505
-582
-666
-747
-828
-930
-978
-1086
-1192
-1290
-1370
-1406
-1426
-1321
-1231
-1168
-1086
-1139
-1111
-979
-917
-718
-662
-739
-711
-766
-773
-606
-445
-169
147
269
408
491
550
647
672
694
751
752
744
701
606
514
362
258
265
316
399
453
439
478
509
523
576
646
750
856
916
974
1038
1084
1108
1085
1052
1034
1020
982
895
774
649
503
369
242
146
98
64
54
74
95
166
234
228
262
265
255
265
233
230
267
292
313
301
274
215
95
-40
-201
-346
-453
-529
-567
-576
-593
-614
-643
-698
-721
-733
-719
-673
-637
-606
-591
-615
-624
-663
-754
-873
-1005
-1094
-1105
-1099
-1090
-1099
-1045
-924
-844
-796
-859
-977
-953
-827
-619
-296
-116
-58
-34
-106
-137
-32
1
110
226
263
339
361
387
434
466
471
499
521
554
566
518
446
346
271
244
240
263
245
171
106
31
17
57
104
207
283
320
352
351
374
430
493
575
669
768
858
912
917
908
879
852
863
892
913
895
786
670
537
433
372
319
350
413
492
559
544
471
399
306
244
220
219
259
309
287
206
59
-142
-330
-483
-621
-730
-808
-894
-953
-1015
-1073
-1116
-1155
-1180
-1210
-1197
-1166
-1152
-1130
-1149
-1186
-1216
-1266
-1280
-1234
-1223
-1189
-1061
-940
-797
-694
-749
-725
-577
-422
-182
-27
-8
110
147
178
360
518
732
912
939
945
909
829
747
663
609
587
552
518
461
398
292
171
105
111
174
226
200
132
64
-24
-56
-97
-109
-40
2
25
33
-3
-25
-27
-22
6
38
67
127
232
334
423
498
575
693
808
901
985
1044
1092
1129
1134
1142
1127
1086
1005
901
799
733
649
570
522
493
478
408
318
203
67
-57
-176
-275
-305
-313
-343
-418
-530
-673
-805
-938
-1074
-1182
-1263
-1298
-1341
-1390
-1480
-1567
-1623
-1704
-1741
-1713
-1694
-1586
-1492
-1441
-1253
-1108
-982
-887
-910
-842
-610
-405
-87
128
196
297
290
288
478
647
829
1018
1078
1182
1255
1269
1264
1280
1262
1227
1166
1038
894
749
560
385
278
216
198
171
93
11
-76
-186
-228
-227
-197
-142
-149
-176
-180
-208
-226
-238
-241
-199
-156
-138
-120
-121
-143
-147
-170
-162
-89
-9
101
214
305
430
532
613
715
805
930
1090
1196
1277
1317
1295
1261
1183
1067
978
885
776
676
534
366
213
53
-92
-230
-375
-508
-624
-715
-784
-829
-888
-945
-1043
-1122
-1189
-1271
-1354
-1501
-1648
-1740
-1799
-1815
-1802
-1818
-1761
-1618
-1525
-1415
-1337
-1349
-1206
-998
-780
-475
-296
-186
-36
14
115
358
540
775
974
1052
1138
1212
1225
1260
1295
1316
1370
1384
1362
1328
1272
1165
1071
989
938
913
829
691
526
314
131
12
-78
-93
-100
-163
-218
-301
-378
-406
-424
-399
-347
-301
-251
-205
-188
-194
-191
-154
-93
-41
15
51
86
116
85
52
88
131
228
352
418
503
571
615
690
771
837
943
1041
1108
1157
1128
1010
876
742
624
539
423
284
166
49
-99
-290
-529
-731
-877
-989
-1056
-1148
-1274
-1373
-1510
-1615
-1634
-1651
-1606
-1570
-1539
-1417
-1346
-1339
-1330
-1406
-1340
-1146
-975
-722
-577
-539
-418
-386
-329
-96
74
306
554
636
722
785
776
837
919
969
1062
1106
1103
1080
1013
928
864
792
778
793
804
767
699
597
505
469
436
409
385
311
220
119
-34
-168
-281
-355
-360
-339
-326
-303
-312
-357
-372
-368
-313
-208
-116
-19
46
78
84
77
114
196
285
357
379
388
413
397
371
353
351
386
424
401
373
333
303
307
310
334
370
384
372
326
270
190
72
-72
-206
-309
-396
-491
-624
-779
-934
-1106
-1273
-1391
-1465
-1472
-1469
-1401
-1323
-1246
-1159
-1151
-1148
-1003
-875
-644
-384
-292
-181
-123
-167
-54
90
200
431
519
569
647
659
668
715
725
765
818
848
867
862
781
698
641
589
603
634
634
597
515
388
303
257
241
234
218
160
97
27
-33
-61
-62
-40
-14
-14
-41
-98
-151
-179
-179
-156
-136
-116
-94
-78
-62
-45
-38
-2
31
79
150
209
289
377
436
472
479
466
462
471
452
424
346
260
197
132
69
-23
-134
-195
-251
-302
-342
-426
-503
-575
-618
-606
-597
-633
-671
-803
-896
-943
-1018
-990
-950
-969
-807
-760
-793
-737
-869
-908
-736
-662
-440
-177
-211
-107
-52
-125
84
260
371
668
766
805
902
840
806
883
833
842
869
793
775
707
580
512
436
394
449
437
405
369
230
121
97
55
115
160
126
113
84
-7
-51
-76
-118
-79
-41
-61
-78
-107
-148
-127
-116
-116
-38
27
76
165
162
129
129
97
105
189
195
235
260
202
195
182
140
169
191
183
220
209
173
145
60
-10
-35
-93
-119
-156
-234
-335
-443
-566
-648
-697
-746
-793
-854
-1002
-1136
-1240
-1318
-1269
-1215
-1169
-1028
-893
-782
-603
-594
-584
-455
-352
-167
99
159
233
305
233
305
440
509
716
865
886
978
958
919
942
934
926
981
946
906
881
799
746
708
638
613
584
513
436
319
181
96
29
-13
-18
-60
-94
-147
-219
-260
-277
-296
-285
-258
-248
-233
-229
-253
-259
-246
-209
-137
-56
10
84
105
78
45
15
45
123
192
262
286
249
231
209
206
246
276
301
302
244
170
66
-55
-148
-216
-253
-259
-301
-402
-536
-668
-776
-808
-783
-772
-765
-835
-945
-1025
-1104
-1138
-1102
-1073
-1015
-887
-800
-736
-677
-699
-683
-575
-475
-289
-61
45
171
258
262
398
545
708
933
1069
1167
1238
1234
1209
1212
1198
1185
1178
1150
1102
1041
958
860
779
712
651
603
536
443
328
191
90
25
-4
-23
-56
-129
-208
-276
-342
-346
-351
-331
-296
-284
-279
-274
-294
-295
-283
-276
-195
-112
-31
44
33
15
8
-7
68
134
187
262
254
242
227
181
174
181
161
179
168
98
38
-80
-206
-261
-320
-345
-336
-408
-511
-630
-782
-866
-897
-958
-993
-1061
-1173
-1262
-1352
-1404
-1402
-1411
-1375
-1260
-1123
-966
-807
-741
-686
-602
-499
-336
-129
20
136
232
245
333
488
603
760
880
914
996
1036
1033
1071
1076
1073
1106
1077
1056
1058
1002
974
963
951
956
932
852
769
663
547
457
361
300
253
189
111
15
-63
-107
-161
-197
-221
-239
-225
-201
-202
-190
-185
-190
-156
-97
-3
134
216
256
291
276
292
353
395
438
471
447
434
406
377
382
363
352
343
295
231
129
-17
-138
-228
-283
-308
-342
-423
-547
-693
-835
-937
-972
-997
-1035
-1094
-1220
-1330
-1433
-1497
-1525
-1508
-1479
-1439
-1360
-1260
-1157
-1072
-1007
-975
-888
-759
-589
-394
-225
-113
-17
84
234
423
612
800
930
1003
1069
1094
1127
1171
1192
1198
1186
1149
1109
1069
1022
960
903
871
842
787
705
606
483
378
298
236
217
213
177
128
54
-30
-97
-159
-180
-165
-163
-160
-205
-257
-304
-305
-271
-219
-133
-56
1
64
100
117
171
216
292
372
423
463
479
481
516
553
583
620
616
574
503
382
263
153
58
11
-49
-119
-221
-385
-538
-682
-790
-842
-916
-982
-1059
-1209
-1321
-1414
-1511
-1501
-1527
-1538
-1509
-1479
-1397
-1279
-1204
-1115
-1063
-999
-885
-756
-584
-420
-308
-201
-92
20
201
352
520
638
727
805
867
932
996
1024
1055
1085
1091
1098
1090
1064
1055
1040
997
969
931
855
775
668
541
451
383
341
322
264
158
73
-20
-96
-129
-157
-177
-139
-173
-210
-235
-283
-254
-206
-158
-66
-12
38
103
116
146
203
247
339
406
443
472
457
469
514
547
591
630
596
576
535
435
360
278
213
188
131
69
-15
-145
-268
-384
-475
-540
-581
-684
-811
-934
-1101
-1200
-1251
-1305
-1312
-1321
-1383
-1384
-1367
-1345
-1257
-1151
-1080
-967
-887
-850
-735
-645
-546
-380
-270
-146
22
124
252
363
429
545
636
708
813
831
850
865
857
862
863
841
837
830
796
758
705
639
589
541
474
434
374
312
291
244
160
115
24
-37
-40
-99
-120
-115
-174
-189
-199
-238
-213
-175
-160
-89
-63
-45
-4
9
61
141
192
259
304
314
364
395
434
492
533
571
607
600
591
565
520
461
400
335
283
236
183
112
10
-107
-215
-310
-384
-442
-513
-604
-700
-820
-915
-964
-1020
-1052
-1057
-1104
-1122
-1102
-1111
-1079
-1012
-970
-864
-762
-719
-651
-597
-540
-426
-308
-203
-60
57
176
286
371
447
544
623
714
776
811
827
826
811
799
779
757
770
738
701
646
574
502
446
381
337
274
206
144
70
1
-43
-99
-145
-169
-200
-232
-250
-283
-299
-285
-286
-260
-206
-167
-129
-93
-87
-42
10
67
149
205
240
278
299
324
366
400
442
476
497
517
508
505
490
450
428
397
341
298
234
168
135
73
0
-80
-198
-298
-370
-440
-484
-552
-642
-726
-809
-886
-916
-926
-939
-934
-949
-958
-937
-931
-896
-831
-792
-699
-623
-568
-486
-412
-353
-231
-120
-10
123
217
291
364
411
455
537
602
659
702
704
690
690
677
704
718
712
703
660
592
536
463
407
368
328
290
251
187
127
70
3
-22
-64
-98
-130
-187
-233
-262
-306
-328
-319
-302
-254
-209
-189
-162
-148
-123
-74
-33
27
86
123
171
201
237
284
323
361
411
436
462
474
457
445
418
369
328
277
221
184
130
66
-14
-96
-192
-288
-357
-430
-488
-543
-606
-689
-765
-820
-874
-886
-870
-882
-867
-860
-889
-860
-826
-803
-712
-662
-608
-518
-485
-427
-330
-271
-151
-23
66
178
256
311
391
462
525
610
662
719
776
780
786
791
799
812
829
824
791
740
661
590
542
494
447
415
355
311
242
162
97
22
-22
-26
-48
-64
-84
-136
-179
-214
-251
-238
-215
-187
-149
-140
-132
-133
-121
-112
-77
-42
-8
26
55
81
115
139
164
199
220
249
265
250
243
225
195
183
136
99
58
-2
-31
-69
-115
-149
-211
-300
-365
-430
-495
-532
-591
-650
-713
-774
-827
-854
-850
-840
-824
-822
-815
-816
-790
-756
-707
-659
-607
-552
-495
-428
-350
-274
-178
-75
4
104
182
248
333
411
496
576
639
704
751
790
795
809
823
844
873
882
868
837
785
709
662
616
591
573
529
481
426
354
297
223
165
134
81
51
5
-53
-95
-153
-192
-205
-224
-199
-168
-159
-131
-108
-105
-92
-79
-65
-13
22
50
92
104
132
169
164
175
189
186
189
179
154
146
135
100
67
16
-50
-80
-118
-150
-177
-234
-301
-398
-502
-568
-623
-670
-691
-736
-790
-821
-858
-873
-859
-849
-849
-835
-834
-814
-776
-754
-726
-694
-662
-617
-539
-474
-399
-317
-250
-160
-59
10
113
203
247
336
386
440
524
567
618
675
700
721
764
763
771
787
781
793
796
767
760
738
689
676
650
612
600
575
506
453
396
329
288
265
225
199
179
138
104
79
45
27
35
31
39
50
35
28
11
7
32
42
71
101
114
123
124
115
138
148
156
164
161
145
126
97
46
19
-35
-81
-120
-172
-210
-247
-308
-359
-430
-518
-567
-623
-682
-712
-752
-815
-841
-881
-919
-909
-910
-909
-900
-907
-912
-883
-883
-856
-804
-760
-706
-645
-603
-557
-485
-427
-351
-257
-180
-112
-28
11
70
144
203
281
362
422
497
559
593
647
676
688
736
746
761
794
779
774
764
732
728
722
691
700
671
637
622
578
542
513
470
447
415
373
354
330
309
276
236
206
190
167
164
148
126
121
94
81
77
75
89
105
109
107
81
64
61
57
48
45
15
-28
-62
-119
-152
-183
-226
-261
-298
-345
-364
-379
-410
-429
-454
-506
-566
-617
-668
-706
-731
-760
-771
-806
-830
-840
-862
-848
-833
-815
-788
-754
-721
-682
-657
-623
-583
-545
-507
-472
-428
-391
-320
-253
-194
-115
-63
-17
50
69
119
199
241
300
375
402
440
496
482
506
533
536
599
644
648
686
693
688
705
694
693
715
715
714
696
654
643
601
568
556
528
514
510
486
470
447
405
389
374
363
352
334
318
289
258
254
243
229
214
190
147
123
98
82
86
56
39
14
-34
-64
-86
-139
-168
-202
-245
-271
-321
-366
-402
-445
-483
-506
-544
-579
-612
-645
-685
-705
-711
-719
-713
-731
-748
-752
-763
-747
-723
-723
-686
-656
-633
-606
-581
-567
-536
-500
-463
-420
-383
-341
-296
-233
-189
-145
-105
-56
-9
32
61
89
139
175
229
271
303
337
371
375
406
428
437
478
508
519
547
558
557
573
570
576
591
600
590
598
594
597
589
580
577
579
563
562
559
538
520
496
463
443
442
423
417
391
361
343
324
302
302
286
272
264
239
198
158
122
104
80
40
9
-51
-98
-153
-195
-234
-261
-300
-334
-373
-437
-471
-527
-559
-574
-586
-607
-616
-643
-680
-709
-737
-743
-735
-706
-691
-687
-708
-713
-708
-694
-650
-591
-545
-507
-503
-491
-472
-459
-418
-376
-328
-284
-251
-235
-192
-175
-130
-73
-37
16
64
79
106
102
94
138
171
215
242
245
271
289
303
346
373
394
423
432
433
458
459
473
504
500
513
536
525
539
546
515
521
526
506
516
513
500
493
465
457
466
460
453
450
422
394
376
328
299
281
259
252
230
190
165
132
87
64
46
19
-2
-36
-87
-134
-187
-235
-271
-306
-346
-374
-414
-455
-477
-508
-531
-560
-568
-569
-570
-582
-601
-607
-612
-601
-602
-576
-571
-561
-552
-551
-522
-503
-478
-446
-412
-392
-352
-326
-301
-278
-247
-218
-184
-150
-118
-83
-59
-28
-10
17
49
65
86
123
129
146
179
190
218
248
244
248
259
249
264
295
286
304
327
322
359
367
352
377
382
376
398
387
384
398
389
385
394
375
369
370
358
356
354
357
343
332
321
321
314
321
310
304
307
271
254
231
204
183
168
140
118
73
33
1
-30
-65
-92
-126
-168
-204
-237
-256
-279
-301
-319
-331
-349
-369
-386
-403
-408
-418
-429
-416
-426
-427
-421
-418
-414
-405
-389
-376
-368
-363
-338
-324
-310
-291
-265
-248
-232
-208
-199
-181
-156
-129
-106
-82
-59
-41
-28
-7
7
25
38
52
79
89
101
116
128
124
142
149
158
181
184
190
192
208
205
223
244
246
270
264
269
278
260
257
267
277
277
274
271
253
250
257
246
254
243
220
219
197
198
201
187
177
167
158
155
147
126
107
93
81
70
66
51
45
18
-10
-25
-52
-65
-92
-120
-143
-167
-190
-208
-230
-263
-277
-314
-334
-344
-369
-376
-380
-395
-392
-385
-380
-359
-354
-348
-348
-344
-334
-321
-303
-278
-255
-234
-218
-200
-178
-161
-130
-110
-81
-44
-21
-1
14
12
27
50
68
99
122
130
144
153
163
188
193
207
212
220
216
225
226
227
235
218
229
222
215
199
188
179
184
184
188
186
169
160
144
135
122
117
113
95
83
75
63
66
56
41
36
21
2
4
-9
-11
-9
-17
-26
-35
-60
-61
-72
-99
-99
-128
-142
-153
-161
-178
-180
-188
-206
-207
-226
-227
-235
-248
-240
-237
-245
-245
-231
-225
-227
-232
-223
-228
-215
-204
-197
-178
-186
-173
-160
-152
-147
-126
-118
-100
-82
-78
-60
-29
-8
22
46
45
58
70
90
106
116
130
154
183
201
212
232
231
240
251
264
288
285
287
284
282
279
274
267
261
255
255
250
248
242
230
214
201
189
183
171
144
135
114
103
83
82
67
43
31
9
-3
-21
-39
-55
-57
-62
-66
-75
-71
-93
-111
-124
-138
-140
-145
-146
-146
-166
-186
-193
-217
-208
-210
-203
-209
-231
-236
-240
-224
-230
-225
-230
-245
-243
-237
-236
-233
-231
-224
-208
-198
-182
-173
-175
-168
-170
-169
-135
-118
-98
-77
-72
-73
-47
-33
-29
-6
16
28
27
31
45
53
58
83
98
111
126
135
147
157
183
199
205
223
232
225
231
230
234
258
266
276
275
266
257
253
247
244
258
261
251
250
234
220
210
188
192
189
179
173
153
131
116
103
91
84
69
64
38
16
3
-1
-8
-23
-37
-49
-58
-79
-91
-97
-116
-130
-121
-146
-157
-167
-191
-204
-224
-236
-236
-240
-250
-251
-262
-272
-272
-267
-275
-258
-265
-277
-269
-276
-275
-261
-261
-247
-227
-226
-202
-194
-185
-169
-149
-119
-104
-94
-79
-62
-53
-44
-30
-5
13
34
65
84
114
132
131
161
185
193
212
228
241
256
269
284
302
303
316
317
323
334
341
339
341
343
329
330
325
307
295
284
270
268
259
248
237
223
209
192
179
161
156
134
111
101
79
74
66
44
31
24
4
-6
-20
-40
-54
-75
-91
-101
-109
-113
-126
-142
-163
-175
-184
-198
-197
-207
-218
-226
-237
-254
-251
-265
-267
-261
-266
-265
-270
-264
-268
-256
-267
-273
-268
-272
-267
-261
-272
-265
-262
-263
-236
-228
-209
-203
-198
-182
-170
-159
-142
-126
-102
-88
-73
-49
-33
1
28
52
68
73
79
92
107
123
149
173
196
222
233
247
256
253
260
267
277
294
294
291
304
299
293
294
296
299
307
310
308
303
288
280
269
254
231
223
205
189
174
148
139
126
105
93
77
51
27
0
-14
-27
-39
-55
-77
-91
-103
-110
-120
-130
-138
-147
-158
-164
-182
-196
-209
-220
-222
-231
-233
-231
-224
-230
-226
-232
-242
-246
-246
-243
-241
-240
-246
-238
-242
-233
-226
-227
-219
-217
-216
-212
-193
-193
-185
-184
-177
-169
-166
-154
-148
-131
-130
-119
-106
-95
-86
-73
-56
-38
-14
-4
10
20
29
38
55
81
102
118
130
148
168
184
204
220
231
243
244
249
251
251
246
244
251
251
260
266
270
259
245
238
229
221
210
199
187
184
171
164
142
130
121
106
94
65
49
30
11
2
-3
-15
-31
-46
-59
-71
-85
-101
-113
-120
-128
-135
-148
-155
-165
-176
-186
-197
-198
-195
-196
-199
-204
-205
-217
-223
-227
-230
-225
-227
-226
-221
-224
-224
-219
-215
-205
-207
-201
-190
-190
-180
-179
-171
-162
-154
-148
-132
-119
-107
-97
-83
-63
-48
-28
-17
3
19
31
41
56
72
93
112
132
150
164
181
191
207
223
235
245
256
261
275
282
286
299
301
302
308
307
303
303
298
297
285
278
272
254
236
228
214
199
196
183
177
160
155
146
116
98
74
56
51
31
20
10
1
-2
-25
-30
-38
-53
-69
-81
-90
-107
-119
-130
-140
-155
-161
-165
-172
-179
-191
-199
-204
-210
-215
-219
-218
-206
-218
-228
-225
-237
-243
-243
-244
-235
-235
-228
-217
-216
-207
-205
-210
-200
-177
-162
-146
-135
-111
-98
-96
-81
-78
-65
-46
-26
-3
19
34
55
64
71
85
99
119
137
150
168
184
194
194
189
197
199
208
215
214
214
214
215
212
212
211
210
209
203
202
199
191
183
165
153
142
137
131
124
119
106
89
80
67
59
47
28
18
5
-4
-13
-19
-34
-48
-58
-74
-79
-84
-85
-90
-98
-102
-105
-119
-121
-123
-130
-133
-134
-132
-129
-131
-127
-120
-133
-131
-135
-132
-127
-122
-121
-113
-108
-105
-107
-112
-95
-98
-89
-87
-81
-77
-71
-63
-65
-65
-60
-52
-61
-52
-52
-45
-32
-27
-8
-8
14
29
36
61
75
91
94
95
111
127
153
168
182
183
193
210
210
225
231
235
239
246
247
248
241
234
228
219
220
214
201
189
175
164
151
121
111
98
76
63
44
33
11
-13
-30
-52
-62
-73
-86
-94
-111
-121
-136
-142
-148
-152
-156
-161
-166
-177
-182
-189
-197
-200
-205
-208
-204
-207
-201
-201
-200
-194
-193
-191
-193
-197
-196
-194
-187
-181
-168
-157
-154
-140
-138
-132
-124
-129
-125
-117
-118
-107
-106
-99
-96
-89
-80
-89
-76
-75
-66
-60
-56
-42
-36
-23
-19
-11
1
11
25
30
45
63
65
72
77
91
100
117
133
139
158
173
172
180
191
198
198
199
200
212
218
215
213
208
207
198
199
199
192
190
186
167
153
140
120
108
90
80
71
53
30
5
-17
-25
-44
-64
-82
-100
-106
-120
-133
-148
-147
-157
-165
-166
-175
-180
-185
-181
-186
-189
-182
-175
-173
-167
-155
-149
-149
-151
-156
-162
-153
-146
-142
-136
-123
-116
-112
-107
-101
-103
-102
-99
-84
-75
-63
-47
-45
-33
-34
-18
-12
-15
2
6
14
8
11
17
19
19
10
16
22
34
42
53
60
70
84
89
97
100
109
118
129
144
158
163
172
186
197
201
202
211
212
216
216
218
219
213
209
201
192
184
180
172
156
136
120
119
105
90
77
62
45
23
4
-18
-30
-50
-59
-64
-80
-99
-109
-117
-126
-135
-149
-160
-175
-180
-188
-193
-201
-207
-211
-203
-206
-206
-202
-205
-197
-193
-184
-183
-175
-162
-150
-135
-136
-131
-118
-116
-120
-117
-107
-97
-98
-99
-94
-83
-70
-65
-62
-55
-48
-45
-32
-21
-16
1
17
26
32
39
54
61
73
88
100
104
112
131
140
145
154
152
161
168
175
184
190
202
207
208
209
211
215
220
227
239
251
253
249
246
243
239
240
237
234
231
220
206
193
180
169
147
132
121
101
80
60
40
15
-7
-33
-49
-72
-87
-98
-115
-128
-145
-150
-162
-171
-184
-193
-200
-210
-208
-216
-214
-222
-226
-223
-221
-217
-210
-214
-210
-208
-209
-201
-200
-196
-186
-180
-177
-160
-160
-155
-143
-136
-125
-119
-107
-94
-82
-69
-59
-54
-47
-34
-15
-10
-4
10
16
25
38
42
41
47
58
69
81
92
108
125
135
138
156
161
164
172
173
186
197
209
223
234
234
236
235
232
231
227
223
229
236
228
222
214
206
194
188
187
179
183
175
160
144
131
112
96
88
66
50
38
33
20
9
-2
-20
-37
-50
-68
-79
-89
-102
-106
-116
-131
-139
-146
-150
-153
-161
-164
-178
-190
-199
-206
-205
-212
-203
-200
-198
-197
-198
-194
-194
-192
-191
-179
-174
-175
-164
-154
-150
-137
-133
-125
-112
-105
-87
-71
-59
-53
-45
-35
-25
-19
-12
4
16
30
37
43
47
55
61
63
68
67
75
88
95
108
120
128
135
149
155
162
170
176
192
195
198
205
208
200
202
202
199
195
191
185
179
173
172
163
151
139
125
114
88
79
72
61
46
33
30
12
3
-10
-26
-30
-38
-39
-43
-60
-75
-87
-106
-118
-122
-129
-141
-150
-164
-165
-175
-186
-192
-196
-189
-191
-193
-189
-190
-186
-179
-171
-169
-166
-158
-152
-147
-147
-145
-138
-131
-119
-114
-110
-96
-82
-70
-68
-52
-41
-36
-27
-22
-5
0
6
10
15
18
17
26
27
37
39
52
56
66
77
78
87
91
97
102
110
111
108
113
115
120
119
121
119
117
126
120
121
132
132
134
136
138
129
121
114
105
111
113
107
98
89
89
79
65
64
65
57
53
43
38
37
37
31
23
19
11
4
-5
-16
-33
-37
-37
-36
-42
-46
-49
-60
-62
-71
-80
-77
-89
-96
-107
-113
-108
-119
-118
-127
-132
-135
-139
-140
-145
-139
-134
-139
-140
-132
-132
-122
-122
-119
-114
-119
-108
-104
-96
-88
-78
-73
-74
-71
-64
-57
-48
-42
-39
-31
-33
-31
-32
-29
-26
-22
-13
-5
-2
9
17
26
36
45
56
57
61
66
70
78
86
94
102
104
94
98
95
96
99
99
109
106
116
121
121
132
133
138
132
131
135
137
129
125
127
116
105
100
97
97
87
84
73
68
71
64
56
47
50
45
35
32
29
20
12
4
-9
-18
-18
-24
-24
-33
-40
-46
-46
-40
-47
-54
-69
-81
-88
-94
-108
-122
-122
-123
-127
-127
-130
-130
-129
-130
-130
-132
-125
-118
-118
-112
-104
-109
-110
-107
-101
-97
-96
-93
-86
-80
-68
-66
-61
-57
-46
-34
-27
-10
0
10
22
29
38
42
42
55
62
68
72
75
84
94
108
113
113
113
114
110
120
124
130
133
136
137
138
136
130
129
125
128
131
133
127
117
119
111
99
94
92
89
74
68
65
63
58
45
46
34
20
8
-9
-14
-25
-41
-52
-56
-72
-83
-85
-87
-99
-118
-127
-136
-147
-152
-156
-157
-164
-176
-187
-190
-188
-196
-200
-200
-199
-196
-204
-200
-197
-188
-174
-171
-161
-154
-144
-142
-141
-134
-132
-119
-108
-98
-89
-79
-63
-44
-30
-17
-4
11
22
36
49
59
75
89
106
116
122
130
139
146
154
163
169
176
183
192
196
194
192
189
188
178
177
176
173
171
167
165
160
154
148
142
134
123
120
120
118
110
99
91
84
74
68
61
43
31
19
8
-2
-12
-15
-15
-15
-8
-13
-21
-23
-33
-40
-42
-39
-34
-36
-46
-44
-43
-49
-62
-67
-67
-72
-73
-76
-76
-83
-85
-92
-93
-95
-104
-107
-110
-121
-128
-127
-128
-124
-123
-125
-122
-117
-108
-102
-95
-92
-90
-86
-89
-88
-86
-74
-66
-60
-51
-49
-51
-46
-31
-27
-12
-1
5
16
21
28
31
43
44
44
51
50
51
46
46
49
52
59
65
67
71
69
71
79
76
79
73
77
79
75
76
72
70
63
62
58
57
52
45
50
51
49
45
45
46
47
40
34
34
36
37
32
23
25
17
14
16
14
10
1
-3
-9
-9
-12
-17
-16
-20
-23
-26
-32
-36
-46
-54
-51
-53
-58
-63
-63
-65
-63
-66
-73
-74
-76
-78
-85
-86
-87
-89
-94
-94
-92
-92
-94
-94
-95
-99
-97
-89
-78
-73
-61
-57
-41
-29
-29
-19
-13
0
9
15
23
32
40
43
58
68
73
80
88
101
110
116
127
135
135
136
143
151
155
151
145
140
135
136
129
119
118
111
113
100
95
99
83
81
76
71
67
56
47
43
36
25
18
12
-5
-18
-20
-23
-28
-33
-30
-35
-42
-45
-48
-51
-52
-57
-64
-62
-74
-83
-91
-101
-109
-109
-115
-121
-126
-123
-120
-121
-120
-122
-117
-122
-124
-127
-125
-123
-119
-116
-118
-116
-114
-107
-100
-95
-87
-85
-77
-72
-71
-66
-63
-54
-42
-37
-30
-21
-14
-12
-4
6
8
11
22
35
46
51
59
67
74
83
89
96
97
100
103
100
96
96
92
88
88
85
84
82
84
91
88
88
88
86
81
78
82
77
78
76
69
68
57
46
40
35
32
25
22
16
14
12
13
5
1
-6
-14
-15
-17
-18
-17
-18
-22
-23
-29
-22
-23
-20
-14
-19
-19
-19
-16
-16
-12
-10
-15
-24
-35
-39
-38
-38
-40
-34
-39
-42
-46
-46
-41
-40
-41
-44
-43
-46
-45
-47
-46
-51
-49
-49
-50
-53
-58
-62
-65
-69
-67
-60
-58
-59
-56
-55
-50
-44
-41
-35
-36
-34
-31
-31
-33
-27
-25
-20
-14
-10
-9
-5
-2
0
7
7
9
13
24
29
40
50
50
52
51
49
53
57
56
58
58
60
59
63
60
63
70
66
71
73
70
71
72
69
68
63
62
64
56
53
47
42
36
33
32
32
36
35
34
29
25
30
26
19
12
4
2
-8
-12
-10
-11
-16
-24
-22
-25
-27
-27
-30
-24
-25
-22
-21
-27
-31
-36
-37
-37
-39
-36
-34
-34
-42
-41
-41
-44
-40
-36
-35
-33
-35
-33
-29
-28
-26
-28
-25
-27
-22
-21
-22
-19
-16
-12
-13
-8
-8
-3
0
5
3
4
9
7
13
14
7
11
10
10
8
10
14
14
16
16
19
25
32
36
36
36
32
32
36
37
38
36
33
30
27
29
27
26
23
16
14
10
8
6
3
1
0
-2
-5
0
1
1
5
0
0
-1
-2
-5
-10
-7
-8
-7
-5
-12
-13
-14
-16
-21
-23
-19
-20
-18
-18
-12
-12
-11
-8
-8
-3
0
-2
-3
-1
2
4
4
1
2
3
-1
8
13
12
9
3
6
2
1
1
4
9
4
0
-4
-4
-4
2
0
0
-2
-5
-2
0
1
1
0
-2
-3
-4
-3
4
6
4
3
2
7
9
9
8
11
7
11
11
19
23
19
16
15
21
23
24
23
28
29
27
29
29
30
30
25
25
25
26
21
12
11
7
2
-3
-3
-3
-7
-7
-10
-11
-11
-10
-13
-20
-22
-22
-24
-24
-23
-27
-30
-32
-37
-40
-36
-34
-38
-38
-41
-40
-42
-40
-34
-32
-31
-29
-26
-26
-21
-22
-22
-20
-16
-14
-11
-8
-3
3
3
2
4
6
7
8
11
12
15
14
13
14
13
17
19
17
17
19
24
25
23
22
25
27
26
22
21
18
17
16
14
12
6
3
1
4
6
4
6
3
3
3
1
2
2
1
0
-4
-5
-6
-7
-9
-11
-9
-9
-10
-10
-10
-9
-10
-14
-16
-17
-18
-18
-22
-26
-27
-29
-30
-31
-32
-34
-30
-29
-28
-27
-25
-25
-26
-25
-25
-21
-19
-18
-21
-22
-22
-24
-23
-21
-19
-22
-22
-20
-15
-12
-8
-5
-3
0
1
3
7
9
12
12
12
14
12
15
16
17
21
23
23
22
21
24
23
24
26
26
25
23
23
21
20
19
20
18
15
12
11
8
8
7
7
7
3
-1
-2
-2
-1
0
-3
-5
-9
-10
-8
-6
-5
-6
-8
-10
-9
-9
-9
-7
-6
-7
-8
-11
-12
-12
-11
-12
-11
-7
-8
-10
-10
-9
-8
-8
-10
-12
-12
-12
-11
-11
-12
-13
-14
-14
-13
-13
-9
-7
-7
-5
-6
-6
-4
-3
-2
-3
0
4
5
5
5
5
5
5
7
10
11
14
15
16
19
21
22
25
28
27
26
32
35
35
36
35
36
37
40
43
48
49
47
46
46
44
43
45
44
41
35
35
34
35
32
28
24
19
16
15
15
15
12
6
1
-1
-3
-2
1
-1
-5
-9
-14
-19
-19
-15
-17
-20
-21
-24
-27
-27
-25
-27
-30
-35
-36
-31
-30
-31
-32
-35
-35
-33
-26
-21
-22
