2
2
1
2
2
2
2
3
1
1
1
2
1
1
2
1
2
2
2
2
2
1
2
1
0
1
2
2
2
1
1
1
-2
-2
-3
-3
-1
-1
0
1
2
2
2
2
3
2
2
3
2
2
2
3
3
4
3
2
1
2
2
1
1
1
1
0
2
2
3
2
2
2
1
1
1
2
2
1
2
1
1
0
0
1
-1
0
1
0
0
1
0
1
0
0
-1
1
2
0
0
1
0
-1
-1
-2
-3
0
0
0
0
1
1
0
1
2
0
1
0
-2
-2
-2
-5
-5
-6
-6
-6
-7
-6
-7
-5
-5
-5
-4
-4
-3
-2
-2
-1
-1
-1
-1
-1
-1
0
-1
-1
-2
-3
-3
-4
-5
-4
-4
-2
-1
0
0
0
2
2
1
1
1
1
2
1
3
3
3
4
4
5
3
3
1
2
2
1
1
2
2
2
3
3
3
4
3
3
3
4
4
5
5
5
6
5
4
5
4
5
5
4
3
3
2
2
0
0
0
1
2
2
2
3
2
2
3
3
2
2
2
2
2
2
3
4
4
4
3
2
1
0
-1
-1
-2
-2
-2
-2
-2
0
1
1
2
1
0
0
0
0
1
0
-1
1
1
1
1
1
0
0
-2
-2
-3
-4
-4
-4
-3
-2
-2
-1
-2
0
-1
0
-1
-1
-1
-2
-3
-4
-4
-3
-4
-4
-4
-6
-5
-8
-10
-11
-14
-17
-18
-18
-18
-18
-15
-12
-8
-6
-7
-8
-7
-5
-4
-5
-7
-10
-11
-11
-9
-6
-6
-4
-7
-5
-4
-6
-8
-9
-10
-10
-9
-11
-9
-8
-5
-7
-3
-7
-11
-12
-14
-14
-14
-7
-6
-4
0
2
6
6
6
2
4
-1
-6
-4
-5
-3
2
3
3
3
1
9
15
22
28
34
37
34
42
47
41
38
36
37
38
37
37
36
37
35
31
32
30
26
20
17
22
21
16
13
11
11
9
12
13
12
6
6
6
0
-6
-6
-2
-3
-3
-7
-11
-11
-10
-12
-10
-8
-14
-12
-15
-15
-9
-7
-2
0
4
-5
-12
-5
-1
7
6
-3
-15
-16
-20
-23
-28
-32
-34
-43
-42
-51
-49
-52
-56
-51
-43
-32
-26
-19
-8
0
1
5
8
4
-4
-14
-26
-35
-35
-27
-20
-21
-11
-8
-12
-12
-13
-11
-24
-23
-25
-26
-17
-15
-7
-5
0
-5
-4
6
13
17
19
21
29
41
43
56
58
52
54
60
70
62
66
52
30
21
14
5
-4
5
5
6
2
-1
-5
-12
-7
-15
-17
-11
-2
8
13
29
34
32
32
36
29
24
24
18
19
13
17
15
16
16
11
11
4
4
6
6
8
3
0
5
5
10
18
17
12
10
10
4
1
-1
-20
-37
-38
-41
-44
-39
-36
-44
-43
-37
-38
-42
-53
-52
-44
-38
-39
-45
-49
-52
-50
-39
-35
-29
-23
-11
-2
0
0
-5
-3
-6
-3
-5
-5
-13
-20
-22
-20
-4
3
18
24
21
17
2
11
14
16
17
19
28
35
32
20
29
31
29
38
33
17
-2
-9
-6
-16
-10
0
-2
1
-3
5
11
17
17
1
0
-9
-14
-14
-12
-7
-4
1
5
5
1
-6
-20
-21
-11
-8
9
15
-3
-1
-10
-9
10
20
6
3
0
-15
-3
85
175
128
416
630
548
527
435
435
277
531
716
351
286
-21
-246
-320
-148
-32
-399
-385
-483
-706
-606
-597
-605
-711
-691
-574
-654
-509
-495
-484
-158
-58
143
83
-176
-372
-459
-79
8
42
19
-340
-291
47
409
504
266
212
82
307
775
729
509
-36
-329
-237
116
561
405
49
-291
-535
-375
-200
-53
-114
-346
-407
-403
-207
-82
-132
-87
45
279
489
501
447
300
301
487
680
783
646
380
181
156
283
358
330
194
-51
-226
-271
-255
-269
-332
-397
-417
-374
-298
-289
-280
-260
-192
-60
119
210
180
125
106
176
274
350
313
195
69
-23
-40
-7
61
65
0
-86
-128
-125
-119
-43
27
50
78
64
28
4
56
137
187
243
231
148
74
3
17
32
22
-10
-87
-151
-225
-266
-267
-258
-297
-328
-407
-455
-460
-502
-444
-480
-439
-454
-558
-501
-491
-465
-409
-326
-132
-170
-213
-244
-382
-220
-60
205
416
412
410
197
243
435
562
730
655
576
365
155
57
-28
-14
-63
-168
-245
-375
-483
-614
-646
-532
-389
-247
-187
-138
-102
-54
100
322
579
744
800
824
816
853
867
911
935
872
745
525
330
203
81
-4
-83
-171
-258
-373
-436
-458
-456
-412
-372
-292
-213
-168
-88
30
214
491
718
848
810
728
689
689
865
966
885
639
294
67
-43
16
96
11
-112
-300
-426
-478
-478
-413
-420
-389
-399
-392
-473
-548
-578
-579
-471
-422
-419
-536
-769
-938
-1086
-1066
-1083
-1191
-1420
-1596
-1643
-1376
-1138
-1070
-249
464
888
596
230
633
772
1683
2446
2466
2220
745
70
51
869
1641
938
355
-495
-1298
-1550
-1694
-1204
-1148
-1365
-1609
-1719
-1337
-1289
-1299
-890
-51
747
1050
1168
1041
901
1037
1471
2221
2482
2199
1498
935
896
884
860
798
453
-68
-689
-995
-1074
-1245
-1320
-1313
-1156
-918
-834
-842
-758
-537
-131
346
903
1269
1322
1371
1422
1588
1739
1835
1759
1470
1292
999
698
394
80
-72
-281
-417
-580
-788
-862
-1019
-988
-817
-670
-501
-505
-437
-300
-136
15
57
130
142
36
36
-5
-88
-354
-605
-858
-1039
-1202
-1455
-1782
-2158
-2440
-2571
-2351
-2063
-1144
-38
415
188
-532
-259
490
1813
3382
3561
3040
1492
306
470
1433
2637
2312
1179
108
-1005
-1450
-1598
-1384
-1251
-1559
-1871
-2183
-2132
-2190
-2373
-2033
-1083
155
739
713
494
301
690
1457
2431
3000
2676
1936
1312
1260
1554
1624
1505
1144
522
-115
-621
-925
-1246
-1563
-1673
-1568
-1417
-1454
-1628
-1712
-1456
-854
-94
801
1309
1339
1201
1240
1694
2200
2670
2769
2284
1686
1169
923
837
790
660
233
-239
-667
-1035
-1198
-1226
-1177
-1150
-1079
-1004
-1129
-1214
-1149
-901
-558
-312
-100
-108
-271
-388
-516
-489
-455
-712
-1102
-1711
-2115
-2407
-2551
-2020
-1455
-510
75
-207
-643
-1150
-248
1118
2497
3509
2837
1728
434
299
1473
2691
3351
2440
1008
-86
-880
-1085
-1129
-979
-1135
-1630
-2057
-2526
-2748
-2906
-2757
-1934
-792
168
294
-87
-219
62
979
2161
3017
3199
2657
2033
1801
1989
2398
2404
2105
1588
946
308
-353
-854
-1314
-1538
-1532
-1546
-1676
-2004
-2316
-2310
-1847
-930
-26
536
606
453
623
1178
1975
2605
2862
2679
2162
1791
1599
1582
1544
1255
880
342
-173
-660
-1057
-1181
-1185
-1179
-1188
-1282
-1433
-1620
-1603
-1339
-924
-616
-489
-520
-640
-586
-550
-398
-402
-466
-699
-1110
-1353
-1861
-1921
-2303
-2313
-1691
-1130
276
269
-132
-819
-1189
397
1775
3366
3780
2432
1114
-137
688
2256
3226
3053
1442
191
-825
-1222
-1212
-1240
-1126
-1768
-2330
-2665
-2987
-3142
-3409
-2970
-1777
-604
6
-201
-587
-439
321
1622
2958
3632
3368
2679
2210
2381
2881
3196
3027
2493
1783
1024
337
-324
-826
-1194
-1450
-1486
-1675
-2000
-2327
-2561
-2208
-1443
-532
92
237
287
511
1149
1999
2766
3087
2948
2620
2259
2160
2139
2033
1760
1294
788
222
-338
-725
-949
-1053
-1083
-1141
-1334
-1644
-1868
-1904
-1558
-1150
-807
-706
-799
-760
-652
-399
-131
-74
-153
-552
-846
-1077
-1351
-1583
-1955
-2079
-2529
-2357
-1837
-678
407
126
-365
-1368
-621
999
2571
3902
3166
1877
255
-3
1534
3048
3693
2472
680
-434
-998
-891
-1051
-1045
-1421
-2213
-2620
-3046
-3114
-3399
-3551
-2831
-1629
-497
-325
-881
-1183
-675
594
1991
3020
3130
2573
2035
2075
2769
3472
3491
2994
2282
1725
1229
589
-53
-620
-1065
-1354
-1485
-1751
-2091
-2431
-2501
-2032
-1312
-691
-373
-237
96
619
1309
1934
2342
2423
2406
2407
2399
2409
2263
1967
1612
1239
838
392
-46
-361
-608
-797
-927
-1177
-1495
-1776
-1830
-1655
-1437
-1263
-1237
-1315
-1191
-1023
-673
-452
-411
-345
-589
-610
-747
-1105
-1343
-1715
-1784
-1746
-2021
-1893
-1784
-703
506
631
288
-636
-301
916
2352
3851
3426
2398
720
243
1414
2884
3667
2586
901
-229
-846
-903
-1064
-1028
-1397
-2153
-2748
-3239
-3193
-3368
-3511
-3085
-1987
-719
-435
-938
-1208
-725
603
1991
3052
3309
2890
2339
2215
2853
3751
3977
3521
2669
1996
1440
745
104
-517
-929
-1266
-1553
-1798
-2132
-2535
-2746
-2514
-1776
-995
-459
-192
-80
258
798
1472
2178
2552
2670
2486
2320
2280
2236
2159
1904
1623
1166
664
237
-158
-455
-741
-976
-1192
-1477
-1728
-1909
-1954
-1877
-1717
-1604
-1472
-1346
-1233
-1035
-840
-571
-432
-392
-465
-629
-793
-990
-1287
-1413
-1812
-1988
-2164
-2142
-1652
-1017
323
388
-44
-901
-862
661
2162
3719
3609
2449
1050
247
1209
2847
3902
3346
1394
-29
-737
-699
-646
-834
-1155
-2015
-2707
-3205
-3293
-3203
-3331
-3117
-2291
-1200
-575
-919
-1206
-800
447
1856
2792
3119
2794
2414
2402
3041
4004
4369
3873
2947
2062
1572
1121
591
13
-565
-969
-1350
-1749
-2102
-2442
-2491
-2257
-1671
-1058
-710
-573
-531
-201
506
1421
2112
2329
2167
1999
1978
2202
2424
2504
2255
1776
1188
646
357
168
63
-179
-543
-950
-1461
-1742
-1858
-1727
-1477
-1383
-1396
-1614
-1655
-1609
-1282
-1037
-811
-606
-671
-729
-1104
-1129
-1209
-1312
-1456
-1726
-2109
-2451
-2605
-2416
-1604
-448
580
305
-551
-1199
-335
1481
3258
4138
3353
1839
461
464
2015
3675
4001
2512
498
-516
-676
-564
-760
-1084
-1556
-2278
-2857
-3216
-3264
-3310
-3399
-2847
-1728
-708
-641
-1233
-1310
-384
1166
2389
2959
2854
2437
2256
2682
3682
4489
4291
3305
2242
1651
1466
1148
619
-38
-635
-1097
-1493
-1759
-2125
-2320
-2369
-2014
-1313
-923
-674
-837
-750
-156
718
1731
2114
2071
1810
1694
2023
2367
2697
2536
2061
1526
1017
885
749
611
278
-190
-594
-996
-1231
-1373
-1374
-1344
-1442
-1506
-1594
-1588
-1612
-1494
-1155
-1025
-848
-883
-1012
-1149
-1328
-1291
-1335
-1396
-1747
-2161
-2540
-2870
-2700
-2312
-1284
144
519
100
-1111
-1233
253
2242
4083
4304
3166
1471
202
963
2710
4343
3947
1957
114
-900
-767
-614
-671
-817
-1563
-2427
-3247
-3546
-3399
-3337
-3052
-2376
-1247
-607
-892
-1354
-1090
237
1893
2847
3168
2786
2382
2392
3010
4065
4567
4027
2858
1916
1613
1526
1241
579
-107
-656
-1124
-1445
-1849
-2122
-2342
-2126
-1622
-1168
-913
-1157
-1177
-804
118
1264
1782
1805
1429
1291
1676
2232
2670
2542
2099
1610
1241
1124
980
817
431
-40
-332
-623
-887
-1206
-1486
-1487
-1416
-1307
-1423
-1617
-1780
-1713
-1352
-1021
-786
-784
-1125
-1191
-1432
-1299
-1222
-1422
-1478
-2128
-2474
-2853
-2919
-2790
-1893
-927
446
388
-526
-1227
-1059
1240
3127
4609
4199
2487
886
162
1774
3837
4818
3688
1192
-358
-837
-479
-75
-390
-797
-2021
-3057
-3617
-3703
-3394
-3459
-3073
-2248
-1411
-1083
-1647
-1734
-882
706
2339
2963
2878
2318
1970
2504
3627
4677
4786
3793
2631
1891
1858
1881
1555
876
-4
-630
-1223
-1675
-1960
-2213
-2024
-1844
-1595
-1533
-1669
-1620
-1360
-513
429
1145
1313
992
915
1220
1847
2406
2465
2263
1839
1485
1323
1173
1102
858
574
197
-199
-590
-999
-1209
-1223
-1093
-1142
-1358
-1689
-1803
-1750
-1495
-1126
-1072
-1074
-1300
-1544
-1524
-1577
-1292
-1302
-1592
-1670
-2372
-2806
-2903
-2966
-2333
-1736
-672
531
49
-473
-1435
-477
1736
3585
4714
3693
2233
717
441
2301
4245
5108
3321
599
-670
-830
-125
-32
-375
-1011
-2482
-3572
-4196
-3765
-3207
-3304
-3034
-2519
-1701
-1534
-1965
-1594
-405
1300
2534
2769
2629
2113
2174
3019
4325
5307
4955
3746
2556
2061
2304
2459
2286
1450
317
-714
-1349
-1541
-1572
-1451
-1535
-1610
-1851
-2047
-1862
-1549
-932
-276
357
772
670
559
714
1291
1935
2218
2190
1952
1679
1439
1288
1345
1370
1188
769
237
-139
-517
-726
-755
-730
-836
-1181
-1592
-1782
-1703
-1510
-1314
-1345
-1432
-1678
-1863
-1844
-1767
-1619
-1595
-1847
-1991
-2331
-2607
-2863
-2948
-2542
-2292
-1343
-167
528
299
-651
-853
346
2388
4172
4536
3556
1833
554
1107
3064
4901
4604
2352
-13
-1036
-625
-77
86
-490
-1762
-3209
-4110
-4048
-3403
-3181
-3268
-3138
-2464
-1823
-1801
-1881
-1381
15
1526
2461
2630
2236
1936
2260
3409
4792
5300
4637
3256
2341
2268
2748
2935
2435
1406
22
-860
-1188
-1126
-1067
-1262
-1545
-1959
-2180
-2105
-1811
-1371
-938
-540
-63
158
271
341
612
1224
1721
2036
1926
1753
1536
1413
1463
1559
1589
1228
714
230
-93
-253
-367
-393
-549
-878
-1279
-1601
-1586
-1531
-1397
-1452
-1565
-1669
-1858
-1733
-1848
-1724
-1816
-1904
-2133
-2226
-2382
-2598
-2476
-2746
-2325
-2229
-992
398
867
563
-654
-516
980
3015
4799
4617
3338
1404
374
1759
3770
5262
3976
1295
-638
-1248
-315
71
-19
-952
-2570
-3833
-4422
-3939
-3308
-3389
-3458
-3262
-2507
-2008
-2169
-1962
-1203
419
1788
2279
2241
1775
1847
2690
4066
5334
5249
4187
2887
2330
2844
3359
3448
2562
976
-223
-988
-825
-623
-671
-985
-1755
-2164
-2396
-2034
-1492
-1153
-864
-737
-395
-219
-105
160
598
1320
1677
1735
1536
1393
1403
1473
1736
1801
1635
1074
466
221
137
174
4
-313
-678
-1153
-1443
-1567
-1595
-1450
-1606
-1756
-1934
-2160
-2147
-2280
-2100
-2188
-2075
-2209
-2404
-2534
-2873
-2915
-2943
-2439
-1800
-225
853
609
-372
-1377
-352
2020
4430
5327
3997
2077
363
695
3009
5171
5548
3158
242
-1170
-721
520
874
325
-1142
-2899
-3999
-4237
-3517
-2992
-3189
-3354
-3161
-2712
-2617
-2707
-2121
-780
864
1730
1765
1475
1318
1914
3248
4795
5552
4867
3609
2772
2945
3779
4164
3861
2593
1108
14
-319
11
75
-242
-969
-1807
-2280
-2483
-2032
-1427
-1041
-968
-1149
-1094
-916
-542
-5
656
1207
1239
1061
930
1118
1492
1722
1911
1784
1457
947
569
513
558
449
83
-345
-723
-1098
-1404
-1555
-1584
-1586
-1760
-1953
-2317
-2571
-2709
-2618
-2483
-2462
-2730
-2885
-3230
-3092
-2936
-2884
-2331
-1693
23
590
461
-445
-1038
449
2550
4687
5111
3530
1672
400
1712
4189
5712
5176
2279
78
-718
30
1046
795
-92
-1943
-3455
-3972
-3840
-3232
-3434
-3955
-4045
-3722
-3108
-3101
-3124
-2489
-1215
306
965
1062
1077
1278
2342
3634
4829
5155
4347
3561
3316
4010
4571
4173
3127
1950
1277
903
759
410
-266
-992
-1575
-1794
-1885
-2010
-2248
-2184
-1760
-1238
-1047
-1144
-1160
-739
60
781
1201
1208
1073
1143
1503
1973
2256
2141
1814
1535
1466
1483
1327
982
498
78
-116
-349
-639
-1091
-1571
-1884
-1961
-1962
-2059
-2394
-2810
-3036
-2932
-2710
-2662
-2827
-3177
-3224
-3025
-2930
-2537
-2453
-1586
-55
399
645
-300
-461
793
2414
4494
4390
3482
1772
723
2072
3886
5351
4468
2034
322
-286
704
1217
833
-141
-2106
-3186
-3697
-3262
-2634
-3142
-3804
-4271
-3923
-3240
-3122
-2845
-2508
-1479
-351
98
501
659
1155
2251
3376
4499
4559
3997
3536
3569
4482
4851
4405
3247
1911
1421
1396
1493
1319
185
-827
-1668
-1791
-1512
-1618
-1672
-2181
-2259
-1942
-1591
-1149
-1056
-831
-402
83
580
774
967
1225
1477
1863
1921
1969
1865
1657
1797
1755
1764
1333
671
338
39
118
-138
-634
-1252
-1846
-1982
-2043
-1971
-2189
-2696
-2957
-3184
-3135
-3049
-3018
-3145
-3249
-3291
-3156
-2840
-2611
-2000
-750
318
487
-2
-464
321
1992
3746
4303
3611
2387
1192
1690
3459
5067
4939
2963
842
116
793
1614
1511
650
-1081
-2647
-3380
-3135
-2279
-2220
-3170
-4042
-4188
-3693
-3248
-2978
-2544
-1808
-981
-615
-324
93
659
1593
2753
3880
4369
3948
3464
3510
4318
4946
4792
3925
2780
1949
1673
1759
1743
1184
-15
-980
-1460
-1461
-1374
-1554
-1793
-2150
-2199
-2057
-1723
-1308
-1080
-819
-538
-178
163
395
755
1094
1440
1602
1548
1576
1581
1780
1960
1989
1660
1113
698
471
523
408
-77
-710
-1378
-1735
-1826
-1792
-2002
-2524
-3009
-3322
-3346
-3187
-3453
-3508
-3767
-3867
-3637
-3513
-2881
-2626
-1410
-431
-366
-191
-882
29
1610
3290
4327
3447
2557
1402
1696
3666
5128
5518
3649
1260
430
764
2109
2207
1339
-395
-2406
-3166
-3121
-2184
-1779
-2833
-3865
-4446
-4124
-3484
-3232
-2735
-2248
-1472
-1064
-965
-390
144
1041
2243
3209
4012
3720
3329
3377
4059
4976
4898
4211
3145
2300
2106
2148
2201
1747
638
-389
-1030
-1100
-1020
-1210
-1498
-1914
-2168
-2139
-2003
-1655
-1399
-1087
-822
-602
-309
-121
253
733
1146
1415
1406
1341
1438
1657
2029
2150
1876
1393
925
918
956
890
428
-419
-994
-1345
-1406
-1449
-1797
-2449
-2992
-3421
-3289
-3308
-3490
-3884
-4149
-4174
-3832
-3410
-2942
-1517
-967
-782
-1182
-1346
-154
1294
3241
3809
3260
2441
1353
2180
3992
5497
5565
3678
2085
1309
1815
2606
2388
1784
147
-1405
-2148
-2289
-1773
-1942
-2811
-3586
-3963
-3735
-3686
-3509
-3232
-2843
-2137
-1857
-1585
-1037
-508
441
1393
2337
2894
2860
2999
3358
4245
4906
4638
4008
3155
2815
2901
2887
2931
2080
1080
139
-519
-450
-633
-767
-1325
-2021
-2189
-2435
-2200
-2052
-1812
-1460
-1424
-1216
-1091
-693
-17
382
869
867
898
1044
1159
1762
2107
2207
1924
1354
1114
1025
1183
1245
782
234
-714
-1244
-1379
-1411
-1458
-2070
-2737
-3224
-3543
-3525
-3722
-3752
-3924
-4133
-3919
-3926
-2422
-1390
-1250
-1345
-2090
-1099
391
2192
3254
2569
2052
1047
1683
3757
5065
5387
3683
2037
1805
2301
3409
3088
2206
731
-809
-1107
-1167
-793
-1064
-2388
-3191
-3597
-3395
-3238
-3398
-3258
-3218
-2733
-2478
-2368
-1808
-1383
-515
520
1230
1873
1826
2098
2667
3625
4592
4585
4194
3381
2957
3249
3525
3722
3186
2082
1119
479
317
287
107
-395
-1265
-1901
-2209
-2194
-1947
-1853
-1707
-1716
-1762
-1792
-1574
-894
-190
292
382
261
381
651
1179
1677
1966
1924
1604
1301
1086
1149
1112
1044
652
91
-513
-998
-1292
-1624
-1883
-2156
-2684
-3073
-3606
-3904
-3901
-4034
-3728
-3944
-2933
-2116
-2210
-2068
-2598
-1680
-325
1003
2167
1640
1416
666
967
2939
4372
4904
3703
2194
1986
2293
3382
3387
2792
1712
19
-413
-476
-33
-54
-1386
-2349
-2888
-2867
-2693
-2890
-2725
-2959
-2842
-2829
-2964
-2370
-1910
-1213
-348
87
576
552
885
1683
2627
3716
3783
3535
3050
2774
3368
3696
3992
3564
2714
2110
1515
1472
1200
978
532
-302
-798
-1281
-1474
-1677
-1831
-1681
-1714
-1750
-1866
-1821
-1292
-918
-493
-319
-230
-3
149
623
1147
1487
1485
1188
1184
1353
1499
1480
1144
749
312
-18
-265
-522
-850
-1435
-2013
-2386
-2742
-2960
-3249
-3589
-3518
-3774
-3321
-2150
-2045
-2072
-2935
-2827
-1525
103
1837
1590
967
153
-191
1605
3579
4777
4039
2123
1329
1595
2968
3647
3192
2342
672
-74
-122
251
682
-142
-1244
-2021
-2251
-2204
-2426
-2286
-2371
-2365
-2288
-2682
-2574
-2302
-1837
-963
-350
40
-110
-167
351
1223
2451
2914
2787
2425
2038
2486
3221
3731
3627
2768
2059
1723
1842
2065
1842
1411
464
-345
-534
-483
-368
-751
-1318
-1703
-1824
-1652
-1483
-1253
-1175
-1225
-1086
-875
-413
-100
-1
300
510
863
965
1010
1138
1095
1162
1032
991
894
435
228
-185
-420
-720
-1178
-1540
-2052
-2438
-2826
-3070
-3125
-3276
-3532
-2676
-2028
-2023
-2311
-2949
-2136
-963
545
1286
787
494
-136
521
2379
3821
4058
2570
1412
1487
2339
3509
3210
2483
1291
149
105
366
770
352
-878
-1699
-1973
-1675
-1783
-2038
-2017
-2225
-2072
-2239
-2455
-2180
-1867
-1256
-582
-234
-198
-504
-137
683
1785
2580
2301
1900
1648
1900
2737
3297
3419
2847
2128
1842
1910
2195
2023
1523
890
213
7
2
-41
-319
-772
-1095
-1299
-1332
-1286
-1208
-1043
-985
-942
-925
-881
-656
-384
66
423
579
464
392
698
1018
1262
1163
837
575
407
362
346
85
-378
-1066
-1426
-1659
-1771
-2073
-2542
-2997
-3297
-3418
-3155
-1983
-1858
-2141
-2831
-3029
-1881
-540
976
1106
528
-34
-538
836
2785
3932
3586
2023
1233
1506
2549
3352
2949
2226
830
87
233
529
752
-58
-1215
-1781
-1820
-1630
-1830
-1973
-2129
-2290
-2143
-2277
-2111
-1779
-1497
-948
-535
-254
-165
-117
481
1143
1951
2243
1983
1856
1792
2264
2865
3075
2924
2243
1853
1798
2022
2199
1834
1311
526
12
14
207
178
-261
-830
-1228
-1307
-1141
-968
-827
-866
-1054
-1117
-1022
-685
-366
-186
-76
16
121
202
481
812
1020
984
753
498
457
429
443
420
-34
-568
-1081
-1470
-1533
-1686
-1884
-2442
-2802
-3054
-3097
-1813
-1672
-1982
-2746
-3227
-2122
-837
648
711
-82
-436
-818
733
2611
3538
3116
1549
994
1646
2805
3654
2959
2151
884
263
678
967
1122
205
-1118
-1652
-1665
-1378
-1662
-1981
-2176
-2482
-2287
-2448
-2371
-2005
-1766
-1189
-720
-504
-456
-491
244
1079
1962
2166
1715
1560
1641
2271
3088
3261
3001
2182
1681
1799
2221
2554
2078
1395
516
-97
61
241
390
-92
-839
-1289
-1531
-1198
-918
-725
-850
-1239
-1336
-1232
-761
-318
-206
-88
-179
-118
2
304
831
1014
958
676
421
468
488
688
625
230
-356
-976
-1276
-1261
-1313
-1556
-2100
-2560
-2897
-3091
-1945
-1561
-1789
-2477
-3178
-2359
-1225
113
438
-265
-451
-844
292
2045
2978
2858
1508
981
1605
2649
3467
2899
2229
1265
662
1041
1201
1368
642
-665
-1284
-1432
-1205
-1403
-1722
-1901
-2357
-2430
-2725
-2713
-2123
-1740
-1251
-1058
-1175
-1089
-780
235
1175
1827
1822
1294
1361
1831
2644
3433
3385
2942
2239
2005
2337
2726
2911
2405
1696
1084
510
484
585
565
172
-581
-1033
-1331
-1285
-1081
-905
-825
-1178
-1447
-1509
-1200
-595
-345
-219
-308
-421
-366
-128
478
898
828
488
151
243
404
595
624
192
-239
-644
-973
-1009
-1187
-1416
-1964
-2255
-2425
-2620
-1703
-1523
-1848
-2472
-3028
-2223
-1159
17
139
-644
-921
-1145
42
1840
2637
2466
1073
588
1326
2490
3378
2816
2065
1160
641
1129
1469
1690
983
-365
-1073
-1219
-854
-933
-1251
-1521
-2150
-2405
-2662
-2651
-2037
-1744
-1532
-1565
-1694
-1562
-1202
-210
615
1150
1204
753
887
1468
2277
3064
3167
2890
2342
2205
2495
2900
3184
2728
2040
1456
984
947
1141
1112
647
-144
-745
-1030
-924
-736
-679
-898
-1431
-1711
-1559
-1155
-671
-560
-715
-855
-773
-503
-119
382
567
391
193
99
372
555
620
571
232
-128
-476
-634
-733
-892
-1090
-1500
-1909
-2178
-2330
-1468
-1194
-1638
-2343
-3026
-2279
-1079
41
81
-828
-1249
-1419
-131
1776
2524
2097
701
192
1139
2405
3306
2771
1941
1077
703
1257
1715
1900
1235
-135
-820
-872
-568
-580
-963
-1301
-1973
-2328
-2578
-2520
-1935
-1641
-1620
-1793
-2049
-1886
-1415
-458
277
633
608
218
447
1185
2005
2712
2758
2443
2057
2082
2555
2988
3276
2881
2261
1666
1333
1413
1583
1512
935
135
-443
-632
-444
-318
-387
-818
-1458
-1679
-1399
-951
-677
-799
-1077
-1200
-961
-574
-194
95
79
-9
-21
130
399
446
394
322
241
-18
-260
-421
-577
-792
-981
-1259
-1570
-1805
-2096
-1280
-981
-1455
-2146
-2870
-2181
-1085
-45
-7
-1050
-1392
-1595
-487
1409
2197
1784
406
-144
837
2135
3115
2605
1774
994
607
1276
1798
2016
1471
158
-623
-644
-276
-171
-545
-916
-1668
-2092
-2311
-2289
-1730
-1485
-1605
-1908
-2264
-2082
-1565
-627
-44
67
10
-327
21
879
1683
2247
2151
1865
1683
1907
2532
2846
3049
2707
2247
1961
1742
1975
2072
1862
1271
559
276
114
208
192
-109
-511
-1132
-1308
-1023
-685
-639
-1010
-1278
-1266
-992
-642
-532
-375
-350
-406
-282
-92
167
204
166
177
188
98
-151
-334
-385
-505
-614
-955
-1277
-1507
-1725
-921
-667
-1194
-1917
-2592
-1951
-981
-70
-81
-1176
-1510
-1631
-593
1072
1653
1219
16
-300
656
1739
2549
2067
1452
902
571
1219
1733
1943
1453
326
-360
-375
14
139
-192
-538
-1378
-1863
-1998
-1855
-1325
-1250
-1576
-1988
-2195
-1933
-1452
-660
-367
-492
-470
-540
-112
626
1133
1422
1401
1399
1411
1681
2162
2315
2417
2207
1993
1992
1857
1901
2037
1857
1378
931
725
579
590
556
224
-180
-652
-885
-712
-462
-454
-813
-1147
-1243
-1026
-715
-580
-495
-527
-690
-620
-337
-110
-62
-81
-89
-80
-49
-186
-252
-330
-456
-541
-705
-940
-1114
-1341
-795
-308
-772
-1431
-2179
-1743
-733
-46
148
-864
-1393
-1476
-812
778
1428
1080
-8
-534
362
1400
2120
1883
1161
813
456
942
1573
1807
1460
388
-311
-249
136
465
84
-408
-1098
-1676
-1649
-1430
-987
-953
-1473
-1936
-2133
-1778
-1239
-703
-417
-739
-868
-740
-374
379
826
973
948
904
1045
1297
1813
2070
2060
1904
1566
1652
1841
1848
1912
1781
1386
971
927
1018
939
828
517
89
-199
-320
-203
-123
-239
-508
-759
-826
-749
-548
-495
-596
-526
-553
-600
-432
-237
-198
-295
-239
-128
-136
-142
-319
-374
-411
-484
-506
-859
-918
-1018
-760
-155
-594
-1141
-1749
-1710
-699
-125
153
-617
-1427
-1302
-903
343
1070
725
5
-658
-21
982
1554
1586
814
462
336
567
1326
1456
1212
437
-295
-167
150
556
335
-314
-806
-1361
-1331
-1044
-852
-770
-1305
-1770
-1922
-1648
-1062
-787
-606
-818
-1080
-812
-521
-3
450
529
605
544
728
1006
1392
1759
1663
1531
1351
1261
1622
1875
1932
1694
1241
983
929
1259
1392
1097
725
278
161
229
321
387
56
-304
-493
-425
-234
-274
-320
-452
-487
-344
-316
-274
-298
-300
-309
-371
-209
-56
-138
-254
-407
-436
-397
-459
-458
-731
-950
-994
-1008
-400
-319
-891
-1437
-1673
-904
-237
-8
-289
-1131
-1146
-762
-55
767
675
85
-451
-239
726
1252
1335
744
284
539
723
1066
1205
881
465
49
7
197
336
285
-220
-532
-785
-1006
-868
-817
-817
-940
-1316
-1554
-1503
-1058
-729
-661
-654
-903
-891
-583
-252
178
424
400
266
240
607
977
1308
1361
1102
1010
934
1002
1305
1583
1596
1163
714
614
894
1287
1192
795
398
140
181
394
555
430
-28
-407
-484
-175
94
-20
-187
-355
-410
-343
-246
-41
28
-95
-330
-460
-268
-67
28
-101
-299
-428
-447
-390
-322
-390
-607
-737
-806
-606
-330
-529
-925
-1149
-880
-354
-184
-248
-652
-824
-580
-318
27
196
44
-102
-127
203
480
495
493
438
648
710
456
367
460
638
682
375
64
-102
29
161
56
-142
-484
-738
-682
-570
-484
-586
-843
-939
-870
-596
-427
-432
-457
-479
-331
-124
6
148
200
325
402
447
550
609
727
772
697
698
692
671
706
687
686
611
593
525
432
409
298
219
288
286
183
-24
-171
-170
-72
1
-101
-164
-118
-47
111
178
154
220
292
376
434
428
387
415
509
593
588
566
462
422
459
431
378
302
152
-1
-85
-164
-205
-282
-401
-563
-615
-595
-576
-644
-810
-985
-1042
-973
-878
-854
-897
-1040
-1135
-1028
-815
-579
-544
-675
-805
-724
-510
-301
-215
-288
-363
-369
-296
-174
-90
-65
-125
-184
-180
-169
-105
-74
-32
-21
-65
-110
-170
-159
-9
134
210
167
58
29
184
429
532
522
434
366
435
581
675
708
617
525
485
569
660
651
558
401
343
355
385
382
286
165
72
58
78
69
49
-21
-63
-1
58
106
108
62
92
138
257
395
429
399
345
396
549
689
758
687
624
638
664
727
701
648
538
419
381
349
333
248
105
20
-66
-113
-171
-273
-354
-474
-582
-676
-723
-727
-794
-914
-979
-1032
-977
-936
-977
-1048
-1066
-1019
-968
-822
-760
-785
-759
-720
-583
-417
-345
-346
-355
-320
-269
-166
-60
-7
26
-2
-78
-76
-24
43
97
110
64
-14
-39
-11
101
186
167
72
3
24
115
226
267
221
153
117
154
268
355
330
222
140
136
213
301
319
233
104
14
15
80
173
166
73
7
6
113
198
219
206
191
225
324
429
486
473
459
464
525
634
674
635
570
560
560
602
589
521
460
437
422
386
318
215
158
178
215
181
60
-77
-140
-99
-40
-81
-147
-268
-341
-308
-235
-175
-245
-341
-415
-414
-316
-266
-260
-304
-349
-342
-345
-340
-351
-360
-348
-362
-389
-431
-453
-425
-400
-388
-422
-481
-511
-549
-524
-457
-412
-382
-424
-463
-447
-409
-312
-222
-177
-189
-250
-237
-138
5
92
52
-17
-39
4
101
150
163
105
18
-1
68
158
180
143
84
46
88
141
168
191
194
199
226
253
296
349
393
431
453
483
514
546
563
589
633
681
670
640
619
614
645
663
612
552
450
395
405
436
436
287
146
67
119
189
157
11
-149
-237
-202
-159
-156
-254
-421
-489
-465
-357
-332
-412
-504
-529
-492
-421
-374
-350
-380
-404
-369
-332
-254
-206
-198
-198
-215
-229
-230
-179
-144
-141
-184
-254
-269
-285
-279
-269
-275
-289
-321
-371
-400
-420
-396
-342
-327
-341
-406
-387
-301
-212
-189
-229
-268
-222
-121
-27
30
28
16
19
105
210
284
276
205
216
286
367
419
397
358
340
380
455
478
452
391
354
394
439
453
404
356
349
327
329
346
339
348
332
295
275
254
244
232
223
188
167
190
151
99
59
32
59
56
43
-29
-109
-178
-227
-201
-163
-157
-223
-313
-344
-291
-219
-188
-241
-281
-302
-267
-186
-131
-111
-140
-134
-101
-41
29
47
71
107
105
138
160
177
213
187
143
83
26
-14
-42
-40
-92
-165
-261
-363
-409
-449
-449
-453
-516
-598
-678
-672
-610
-556
-534
-595
-622
-579
-525
-430
-379
-357
-359
-346
-267
-146
-21
20
25
46
112
225
305
349
386
385
414
442
484
527
551
572
564
561
564
566
609
647
659
655
609
590
589
618
625
611
565
492
451
427
408
400
353
288
196
134
127
87
40
-50
-147
-230
-297
-320
-322
-342
-397
-481
-524
-510
-465
-438
-473
-508
-505
-465
-388
-299
-266
-279
-286
-217
-93
33
85
76
91
117
177
261
310
320
282
234
220
259
276
223
158
95
68
27
-49
-107
-153
-193
-214
-256
-311
-373
-400
-412
-383
-357
-411
-458
-484
-451
-381
-351
-362
-406
-427
-396
-337
-253
-241
-291
-334
-331
-257
-163
-128
-163
-194
-163
-108
-30
31
46
75
86
116
164
220
286
320
339
346
368
441
503
567
594
589
587
584
630
663
696
683
631
588
565
548
548
508
439
349
264
199
129
70
-2
-48
-117
-203
-278
-328
-350
-348
-386
-457
-525
-551
-520
-461
-444
-496
-541
-541
-474
-352
-277
-271
-267
-268
-208
-110
-19
41
44
38
25
53
107
137
167
129
71
35
4
15
34
29
-8
-64
-85
-110
-102
-75
-104
-124
-171
-206
-195
-168
-131
-124
-152
-188
-202
-168
-114
-62
-41
-85
-138
-143
-81
-8
15
-16
-61
-86
-61
-22
27
48
17
-19
-34
7
78
119
137
140
168
200
239
317
381
457
477
463
464
483
552
627
657
636
597
585
609
664
690
639
569
519
475
451
418
371
313
235
147
69
19
-25
-73
-134
-233
-330
-398
-428
-409
-412
-465
-553
-595
-576
-509
-449
-461
-495
-522
-506
-447
-374
-332
-335
-371
-386
-363
-291
-232
-221
-241
-279
-303
-298
-273
-239
-217
-230
-273
-324
-328
-290
-247
-233
-246
-266
-257
-227
-170
-116
-88
-77
-78
-49
12
75
101
120
137
150
150
169
190
222
234
202
171
157
164
179
192
169
138
98
80
100
130
155
149
130
123
137
174
230
277
307
294
293
310
357
431
473
476
453
446
470
512
553
545
490
439
395
393
410
387
350
289
219
178
171
161
142
105
45
-15
-65
-97
-97
-106
-146
-202
-249
-268
-252
-220
-226
-268
-325
-359
-324
-256
-221
-247
-323
-364
-334
-288
-250
-252
-294
-357
-392
-373
-345
-330
-350
-408
-438
-440
-432
-401
-371
-347
-346
-367
-362
-305
-230
-172
-145
-130
-112
-73
-13
62
135
168
186
195
221
292
337
347
347
332
332
338
346
337
315
292
237
200
166
142
147
113
76
33
13
20
22
45
51
35
28
23
54
103
133
153
138
130
146
163
182
204
210
183
156
158
155
165
164
137
119
80
60
66
85
90
47
-1
-37
-29
-1
10
14
-14
-48
-67
-69
-27
20
34
9
-36
-63
-45
-22
0
-12
-64
-122
-177
-181
-154
-147
-178
-252
-321
-357
-361
-350
-370
-407
-466
-525
-549
-540
-503
-503
-534
-555
-564
-525
-472
-421
-379
-370
-347
-302
-222
-115
-49
-12
11
59
134
202
266
301
316
312
326
375
434
448
419
400
397
414
419
417
418
401
390
356
345
354
362
361
346
338
318
310
308
318
338
319
270
242
238
253
257
233
210
178
152
138
111
85
57
34
23
-16
-54
-86
-98
-96
-103
-115
-150
-173
-178
-174
-168
-167
-176
-175
-167
-136
-110
-103
-106
-112
-90
-57
-22
-10
-30
-39
-43
-26
-7
-22
-33
-66
-88
-96
-110
-114
-129
-158
-186
-217
-242
-261
-279
-288
-312
-354
-376
-395
-392
-377
-375
-378
-387
-388
-374
-311
-244
-224
-237
-228
-168
-90
-41
-24
-14
10
48
88
119
137
152
149
163
187
192
196
201
211
228
216
208
214
251
284
292
294
284
285
300
321
363
385
380
352
340
356
372
394
390
379
351
313
304
302
301
289
248
216
174
145
129
97
75
48
13
-26
-54
-69
-89
-103
-120
-155
-165
-169
-155
-148
-159
-171
-190
-189
-170
-150
-142
-162
-186
-189
-183
-155
-144
-144
-156
-172
-167
-161
-147
-135
-134
-135
-149
-160
-173
-181
-159
-148
-164
-199
-234
-238
-226
-218
-213
-217
-224
-240
-216
-177
-151
-134
-138
-125
-89
-61
-26
-14
-9
-9
-4
18
40
64
79
86
87
77
72
87
108
129
111
74
62
76
105
119
120
110
102
114
123
149
167
164
170
178
206
225
236
248
251
260
266
270
275
260
246
232
227
220
200
168
139
121
114
105
74
37
-2
-20
-27
-38
-73
-122
-148
-161
-159
-175
-202
-225
-221
-211
-202
-199
-213
-211
-195
-176
-172
-170
-177
-187
-182
-177
-171
-172
-186
-201
-206
-208
-202
-213
-215
-201
-191
-195
-199
-204
-206
-191
-188
-184
-187
-183
-170
-151
-122
-111
-104
-87
-47
7
41
49
59
80
115
145
167
176
178
183
200
220
223
207
188
187
189
179
158
137
139
151
147
134
124
126
126
134
149
160
167
164
172
191
206
210
209
229
247
256
269
263
255
251
251
260
266
261
233
199
184
186
178
154
128
94
66
44
19
-8
-42
-70
-79
-79
-96
-117
-139
-143
-134
-121
-134
-158
-171
-173
-160
-152
-154
-168
-184
-185
-173
-167
-173
-194
-221
-229
-221
-227
-249
-276
-284
-286
-280
-287
-289
-284
-287
-291
-295
-287
-266
-256
-246
-228
-210
-194
-169
-138
-99
-67
-53
-43
-21
14
42
69
66
73
85
108
128
138
126
126
141
160
161
142
126
135
138
127
112
105
97
103
96
102
117
126
122
123
130
167
186
180
183
177
186
202
221
239
246
252
255
252
264
262
256
241
233
221
209
189
151
144
146
137
129
87
63
38
54
49
24
-5
-38
-43
-41
-28
-49
-62
-75
-70
-84
-89
-87
-91
-101
-109
-124
-132
-137
-153
-180
-197
-228
-233
-227
-242
-273
-299
-349
-349
-348
-351
-338
-348
-342
-341
-350
-334
-305
-298
-300
-289
-266
-210
-179
-184
-201
-175
-144
-100
-81
-80
-47
-11
31
56
57
47
37
39
91
121
118
109
104
115
130
122
128
154
173
171
162
158
204
209
214
191
210
199
242
271
535
996
577
-346
-563
394
1494
1269
535
62
-111
50
-126
637
852
409
-383
-611
-698
110
275
-190
-282
-340
75
-525
-867
-398
339
-184
123
-432
-857
-93
-599
159
75
-37
509
-233
505
259
465
193
83
515
473
565
81
186
-273
-510
-71
55
393
-470
-412
-905
-486
-496
-773
-391
-475
-327
-967
-851
-568
-442
-367
-198
-1
347
-362
139
-499
-74
656
429
519
-60
415
7
-211
484
607
772
-239
334
110
-8
368
-499
358
131
-177
-104
-540
210
-177
-304
510
-330
251
-15
-421
181
338
322
161
94
189
379
-14
226
1038
-23
587
117
58
540
85
458
309
190
405
-74
146
-439
341
372
22
-300
-169
177
14
-841
-342
388
-92
-724
-235
-134
23
-868
-136
579
-628
78
-333
25
90
-148
339
20
-199
237
-186
576
23
126
-29
336
59
344
-651
323
607
-293
-156
157
173
-199
-703
170
284
-186
241
-752
-228
188
-284
-118
-158
135
184
-618
-61
-100
110
-86
82
-5
86
-136
-95
-277
-210
165
347
-212
-223
-49
136
-29
-401
201
499
217
-602
-278
347
232
-89
-24
26
434
-262
131
-132
337
472
-5
198
30
110
506
132
-73
77
223
531
169
94
92
-64
168
392
-114
394
7
239
-242
-487
281
64
-2
-76
-226
141
-40
-237
-443
-366
214
70
-145
-238
-264
-473
-348
91
-216
-237
48
-229
-348
-500
132
149
-388
-169
-18
60
-130
-159
-168
-171
-1
94
-78
-115
-14
17
-188
28
116
53
-127
-56
204
123
19
-164
-8
167
-24
52
81
108
-25
-145
-60
-57
135
72
-149
-146
20
-16
-106
-161
72
161
-7
-226
-37
-79
135
41
-67
-33
-4
148
-60
-62
125
141
87
24
89
111
49
102
85
213
221
282
84
52
25
240
400
308
180
-24
2
75
197
294
244
116
-63
-19
33
153
164
14
-45
-20
81
-35
-208
-280
-196
-25
75
25
-234
-381
-353
-189
-16
60
2
-124
-165
-212
-67
-42
-46
-30
-25
120
21
-102
-185
-122
32
116
117
1
-111
-240
-204
-109
95
60
-25
-83
-182
-115
-104
-12
-19
26
66
108
-8
-72
-40
7
71
111
178
156
64
45
4
49
111
153
76
32
27
-42
-31
-73
-75
-35
-3
-28
-133
-175
-192
-179
-100
-123
-74
-96
-40
-67
-87
-24
15
87
81
58
104
167
144
101
31
113
236
187
145
147
137
175
94
81
134
184
220
102
-24
-88
-29
60
102
37
-27
-80
-111
-99
-129
-49
-1
-36
-142
-111
-159
-130
-124
-76
-45
-46
-13
-146
-73
-135
-17
23
54
10
-60
-80
-29
20
-11
-15
-57
72
-2
-96
-43
-73
11
-37
-28
-63
-51
-15
-71
-109
-74
-27
33
83
-53
-46
-31
-21
-1
-4
6
29
-47
-63
-49
-66
7
-5
-4
16
-38
-15
2
-50
-11
0
-13
17
15
-53
-74
9
36
15
46
91
104
54
32
83
123
107
129
92
192
147
89
142
119
212
216
125
76
82
116
117
53
79
64
16
18
-22
22
51
37
-21
-49
-57
-11
-23
-32
-12
-74
-83
-68
-118
-44
-23
-9
-88
-130
-68
-95
-81
-89
-38
-63
-112
-84
-106
-104
-66
0
-90
-52
-60
-70
-38
-32
-22
-17
18
-29
24
-57
22
21
-16
35
55
74
-3
41
-26
28
59
31
50
-16
-30
-39
-61
-2
-23
-78
-73
-50
-55
-67
-124
-75
-46
-66
-39
-58
-90
-73
-60
-64
-40
-28
5
-41
-3
5
-7
52
64
94
66
82
96
111
118
108
167
149
134
116
98
125
172
128
23
42
54
44
60
-29
-12
29
-31
13
-65
-35
-11
-27
-22
-53
-109
-49
-31
-27
-68
-67
-50
-11
25
-8
-3
-43
29
24
88
31
34
25
-17
17
19
13
50
-12
7
15
-29
11
-40
30
0
0
45
-11
-38
-42
31
49
38
16
-10
20
21
-13
-61
21
-2
38
-31
-65
-47
-31
-40
-39
-63
-43
-45
-79
-70
-115
-56
-74
-82
-83
-105
-51
-47
-51
-77
-23
-24
-61
-35
-28
7
-13
32
-5
36
31
64
103
96
94
114
155
106
100
122
237
183
167
73
125
198
177
189
161
117
97
78
70
74
19
26
9
-38
-18
-57
-72
-98
-103
-79
-57
-101
-126
-105
-100
-86
-107
-62
-81
-47
-52
-82
-6
-16
11
-11
-9
27
29
22
-10
47
42
19
18
48
54
22
-18
34
47
39
59
26
26
52
21
43
54
49
59
48
45
42
61
35
32
25
29
56
24
30
-22
10
8
-21
-12
-65
-62
-29
-55
-56
-76
-77
-47
-66
-69
-86
-60
-6
-34
-37
-62
-30
-7
-21
-9
-17
47
69
52
20
48
95
118
87
71
106
79
89
59
63
75
85
62
16
24
51
60
19
10
3
20
17
-27
-61
-64
-51
-31
-35
-65
-66
-77
-69
-46
-55
-38
-63
-60
-46
-72
-49
-75
-85
-76
-50
-59
-60
-89
-92
-65
-52
-85
-67
-71
-79
-60
-65
-19
-39
-34
-57
-38
-3
13
-1
2
29
7
7
-24
5
77
25
30
19
21
26
11
35
47
47
32
8
-24
2
-1
18
17
-9
-17
-12
-22
-29
-21
-16
-2
-16
-36
-51
-60
-31
-19
-31
-18
-25
-15
-3
-34
10
27
25
11
4
23
19
26
13
10
35
35
45
26
56
23
27
15
29
60
20
-36
-32
21
2
1
-51
-44
-37
-18
-10
-9
-15
-35
-18
-46
1
-7
-18
-35
-28
35
14
35
-4
-6
11
52
63
42
6
11
22
40
35
24
18
-18
9
-5
37
3
-15
4
-12
24
-27
-7
-12
-27
-17
-30
8
-35
-4
-15
-23
22
10
4
3
8
4
28
15
4
-4
-14
-2
8
11
-7
-18
-15
-11
16
31
-15
40
0
10
36
12
16
30
6
3
22
46
60
19
1
33
97
58
37
29
40
60
40
53
8
18
1
7
13
-21
0
-1
-13
-28
-32
-26
-27
-27
-38
-59
-48
-53
-15
-41
-59
-44
-42
-30
-34
-27
-19
-8
-18
-25
-6
-2
25
8
8
15
14
57
18
9
29
56
74
44
51
28
26
44
44
52
27
36
29
31
-3
-8
12
-3
-6
-23
-44
1
-30
-24
-49
-30
-35
-44
-56
-48
-63
-55
-52
-54
-39
-44
-15
-59
-52
-53
-18
-49
-26
-31
-20
-19
-34
-27
-49
-31
-14
-25
-20
-16
-3
-5
-16
10
5
22
22
-3
31
10
30
7
14
40
29
51
13
15
12
54
38
-3
14
31
38
9
-14
-6
-13
-12
-26
-13
-8
-26
-35
-43
-21
-20
-35
-42
-45
-28
-16
-23
-28
-25
-6
-33
-4
-19
-2
12
-6
10
2
37
18
28
27
32
28
25
17
29
33
16
8
1
14
7
9
-17
-18
-11
-24
6
-19
-8
-28
-35
-43
-26
-19
-28
-46
-57
-19
-32
-24
-69
-17
-9
-1
-21
-14
-11
-36
-5
7
29
5
-2
-15
-6
-31
-15
-2
14
36
7
-9
-15
5
-2
-5
18
28
9
-29
-19
11
29
17
5
45
43
42
23
29
51
78
73
64
54
56
40
27
43
61
80
41
28
22
32
12
11
2
22
26
-39
-32
-9
11
-13
-39
-14
1
4
-18
-1
7
33
18
13
29
29
36
40
34
49
35
28
39
34
32
13
33
18
20
-10
-24
-13
-13
-34
-30
-21
-13
-39
-67
-64
-41
-23
-45
-39
-50
-32
-37
-26
-15
-26
-10
-23
5
17
-4
-15
-19
12
17
15
-15
-9
-18
-30
-38
-12
3
-3
-36
-64
-33
-18
-28
-57
-51
-22
-12
-39
-42
-25
-25
-18
-15
15
35
13
14
15
27
52
53
61
52
37
41
33
61
41
50
31
40
42
17
20
14
26
0
4
-13
-2
5
-19
-9
-16
3
-11
-32
-8
24
15
-6
-14
4
20
7
2
18
30
17
2
-7
15
29
23
4
-3
14
12
-11
-16
-4
1
-18
-28
-18
-16
-29
-43
-21
-12
-18
-17
-27
-16
-23
-14
-9
-2
-13
-9
-6
-1
-6
-16
-10
0
7
3
-10
-17
-8
-12
-23
-20
3
-6
-38
-48
-22
-6
-24
-40
-29
-23
-18
-28
-25
-5
-8
-7
-14
-1
6
14
14
5
21
18
34
20
25
28
34
31
26
29
32
26
30
42
42
24
11
26
34
43
15
14
5
18
9
21
29
9
2
-14
6
14
21
7
4
-11
-10
0
12
6
-7
-13
-10
18
9
-15
-20
5
10
2
-18
-5
2
-6
-12
-8
2
-2
4
-15
-1
12
20
0
-9
0
13
12
8
2
3
4
-10
3
0
7
-2
-3
-5
-13
-2
-8
-10
-19
-28
-18
-10
-16
-18
-16
-15
-12
-12
-4
-1
11
-13
-2
-3
1
13
-12
-3
-3
13
0
-6
-5
15
10
9
10
15
18
14
10
9
22
21
29
8
21
30
19
13
19
37
42
40
24
33
14
20
25
32
28
14
5
7
5
-4
6
7
11
-5
-12
-14
-10
-14
-10
-19
-10
-11
-22
-30
-36
-25
-12
-18
-22
-18
-15
-14
-18
-4
5
10
-3
0
4
8
-1
-4
4
9
4
-1
-7
1
1
-4
2
0
3
-17
