4
-1
3
0
-1
3
-3
-3
-8
-14
-1
0
4
2
-4
-2
3
0
11
7
-1
5
-3
-2
1
-5
2
7
-3
12
11
2
6
-1
6
9
1
2
-2
-10
-7
-4
-2
9
6
2
0
-2
-2
8
2
1
2
-7
-9
-4
-1
1
5
4
8
3
-2
5
4
1
-1
-3
0
-12
-14
-4
0
5
1
-2
6
-1
-2
3
0
-5
-1
-9
-6
-1
-7
4
-1
-2
7
5
6
10
-4
4
-7
-8
-2
-3
-3
-4
-7
-2
1
-4
3
8
0
6
1
-1
0
-11
-5
7
-4
8
19
6
14
-2
5
4
12
8
3
-2
-2
-3
-16
-7
-1
9
-2
10
10
-8
-8
-6
-2
7
-6
-3
-9
-19
-2
-1
6
11
6
-2
-1
11
2
-1
-4
-10
-7
-15
-13
14
-1
-15
0
4
-12
-2
-11
0
3
-19
2
-3
-19
-16
-9
-1
13
21
29
8
-8
-1
-15
13
18
27
14
-6
-22
-15
-19
13
41
26
15
-2
-24
-20
-16
0
19
12
7
-13
-11
-22
-15
12
30
38
18
-3
-14
-18
-23
17
18
12
20
-4
-6
-3
-5
4
22
4
12
-5
-1
-8
-31
-17
-21
-4
17
3
19
-14
-13
-7
-20
20
30
3
2
-13
1
2
-4
28
-9
9
22
36
31
20
-16
-11
-17
-7
38
15
12
-7
-26
-11
6
5
5
13
-5
9
-7
-18
-18
1
-4
17
14
20
-9
-23
-12
8
28
23
17
0
-19
-6
21
-9
12
-10
-20
-12
-26
20
-12
2
-11
-6
-25
-8
-4
-7
-11
-19
-10
3
10
-4
-3
-15
-19
-1
18
-6
-11
-13
-12
2
-1
18
-7
-36
-17
0
-7
7
16
-10
-32
-37
-22
1
20
30
12
-6
-30
-35
-29
4
30
23
20
-7
-19
-35
-17
11
15
22
16
3
-25
-22
-6
4
33
19
35
18
-27
-38
-21
4
12
44
27
-5
10
-20
-6
0
9
34
22
9
-11
-8
-10
-21
-5
10
32
49
15
8
11
-19
-18
2
5
10
32
14
10
28
-12
-2
7
-4
-1
4
28
36
24
-9
-3
-22
-39
-20
8
46
49
15
-17
-10
-40
3
14
29
46
32
-7
-19
-51
-6
20
6
21
36
14
-30
-1
-15
-2
0
-9
0
-29
-45
-4
-1
3
16
7
-3
-38
-33
-34
-1
-2
-10
30
6
-13
13
-2
-16
13
-19
15
-5
14
16
-34
-23
-27
-9
5
24
40
-25
-46
-29
-29
-3
2
-2
7
-17
-12
-40
1
34
8
-9
-6
-4
28
19
-5
28
-18
14
-20
-20
14
-7
-12
8
27
19
8
-15
-5
-39
-23
15
-13
-27
-1
-7
-16
15
5
67
15
-23
23
-30
5
2
1
10
27
17
-5
-12
9
1
28
14
20
17
-30
22
-15
-33
-15
-1
-15
-10
4
28
11
4
-15
-6
-17
-16
38
14
-19
8
-4
-9
32
25
28
22
-10
11
-5
-54
25
34
-5
52
-24
-38
8
-19
27
59
-37
-18
3
-11
-14
29
27
15
-37
-76
24
41
73
81
27
-20
-44
-42
-59
35
24
51
52
-12
-25
-32
-10
8
50
50
30
-93
-25
-45
-41
-58
-10
14
10
-10
39
15
-40
-2
-23
-12
-58
-29
-44
-15
-15
25
24
-11
-9
-2
6
-3
25
-3
17
-48
6
-62
-49
17
-24
38
6
-23
43
9
-81
14
-34
7
21
-30
5
-25
-41
8
7
14
64
-5
-29
38
38
-31
5
6
-81
-7
26
-4
46
6
-18
-10
-90
-33
83
-44
9
24
-78
-7
-49
-39
29
-2
17
19
-38
25
-48
-17
23
-18
5
-7
28
-4
16
18
12
-4
-44
26
8
-36
34
65
-14
2
-23
1
-44
-42
18
64
50
-32
-17
-45
-37
-1
44
34
69
-24
21
-53
-29
41
52
52
-9
71
20
-64
16
-18
28
51
-45
49
21
-72
-22
-34
-5
30
5
46
75
-46
-58
3
-70
-11
-57
42
55
11
64
48
-25
-7
41
-15
-15
8
57
-1
-54
-34
3
-21
-1
-1
-7
49
-21
39
4
-40
6
-16
-70
-88
-45
-64
-7
-37
24
73
15
-63
-78
-49
-64
-7
-18
-6
6
-62
-53
-28
-38
19
-42
-80
-30
-39
46
-39
-2
-51
-135
-162
-76
3
12
27
71
39
-73
-14
78
12
-12
-26
-51
1
37
32
85
55
26
49
40
4
38
43
-1
29
55
44
77
50
-25
-44
-4
71
43
26
-12
83
106
-20
48
49
-49
-10
-21
-32
131
54
64
70
-53
9
-42
-54
-24
8
-5
49
48
-8
-1
17
-36
-51
66
-7
32
39
-53
-3
-10
-65
9
6
21
50
39
-2
-1
25
52
26
44
-10
43
30
-31
9
6
-14
-88
-6
-28
11
46
27
85
-81
-144
-12
27
-37
96
89
22
-71
-120
61
51
57
74
119
-23
-51
42
95
14
42
-11
-1
-9
-66
68
31
-2
-34
11
-91
7
-32
-35
-1
78
-40
-32
-59
-65
-59
-64
82
35
9
-13
44
-44
-50
19
72
27
24
76
12
25
31
40
15
-74
-15
40
-21
49
126
65
53
-49
-20
-1
7
77
73
42
35
-27
0
-12
-59
52
-20
75
209
64
10
-101
-107
41
16
68
185
146
14
-102
-154
-54
-10
-20
22
32
-62
-102
0
-152
-112
-115
9
37
-12
-67
-23
-183
-228
-144
-123
-33
-43
-61
-62
-11
-62
52
55
38
-9
-35
-42
-37
-74
-43
-17
-106
29
69
97
49
35
-9
72
-35
-9
61
34
-8
-18
-23
15
-35
47
66
15
37
-12
74
-20
-65
47
-49
-45
-39
7
91
98
53
18
2
19
-11
-36
56
-53
-3
42
-23
19
8
-97
-95
-63
54
14
12
23
-52
-140
-18
-10
14
-29
-41
64
-107
34
-26
-29
21
130
-63
-17
5
58
27
-63
75
8
77
6
38
0
155
57
-27
-36
30
91
120
-26
60
97
-4
51
123
81
27
40
-61
44
33
14
10
-67
-102
16
-56
-32
69
89
23
20
14
-98
43
43
8
-8
-48
32
-6
-167
-136
93
-10
-30
-30
-68
25
-2
-119
-99
-118
33
-8
-13
-79
-127
-54
-109
-102
-75
-163
27
-101
-131
-24
-86
-41
-50
-185
124
7
29
142
25
-16
-33
-149
95
117
-36
147
54
48
-15
52
94
102
44
88
112
45
-5
59
121
-64
59
136
62
132
113
35
-43
-44
1
143
-83
150
30
-22
-6
37
16
-40
-22
52
123
74
25
-98
23
-3
37
23
29
41
59
-26
11
33
59
141
12
-123
-50
-56
-54
-84
-99
44
92
-48
22
-81
-26
0
-122
-26
-22
45
59
14
16
-32
-129
4
14
2
68
-16
-50
-105
-233
-41
96
43
-51
-18
-18
42
-7
-79
39
82
-2
-21
-63
-41
12
-57
-38
-24
9
-57
31
46
-71
1
-20
68
40
-39
-119
18
-52
-63
-50
17
33
-15
-60
-1
148
-8
-48
-103
-168
10
-3
34
146
61
-35
13
-103
-96
42
136
47
-67
-54
10
22
-92
34
39
37
-103
19
35
57
82
39
56
-42
-89
50
124
19
40
22
53
53
51
5
159
32
-27
-13
-103
141
82
-54
14
85
71
61
-27
61
1
-105
87
115
34
91
15
-252
-126
-28
214
32
-102
62
-50
-172
-153
1
76
0
-21
110
-16
76
36
-209
-104
89
192
115
-71
20
22
-135
-45
-44
-8
100
-6
-24
-23
62
90
-38
-106
-19
93
56
-53
-14
4
-46
102
-85
-92
60
76
4
-198
11
185
-21
-167
24
119
10
-73
144
194
7
-43
-65
-40
-11
-1
1
-4
-19
45
-60
-130
83
71
-51
-112
-151
88
99
-115
2
-82
47
-54
-135
143
68
-128
-48
67
69
81
4
-177
-228
-55
-16
2
-89
4
171
-87
-213
92
38
-82
-258
44
232
55
-297
-33
-19
-184
-80
193
186
-75
-280
-27
182
43
119
41
-15
-27
-67
26
88
8
33
-30
-192
49
170
-5
-88
40
109
-60
-262
73
235
62
-68
-72
27
60
54
-9
182
-13
16
19
4
-40
-30
136
188
-85
-230
211
166
-82
-148
-1
125
-47
-75
-76
31
58
97
-108
-231
43
109
-144
-45
145
23
179
-103
128
-111
-424
-9
-5
119
266
82
4
-214
-355
-36
242
151
101
44
26
-162
-119
18
94
108
-17
14
-124
15
284
148
79
-89
-100
-34
7
114
111
-85
-190
-160
13
198
225
58
-140
-234
-78
187
176
148
52
-289
-319
-60
116
213
174
90
-93
-383
-281
145
156
197
86
4
-256
-317
-86
156
248
100
12
-255
-315
-143
120
95
-53
-84
-206
-199
-89
10
33
-10
-126
53
35
36
147
-6
-122
-146
-51
-88
-92
2
223
188
-2
-126
-355
-88
51
152
323
67
-148
-165
-331
80
241
-152
-8
48
-96
-80
-253
239
399
-196
-35
224
175
-20
9
24
161
1
29
110
75
32
110
-23
5
43
56
-39
130
63
77
-75
-162
67
54
33
-43
-56
-137
-55
-66
52
-19
-3
48
101
20
-62
-142
43
-6
-36
-195
112
342
-37
-82
23
-36
-145
23
120
210
-186
-1
149
-200
-148
-30
158
-37
-108
-39
130
-82
-49
102
119
48
15
172
-78
5
-40
47
82
-171
102
169
38
48
24
-67
9
52
227
45
-29
-49
-155
-65
-34
85
129
-2
-15
9
43
116
48
-23
-25
-117
-4
17
21
4
161
53
22
-50
53
173
-17
115
-8
-120
-99
-92
135
182
20
73
16
-96
-25
-58
44
163
92
-80
-111
-3
103
-34
-127
3
79
18
4
13
9
-45
-82
-42
-22
-9
57
138
-30
-188
-152
-40
129
33
37
26
28
-27
-39
-94
-82
-35
103
66
-33
140
63
47
-5
-112
109
103
105
44
96
-1
70
62
-54
41
121
104
113
399
359
176
30
1
-105
-139
-120
67
21
-174
-111
-17
-233
-235
13
-82
-128
-77
-59
-24
-170
-267
-135
-153
-269
-140
-132
25
50
-28
62
83
42
8
23
182
199
-23
-46
-11
-71
82
84
102
42
-76
49
52
104
-33
-87
103
-36
-119
-156
-33
208
6
-38
123
-36
-275
-206
-233
-39
-28
-39
7
28
-42
-28
48
-92
-100
66
168
218
79
-26
-31
-117
-83
-12
90
109
65
107
34
60
-52
-170
-51
12
61
71
9
0
-91
-155
-135
-151
-215
-178
-212
-70
-10
8
58
-17
-13
47
9
29
31
41
89
38
-6
-14
-82
-107
-36
-1
102
102
-7
-38
6
-13
-45
-8
9
-26
7
90
86
9
-47
-23
-2
94
119
118
77
9
-52
-73
-17
91
141
196
245
139
4
-4
-42
-44
81
193
127
-14
-76
-85
-93
-117
-73
-27
24
-8
29
48
4
-66
-25
90
139
154
135
50
-21
-158
-175
-117
2
167
138
22
-77
-90
-168
-209
-121
-103
-43
50
-24
-26
4
0
36
43
81
132
89
23
38
20
0
36
6
13
79
116
98
58
36
24
61
75
66
21
-13
-48
-31
-13
29
101
126
113
81
109
136
108
54
22
53
65
-39
-62
-25
-11
-3
-7
62
80
31
-20
-19
-45
-51
-51
-101
-103
-106
-20
0
18
27
-21
23
43
27
-43
-85
-84
-75
-61
-5
23
14
-12
-75
-118
-135
-135
-169
-191
-195
-204
-220
-162
-99
-122
-92
-36
1
19
12
-36
-15
-79
-64
-4
-32
-73
-83
-142
-169
-149
-236
-188
-189
-229
-160
-251
-238
-243
-264
-232
-243
-244
-149
-236
-234
-197
-203
-194
-168
-101
41
120
271
316
369
408
487
535
649
672
712
619
604
547
491
518
449
410
363
255
267
252
201
202
183
233
257
249
270
260
242
228
213
246
233
225
266
211
168
173
115
98
58
62
32
9
-3
-62
-109
-126
-179
-234
-294
-385
-485
-604
-719
-816
-867
-916
-1016
-1082
-1151
-1110
-1041
-1055
-1032
-1079
-1123
-1219
-1291
-1320
-1315
-1369
-1391
-1474
-1446
-1343
-1129
-501
423
1356
2019
2279
2440
2480
2219
2060
1649
1123
735
155
-221
-340
-440
-485
-612
-715
-498
-433
-434
-532
-801
-865
-714
-391
7
416
836
1285
1733
2122
2312
2278
2067
1778
1601
1507
1459
1257
1049
946
891
907
890
782
612
526
450
303
82
-57
-248
-459
-528
-490
-397
-343
-228
-20
218
418
472
400
325
214
31
-136
-278
-374
-497
-552
-553
-559
-613
-765
-962
-1197
-1351
-1564
-1817
-2066
-2207
-2189
-2169
-2072
-1958
-1942
-1848
-1818
-1750
-1802
-2067
-2272
-2426
-2476
-2081
-1555
-398
1155
2346
3341
3697
3656
3713
3161
2610
1865
784
23
-748
-1333
-1250
-1321
-1296
-1170
-1053
-534
-258
-331
-383
-622
-607
-276
144
804
1379
1888
2455
2825
3055
2923
2422
1844
1211
608
58
-430
-779
-990
-1015
-770
-463
-148
98
301
700
1057
1238
1288
1206
1186
1191
1066
942
720
433
229
104
154
260
202
70
11
70
163
116
28
-3
41
180
296
306
206
48
-184
-448
-682
-948
-1254
-1436
-1363
-1128
-803
-387
15
362
573
595
481
64
-506
-1094
-1704
-2079
-2472
-2760
-2871
-2880
-2701
-2529
-2479
-2406
-2565
-2690
-2688
-2716
-2220
-1568
-632
1158
2941
4388
5288
5160
5012
4386
3226
2315
744
-674
-1581
-2544
-2763
-2564
-2475
-1996
-1746
-1291
-452
-244
-132
-208
-391
-15
558
1042
1614
1980
2288
2520
2449
2220
1590
776
59
-565
-1015
-1333
-1492
-1445
-1227
-724
-96
436
925
1237
1623
2114
2482
2607
2379
2023
1670
1148
501
-157
-726
-961
-915
-629
-232
114
433
671
844
1009
1007
808
591
401
279
181
97
-38
-236
-355
-410
-487
-655
-871
-1027
-1039
-854
-518
-265
-24
280
498
544
276
-103
-578
-1147
-1660
-1984
-2280
-2398
-2383
-2213
-1957
-1785
-1713
-1795
-1946
-2200
-2442
-2723
-2779
-2468
-1633
-700
955
2745
4049
4793
4704
4305
3797
2628
1615
373
-968
-1586
-2126
-2397
-2037
-1821
-1433
-1072
-855
-357
-109
-224
-166
-212
57
693
1211
1668
2031
2202
2223
1997
1505
783
-52
-724
-1215
-1511
-1606
-1458
-1109
-683
-67
565
1086
1513
1820
2079
2441
2637
2600
2384
1974
1499
896
247
-250
-682
-829
-616
-295
163
605
915
1104
1168
1109
940
632
328
129
-72
-137
-134
-164
-261
-379
-407
-464
-562
-673
-758
-717
-460
-128
138
343
502
570
471
198
-258
-804
-1330
-1727
-1993
-2070
-1955
-1753
-1570
-1449
-1513
-1802
-2126
-2407
-2746
-3105
-3424
-3541
-3422
-2796
-1720
-373
1686
3652
4898
5423
5011
4491
3714
2261
1121
-421
-1808
-2416
-3018
-3121
-2744
-2661
-2242
-1791
-1345
-560
-381
-403
-240
-144
330
932
1272
1546
1780
1893
1840
1454
844
76
-616
-1110
-1434
-1460
-1343
-969
-329
459
1374
2140
2584
2946
3188
3347
3431
3141
2680
2102
1384
630
-243
-1065
-1599
-1842
-1551
-853
-81
721
1410
1988
2452
2610
2505
2179
1685
1323
933
541
206
-198
-524
-812
-1032
-1183
-1346
-1449
-1501
-1319
-960
-511
8
395
758
1097
1151
1068
572
-157
-771
-1304
-1756
-2041
-2309
-2276
-2066
-2030
-1885
-1954
-2394
-2783
-3126
-3598
-3764
-4031
-4031
-3600
-3142
-2114
-607
1255
3499
4894
5325
5149
4311
3513
2161
785
-638
-2128
-2936
-3310
-3406
-2982
-2682
-2298
-1562
-1044
-221
265
234
458
585
889
1460
1649
1702
1793
1737
1702
1291
644
8
-619
-934
-1113
-1049
-759
-377
293
1155
1868
2579
2917
3026
3270
3323
3301
2930
2213
1560
788
-113
-910
-1675
-2132
-2137
-1605
-610
344
1306
2183
2752
3099
3012
2508
1824
1015
348
-181
-662
-866
-1034
-1124
-1054
-989
-959
-996
-1041
-966
-831
-594
-185
166
558
925
1086
1137
810
326
-243
-978
-1477
-1954
-2375
-2508
-2444
-2184
-1865
-1853
-1901
-2174
-2649
-2897
-3191
-3717
-3856
-3767
-3431
-2569
-1649
-86
2490
4335
5624
5928
5026
4439
3375
1897
862
-876
-2300
-2846
-3452
-3153
-2670
-2633
-2018
-1440
-785
156
383
457
633
779
1320
1776
1888
1922
1765
1643
1386
750
78
-719
-1272
-1479
-1611
-1417
-1029
-557
257
1114
1926
2616
2890
3104
3252
3371
3238
2718
1953
1088
335
-486
-1281
-1819
-2093
-1935
-1164
-73
1063
2030
2715
3168
3148
2780
2147
1277
485
-116
-512
-719
-729
-638
-559
-495
-412
-429
-594
-787
-894
-940
-816
-532
-131
298
666
955
1015
740
237
-468
-1118
-1670
-2173
-2544
-2751
-2697
-2436
-2346
-2331
-2278
-2592
-2820
-2983
-3244
-3410
-3561
-3489
-2914
-2169
-903
1634
3842
5345
5966
5179
4512
3617
1997
872
-999
-2686
-3329
-3978
-3812
-3171
-3051
-2312
-1374
-560
649
1091
1136
1306
1308
1662
2003
1912
1764
1535
1355
1140
495
-236
-1023
-1633
-1823
-1873
-1681
-1253
-644
367
1446
2393
3163
3492
3633
3720
3663
3305
2625
1771
790
-86
-890
-1586
-2004
-2201
-1895
-1127
-176
969
2007
2778
3360
3395
3073
2457
1553
852
180
-320
-491
-574
-441
-285
-299
-302
-471
-666
-846
-1092
-1181
-1101
-815
-328
188
676
1067
1225
1142
743
58
-649
-1402
-2089
-2532
-2965
-3014
-2856
-2554
-2024
-2034
-1887
-1725
-2123
-2187
-2670
-3068
-3115
-3317
-3036
-2270
-1514
488
3165
4764
5811
5665
4688
4133
2565
1086
-242
-2295
-3337
-3607
-3868
-3180
-2659
-2325
-1228
-384
573
1437
1419
1446
1482
1487
1795
1844
1613
1367
1088
826
338
-371
-1019
-1678
-1999
-1934
-1711
-1168
-457
346
1362
2207
2879
3355
3398
3376
3322
2980
2332
1420
427
-559
-1396
-2056
-2417
-2389
-2038
-1101
140
1203
2318
3084
3454
3567
3066
2217
1267
246
-368
-791
-1040
-817
-693
-519
-230
-215
-264
-481
-802
-993
-1065
-973
-602
-174
332
974
1388
1510
1358
783
69
-673
-1390
-1961
-2470
-2627
-2496
-2174
-1739
-1453
-1328
-1302
-1465
-1750
-2318
-2662
-3185
-3463
-3479
-3334
-2748
-2104
-673
2158
4383
5786
6152
5229
4522
3298
1848
911
-999
-2484
-3078
-3659
-3164
-2643
-2691
-2058
-1468
-652
608
933
1272
1592
1557
2097
2514
2320
1980
1221
553
106
-711
-1378
-2077
-2557
-2321
-1868
-1143
-288
364
1101
1879
2526
3089
3165
2983
2942
2825
2493
1762
551
-697
-1732
-2635
-3133
-3149
-2664
-1507
-72
1559
3031
3725
4072
3975
3368
2533
1328
222
-624
-1252
-1251
-998
-727
-339
-143
-41
73
-116
-378
-774
-997
-838
-593
-163
354
742
1074
1271
1145
771
124
-576
-1123
-1627
-1954
-2097
-2273
-2059
-1797
-1742
-1618
-1780
-1706
-1830
-2138
-2206
-2557
-2826
-2921
-3059
-2994
-2642
-1932
89
2736
4675
5783
5484
4665
3991
2655
1771
426
-1525
-2651
-3317
-3533
-2984
-2980
-2836
-2246
-1642
-188
919
1399
1968
2074
2393
3126
3007
2391
1435
266
-413
-1138
-1931
-2445
-2941
-2782
-1932
-1090
-137
560
944
1645
2277
2810
3098
2931
2887
2985
2847
2350
1222
-325
-1621
-2762
-3471
-3723
-3757
-2719
-829
1222
3314
4672
5066
4924
4232
3525
2399
838
-221
-1093
-1517
-1217
-956
-863
-757
-633
-190
81
182
206
-185
-191
170
371
619
731
792
852
837
748
373
-316
-691
-1017
-1333
-1486
-1752
-2029
-2204
-2222
-2180
-2268
-2300
-2293
-2275
-2170
-2139
-2156
-2501
-2825
-3023
-3065
-2587
-1740
527
3415
5165
5898
5329
4407
3489
2137
1219
-249
-2105
-3179
-3857
-3837
-3219
-3292
-3250
-2858
-1849
-16
1153
1994
2550
2614
3240
3725
3093
2023
337
-1083
-1709
-2311
-2575
-2811
-2945
-2149
-1116
-142
812
1031
1157
1634
2208
2928
3254
3179
3198
3220
3026
2218
600
-1165
-2665
-3756
-4154
-4051
-3386
-1988
111
2562
4553
5590
5641
5082
4218
3274
2187
928
-298
-1119
-1508
-1532
-1441
-1487
-1473
-1207
-610
90
533
741
798
820
980
1053
892
606
220
-38
-182
-328
-598
-993
-1282
-1281
-1226
-1187
-1353
-1532
-1674
-1864
-1962
-2129
-2356
-2470
-2448
-2373
-2203
-2466
-2495
-2914
-3198
-2980
-2371
-772
2310
4642
5964
5731
4513
3545
2356
1766
1167
-445
-1724
-2526
-3127
-2878
-3051
-3552
-3736
-3316
-1677
120
1546
2613
2786
3117
3756
3558
2670
1096
-632
-1530
-1993
-1970
-1988
-2248
-2056
-1571
-862
82
436
471
841
1509
2623
3533
3888
3770
3394
3053
2360
997
-656
-2312
-3547
-3894
-3742
-3309
-2605
-1451
448
2788
4610
5509
5537
4762
3773
2774
1930
930
-275
-1092
-1522
-1769
-1682
-1648
-1814
-1648
-1019
-201
477
984
1204
1166
1245
1359
1070
435
-172
-724
-1092
-1190
-1210
-1294
-1255
-986
-733
-587
-629
-863
-1427
-1880
-2097
-2287
-2367
-2467
-2541
-2588
-2656
-2686
-2829
-3180
-3244
-2923
-1718
1049
4013
5757
5841
4641
3204
2273
1781
1704
978
-183
-1171
-2101
-2745
-3091
-3893
-4608
-4524
-3314
-1153
1030
2503
3048
3086
3306
3365
2720
1607
186
-803
-1075
-956
-906
-1275
-1861
-2245
-2210
-1617
-806
-317
218
1139
2392
3729
4505
4326
3614
2936
2315
1515
361
-954
-2118
-2801
-3006
-2983
-2856
-2390
-1338
251
2242
4108
5243
5595
5263
4338
3267
2143
1128
329
-301
-634
-898
-1461
-2060
-2579
-2776
-2379
-1564
-476
719
1731
2533
2831
2432
1605
460
-579
-1199
-1503
-1494
-1330
-1133
-927
-941
-1025
-1102
-1274
-1340
-1358
-1542
-1590
-1702
-1935
-2242
-2731
-3064
-3118
-3168
-2868
-2866
-2965
-2626
-2186
-349
2992
5272
5839
4706
2675
1776
1422
1892
2143
983
-156
-1167
-2515
-2874
-3684
-4733
-4884
-4231
-2045
579
2198
2740
2073
1639
2070
2060
1855
1127
367
402
610
612
-77
-1495
-2592
-3067
-2570
-1316
-419
333
1045
1903
3033
3724
3670
3080
2473
2340
2254
1805
929
-435
-1583
-2344
-2850
-3076
-2796
-1916
-539
1074
2743
4190
4780
4526
3986
3168
2451
2146
1869
1605
975
109
-1036
-2630
-3806
-4104
-3885
-2693
-1032
586
1951
2775
2932
2324
1393
664
44
-206
-90
-107
-249
-672
-1301
-1892
-2276
-2219
-1817
-1391
-998
-763
-841
-1240
-1954
-2719
-3164
-3187
-2952
-2423
-2298
-2282
-2440
-2762
-2506
-1634
456
3415
4951
4982
3846
2169
1844
1869
2200
2371
1386
406
-728
-2317
-2968
-3953
-4606
-4425
-3647
-1697
225
1061
1045
358
280
972
1509
1997
2076
2127
2167
1838
1122
-88
-1499
-2433
-2734
-2305
-1286
-432
29
298
639
1158
1735
2061
2278
2517
2860
3043
2617
1675
446
-728
-1555
-1995
-1925
-1348
-639
179
752
1200
1749
2086
2214
2536
2897
3251
3386
3019
2390
1288
-22
-1195
-2378
-2949
-2638
-2089
-1298
-546
-17
411
634
816
950
1001
1261
1379
1301
1113
554
-207
-1006
-1576
-1707
-1636
-1424
-1231
-1350
-1449
-1692
-2161
-2581
-2971
-3113
-2888
-2562
-2331
-2254
-2498
-2568
-2862
-2820
-2291
-1341
936
3787
4887
4759
3137
1500
1231
1490
2535
2976
2119
1075
-929
-2793
-3428
-4163
-4212
-3821
-3020
-1295
-5
255
-496
-1538
-1333
-190
1271
2770
3415
3502
3157
2244
1190
138
-760
-1161
-1170
-548
216
251
-321
-1280
-1819
-1226
-67
1170
2187
2920
3512
3487
2885
1855
686
17
-178
-3
459
714
577
44
-463
-639
-329
655
1634
2478
3303
3297
2620
1667
908
595
258
132
-85
-568
-748
-1026
-1563
-1795
-1688
-1214
-660
-41
547
744
832
758
558
579
655
581
310
-140
-408
-744
-1181
-1417
-1735
-2050
-2220
-2683
-3243
-3575
-3732
-3582
-3138
-2725
-2632
-2649
-2865
-2981
-2881
-2205
-910
1358
4005
5373
4645
3140
1716
1474
2090
3138
3508
2624
1037
-1031
-2973
-3485
-3516
-3524
-3343
-2807
-1698
-887
-1091
-2119
-2858
-2095
-150
1802
3223
3646
3301
2503
1741
1388
1455
1580
1526
1261
1098
809
-208
-1775
-3050
-3126
-1829
-81
1105
1596
1715
1731
1508
1262
1294
1547
2018
2277
2205
1938
1373
506
-246
-334
252
1058
1642
1708
1484
1203
797
397
172
448
860
976
898
499
-135
-654
-1114
-1185
-943
-654
-526
-671
-705
-445
-199
39
215
400
702
808
686
396
99
-41
-112
-231
-489
-1004
-1765
-2588
-3325
-3723
-3737
-3570
-3236
-3057
-3144
-3237
-3669
-3827
-3594
-2961
-1560
158
2647
4977
5161
4106
2337
1361
2262
3486
4711
4660
2882
637
-2085
-3642
-3456
-3054
-2527
-2560
-2532
-2130
-2291
-2938
-3763
-3595
-1643
710
2581
3327
2792
1871
1095
1123
2071
3296
4037
3777
2811
1754
541
-845
-2034
-2465
-1634
-267
569
446
-338
-879
-960
-611
328
1399
2278
2576
2059
1459
1034
894
1086
1541
2434
3022
2829
2050
780
-48
-225
-98
294
530
660
430
-251
-729
-1032
-1024
-649
-333
-64
-128
-518
-937
-1251
-977
-380
91
339
155
-175
-381
-485
-278
70
444
708
409
-248
-1033
-2001
-2546
-2790
-2689
-2628
-2724
-2955
-3558
-4119
-4438
-4757
-4500
-3986
-3056
-1628
-171
2311
3952
3980
3264
2258
2630
4189
5149
5924
5001
3155
928
-1494
-2262
-1868
-1597
-1593
-2619
-3261
-3658
-4286
-4628
-4682
-3290
-972
722
1715
1587
1052
814
875
2071
3794
5207
5583
4415
2909
1676
681
16
-467
-333
234
278
-316
-1446
-2179
-2065
-1672
-968
-122
519
800
455
38
277
919
1927
2766
3454
4031
3751
2753
1609
827
884
1220
1407
1254
396
-506
-1330
-1826
-1598
-1121
-621
-316
-368
-477
-862
-1133
-899
-520
46
462
377
-44
-649
-1007
-892
-402
287
553
455
59
-535
-971
-1202
-1253
-1225
-1298
-1456
-1965
-2742
-3492
-4177
-4320
-4126
-3937
-3988
-3917
-3443
-2178
198
2552
3160
2478
1785
2365
4139
5784
6662
5730
4017
2179
529
-158
232
51
-751
-2151
-3147
-3953
-4963
-5774
-5994
-4653
-2316
-762
-426
-719
-1012
-543
531
2392
4360
5615
5798
4703
3594
2944
2405
1880
1477
1455
1629
993
-299
-1847
-2594
-2146
-1690
-1419
-1374
-1609
-1862
-1991
-1657
-564
667
1707
2257
2624
3139
3324
3172
3035
3125
3386
3405
2999
2171
1045
19
-690
-1010
-1073
-1206
-1385
-1589
-1647
-1494
-1393
-1247
-945
-609
-409
-381
-443
-512
-562
-492
-253
-87
-12
-107
-239
-350
-302
-228
-161
-188
-345
-778
-1385
-1843
-2260
-2636
-3191
-3668
-3857
-4014
-4303
-4047
-3827
-2531
-390
1226
1482
851
686
2034
3726
5741
6688
5907
4466
2532
1261
1399
2190
2413
1156
-662
-2010
-3456
-4529
-5480
-5692
-4406
-3004
-2421
-2765
-3333
-3139
-2437
-924
1505
3621
4942
4774
3717
3378
3718
4251
4258
3930
3760
3128
1874
488
-779
-1012
-816
-1072
-1684
-2568
-3403
-4068
-4221
-3318
-1899
-644
94
78
172
653
1336
2372
3563
4516
4852
4495
3889
3140
2574
2284
1839
1308
504
-651
-1718
-2287
-2223
-1925
-1723
-1565
-1658
-1873
-1986
-1940
-1590
-999
-469
-184
-304
-578
-872
-1008
-686
-189
258
439
446
188
-82
-411
-596
-857
-1029
-1490
-2079
-2876
-3447
-3913
-4003
-3598
-3126
-1751
-330
-52
-883
-1359
-487
2015
4048
5721
5612
4575
3311
2068
1874
3108
4271
4133
2293
315
-963
-2363
-3210
-3912
-3630
-2674
-2737
-3851
-5077
-5413
-4505
-3315
-1582
554
1807
2290
1779
1565
2644
4077
5125
5380
5237
4978
3893
2604
1868
1619
2022
1700
442
-1171
-2815
-3941
-4493
-4143
-3013
-2294
-2119
-2393
-2705
-2248
-1361
-90
1466
2870
3819
3837
3494
3350
3483
4087
4572
4424
3478
1888
315
-719
-958
-552
-458
-840
-1595
-2419
-2878
-2831
-2363
-1775
-1316
-971
-1045
-1485
-1802
-1891
-1609
-1086
-611
-346
-343
-384
-354
-259
56
266
195
-219
-882
-1473
-2090
-2323
-2454
-2538
-2509
-2597
-1810
-749
-756
-1680
-2512
-1781
655
2548
4115
3988
3035
2192
1420
1789
3395
4629
4670
2847
1128
411
-586
-1046
-1722
-1778
-1292
-1891
-3287
-4668
-5258
-4476
-3659
-2413
-775
-80
54
-478
-368
1190
2874
4095
4392
4334
4505
4098
3645
3598
3653
3983
3383
1992
383
-1241
-2201
-2792
-2765
-2174
-2232
-2803
-3621
-4143
-3574
-2555
-1265
-14
751
1458
1674
1845
2482
3159
4061
4663
4499
3858
2690
1633
1068
912
1141
855
-28
-1047
-2020
-2426
-2286
-1854
-1380
-1296
-1457
-1785
-2053
-1959
-1693
-1416
-1259
-1357
-1428
-1526
-1393
-1084
-705
-357
-143
-278
-517
-832
-1191
-1309
-1327
-1201
-1259
-1191
-1454
-1226
-470
172
-435
-1446
-1692
-494
963
2416
3051
2292
1548
644
671
1811
3455
4126
3161
1485
920
304
-82
-379
-719
-473
-736
-1735
-2992
-3811
-3711
-3322
-2758
-1421
-557
-580
-1101
-1347
-336
1154
2440
2886
2893
3180
3291
3240
3593
4009
4345
4028
2999
1767
424
-417
-939
-1290
-1218
-1566
-2481
-3408
-4047
-3848
-3005
-1980
-1070
-660
-400
-77
388
1253
2261
3126
3691
3740
3286
2631
2094
1918
1981
2029
1624
644
-470
-1277
-1606
-1535
-1243
-1060
-1248
-1633
-2014
-2160
-1909
-1456
-1118
-1054
-1362
-1743
-2003
-1915
-1535
-1074
-832
-716
-884
-1206
-1526
-1659
-1532
-1290
-1080
-1148
-993
-1050
-441
513
943
400
-423
-777
320
1246
2385
2892
2078
1278
269
86
1321
2745
3332
2557
1022
706
288
17
-133
-291
-76
-332
-1303
-2313
-2938
-2870
-2705
-2333
-1199
-546
-623
-1204
-1317
-252
945
1857
2065
1938
2328
2535
2660
3318
3729
4057
3805
2942
2170
1211
562
271
2
-75
-739
-2034
-3134
-3742
-3482
-2735
-2008
-1580
-1665
-1727
-1454
-716
437
1494
2293
2633
2641
2540
2331
2276
2453
2650
2764
2243
1213
207
-577
-761
-609
-501
-683
-1309
-2063
-2541
-2579
-2138
-1642
-1356
-1388
-1745
-2083
-2215
-2002
-1576
-1185
-934
-883
-1037
-1253
-1586
-1709
-1589
-1222
-1111
-1064
-1109
-1008
-140
785
1044
483
-342
-50
1042
1763
2803
2665
1932
1053
174
484
1730
2725
2839
1562
519
417
161
130
-30
30
-46
-548
-1284
-2026
-2305
-2274
-2343
-1788
-968
-638
-879
-1493
-1100
-43
920
1679
1666
1574
1757
1873
2423
3215
3686
3743
3183
2631
2130
1554
1162
873
767
547
-176
-1196
-2265
-2766
-2620
-2302
-1866
-1839
-2184
-2283
-2066
-1281
-214
589
1201
1409
1523
1762
1921
2164
2504
2758
2801
2365
1648
926
443
377
398
323
-94
-818
-1599
-2217
-2351
-2037
-1757
-1681
-1961
-2409
-2632
-2661
-2406
-2020
-1720
-1435
-1399
-1461
-1515
-1588
-1571
-1387
-1223
-985
-804
-753
-141
637
1046
653
-40
-9
1035
1773
2590
2723
2193
1415
573
556
1455
2382
2617
1708
570
240
46
-31
-110
82
-59
-642
-1215
-1680
-1843
-1840
-2088
-1964
-1358
-880
-852
-1365
-1355
-627
116
837
1301
1439
1418
1376
1638
2360
3171
3573
3290
2852
2423
1933
1544
1220
1129
977
517
-51
-795
-1451
-1820
-2030
-1935
-1793
-1895
-2089
-2237
-1953
-1376
-780
-204
141
513
904
1242
1550
1819
2129
2424
2416
2151
1604
1118
867
837
842
673
311
-293
-1085
-1674
-1940
-1809
-1656
-1793
-2098
-2494
-2821
-2901
-2813
-2535
-2266
-2125
-2094
-2132
-1994
-1949
-1731
-1595
-1128
-754
-415
311
1159
1256
806
140
402
1426
2197
3022
2841
2221
1365
720
880
1873
2506
2423
1311
550
234
-40
-253
-454
-284
-301
-745
-1199
-1690
-1941
-2038
-2246
-1809
-1105
-713
-839
-1311
-1256
-649
20
719
1225
1592
1563
1351
1491
1980
2640
3102
3056
2983
2698
2217
1741
1323
1206
1136
888
604
161
-455
-1079
-1531
-1620
-1562
-1458
-1513
-1727
-1793
-1740
-1430
-980
-579
-194
200
600
1011
1318
1569
1873
2180
2274
2087
1777
1447
1173
1004
842
764
511
-114
-918
-1569
-1893
-1883
-1894
-2032
-2249
-2638
-3018
-3223
-3122
-2884
-2625
-2591
-2518
-2526
-2408
-2347
-1988
-1545
-897
47
819
1060
922
453
541
1167
1920
2968
3220
2817
1834
982
889
1634
2359
2604
1940
1175
469
28
-270
-523
-522
-731
-1057
-1146
-1407
-1810
-2315
-2769
-2511
-1798
-1036
-722
-932
-1106
-1098
-761
31
1037
1857
1981
1857
1903
2034
2321
2556
2611
2861
2897
2711
2305
1797
1333
872
610
682
807
655
100
-572
-1102
-1469
-1472
-1276
-1043
-936
-1169
-1470
-1561
-1367
-1013
-668
-227
243
604
815
957
1206
1487
1627
1833
1944
1889
1635
1209
880
695
499
178
-379
-953
-1407
-1760
-2055
-2309
-2538
-2844
-3199
-3318
-3312
-3158
-3048
-3108
-3111
-3043
-2614
-2169
-1446
-486
312
582
439
201
611
1129
1894
2802
3112
3026
2314
1615
1402
1691
2101
2335
2120
1850
1287
646
-20
-310
-311
-449
-589
-665
-933
-1308
-1982
-2551
-2631
-2276
-1682
-1316
-1224
-1184
-1300
-1254
-918
-218
647
1242
1754
2173
2425
2611
2648
2605
2722
2746
2841
2815
2630
2197
1570
982
656
571
574
345
35
-372
-865
-1177
-1382
-1445
-1401
-1382
-1274
-1164
-1159
-1186
-1183
-1016
-696
-325
-33
186
425
574
683
929
1219
1416
1436
1327
1182
983
749
523
224
-116
-528
-969
-1361
-1748
-2064
-2431
-2798
-3040
-3222
-3394
-3472
-3466
-3240
-2983
-2725
-2076
-1354
-709
-301
-43
386
951
1332
1817
2230
2550
2713
2583
2464
2402
2337
2124
1864
1762
1715
1494
1071
375
-124
-557
-880
-891
-771
-749
-974
-1467
-1798
-1902
-1826
-1654
-1503
-1258
-1065
-959
-886
-802
-493
-195
89
587
1152
1666
2011
2179
2327
2400
2476
2576
2668
2717
2541
2281
2012
1732
1498
1120
651
299
-16
-227
-419
-618
-871
-1220
-1474
-1543
-1442
-1282
-1237
-1133
-962
-754
-448
-200
-35
32
-16
46
283
588
803
850
778
703
666
580
401
166
-59
-246
-391
-604
-962
-1441
-1928
-2291
-2451
-2539
-2587
-2698
-2824
-2945
-2826
-2360
-1801
-1429
-1246
-1098
-739
-270
231
928
1539
2036
2170
2126
2142
2333
2495
2541
2393
2229
1956
1598
1191
798
451
11
-431
-710
-914
-1117
-1387
-1658
-1784
-1810
-1794
-1773
-1688
-1542
-1356
-1104
-746
-351
1
161
262
459
776
1128
1474
1692
1836
1863
1878
1963
2090
2166
2108
2051
2045
2038
1997
1800
1455
1043
611
277
73
-99
-266
-507
-725
-881
-1001
-1119
-1202
-1171
-1104
-1072
-956
-764
-585
-447
-385
-254
-86
54
104
66
38
81
159
261
239
137
-54
-311
-522
-726
-917
-1104
-1325
-1495
-1693
-1960
-2140
-2231
-2230
-2090
-1752
-1359
-1135
-1092
-1085
-927
-641
-358
36
489
875
1139
1281
1476
1809
2099
2181
2054
1930
1887
1844
1772
1606
1325
883
327
-77
-256
-413
-644
-988
-1297
-1502
-1603
-1696
-1742
-1756
-1767
-1725
-1545
-1270
-930
-606
-297
105
553
965
1278
1453
1549
1634
1790
2039
2217
2258
2121
1960
1886
1874
1866
1782
1565
1300
977
696
501
319
99
-224
-488
-610
-650
-675
-739
-783
-770
-776
-721
-629
-535
-500
-571
-636
-598
-493
-349
-244
-174
-164
-180
-216
-277
-338
-394
-460
-499
-515
-577
-730
-948
-1135
-1290
-1401
-1498
-1551
-1598
-1673
-1661
-1482
-1234
-972
-800
-673
-514
-411
-298
-97
152
453
647
801
1003
1264
1442
1485
1449
1452
1448
1441
1353
1212
1064
827
587
412
265
24
-312
-671
-905
-1016
-1078
-1212
-1392
-1590
-1708
-1624
-1395
-1128
-956
-914
-855
-606
-203
263
656
944
1163
1355
1610
1874
2085
2173
2215
2318
2439
2472
2357
2114
1873
1642
1435
1237
990
702
376
78
-117
-253
-406
-577
-722
-800
-821
-804
-794
-739
-670
-625
-560
-444
-341
-281
-266
-286
-289
-272
-248
-221
-174
-178
-256
-416
-562
-640
-696
-772
-855
-945
-1065
-1195
-1295
-1313
-1279
-1283
-1309
-1227
-1093
-936
-796
-681
-590
-476
-401
-243
-50
137
264
377
555
778
922
924
852
843
929
1019
1083
1019
874
657
470
378
365
303
169
-35
-181
-309
-459
-687
-928
-1111
-1204
-1202
-1141
-1135
-1156
-1159
-1081
-846
-552
-282
-64
115
307
579
872
1182
1439
1666
1894
2109
2272
2339
2302
2231
2178
2158
2070
1862
1533
1156
801
535
323
151
-25
-186
-371
-555
-770
-955
-1062
-1087
-1044
-959
-874
-836
-788
-720
-618
-470
-329
-234
-192
-184
-175
-176
-144
-117
-103
-101
-168
-298
-425
-579
-735
-853
-926
-965
-1022
-1107
-1151
-1174
-1117
-1020
-933
-839
-742
-668
-579
-490
-337
-227
-113
-10
104
266
429
569
709
803
876
893
838
781
694
618
556
500
440
313
148
-27
-194
-289
-370
-445
-519
-632
-749
-861
-961
-983
-957
-888
-794
-691
-601
-498
-366
-188
23
284
537
764
984
1174
1364
1566
1734
1888
1978
2046
2091
2110
2078
1982
1822
1682
1521
1316
1031
719
401
93
-136
-304
-410
-540
-715
-901
-1001
-1040
-1032
-1003
-935
-865
-815
-787
-736
-615
-434
-269
-106
26
121
143
84
-5
-75
-114
-101
-124
-169
-307
-492
-670
-800
-840
-829
-864
-908
-1014
-1089
-1097
-1043
-925
-858
-804
-775
-706
-574
-437
-315
-146
-43
89
231
337
436
476
506
569
641
713
680
554
424
298
255
232
195
110
-73
-272
-465
-634
-730
-810
-840
-821
-802
-752
-731
-719
-677
-581
-375
-158
45
173
253
369
548
764
1008
1181
1301
1374
1403
1460
1547
1638
1669
1629
1561
1487
1386
1223
1018
853
744
637
494
310
90
-135
-353
-486
-540
-555
-600
-727
-847
-925
-943
-927
-863
-757
-613
-474
-353
-254
-135
-27
35
92
127
157
119
29
-55
-114
-146
-162
-227
-304
-409
-510
-591
-641
-684
-720
-785
-861
-924
-922
-888
-789
-660
-549
-479
-434
-368
-244
-109
42
205
301
381
418
489
578
670
689
659
570
480
364
258
162
56
-19
-91
-147
-233
-341
-466
-567
-634
-628
-591
-553
-535
-509
-453
-386
-268
-123
47
220
369
499
599
689
808
963
1118
1251
1327
1358
1335
1315
1313
1315
1298
1209
1058
878
703
534
384
270
194
144
82
-3
-115
-256
-381
-477
-514
-522
-567
-664
-768
-824
-809
-738
-632
-530
-448
-395
-353
-286
-199
-106
-24
2
3
-37
-74
-93
-115
-122
-150
-186
-227
-299
-426
-552
-653
-693
-701
-671
-659
-648
-633
-644
-633
-572
-452
-315
-224
-178
-115
-50
43
135
267
387
460
498
538
572
611
613
557
450
320
195
50
-77
-151
-212
-265
-294
-312
-323
-352
-401
-452
-473
-441
-337
-244
-143
-70
4
97
223
372
534
668
754
800
826
876
945
1015
1062
1094
1082
1024
923
818
734
678
596
516
406
273
142
16
-94
-154
-192
-232
-273
-324
-372
-424
-495
-551
-583
-574
-552
-537
-513
-480
-442
-408
-377
-337
-286
-263
-239
-215
-183
-137
-112
-117
-126
-139
-138
-136
-152
-196
-249
-304
-350
-396
-429
-454
-455
-455
-447
-428
-400
-354
-314
-299
-279
-228
-165
-101
-53
-27
-3
43
118
220
317
370
364
317
294
288
264
223
146
40
-75
-155
-230
-287
-315
-330
-348
-345
-320
-282
-291
-336
-345
-295
-184
-43
79
181
284
401
527
637
742
821
856
849
818
786
779
775
759
720
676
603
520
421
364
322
282
206
106
2
-105
-165
-214
-249
-257
-275
-281
-312
-342
-348
-356
-334
-306
-256
-205
-177
-185
-215
-235
-209
-169
-117
-85
-56
-71
-102
-118
-101
-87
-70
-93
-118
-121
-101
-91
-132
-168
-207
-226
-238
-235
-220
-175
-147
-102
-88
-81
-73
-66
-54
-26
-10
31
26
37
29
36
49
77
112
146
154
151
105
32
-15
-41
-31
-49
-86
-144
-182
-206
-224
-221
-203
-187
-165
-157
-121
-67
-34
-46
-40
8
121
204
307
372
439
486
512
529
555
589
578
541
513
482
439
391
342
320
290
231
140
72
26
12
-33
-92
-149
-198
-262
-308
-352
-360
-362
-342
-328
-291
-234
-203
-172
-154
-148
-114
-69
-57
-46
-74
-76
-50
-13
25
35
23
-10
-54
-61
-36
-26
-49
-110
-172
-164
-155
-130
-158
-193
-205
-185
-135
-84
-48
-20
11
38
99
124
126
104
90
79
97
103
97
56
4
-28
-39
-44
-34
-38
-37
-65
-111
-166
-196
-209
-194
-177
-150
-116
-91
-86
-103
-94
-49
-20
11
49
91
129
160
191
226
299
390
440
442
450
454
444
409
382
358
356
333
295
261
231
193
166
143
125
96
28
-59
-119
-167
-188
-190
-200
-218
-250
-279
-329
-341
-321
-249
-214
-212
-216
-202
-206
-203
-160
-120
-85
-75
-54
-23
-12
-14
-10
-2
10
36
47
18
-17
-33
-38
-20
-12
-14
-54
-91
-122
-130
-134
-154
-177
-180
-150
-125
-99
-55
-11
24
43
64
82
77
49
20
9
-1
17
4
-5
-57
-90
-116
-115
-92
-65
-57
-83
-113
-129
-113
-84
-44
-25
-11
2
19
33
67
92
117
149
190
253
299
311
299
300
331
366
382
381
367
344
295
263
238
218
205
161
122
75
47
21
-18
-50
-80
-110
-131
-161
-165
-162
-163
-177
-168
-135
-113
-118
-153
-165
-181
-170
-136
-88
-55
-42
-33
-20
-3
30
17
-18
-34
-38
-36
-31
-59
-91
-121
-124
-80
-22
24
26
14
-41
-92
-143
-161
-172
-186
-196
-217
-196
-179
-161
-150
-154
-137
-112
-87
-63
-63
-94
-119
-132
-118
-80
-39
8
20
16
13
14
2
-14
-21
-19
-7
19
18
11
10
51
107
151
173
182
186
169
162
165
179
179
170
157
168
217
245
262
270
287
295
283
267
242
206
159
140
155
173
181
162
121
99
90
115
87
97
58
13
-33
-57
-64
-66
-19
-26
10
10
22
-4
-17
-45
-59
-59
-60
-51
-29
9
21
45
18
13
-2
-5
17
39
35
-5
-59
-95
-95
-77
-30
-19
-5
5
-14
-33
-64
-112
-139
-172
-186
-210
-230
-253
-279
-288
-297
-302
-296
-276
-275
-277
-280
-276
-269
-261
-236
-202
-181
-157
-151
-137
-94
-56
-23
8
24
34
37
44
56
63
80
90
99
92
74
72
74
83
92
109
127
120
109
84
76
73
84
108
102
110
96
88
76
100
107
103
90
94
119
118
141
126
130
143
179
205
230
254
231
188
141
126
135
154
153
131
111
91
72
55
71
82
83
66
50
50
50
65
62
54
32
25
41
61
83
76
55
37
21
20
0
-16
-53
-71
-64
-84
-105
-142
-174
-196
-211
-235
-255
-273
-319
-380
-439
-471
-479
-460
-423
-393
-356
-336
-312
-296
-278
-247
-239
-238
-245
-235
-205
-179
-158
-139
-126
-110
-75
-51
-39
-32
-41
-32
-30
-9
-17
-20
-13
-5
4
11
11
23
47
69
88
108
108
103
104
128
158
183
187
180
177
168
159
154
171
201
226
243
258
261
266
253
276
311
357
397
407
410
386
359
330
307
306
305
309
284
254
218
200
185
179
183
187
202
189
178
160
131
134
132
149
157
143
120
83
62
60
61
52
37
6
-7
-55
-111
-171
-212
-219
-225
-250
-285
-329
-357
-375
-355
-327
-343
-353
-393
-409
-414
-403
-368
-341
-309
-281
-251
-228
-206
-197
-191
-192
-187
-177
-188
-193
-212
-210
-193
-185
-159
-140
-121
-121
-127
-135
-148
-171
-187
-200
-206
-194
-170
-130
-80
-44
-20
7
30
73
106
121
126
129
119
118
130
163
214
256
277
303
299
322
341
367
382
372
370
366
396
401
433
441
466
473
480
490
469
429
373
328
313
311
316
326
328
319
307
296
283
271
259
254
242
225
199
136
85
59
63
75
59
32
8
-17
-49
-74
-143
-192
-236
-288
-321
-353
-378
-376
-376
-381
-394
-415
-444
-456
-459
-439
-408
-391
-372
-384
-388
-398
-384
-384
-376
-355
-354
-342
-371
-386
-418
-422
-406
-379
-342
-332
-326
-348
-351
-375
-384
-380
-373
-364
-360
-350
-335
-303
-268
-252
-233
-216
-184
-144
-93
-46
-4
50
96
148
195
232
256
278
309
342
356
361
370
392
395
413
419
432
456
479
512
535
538
535
513
496
499
493
483
476
475
479
475
464
467
465
455
439
427
397
379
341
328
333
304
309
261
238
222
238
228
222
163
101
63
-27
-55
-113
-119
-140
-153
-166
-167
-190
-216
-217
-273
-277
-328
-364
-380
-409
-408
-408
-418
-424
-406
-402
-376
-377
-396
-389
-419
-434
-448
-491
-513
-523
-531
-523
-509
-511
-494
-517
-538
-527
-536
-520
-513
-516
-502
-504
-498
-472
-423
-381
-310
-277
-257
-215
-193
-156
-128
-123
-96
-61
-14
62
137
204
261
297
319
352
350
370
357
356
366
383
411
448
482
517
574
585
628
630
621
628
637
650
665
677
685
690
681
673
673
650
621
580
539
503
463
435
411
391
374
356
328
311
273
243
207
155
124
101
73
46
17
-12
-29
-49
-78
-98
-107
-122
-143
-181
-230
-262
-300
-319
-323
-315
-292
-278
-273
-280
-291
-303
-325
-341
-365
-387
-410
-442
-460
-483
-474
-477
-477
-478
-494
-504
-529
-552
-574
-572
-581
-572
-556
-554
-526
-500
-455
-409
-369
-349
-325
-302
-265
-214
-180
-136
-103
-68
-32
16
53
82
100
123
151
174
199
203
207
212
207
227
254
269
299
328
337
346
352
368
400
422
450
471
491
494
504
517
524
519
495
465
447
431
410
389
364
335
298
277
246
228
206
177
151
115
88
77
62
54
46
39
34
17
16
-6
-21
-41
-59
-87
-105
-124
-147
-158
-180
-182
-193
-209
-206
-207
-217
-224
-241
-251
-250
-247
-252
-259
-279
-285
-285
-278
-272
-289
-302
-338
-356
-358
-362
-363
-372
-381
-387
-371
-366
-349
-335
-324
-304
-281
-248
-229
-212
-214
-205
-173
-136
-92
-54
-22
13
43
76
103
118
126
138
155
168
183
197
204
223
247
264
281
286
295
291
291
302
299
300
304
321
346
373
399
412
426
426
417
413
407
393
359
320
294
273
245
226
194
171
145
119
109
98
77
51
35
20
17
5
-9
-27
-46
-50
-53
-45
-44
-50
-63
-72
-83
-102
-106
-110
-118
-131
-148
-158
-165
-171
-174
-177
-183
-183
-205
-226
-237
-259
-266
-266
-265
-271
-276
-271
-270
-258
-261
-270
-289
-301
-306
-306
-295
-278
-252
-228
-208
-192
-179
-153
-133
-120
-99
-79
-58
-54
-47
-37
-13
14
47
80
98
103
107
109
116
133
156
180
178
183
186
197
223
240
249
259
272
287
286
278
292
286
283
283
292
298
298
303
297
298
288
264
242
217
190
158
125
108
83
61
42
35
24
-7
-28
-37
-44
-54
-57
-63
-59
-59
-57
-52
-54
-53
-54
-61
-79
-94
-108
-114
-124
-133
-152
-167
-171
-171
-183
-189
-190
-201
-212
-223
-225
-232
-233
-231
-225
-220
-220
-222
-226
-230
-219
-207
-202
-183
-177
-176
-183
-177
-167
-155
-135
-125
-110
-95
-86
-81
-69
-63
-44
-28
-4
13
24
35
37
52
60
59
69
81
105
115
121
126
121
126
130
139
153
157
160
150
137
142
143
158
171
180
182
184
189
179
175
173
170
172
177
171
156
138
116
103
99
96
86
56
25
-6
-22
-30
-42
-56
-69
-76
-97
-97
-92
-101
-102
-99
-102
-93
-89
-91
-91
-100
-98
-99
-94
-97
-101
-105
-107
-95
-96
-93
-107
-118
-109
-111
-112
-115
-125
-141
-148
-145
-141
-137
-134
-133
-139
-140
-126
-106
-92
-79
-61
-47
-28
-19
-12
-5
3
15
36
48
62
69
68
70
86
114
129
134
134
132
129
132
137
149
154
158
160
158
158
155
148
143
144
154
165
179
184
173
174
174
172
177
168
163
166
162
156
157
153
147
152
150
155
156
145
123
94
69
51
33
13
1
-17
-42
-52
-67
-80
-83
-95
-100
-105
-104
-106
-118
-129
-140
-144
-140
-136
-126
-130
-141
-147
-153
-157
-150
-140
-128
-132
-133
-141
-146
-150
-149
-146
-144
-130
-122
-132
-140
-145
-160
-154
-145
-134
-131
-128
-120
-117
-82
-43
-12
6
14
23
20
24
33
42
62
70
74
84
90
89
98
104
114
120
124
127
122
117
120
131
143
152
153
142
135
134
132
140
143
141
138
130
124
124
124
124
124
128
141
149
149
142
123
105
97
75
55
51
49
45
43
50
48
40
26
13
-2
-18
-37
-69
-98
-127
-139
-146
-144
-153
-156
-144
-153
-159
-176
-188
-191
-199
-205
-210
-209
-204
-202
-201
-198
-197
-189
-182
-185
-181
-179
-179
-186
-199
-193
-176
-157
-136
-123
-121
-122
-128
-131
-125
-115
-107
-102
-96
-82
-64
-46
-20
11
34
59
83
92
94
99
105
109
118
128
139
151
153
152
149
148
153
151
151
149
146
148
147
147
139
138
140
133
128
119
117
116
115
106
107
110
119
122
118
115
111
112
115
124
129
126
118
104
82
72
67
69
64
52
39
25
10
8
-2
-10
-13
-25
-39
-62
-88
-114
-133
-150
-158
-166
-172
-175
-169
-174
-174
-173
-177
-173
-176
-172
-179
-193
-204
-201
-192
-185
-176
-174
-169
-154
-141
-128
-130
-132
-134
-125
-109
-90
-71
-61
-61
-61
-63
-55
-44
-34
-17
-4
12
36
49
61
79
93
103
120
139
151
163
168
174
172
173
181
185
186
182
181
185
192
196
198
197
202
199
192
186
182
177
171
164
159
155
162
169
179
180
176
178
177
177
175
172
173
178
179
185
185
173
152
123
92
79
67
60
56
41
27
10
-10
-34
-51
-61
-79
-98
-122
-144
-166
-186
-196
-207
-212
-217
-227
-241
-248
-260
-269
-267
-260
-249
-240
-230
-229
-236
-231
-229
-230
-230
-229
-222
-221
-209
-194
-178
-160
-152
-147
-136
-126
-108
-86
-77
-63
-60
-50
-35
-19
-4
4
14
28
41
61
84
103
112
123
127
125
128
130
139
139
135
137
140
149
154
156
155
143
139
137
134
140
144
149
148
144
148
148
146
145
136
132
126
130
135
144
156
159
153
150
153
157
150
138
133
125
133
124
117
100
76
53
32
14
-6
-21
-44
-60
-73
-79
-86
-91
-108
-120
-136
-150
-166
-188
-209
-221
-230
-239
-241
-242
-237
-234
-239
-235
-225
-225
-212
-210
-208
-195
-191
-188
-177
-158
-142
-129
-128
-120
-112
-103
-89
-84
-85
-74
-61
-47
-41
-32
-17
-4
10
17
29
37
39
41
40
45
58
72
86
102
112
117
114
123
132
139
142
129
126
119
108
107
106
105
108
114
115
108
102
101
100
95
98
103
100
99
95
95
95
97
96
99
102
103
96
93
95
90
83
77
79
73
77
76
73
68
61
51
42
19
-7
-21
-33
-39
-57
-66
-80
-91
-102
-113
-117
-128
-135
-140
-152
-167
-174
-174
-169
-151
-138
-129
-124
-132
-140
-141
-136
-126
-124
-119
-111
-106
-98
-91
-85
-78
-66
-56
-52
-44
-35
-31
-17
-13
-10
6
4
7
12
18
25
34
45
47
50
52
53
55
54
55
63
63
67
66
68
69
67
66
60
60
60
62
57
49
43
34
31
36
43
57
60
68
67
63
60
65
74
78
90
89
86
86
85
90
100
106
103
98
92
95
91
82
76
72
70
62
51
39
24
5
-5
-19
-31
-40
-51
-58
-70
-83
-94
-102
-117
-128
-123
-131
-140
-151
-161
-169
-168
-165
-167
-158
-155
-154
-149
-144
-142
-137
-123
-113
-101
-94
-99
-93
-93
-88
-79
-67
-61
-59
-57
-48
-47
-40
-26
-13
-2
-1
2
4
12
14
21
33
38
46
47
51
52
51
56
55
58
61
58
71
78
83
82
77
78
79
80
76
77
71
68
67
68
68
65
66
71
75
70
67
66
67
71
73
79
89
95
84
83
86
82
80
75
73
75
72
64
54
45
37
32
28
24
17
9
-5
-16
-31
-47
-61
-77
-87
-103
-112
-118
-123
-128
-126
-125
-130
-132
-143
-142
-140
-140
-134
-131
-119
-110
-102
-97
-101
-100
-87
-80
-69
-58
-52
-42
-42
-30
-25
-22
-14
-8
3
4
5
6
14
25
27
35
36
35
41
44
55
51
55
54
62
71
66
65
68
69
66
68
66
58
49
46
51
60
60
59
57
56
54
51
45
53
55
64
67
62
58
49
45
43
50
59
62
50
46
47
41
41
40
43
45
50
42
30
22
16
16
15
14
4
-9
-26
-40
-56
-58
-54
-55
-60
-68
-72
-81
-89
-99
-105
-107
-101
-100
-97
-96
-96
-100
-110
-110
-105
-101
-98
-93
-90
-87
-85
-79
-77
-70
-65
-56
-52
-50
-42
-36
-30
-21
-6
8
17
26
25
30
30
33
32
41
57
67
85
87
85
82
88
85
89
96
102
103
104
100
101
103
97
92
93
98
88
78
71
74
73
81
86
88
91
85
75
61
58
54
62
71
74
80
81
74
73
68
68
58
57
66
68
60
53
48
45
43
40
43
36
27
16
6
-8
-23
-34
-37
-43
-54
-64
-83
-95
-104
-112
-116
-118
-121
-127
-130
-130
-130
-136
-130
-128
-124
-115
-119
-120
-123
-124
-122
-117
-115
-106
-99
-89
-87
-89
-89
-86
-84
-78
-80
-74
-66
-61
-56
-57
-34
-33
-27
-17
5
-2
-4
-10
11
19
11
20
34
45
42
53
57
70
67
70
63
75
71
66
65
67
62
59
58
58
61
57
65
67
74
69
64
60
69
65
66
67
71
68
62
64
57
57
58
64
65
67
61
57
50
48
54
57
62
65
63
57
51
40
36
33
34
27
19
11
-2
-16
-26
-33
-39
-45
-56
-63
-77
-89
-96
-110
-112
-110
-112
-109
-111
-114
-113
-112
-108
-102
-95
-84
-82
-70
-61
-63
-58
-53
-54
-48
-47
-45
-36
-39
-41
-34
-34
-33
-26
-16
-20
-26
-19
-26
-30
-24
-24
-21
-12
-11
-11
-12
-4
0
-4
7
15
24
34
35
42
41
44
46
49
49
51
64
65
67
65
64
62
62
67
74
74
73
68
68
68
69
70
76
79
80
77
68
64
57
61
59
67
67
64
61
54
48
45
43
49
53
51
48
37
29
17
9
8
7
2
-9
-17
-29
-46
-53
-63
-61
-62
-65
-79
-84
-90
-101
-96
-97
-91
-85
-79
-78
-79
-80
-82
-84
-77
-71
-72
-62
-61
-61
-58
-58
-55
-55
-53
-48
-47
-47
-51
-48
-43
-41
-35
-32
-31
-30
-26
-22
-24
-25
-14
-7
3
13
15
14
20
23
22
30
35
45
50
51
56
57
59
55
48
53
59
66
73
71
70
69
62
64
70
73
80
78
76
70
62
61
61
60
64
65
61
54
43
42
43
42
43
46
45
42
35
29
23
19
20
23
23
20
14
5
-3
-12
-17
-19
-15
-18
-27
-31
-35
-38
-42
-47
-47
-48
-57
-63
-65
-67
-64
-66
-63
-58
-58
-51
-52
-47
-47
-42
-43
-43
-40
-33
-31
-33
-32
-29
-26
-32
-37
-36
-35
-32
-27
-26
-23
-24
-27
-32
-33
-27
-26
-26
-23
-23
-26
-25
-24
-25
-22
-20
-13
-10
-8
-6
-2
5
7
13
23
23
22
21
20
22
22
21
23
29
32
32
29
29
31
29
30
35
35
37
32
27
29
25
24
25
27
28
28
28
27
27
33
33
37
41
44
48
47
45
44
40
46
50
54
57
54
44
40
34
30
31
29
27
24
22
17
10
4
0
-6
-5
-5
-2
-3
-8
-12
-15
-18
-24
-18
-14
-14
-13
-16
-19
-23
-26
-27
-28
-26
-23
-30
-34
-40
-48
-57
-54
-49
-48
-44
-47
-49
-62
-70
-75
-73
-67
-60
-55
-56
-58
-62
-65
-60
-50
-43
-36
-33
-27
-27
-30
-28
-25
-16
-7
-7
-6
-7
-11
-12
-9
-2
6
14
15
12
8
9
5
12
21
30
34
34
39
35
27
28
35
37
38
40
40
42
44
44
48
51
52
56
58
57
63
65
65
66
67
63
63
62
62
63
61
59
53
48
45
47
46
45
45
41
37
29
20
16
17
14
16
10
4
0
-7
-15
-16
-12
-7
-7
-11
-16
-22
-28
-33
-29
-25
-26
-28
-36
-43
-46
-48
-49
-49
-45
-41
-44
-48
-54
-60
-59
-55
-51
-50
-50
-45
-49
-52
-52
-52
-51
-49
-41
-39
-37
-32
-35
-35
-29
-26
-23
-22
-21
-19
-17
-15
-18
-16
-14
-10
-7
-4
1
7
7
8
8
10
16
19
24
28
30
29
28
26
26
30
31
37
39
38
34
33
33
34
40
46
51
50
45
39
36
35
33
40
45
45
41
34
27
23
25
26
29
29
30
27
20
14
12
11
11
12
14
14
9
-1
-6
-7
-7
-6
-4
-4
-5
-11
-19
-24
-28
-31
-30
-26
-25
-27
-30
-35
-41
-47
-44
-39
-35
-32
-31
-33
-39
-42
-43
-41
-33
-29
-29
-30
-32
-38
-42
-38
-32
-25
-20
-18
-21
-25
-26
-28
-27
-23
-16
-10
-8
-9
-13
-14
-14
-12
-5
3
10
12
15
13
9
10
13
17
22
27
26
24
18
16
14
19
27
32
34
34
33
30
25
24
28
34
38
39
39
33
28
24
23
26
32
33
34
31
27
25
22
22
25
29
31
29
29
23
18
14
15
18
20
22
20
15
9
5
3
2
3
5
7
4
-4
-14
-19
-20
-19
-17
-16
-17
-20
-24
-32
-35
-31
-29
-26
-19
-19
-23
-26
-31
-33
-31
-25
-21
-21
-22
-24
-28
-29
-29
-25
-20
-15
-13
-15
-17
-20
-20
-20
-18
-15
-11
-9
-10
-15
-17
-18
-18
-14
-8
-1
3
2
1
-1
1
2
6
13
16
18
15
12
12
15
16
20
23
24
23
19
16
15
16
17
19
20
19
18
15
10
7
5
7
8
10
9
8
7
5
3
4
7
10
13
14
13
11
8
6
3
4
6
7
7
5
1
-4
-6
-6
-5
-2
-3
-4
-8
-11
-16
-19
-18
-16
-15
-15
-17
-20
-22
-23
-20
-19
-16
-15
-14
-12
-14
-17
-16
-13
-10
-9
-8
-7
-7
-9
-10
-12
-8
-7
-4
-3
-3
-3
-4
-4
-5
-5
-2
0
2
3
3
1
-1
1
2
3
8
10
11
11
10
10
12
15
17
18
20
20
17
17
18
17
18
20
23
24
24
23
21
22
22
19
20
21
20
18
15
12
10
10
11
10
10
10
9
6
3
2
2
3
4
4
2
1
0
-2
-3
-4
-3
-3
-3
-5
-7
-8
-9
-10
-11
-11
-11
-13
-16
-19
-21
-24
-26
-27
-26
-26
-26
-28
-27
-27
-26
-28
-29
-27
-25
-23
-22
-22
-20
-21
-22
-21
-20
-16
-13
-11
-10
-12
-11
-10
-8
-5
-2
-1
0
0
-3
-2
-1
1
3
4
6
7
7
6
5
7
11
13
14
17
19
18
18
20
20
23
25
26
27
29
27
26
26
27
28
29
28
28
27
26
25
23
24
21
22
21
20
17
14
13
10
9
8
8
7
6
3
1
0
-2
-2
-3
-2
-3
-4
-5
-8
-9
-10
-11
-13
-11
-12
-14
-15
-16
-19
-19
-19
-20
-20
-20
-22
-23
-26
-27
-27
-25
-25
-24
-24
-26
-27
-27
-27
-25
-21
-19
-18
-18
-19
-19
-18
-17
-14
-10
-6
-6
-6
-6
-4
-3
0
2
5
9
8
8
8
10
11
11
12
14
15
16
16
16
15
16
17
17
19
20
19
19
20
19
20
22
23
23
24
25
25
22
22
23
24
25
23
22
20
19
16
15
15
15
15
14
10
7
