3
2
3
2
2
3
1
1
1
2
1
0
1
3
2
1
1
2
0
0
0
-1
0
0
-1
-1
-1
-2
-1
-2
-2
-1
-1
-2
-2
-2
-1
-2
-4
-2
-1
-2
-1
0
0
-1
0
0
1
-1
0
1
0
0
2
2
1
1
3
3
4
3
3
2
3
3
3
3
1
2
3
3
2
2
5
4
4
3
3
2
1
0
1
1
1
2
1
1
0
2
2
3
2
2
1
2
2
0
1
1
1
1
0
0
1
1
1
1
1
1
2
2
1
0
1
2
0
1
1
1
1
0
2
0
0
1
0
0
-1
-1
-1
-1
1
1
2
1
0
0
0
-1
0
1
3
3
3
2
1
0
2
2
3
5
3
2
1
-1
0
-1
-1
1
1
2
1
1
1
-1
-1
-1
-1
-1
0
0
-1
0
0
1
2
3
4
3
3
2
1
2
2
5
6
4
3
3
3
4
6
7
5
4
4
2
2
4
5
4
2
0
-1
-1
0
2
2
1
-1
-2
-2
-3
-3
-4
-3
-6
-6
-6
-5
-3
-4
-2
-4
-4
-5
-4
-2
-1
-1
-2
-2
-4
-2
0
1
4
3
0
-3
-1
0
0
2
2
1
0
1
0
-1
0
-1
-1
0
1
1
2
-1
-3
-4
-4
-5
-4
-3
-3
-2
-3
-4
-3
-4
-3
0
1
2
2
2
-1
-2
0
3
3
4
4
3
4
3
3
2
1
0
1
1
2
3
6
5
3
-2
-4
-4
-1
4
7
7
5
3
-5
-7
-5
0
6
9
8
5
-1
-3
-3
1
5
6
7
4
2
0
-2
-1
-1
2
5
6
6
4
2
0
-2
-1
-1
0
1
4
4
2
-1
-3
-3
-4
-3
-1
1
0
-2
-4
-6
-5
-4
-4
-3
-4
-6
-5
-5
-4
-3
-1
-2
-5
-5
-4
-3
-1
0
2
0
-2
-3
-2
0
4
6
7
4
-1
-4
-6
-4
-3
0
1
1
0
-3
-5
-6
-9
-8
-11
-13
-14
-14
-13
-13
-13
-12
-14
-19
-20
-20
-16
-11
-9
-7
-9
-12
-11
-10
-6
-2
3
6
6
5
1
0
6
9
15
15
11
10
-3
-6
-3
4
8
11
11
6
-1
-6
-4
-2
1
5
11
3
5
10
16
21
26
29
27
24
19
24
25
30
34
34
27
15
16
21
27
27
19
13
8
7
3
7
6
5
5
-1
0
-3
-2
-8
-9
-10
-9
-7
-11
-16
-20
-21
-17
-11
-6
0
6
2
-3
0
-1
-1
-3
0
9
0
0
5
5
8
4
11
9
2
1
-4
2
-3
2
5
5
7
-3
3
6
10
9
8
4
-2
2
3
7
3
2
-2
-5
-2
-7
-2
-2
-1
-3
-10
-4
-10
-6
4
9
1
-3
3
-4
-11
-24
-18
-10
-6
5
-8
-6
-26
-15
-16
-3
-2
2
5
17
37
74
230
339
470
458
343
175
-74
-147
-27
205
420
384
228
-74
-288
-337
-200
61
212
245
79
-173
-405
-471
-414
-238
-62
14
17
-150
-287
-303
-222
-30
55
105
84
-53
-140
-215
-157
-89
-32
65
68
39
-38
-93
-83
-90
-87
-134
-219
-264
-254
-243
-196
-221
-222
-220
-240
-187
-231
-204
-203
-227
-209
-191
-99
-85
-100
-131
-98
-59
-35
41
88
141
130
107
106
111
193
224
260
226
254
343
368
384
347
353
332
320
302
308
336
270
255
198
226
259
220
243
205
213
209
215
234
168
160
141
134
121
111
182
139
116
55
17
42
2
56
0
-19
-73
-169
-198
-321
-326
-307
-361
-358
-431
-446
-473
-558
-603
-605
-624
-666
-683
-794
-764
-786
-832
-759
-815
-708
-646
-604
-413
-301
-122
-11
-28
23
81
158
287
378
487
617
661
720
800
820
874
835
747
752
711
694
638
498
417
331
248
208
113
54
-13
-139
-225
-233
-229
-208
-249
-300
-292
-297
-221
-141
-75
44
159
221
358
476
617
709
678
694
701
760
822
831
842
828
818
785
728
669
557
451
299
204
118
42
-53
-189
-268
-358
-383
-419
-434
-467
-534
-603
-681
-661
-649
-618
-632
-714
-718
-774
-732
-723
-742
-686
-779
-692
-810
-852
-858
-1078
-991
-1241
-1230
-1204
-1370
-1053
-1052
-721
-503
-509
-314
-397
-229
-142
36
162
289
416
424
755
835
1126
1267
1188
1331
1156
1263
1251
1107
1067
850
751
641
545
466
390
205
-31
-154
-326
-333
-442
-581
-658
-816
-767
-733
-704
-612
-580
-529
-446
-343
-162
37
141
205
243
318
475
607
717
846
941
1061
1204
1250
1338
1334
1223
1146
981
922
883
775
689
552
446
385
284
209
115
-51
-187
-329
-470
-516
-560
-583
-621
-682
-676
-703
-732
-753
-765
-755
-698
-681
-618
-551
-558
-506
-600
-605
-717
-805
-935
-1153
-1167
-1425
-1334
-1500
-1466
-1258
-1189
-786
-785
-611
-592
-552
-324
-221
34
54
240
255
431
785
986
1388
1419
1547
1582
1580
1680
1494
1392
1169
988
868
774
728
617
505
225
-7
-218
-353
-458
-710
-925
-1150
-1256
-1194
-1107
-989
-857
-808
-754
-661
-524
-336
-200
-131
-79
33
215
441
614
797
926
1096
1342
1486
1656
1640
1638
1545
1464
1522
1457
1470
1288
1128
1022
913
891
739
620
423
244
87
-80
-205
-398
-542
-760
-871
-947
-1007
-1025
-1137
-1187
-1226
-1174
-1144
-1132
-1115
-1134
-1075
-1109
-980
-940
-932
-882
-1059
-1026
-1166
-1132
-1236
-1305
-1335
-1261
-830
-776
-270
-326
-264
-68
-232
259
156
330
432
282
589
722
1108
1335
1545
1531
1596
1666
1606
1674
1292
1141
834
585
663
491
546
421
145
-43
-260
-385
-477
-714
-1042
-1250
-1455
-1379
-1275
-1189
-967
-934
-838
-674
-543
-350
-207
-241
-231
-173
-44
257
397
593
739
874
1129
1365
1652
1763
1841
1666
1515
1461
1438
1587
1453
1367
1255
1112
1148
1101
1028
860
629
407
212
62
-97
-318
-599
-787
-950
-972
-986
-1121
-1226
-1373
-1475
-1441
-1440
-1396
-1412
-1408
-1403
-1333
-1237
-1090
-986
-1051
-1018
-1220
-1167
-1223
-1253
-1232
-1270
-879
-735
-363
-90
-186
103
25
270
427
398
570
434
435
583
812
1085
1346
1394
1406
1524
1466
1535
1340
1044
872
496
421
263
138
145
-80
-272
-404
-526
-582
-757
-1110
-1383
-1609
-1718
-1622
-1605
-1413
-1231
-1166
-923
-720
-460
-174
-116
-121
-100
-10
222
422
592
844
1050
1312
1616
1794
2055
2122
2069
2001
1831
1867
1830
1747
1644
1468
1471
1412
1346
1257
1117
906
670
424
184
18
-242
-505
-776
-975
-1012
-1083
-1131
-1244
-1380
-1406
-1494
-1506
-1532
-1498
-1514
-1518
-1420
-1439
-1167
-1165
-987
-1023
-1129
-917
-1243
-1064
-1214
-1290
-904
-909
-506
-329
-225
54
124
304
533
484
467
509
267
474
697
835
1209
1211
1353
1542
1549
1749
1561
1240
1023
581
384
306
63
52
-55
-267
-255
-350
-353
-435
-820
-1092
-1424
-1659
-1624
-1686
-1649
-1452
-1357
-1081
-716
-451
-89
26
30
73
33
209
342
401
619
788
989
1407
1619
1938
2251
2141
2275
1996
1901
1872
1527
1544
1244
1173
1271
1159
1163
1130
1009
850
651
327
164
-170
-482
-748
-1173
-1187
-1291
-1342
-1280
-1406
-1331
-1321
-1401
-1386
-1469
-1457
-1475
-1508
-1474
-1328
-1216
-1058
-976
-971
-843
-910
-851
-994
-959
-943
-738
-586
-477
-220
-167
134
243
525
656
619
704
509
557
632
750
886
973
1106
1235
1450
1538
1596
1396
1191
920
633
484
254
38
-131
-338
-422
-453
-429
-451
-610
-831
-1058
-1260
-1357
-1450
-1556
-1570
-1537
-1385
-1103
-779
-464
-198
-26
94
199
306
401
392
397
477
617
913
1269
1565
1851
2082
2106
2206
2131
2080
1933
1603
1429
1129
1063
1077
980
1019
989
949
887
739
498
215
-162
-549
-904
-1207
-1296
-1425
-1464
-1433
-1432
-1272
-1205
-1198
-1271
-1305
-1405
-1455
-1516
-1574
-1445
-1442
-1269
-1189
-1143
-950
-954
-907
-927
-927
-721
-674
-536
-548
-447
-294
-123
211
346
517
624
624
670
726
888
913
954
936
990
1158
1319
1442
1369
1261
1135
956
818
614
337
59
-242
-473
-627
-614
-602
-697
-806
-936
-1027
-1059
-1084
-1193
-1311
-1361
-1372
-1222
-984
-682
-381
-146
81
262
480
668
719
706
717
781
924
1199
1480
1718
1930
2072
2162
2248
2289
2226
2011
1704
1453
1250
1160
1084
965
891
831
748
686
574
364
64
-318
-722
-1047
-1252
-1380
-1536
-1622
-1626
-1531
-1390
-1276
-1250
-1265
-1283
-1304
-1333
-1405
-1355
-1440
-1414
-1442
-1391
-1253
-1161
-979
-1032
-904
-683
-634
-397
-461
-431
-378
-314
22
94
234
404
377
486
667
837
1012
1107
1074
1089
1180
1300
1431
1273
1188
1036
859
868
665
489
324
4
-226
-411
-477
-503
-634
-828
-998
-1141
-1119
-1105
-1219
-1242
-1292
-1280
-1118
-932
-671
-390
-228
-64
65
278
516
589
639
709
776
987
1245
1420
1711
1876
1974
2089
2058
2176
2112
1961
1779
1451
1345
1256
1127
1002
889
762
664
553
383
224
-85
-386
-748
-1111
-1255
-1470
-1599
-1718
-1813
-1731
-1619
-1527
-1435
-1419
-1420
-1378
-1520
-1471
-1482
-1560
-1419
-1594
-1476
-1317
-1340
-988
-1079
-731
-520
-443
-93
-308
-116
-83
78
247
262
477
468
630
727
951
1124
1228
1410
1278
1426
1463
1492
1468
1230
1082
897
756
678
460
346
163
-72
-229
-331
-411
-552
-742
-986
-1153
-1234
-1267
-1304
-1380
-1358
-1286
-1170
-931
-718
-468
-260
-163
-32
161
346
535
551
599
715
880
1159
1392
1634
1813
1969
2045
2053
2127
2094
2018
1759
1471
1311
1159
1099
938
791
701
612
557
422
222
-36
-361
-732
-1118
-1350
-1553
-1685
-1842
-1921
-1858
-1730
-1582
-1560
-1570
-1613
-1554
-1607
-1628
-1659
-1711
-1641
-1730
-1570
-1502
-1385
-1077
-1035
-597
-548
-215
-52
-207
132
-36
312
357
341
604
485
776
906
1124
1337
1457
1573
1583
1707
1610
1670
1421
1182
1016
747
708
539
394
356
137
-14
-143
-288
-358
-588
-846
-1042
-1233
-1266
-1307
-1403
-1395
-1350
-1215
-1020
-850
-661
-401
-250
-148
-4
161
389
499
525
682
770
1059
1321
1442
1789
1871
2088
2177
2108
2227
2091
2070
1828
1528
1431
1226
1086
913
765
653
605
486
302
95
-170
-422
-825
-1160
-1426
-1663
-1761
-1928
-2019
-1937
-1842
-1736
-1676
-1629
-1530
-1536
-1536
-1611
-1693
-1702
-1764
-1658
-1643
-1527
-1250
-1109
-557
-469
-71
175
111
513
374
685
627
532
682
527
798
964
1175
1335
1517
1651
1741
1970
1867
1863
1525
1238
963
608
525
267
36
-27
-208
-266
-272
-337
-415
-658
-898
-1110
-1311
-1426
-1534
-1718
-1731
-1683
-1554
-1232
-989
-733
-492
-335
-154
1
153
288
328
334
487
614
914
1268
1506
1742
1971
2107
2271
2347
2322
2275
1991
1817
1597
1425
1353
1153
994
839
760
688
620
400
139
-178
-529
-811
-1176
-1368
-1635
-1830
-1919
-1986
-1891
-1813
-1684
-1720
-1656
-1624
-1688
-1594
-1794
-1776
-1824
-1902
-1608
-1729
-1429
-1211
-979
-443
-338
171
151
386
525
577
834
751
928
834
908
1057
1157
1460
1551
1725
1759
1876
1978
1961
1861
1554
1236
936
684
428
175
-29
-238
-453
-543
-616
-589
-686
-864
-1121
-1319
-1420
-1518
-1641
-1783
-1849
-1803
-1617
-1385
-1123
-825
-566
-367
-199
-6
199
327
363
366
442
639
907
1205
1432
1709
1930
2113
2281
2309
2394
2289
2107
1853
1602
1503
1352
1193
976
837
761
710
626
375
142
-193
-512
-853
-1215
-1458
-1710
-1908
-2025
-2060
-1999
-1884
-1861
-1873
-1852
-1898
-1798
-1884
-1924
-2011
-2058
-1974
-1950
-1792
-1587
-1342
-906
-637
-329
-45
35
353
379
637
804
806
997
974
1115
1293
1449
1641
1715
1835
1929
2038
2061
2076
1852
1628
1401
1112
864
595
284
51
-250
-460
-595
-728
-743
-887
-1029
-1145
-1260
-1348
-1422
-1587
-1709
-1758
-1734
-1591
-1434
-1205
-929
-722
-426
-168
71
301
428
498
589
688
868
1113
1311
1515
1743
1906
2169
2299
2435
2553
2427
2333
2138
1932
1738
1541
1262
1033
858
754
713
482
332
42
-260
-491
-896
-1167
-1521
-1777
-1983
-2106
-2143
-2095
-2123
-2100
-2038
-2172
-1906
-1982
-1984
-1971
-2233
-2050
-2176
-2049
-1782
-1658
-985
-821
-303
-86
147
545
557
981
807
994
1088
1053
1297
1343
1629
1762
1920
2090
2207
2341
2381
2284
1965
1790
1460
1262
963
630
316
54
-157
-373
-556
-683
-811
-1028
-1181
-1335
-1495
-1535
-1683
-1853
-1951
-1970
-1847
-1746
-1588
-1397
-1229
-949
-698
-462
-216
-1
137
234
408
567
788
1026
1256
1430
1679
1866
2115
2211
2357
2396
2301
2303
2109
2023
1816
1618
1452
1183
1113
911
777
559
296
51
-239
-473
-827
-1124
-1434
-1671
-1832
-1951
-2031
-2113
-2179
-2172
-2262
-2220
-2221
-2227
-2240
-2332
-2277
-2327
-2183
-2053
-1833
-1404
-1120
-618
-380
-75
261
501
871
904
1004
1066
1077
1244
1412
1592
1793
1957
2166
2357
2511
2613
2557
2314
2072
1744
1442
1161
788
454
164
-82
-215
-323
-382
-535
-764
-984
-1160
-1348
-1494
-1690
-1906
-1995
-2055
-1932
-1822
-1643
-1435
-1223
-1011
-805
-552
-332
-155
-91
-26
145
293
547
723
944
1273
1450
1827
1991
2143
2349
2345
2475
2330
2226
2232
1994
1834
1665
1454
1378
1235
1065
919
642
461
159
-245
-540
-937
-1250
-1528
-1787
-1966
-2025
-2083
-2210
-2261
-2374
-2343
-2423
-2529
-2463
-2691
-2575
-2624
-2610
-2351
-2131
-1605
-1429
-900
-663
-251
145
346
728
622
926
959
975
1243
1343
1598
1764
1969
2181
2423
2605
2753
2603
2405
2259
1907
1678
1306
900
556
262
9
-181
-337
-374
-522
-726
-866
-1042
-1198
-1316
-1602
-1830
-1959
-2045
-1942
-1942
-1819
-1625
-1443
-1123
-917
-669
-424
-230
-136
-29
108
258
476
580
814
992
1284
1623
1807
2006
2127
2279
2337
2336
2252
2172
2058
1882
1746
1525
1488
1331
1184
1039
773
605
317
22
-369
-781
-1092
-1393
-1662
-1854
-2001
-2119
-2126
-2288
-2289
-2333
-2442
-2369
-2613
-2581
-2670
-2793
-2565
-2500
-2103
-1791
-1347
-970
-576
-118
274
631
645
876
863
873
1099
1105
1342
1511
1722
2057
2311
2619
2863
2829
2767
2588
2262
2078
1675
1230
833
456
215
13
-172
-200
-350
-474
-528
-714
-823
-985
-1263
-1511
-1775
-1930
-1953
-1971
-1930
-1848
-1744
-1462
-1207
-978
-684
-523
-377
-255
-170
-25
95
211
382
542
758
1127
1368
1582
1843
1918
2182
2216
2255
2294
2066
2033
1853
1692
1627
1437
1311
1150
944
787
555
304
32
-346
-684
-951
-1295
-1509
-1740
-2009
-2082
-2303
-2267
-2430
-2548
-2544
-2816
-2690
-2929
-2818
-2721
-2601
-2185
-2113
-1587
-1361
-936
-472
-90
289
415
638
649
756
854
1018
1139
1275
1548
1779
2131
2428
2660
2721
2739
2657
2504
2280
1942
1537
1089
751
439
204
28
-102
-245
-354
-416
-495
-582
-724
-933
-1178
-1399
-1569
-1676
-1759
-1766
-1764
-1674
-1469
-1247
-1001
-796
-590
-453
-278
-113
41
126
208
295
470
722
895
1280
1359
1632
1855
1971
2304
2159
2326
2226
2011
2050
1822
1728
1565
1354
1252
1129
938
811
500
192
-39
-421
-642
-934
-1289
-1515
-1789
-2008
-2194
-2367
-2477
-2679
-2817
-2889
-2905
-3002
-2883
-2782
-2674
-2332
-2111
-1704
-1443
-1017
-587
-285
2
193
379
450
644
692
841
1035
1194
1493
1708
2061
2306
2476
2617
2636
2544
2450
2216
1895
1544
1165
886
538
307
132
-78
-178
-289
-400
-483
-593
-746
-916
-1119
-1255
-1424
-1566
-1615
-1698
-1701
-1614
-1478
-1328
-1131
-962
-752
-568
-362
-168
-24
119
258
379
545
751
913
1122
1308
1492
1684
1834
1990
2048
2077
2086
2037
1967
1879
1767
1579
1442
1251
1105
905
677
437
120
-103
-418
-678
-898
-1173
-1381
-1592
-1798
-1966
-2182
-2359
-2533
-2745
-2816
-2928
-2989
-2872
-2764
-2575
-2307
-2010
-1667
-1274
-844
-396
-121
74
325
374
521
650
722
850
952
1179
1436
1692
2027
2284
2416
2538
2587
2554
2480
2245
1944
1588
1237
956
656
407
202
-39
-188
-256
-352
-405
-507
-662
-811
-982
-1083
-1187
-1369
-1459
-1564
-1603
-1540
-1468
-1336
-1177
-1013
-806
-602
-372
-111
56
202
366
494
632
805
907
1037
1151
1315
1505
1589
1729
1842
1863
1928
1920
1827
1781
1641
1507
1286
1071
891
613
350
66
-208
-486
-676
-888
-1095
-1249
-1411
-1506
-1722
-1844
-2013
-2280
-2419
-2623
-2796
-2867
-2921
-2784
-2703
-2494
-2108
-1910
-1439
-1023
-599
-199
53
294
367
472
582
647
651
724
851
1013
1294
1545
1812
2009
2187
2322
2379
2371
2281
1999
1711
1394
1040
788
509
279
21
-150
-217
-276
-316
-358
-456
-586
-663
-783
-903
-1026
-1168
-1288
-1385
-1407
-1395
-1335
-1251
-1090
-962
-727
-441
-165
103
319
524
704
883
1073
1195
1250
1359
1412
1529
1601
1712
1791
1814
1923
1916
1985
1951
1855
1743
1510
1346
1082
811
467
96
-243
-546
-791
-1017
-1192
-1338
-1436
-1503
-1583
-1703
-1795
-2037
-2208
-2407
-2663
-2704
-2830
-2823
-2683
-2639
-2272
-1995
-1640
-1086
-715
-285
26
218
380
449
522
579
577
577
722
839
1080
1366
1510
1754
1870
2003
2104
2059
2007
1782
1481
1281
984
732
512
246
23
-167
-307
-354
-458
-547
-600
-710
-770
-770
-860
-922
-1018
-1133
-1165
-1236
-1254
-1249
-1264
-1203
-1080
-936
-636
-375
-104
179
395
700
933
1153
1338
1380
1469
1536
1585
1662
1694
1707
1764
1790
1859
1920
1895
1872
1756
1597
1468
1210
933
598
173
-167
-538
-785
-1012
-1215
-1379
-1482
-1557
-1637
-1657
-1850
-1981
-2210
-2387
-2516
-2716
-2671
-2682
-2640
-2434
-2221
-1918
-1524
-1099
-617
-291
-31
280
377
502
613
631
675
733
852
1013
1168
1377
1614
1703
1886
1996
1992
2025
1887
1679
1467
1206
985
711
427
226
-62
-263
-357
-518
-586
-688
-789
-859
-919
-917
-922
-1005
-1051
-1068
-1149
-1114
-1139
-1176
-1157
-1144
-1017
-867
-663
-386
-126
113
418
704
962
1246
1412
1556
1631
1698
1787
1796
1794
1794
1768
1781
1823
1838
1848
1782
1690
1571
1408
1215
941
597
222
-175
-508
-799
-1068
-1259
-1435
-1544
-1616
-1706
-1788
-1872
-1996
-2168
-2276
-2457
-2541
-2574
-2550
-2472
-2358
-2119
-1879
-1524
-1167
-686
-392
-126
180
268
476
572
687
766
775
933
1076
1229
1419
1616
1685
1825
1877
1905
1908
1776
1638
1380
1149
951
693
442
240
-35
-263
-402
-547
-676
-839
-938
-1040
-1155
-1155
-1129
-1158
-1165
-1139
-1149
-1123
-1127
-1114
-1125
-1091
-996
-884
-689
-430
-164
90
412
692
985
1269
1486
1630
1682
1795
1850
1892
1903
1877
1860
1862
1917
1920
1922
1848
1733
1573
1390
1196
890
565
188
-182
-516
-775
-978
-1215
-1348
-1482
-1593
-1692
-1824
-1919
-2078
-2179
-2262
-2377
-2432
-2397
-2323
-2264
-2001
-1813
-1486
-1162
-822
-396
-279
15
230
302
524
654
782
843
933
1089
1251
1392
1605
1735
1735
1872
1869
1848
1802
1634
1472
1249
1049
877
587
372
182
-114
-310
-452
-630
-776
-949
-1067
-1172
-1266
-1275
-1281
-1362
-1344
-1348
-1377
-1322
-1312
-1305
-1276
-1229
-1068
-873
-709
-381
-194
88
416
668
1014
1174
1380
1525
1591
1701
1742
1774
1760
1767
1738
1805
1790
1782
1778
1650
1572
1407
1229
1009
672
362
54
-275
-528
-779
-1002
-1133
-1283
-1422
-1529
-1692
-1782
-1911
-2047
-2106
-2228
-2310
-2277
-2214
-2175
-1976
-1762
-1554
-1204
-1020
-565
-329
-177
190
220
435
588
685
845
887
1020
1191
1331
1461
1643
1658
1742
1828
1741
1776
1647
1504
1353
1118
986
772
492
336
76
-189
-341
-538
-694
-853
-1045
-1144
-1275
-1357
-1318
-1386
-1421
-1416
-1472
-1422
-1399
-1391
-1331
-1249
-1132
-951
-768
-517
-191
9
363
672
888
1185
1339
1503
1601
1618
1752
1726
1713
1752
1707
1721
1730
1724
1704
1627
1548
1421
1221
1001
753
416
150
-118
-402
-589
-757
-896
-1046
-1153
-1275
-1364
-1545
-1650
-1744
-1929
-1961
-2086
-2092
-1931
-1959
-1713
-1581
-1401
-1045
-899
-516
-308
-190
92
173
314
457
586
717
847
979
1163
1381
1451
1685
1705
1728
1803
1699
1698
1580
1391
1263
1026
870
708
469
301
100
-186
-371
-549
-739
-897
-1073
-1195
-1312
-1431
-1422
-1470
-1567
-1545
-1600
-1603
-1555
-1540
-1475
-1386
-1296
-1097
-921
-664
-319
-109
196
485
679
914
1062
1232
1283
1306
1407
1441
1435
1480
1514
1514
1560
1584
1577
1496
1398
1267
1059
832
617
329
92
-98
-346
-496
-644
-746
-851
-1026
-1063
-1199
-1312
-1383
-1530
-1603
-1746
-1772
-1729
-1708
-1588
-1457
-1307
-1147
-920
-700
-437
-275
-128
90
209
437
590
702
908
1003
1194
1360
1490
1610
1649
1672
1695
1672
1630
1597
1470
1332
1216
1074
961
790
587
394
143
-54
-263
-473
-660
-883
-1065
-1182
-1294
-1360
-1397
-1462
-1479
-1498
-1496
-1450
-1456
-1420
-1379
-1324
-1217
-1037
-882
-651
-434
-224
79
234
504
646
766
919
975
1086
1098
1183
1224
1250
1304
1332
1385
1329
1331
1214
1100
978
786
623
372
177
6
-167
-270
-419
-531
-655
-737
-799
-949
-997
-1171
-1236
-1376
-1427
-1437
-1520
-1346
-1380
-1191
-1108
-935
-677
-644
-305
-271
-98
53
142
359
398
622
705
885
1034
1222
1402
1452
1640
1619
1672
1685
1628
1605
1458
1377
1259
1114
1012
878
694
547
382
181
16
-178
-360
-565
-769
-916
-1050
-1186
-1243
-1352
-1446
-1441
-1451
-1425
-1411
-1397
-1340
-1281
-1210
-1043
-952
-840
-618
-519
-284
-93
59
272
342
509
609
689
811
872
913
965
1017
1037
1084
1061
1046
1012
924
861
723
574
473
321
201
92
-48
-99
-266
-325
-448
-586
-627
-809
-836
-992
-1090
-1125
-1238
-1219
-1214
-1136
-1056
-963
-850
-744
-623
-509
-329
-272
-136
-11
97
248
383
546
703
867
1042
1220
1344
1481
1587
1609
1641
1641
1578
1538
1445
1338
1209
1074
980
848
679
592
429
264
113
-72
-219
-409
-572
-719
-905
-1037
-1128
-1261
-1347
-1380
-1410
-1422
-1396
-1347
-1273
-1217
-1102
-970
-904
-757
-633
-500
-393
-272
-136
-49
81
168
296
370
486
608
617
716
718
761
787
770
747
638
609
494
424
310
245
167
69
36
-83
-115
-261
-276
-418
-517
-581
-782
-782
-992
-978
-1087
-1123
-1032
-1072
-921
-949
-754
-753
-651
-508
-495
-265
-286
-85
-13
97
306
389
596
695
887
1015
1172
1309
1385
1487
1510
1562
1538
1517
1500
1418
1317
1246
1118
996
858
685
564
363
241
96
-74
-201
-357
-473
-597
-714
-846
-936
-1043
-1111
-1165
-1228
-1204
-1242
-1217
-1152
-1062
-956
-836
-731
-620
-521
-439
-266
-219
-109
-21
42
179
217
344
416
479
559
593
647
649
699
659
639
588
506
459
359
329
225
162
136
30
-2
-114
-175
-268
-413
-441
-606
-648
-758
-834
-865
-973
-929
-963
-896
-853
-830
-702
-711
-576
-534
-452
-307
-242
-74
28
203
342
505
657
808
929
1052
1193
1273
1364
1418
1458
1492
1493
1492
1472
1432
1368
1305
1166
1052
896
705
559
363
235
77
-71
-229
-349
-484
-573
-684
-798
-869
-983
-1022
-1083
-1133
-1142
-1161
-1130
-1081
-1008
-924
-830
-756
-651
-541
-484
-335
-272
-180
-80
-12
105
156
238
336
383
455
511
534
547
560
522
504
454
381
352
256
234
168
121
71
-5
-68
-158
-203
-307
-377
-491
-590
-670
-767
-776
-844
-861
-906
-910
-880
-921
-825
-837
-772
-741
-708
-575
-536
-347
-233
-82
111
260
459
582
763
884
991
1099
1152
1255
1258
1352
1381
1399
1441
1432
1459
1399
1354
1257
1132
991
819
644
442
276
82
-102
-237
-398
-479
-613
-693
-773
-869
-905
-964
-1004
-1029
-1037
-1038
-1004
-983
-918
-857
-789
-684
-593
-488
-392
-279
-187
-94
20
109
211
263
337
394
443
512
535
549
542
541
538
530
510
467
441
360
313
254
178
130
57
-6
-98
-153
-271
-333
-444
-536
-582
-707
-714
-791
-858
-869
-940
-937
-969
-955
-964
-975
-913
-901
-784
-735
-586
-457
-335
-89
52
243
397
548
696
809
932
998
1081
1114
1180
1239
1261
1338
1341
1336
1345
1284
1227
1131
984
854
661
505
331
131
-42
-227
-370
-513
-604
-720
-821
-883
-968
-978
-1027
-1048
-1041
-1045
-981
-913
-854
-785
-689
-634
-539
-433
-339
-216
-144
-45
62
144
280
395
477
568
633
693
724
750
741
724
674
640
613
560
551
507
440
400
344
291
233
140
59
-11
-111
-170
-288
-381
-448
-560
-575
-659
-676
-715
-792
-794
-882
-891
-916
-946
-919
-953
-900
-859
-775
-678
-569
-398
-282
-87
43
207
349
444
618
662
794
920
970
1093
1130
1202
1260
1290
1328
1293
1231
1153
1067
925
800
678
498
365
232
70
-45
-195
-324
-444
-587
-654
-750
-857
-903
-976
-1008
-1004
-989
-945
-900
-821
-737
-631
-537
-424
-317
-268
-149
-62
24
164
236
346
434
513
635
696
771
820
847
866
881
863
811
788
716
666
612
531
492
387
323
258
145
89
-13
-112
-191
-312
-388
-483
-569
-621
-721
-763
-821
-880
-911
-965
-949
-979
-959
-947
-971
-892
-884
-783
-692
-643
-464
-409
-236
-108
-31
152
201
344
463
525
669
709
807
868
906
974
945
985
941
926
869
780
737
618
548
465
341
266
127
39
-72
-203
-268
-417
-490
-602
-686
-739
-798
-796
-805
-788
-737
-692
-605
-549
-465
-379
-320
-221
-166
-92
-12
49
143
234
304
426
489
611
662
761
816
841
887
842
857
813
772
742
675
639
585
519
486
381
346
247
178
98
-12
-79
-202
-263
-357
-451
-520
-630
-702
-778
-854
-876
-939
-957
-981
-1002
-993
-1002
-956
-896
-834
-757
-687
-599
-529
-425
-329
-245
-123
-38
105
182
283
408
475
586
654
729
790
817
828
793
787
746
711
662
586
546
456
405
354
270
187
96
-3
-109
-199
-289
-381
-455
-542
-586
-624
-657
-611
-623
-580
-529
-496
-428
-401
-343
-300
-256
-190
-120
-29
33
129
206
281
387
441
532
583
616
666
663
689
701
719
719
709
690
667
628
579
518
462
400
328
249
114
37
-91
-172
-262
-333
-390
-470
-527
-611
-661
-722
-747
-782
-796
-829
-854
-880
-899
-890
-887
-846
-807
-763
-686
-602
-508
-419
-323
-208
-106
18
99
184
263
324
398
441
489
555
564
602
619
632
667
650
679
655
667
636
594
539
461
399
301
209
113
0
-89
-151
-226
-254
-293
-302
-296
-288
-268
-252
-238
-221
-209
-206
-200
-191
-198
-174
-147
-112
-45
6
75
136
208
278
344
386
445
479
498
520
529
513
512
505
482
473
441
418
386
345
306
256
195
145
86
22
-41
-120
-208
-286
-366
-436
-495
-542
-558
-607
-648
-657
-695
-719
-717
-740
-731
-715
-706
-665
-659
-622
-583
-528
-503
-422
-347
-286
-172
-123
-55
16
67
104
193
199
286
327
353
402
397
434
451
478
458
487
453
432
420
366
316
288
229
184
142
64
49
-5
-36
-38
-59
-63
-56
-65
-79
-60
-76
-68
-60
-73
-54
-39
-28
-6
16
29
80
104
138
178
202
224
260
293
308
342
354
356
363
369
381
377
366
364
349
326
299
271
229
197
172
112
71
13
-31
-77
-139
-188
-242
-295
-340
-373
-401
-413
-434
-460
-490
-509
-538
-539
-551
-557
-565
-567
-559
-546
-513
-470
-425
-371
-323
-283
-226
-202
-147
-116
-99
-60
-15
2
47
84
99
165
187
215
251
260
273
292
258
243
238
204
196
171
140
133
130
103
115
110
109
118
111
95
92
64
46
32
10
12
21
31
38
55
62
85
107
123
143
160
158
178
181
182
191
192
193
216
235
237
256
254
264
286
281
285
291
264
255
238
197
167
130
81
51
1
-39
-68
-89
-119
-132
-153
-182
-180
-203
-215
-247
-275
-305
-339
-372
-409
-437
-459
-467
-469
-449
-420
-382
-342
-325
-293
-265
-266
-252
-251
-259
-245
-232
-219
-192
-154
-128
-69
-36
11
55
82
98
115
136
118
134
114
113
118
109
112
118
114
133
155
155
181
183
183
177
172
150
138
126
122
110
97
96
92
98
92
92
85
100
103
119
132
126
140
139
143
143
144
137
147
158
141
159
171
180
207
234
239
257
258
230
228
212
194
176
149
117
86
64
35
25
15
-4
-4
-17
-36
-38
-46
-81
-104
-137
-178
-193
-243
-279
-310
-349
-360
-372
-383
-372
-367
-361
-339
-330
-310
-299
-289
-264
-260
-256
-256
-241
-223
-210
-190
-179
-154
-136
-103
-56
-30
-2
28
34
53
64
63
81
76
70
74
70
69
81
74
76
84
81
84
93
90
84
71
68
59
50
39
27
28
23
27
29
20
6
1
0
-2
1
10
12
27
48
69
87
118
135
151
181
193
218
217
213
221
222
210
228
218
210
217
202
201
203
199
196
204
189
176
152
129
108
77
53
39
6
-28
-39
-73
-78
-86
-98
-106
-100
-111
-119
-122
-138
-133
-153
-164
-167
-176
-178
-161
-158
-152
-142
-126
-121
-112
-105
-110
-95
-94
-83
-72
-77
-71
-62
-48
-23
-13
-18
-13
-12
-19
-28
-32
-37
-39
-39
-44
-29
-36
-23
-27
-14
-15
-27
-31
-49
-53
-87
-89
-109
-119
-115
-115
-115
-104
-101
-88
-77
-73
-63
-59
-35
-20
-1
-2
20
43
56
79
99
106
122
138
131
139
132
129
122
133
130
141
149
139
170
163
155
159
141
130
125
102
86
65
49
27
21
23
26
26
10
7
3
-6
-12
-12
-35
-36
-41
-58
-58
-72
-84
-84
-87
-87
-80
-84
-75
-69
-65
-47
-38
-25
-8
-5
12
23
12
6
7
-12
-27
-38
-53
-59
-60
-59
-57
-47
-47
-41
-45
-55
-52
-67
-77
-88
-107
-127
-144
-155
-162
-167
-166
-161
-149
-140
-129
-113
-106
-90
-78
-63
-50
-41
-24
-17
-5
17
29
46
67
85
100
111
114
128
146
151
154
163
171
174
176
165
161
159
147
141
130
115
107
101
95
89
86
82
78
81
75
76
71
60
54
43
34
34
22
19
23
26
30
31
27
19
11
-8
-5
-12
-20
-21
-22
-7
7
17
31
50
54
57
51
48
41
21
-5
-17
-31
-43
-41
-40
-30
-21
-23
-23
-16
-20
-29
-40
-55
-71
-89
-109
-122
-134
-144
-147
-146
-138
-131
-124
-121
-126
-119
-112
-105
-96
-93
-85
-84
-81
-77
-77
-82
-70
-63
-62
-50
-37
-22
-2
16
37
57
82
100
110
118
113
103
83
74
68
50
45
38
31
31
45
53
68
78
84
90
89
91
79
66
55
46
25
25
22
12
11
12
17
15
22
32
37
42
43
42
47
48
44
37
29
26
22
18
19
18
10
10
7
5
9
6
7
16
24
29
30
35
41
34
27
29
22
12
6
-3
-13
-24
-26
-33
-35
-34
-27
-30
-25
-21
-27
-28
-30
-29
-40
-41
-46
-52
-52
-51
-45
-31
-15
-4
8
18
29
41
47
48
60
61
70
74
76
79
74
70
71
68
70
80
76
76
65
50
44
31
18
6
-6
-15
-23
-28
-29
-34
-43
-46
-49
-50
-54
-59
-65
-68
-68
-71
-73
-75
-76
-83
-90
-98
-98
-100
-102
-101
-100
-97
-96
-87
-84
-82
-75
-73
-69
-68
-76
-74
-77
-87
-93
-90
-86
-79
-70
-64
-47
-30
-14
3
9
17
21
18
20
23
18
21
26
26
38
51
61
75
83
91
96
101
107
103
91
86
86
79
78
81
81
82
91
94
100
102
112
115
117
117
115
116
111
114
108
107
101
92
87
87
75
62
54
43
33
34
25
20
22
8
11
6
3
-1
-9
-22
-26
-35
-39
-44
-55
-51
-52
-51
-46
-40
-42
-44
-50
-58
-65
-71
-79
-81
-81
-86
-88
-95
-97
-95
-96
-100
-101
-106
-109
-115
-119
-123
-121
-116
-114
-109
-105
-94
-87
-81
-76
-68
-60
-49
-48
-41
-42
-42
-41
-41
-29
-26
-12
0
8
13
24
34
43
47
51
54
53
56
58
61
60
65
68
70
73
82
83
90
94
101
104
111
116
111
108
106
110
102
102
96
90
88
74
68
64
58
57
53
50
43
32
28
21
19
11
6
-2
-13
-15
-24
-29
-32
-32
-31
-32
-36
-39
-42
-46
-51
-53
-58
-59
-63
-66
-77
-87
-88
-92
-93
-91
-92
-92
-97
-101
-93
-94
-89
-88
-88
-85
-82
-83
-84
-80
-81
-79
-72
-65
-59
-56
-59
-49
-40
-36
-33
-27
-23
-20
-18
-15
-14
-6
6
16
30
34
37
46
48
61
65
69
78
80
83
78
78
83
82
88
95
98
105
106
113
111
113
115
115
121
121
120
118
115
110
98
92
88
78
72
64
52
38
29
23
13
10
4
1
0
-3
-10
-14
-17
-27
-35
-48
-56
-58
-65
-65
-70
-73
-72
-74
-75
-79
-78
-84
-84
-90
-95
-97
-106
-106
-110
-120
-124
-120
-123
-130
-134
-129
-128
-133
-128
-126
-125
-121
-120
-111
-105
-96
-87
-77
-70
-64
-63
-68
-66
-66
-60
-51
-43
-28
-17
-2
11
24
33
42
50
54
61
67
73
78
80
85
89
96
106
115
122
133
137
139
145
144
147
145
140
141
141
142
143
145
143
139
139
137
131
124
114
105
97
87
78
69
63
53
41
31
24
15
5
-3
-8
-10
-15
-13
-16
-17
-16
-21
-21
-24
-29
-33
-41
-53
-54
-57
-63
-63
-68
-63
-59
-60
-62
-64
-66
-71
-78
-87
-94
-100
-101
-104
-109
-107
-101
-99
-93
-91
-89
-81
-81
-79
-68
-65
-60
-55
-56
-56
-50
-44
-38
-29
-22
-16
-7
-5
5
9
16
27
31
41
46
52
58
62
69
78
83
86
94
98
101
105
110
117
121
120
124
123
120
118
109
104
102
93
91
86
82
76
70
67
59
56
50
45
37
29
20
11
4
-5
-18
-24
-35
-41
-51
-56
-58
-63
-69
-68
-72
-75
-74
-79
-79
-80
-84
-87
-89
-89
-91
-90
-87
-91
-90
-91
-93
-95
-92
-92
-90
-83
-82
-74
-73
-70
-67
-68
-63
-55
-53
-55
-57
-57
-58
-59
-55
-49
-42
-35
-29
-20
-10
-6
2
9
12
16
19
22
22
29
31
41
53
53
67
79
87
92
99
97
101
112
109
113
118
112
112
106
105
106
106
104
103
100
92
90
89
82
77
73
66
63
53
47
40
35
33
25
24
18
7
6
3
-2
-4
-9
-10
-15
-20
-29
-33
-33
-39
-43
-49
-56
-64
-71
-74
-76
-72
-70
-69
-70
-72
-77
-77
-79
-86
-90
-98
-102
-103
-101
-103
-103
-101
-96
-87
-85
-80
-78
-75
-69
-65
-62
-59
-56
-45
-39
-43
-42
-46
-39
-33
-32
-26
-22
-22
-23
-18
-13
-9
-6
4
15
21
28
39
48
58
63
71
79
85
90
95
93
96
95
96
97
97
102
99
95
90
88
82
87
88
86
87
80
72
68
65
60
61
57
52
46
41
40
40
40
36
40
41
40
41
32
28
28
23
18
14
8
-4
-9
-17
-28
-33
-34
-43
-49
-54
-58
-60
-66
-70
-70
-75
-81
-82
-87
-90
-97
-106
-110
-109
-112
-113
-110
-106
-106
-104
-99
-92
-88
-84
-84
-84
-80
-78
-74
-66
-59
-51
-46
-40
-34
-32
-26
-17
-5
-1
8
16
17
21
25
32
38
41
45
52
58
61
65
66
64
70
74
76
76
80
86
86
86
84
84
85
87
86
81
77
78
78
76
73
70
66
61
58
54
55
55
56
62
65
64
62
59
55
51
48
44
39
33
27
22
16
9
6
0
-6
-12
-19
-28
-36
-42
-46
-54
-62
-69
-79
-91
-102
-109
-116
-118
-124
-127
-125
-129
-132
-135
-138
-136
-131
-130
-126
-117
-109
-104
-100
-102
-102
-97
-90
-85
-84
-85
-81
-76
-65
-55
-46
-39
-35
-28
-26
-19
-9
3
12
19
20
25
31
38
44
47
47
53
60
61
63
64
64
70
73
75
83
93
101
102
104
106
106
110
106
105
104
101
103
103
102
104
106
110
110
115
118
122
131
128
127
127
126
118
112
108
98
90
84
78
72
65
56
48
35
24
18
10
-4
-12
-24
-36
-44
-51
-60
-64
-71
-77
-78
-87
-91
-93
-100
-105
-110
-113
-115
-116
-113
-115
-116
-117
-124
-121
-118
-121
-116
-113
-111
-111
-104
-102
-103
-99
-100
-92
-87
-82
-77
-69
-62
-56
-50
-46
-38
-31
-27
-21
-14
-7
-4
-2
1
0
2
2
4
9
13
21
26
31
38
45
51
56
59
66
72
73
77
86
86
90
93
99
103
106
113
113
116
118
118
118
122
128
125
124
121
118
116
112
112
100
94
85
75
68
62
54
42
34
27
16
9
1
-10
-15
-22
-33
-43
-54
-63
-68
-74
-81
-85
-94
-101
-102
-105
-112
-115
-117
-116
-116
-115
-112
-114
-112
-106
-105
-102
-98
-97
-96
-89
-81
-79
-77
-72
-65
-62
-55
-48
-42
-47
-41
-35
-33
-29
-27
-23
-19
-18
-19
-16
-10
-7
-1
2
3
7
6
12
18
19
24
30
36
43
51
61
67
68
74
80
80
85
91
89
97
97
102
110
113
118
122
126
125
125
125
126
121
118
115
111
109
100
92
82
75
66
62
51
40
33
25
20
11
6
-2
-11
-20
-34
-50
-60
-71
-76
-85
-98
-108
-115
-121
-125
-127
-134
-135
-135
-131
-127
-127
-125
-121
-121
-123
-121
-118
-117
-115
-113
-109
-106
-101
-93
-85
-75
-72
-67
-63
-55
-47
-47
-41
-37
-37
-36
-35
-34
-32
-35
-32
-32
-31
-25
-22
-13
-7
0
2
5
12
12
16
17
17
24
30
39
47
54
57
65
70
77
86
91
95
106
115
121
125
127
134
137
140
138
136
141
141
142
138
137
131
125
119
113
110
101
93
85
74
64
54
43
35
22
14
8
1
-4
-11
-16
-27
-34
-40
-48
-53
-57
-61
-66
-71
-74
-79
-81
-82
-89
-89
-86
-86
-87
-89
-89
-91
-90
-93
-93
-88
-85
-82
-80
-80
-75
-75
-71
-67
-73
-72
-66
-62
-58
-55
-51
-45
-41
-41
-36
-34
-35
-30
-25
-21
-18
-13
-9
-8
-7
-7
1
-1
6
17
18
23
28
38
42
48
54
56
60
68
71
77
82
87
89
96
102
101
104
104
105
106
104
100
99
95
93
94
88
85
76
69
64
59
51
45
38
28
18
12
7
-3
-7
-16
-23
-30
-35
-35
-38
-40
-40
-42
-46
-50
-58
-64
-68
-69
-69
-68
-69
-66
-62
-60
-58
-58
-50
-51
-44
-39
-36
-36
-39
-40
-38
-35
-34
-35
-32
-29
-33
-36
-34
-31
-27
-28
-28
-25
-29
-27
-28
-27
-27
-26
-25
-25
-27
-23
-18
-16
-12
-8
-4
5
11
16
23
35
46
59
68
75
82
83
85
91
94
96
100
103
104
104
100
101
104
102
100
96
95
92
88
80
75
71
64
57
45
40
31
23
9
1
-2
-10
-17
-23
-32
-36
-42
-43
-41
-48
-49
-55
-61
-63
-67
-70
-72
-78
-75
-78
-79
-76
-81
-77
-71
-65
-63
-58
-50
-45
-40
-35
-34
-32
-26
-28
-28
-30
-31
-28
-32
-33
-29
-28
-34
-36
-34
-29
-26
-27
-25
-20
-21
-23
-24
-28
-27
-32
-28
-27
-25
-20
-17
-15
-12
-2
7
10
12
18
24
29
34
37
41
43
44
49
51
58
62
64
68
72
77
73
75
77
79
78
77
74
66
61
57
53
54
55
53
46
43
40
36
29
27
30
25
24
26
27
25
21
23
18
19
11
9
11
9
11
7
11
5
-3
-4
-8
-11
-7
-10
-12
-14
-16
-14
-20
-19
-24
-25
-28
-29
-34
-30
-28
-30
-32
-31
-25
-27
-31
-30
-24
-27
-25
-23
-28
-30
-35
-35
-31
-31
-31
-33
-35
-35
-31
-27
-28
-26
-25
-23
-22
-24
-24
-22
-15
-14
-9
-5
-3
-2
-5
2
3
4
2
2
9
8
10
10
14
14
16
22
28
25
25
29
26
29
30
26
23
22
26
25
24
26
23
21
20
19
18
17
16
13
11
7
7
8
6
10
9
6
5
3
5
8
3
-4
0
-2
-2
-4
-7
-7
-8
-7
-9
-8
-7
-9
-9
-13
-13
-13
-16
-16
-21
-20
-18
-17
-17
-19
-17
-15
-17
-18
-19
-18
-19
-18
-19
-21
-20
-17
-16
-19
-20
-21
-19
-21
-19
-19
-19
-18
-17
-16
-17
-15
-13
-15
-12
-8
-2
0
1
5
7
11
10
13
14
18
22
25
28
30
33
35
35
35
34
34
36
36
36
39
39
36
38
36
37
37
32
28
26
24
20
17
14
10
7
5
7
4
6
4
4
3
3
1
-2
-3
-5
-7
-9
-13
-16
-17
-19
-18
-20
-17
-17
-15
-15
-14
-12
-13
-12
-12
-13
-14
-14
-13
-15
-16
-16
-16
-18
-21
-22
-24
-22
-23
-23
-21
-22
-23
-27
-27
-27
-25
-24
-25
-26
-28
-28
-28
-27
-26
-26
-28
-27
-25
-24
-22
-21
-16
-14
-11
-7
-5
-2
0
3
5
7
9
10
12
13
16
20
23
25
26
29
31
32
33
34
36
34
32
31
31
30
31
28
27
27
24
23
21
22
22
19
18
18
17
16
14
15
16
16
16
15
16
14
13
12
11
10
9
9
7
7
4
4
2
1
5
2
1
-1
-4
-6
-7
-9
-13
-14
-14
-16
-17
-18
-19
-21
-23
-24
-26
-26
-27
-28
-27
-28
-26
-27
-24
-23
-20
-20
-18
-17
-14
-12
-10
-9
-11
-10
-10
-10
-7
-7
-7
-5
-2
0
0
1
2
1
3
3
3
3
5
5
7
6
7
9
7
10
9
9
10
10
11
11
12
10
13
11
14
14
12
14
12
13
12
12
11
9
10
8
8
9
8
8
10
9
7
10
11
10
8
8
7
5
6
4
1
3
1
-1
-2
-2
-2
-4
-6
-6
-8
-10
-9
-8
-9
-9
-9
-9
-9
-9
-8
-10
-9
-11
-11
-10
-9
-9
-10
-9
-9
-7
-7
-6
-8
-7
-6
-6
-5
-3
-4
-4
-4
-5
-5
-7
-7
-6
-7
-6
-6
-7
-6
-4
-5
-4
-4
-3
-4
-3
-3
-3
-2
-1
0
0
0
1
3
1
1
2
4
4
6
6
7
8
7
8
8
9
10
9
9
9
8
10
9
9
9
9
9
7
7
8
8
7
6
6
4
4
3
1
0
0
-2
-3
-2
-4
-3
-3
-4
-5
-4
-3
-3
-5
-6
-6
-6
-5
-5
-4
-3
-3
-3
-2
-1
-1
-2
-3
-3
-2
-3
-3
-5
-4
-6
-7
-8
-9
-9
-10
-11
-11
-13
-14
-13
-13
-15
-16
-17
-16
-16
-17
-16
-16
-16
-14
-15
-14
-13
-13
-13
-13
-11
-11
-8
-7
-5
-5
-3
-1
-2
0
1
1
1
2
3
4
6
6
6
7
8
10
11
9
11
11
10
9
11
11
11
12
11
10
10
9
9
8
9
9
9
8
7
7
9
9
9
10
9
10
10
9
9
8
10
9
9
9
10
9
9
10
11
10
10
9
8
9
8
7
5
5
5
3
2
0
0
-2
-3
-4
-4
-5
-6
-8
-8
-8
-9
-9
-9
-9
-9
-10
-9
-11
-10
-10
-11
-10
-9
-9
-9
-10
-10
-9
-8
-8
-6
-5
-5
-4
-3
-1
1
2
3
3
4
3
3
4
3
4
5
5
7
7
7
8
7
8
9
9
9
9
8
8
9
9
8
9
8
8
8
6
6
6
5
5
4
4
4
5
4
4
4
3
3
2
1
0
-1
0
-1
-2
-2
-2
-3
-3
-3
-4
-4
-6
-5
-8
-7
-6
-8
-7
-7
-7
-5
-7
-7
-9
-9
-8
-8
-8
-9
-7
-6
-7
-7
-6
-5
-5
-6
-6
-5
-4
-5
-4
-4
-2
-1
-1
-1
-1
0
0
-1
-1
0
1
1
1
2
1
2
1
2
2
3
2
2
2
1
3
2
4
3
4
5
6
5
6
6
5
6
5
5
5
6
6
7
8
8
7
6
6
7
6
5
5
5
6
6
6
4
3
3
2
2
1
-1
-1
-1
-1
-3
-2
-3
-4
-3
-4
-4
-4
-5
-5
-6
-7
-7
-7
-8
-8
-8
-7
-7
-7
-7
-8
-7
-8
-8
-7
-8
-9
-8
-9
-7
-6
-4
-5
-5
-4
-3
-3
-2
-2
0
-1
1
0
1
2
2
1
1
1
2
2
2
2
3
4
3
4
4
5
5
5
5
5
5
4
3
4
3
3
3
4
4
4
4
2
1
1
1
0
1
0
2
1
1
3
2
2
2
1
1
1
2
0
0
1
2
1
2
2
2
3
2
4
3
3
4
3
3
2
4
3
2
2
2
1
0
0
1
0
0
0
0
0
0
-1
0
0
-1
0
1
0
-1
0
0
0
0
0
0
1
-1
0
-1
-1
0
0
0
1
0
1
0
0
0
0
0
0
1
0
0
1
1
1
0
-1
-2
0
0
0
0
-1
-1
-1
-1
-1
-1
-2
-1
0
0
0
0
-2
-1
-2
-4
-4
-5
-5
-6
-6
-7
-6
-6
-6
-7
-6
-5
-4
-4
-4
-3
-3
-3
-3
-3
-2
-2
-1
0
-1
-1
-1
-1
-1
-2
-1
0
1
2
2
