1
1
5
4
4
4
1
0
-1
-3
-3
-1
1
2
1
1
0
-1
-1
1
2
2
1
0
-2
-4
-5
-4
-5
-6
-3
-3
-2
-1
-1
-1
-2
-2
0
0
-1
-1
-2
-4
-5
-7
-7
-5
-4
-2
-2
0
-1
-3
-3
-2
-1
1
1
0
-2
-2
-5
-6
-7
-5
-4
-4
-4
-3
-2
-1
0
0
3
3
3
2
0
-1
-4
-4
-4
-5
-3
-1
-1
0
2
2
3
4
5
5
3
3
1
-3
-3
-4
-4
-3
-2
-1
1
2
4
3
4
5
4
5
4
3
2
-1
-2
-1
0
2
4
5
7
6
5
7
6
6
7
5
3
3
1
1
3
1
2
3
2
6
4
5
6
4
2
3
0
2
3
2
2
-1
-3
-1
-1
1
3
1
1
-1
-3
-2
-3
-3
-2
0
0
2
0
0
-1
-3
-2
0
0
3
1
0
0
-1
-1
0
1
2
2
1
0
-2
0
-1
0
3
0
0
1
1
1
0
-3
-1
-4
-4
0
-2
-1
0
-2
-1
1
1
5
4
4
1
-3
-3
-3
-6
-3
-2
-5
-4
-1
-1
0
3
3
5
3
2
2
-2
-5
-6
-10
-9
-8
-8
-3
-2
-3
-2
0
3
4
6
7
4
1
-2
-4
-3
-5
-3
-2
0
2
2
4
7
4
1
6
4
4
7
1
3
-3
-8
-2
-3
-4
3
1
1
1
-3
3
4
-2
4
4
-3
2
1
-5
0
-6
-3
1
-2
4
6
0
5
4
-3
6
4
2
7
3
2
2
-3
4
1
-1
3
3
0
7
2
3
2
-3
-1
1
1
-1
0
-4
-6
-8
-7
-5
-2
-5
-1
-1
-3
-1
-1
-3
1
-3
-4
0
-3
-2
0
-2
2
1
-2
6
4
3
3
2
1
-2
2
0
2
-1
-3
-3
-2
-3
4
0
1
2
-3
-1
2
-4
3
-1
-4
3
-4
-2
4
-3
0
0
-1
6
0
4
8
-1
-3
2
0
2
2
1
3
-4
-2
-2
-3
-1
-3
2
0
-1
-3
0
-5
-6
-9
-6
-5
-6
-2
1
-8
-2
-6
-7
-3
-4
-4
-3
-4
-7
-8
-9
-6
-9
-8
-3
-4
-6
4
0
0
4
1
2
12
8
4
9
3
2
-4
2
7
-1
0
8
-2
-4
5
-3
1
-2
-5
-1
0
-9
3
-9
-5
-11
-11
-2
-2
-9
6
6
-3
2
12
3
4
9
9
8
-3
10
7
0
12
12
10
8
12
16
5
-2
8
8
-10
-3
4
-1
-13
-12
7
-5
-6
8
10
1
-5
-1
7
-6
2
13
0
3
1
-1
9
1
11
12
0
5
4
-8
-6
-9
-10
-15
-20
-9
-6
-13
-13
-4
-11
-21
-8
-8
-14
-12
-1
-6
-16
-6
1
-10
-13
7
7
-15
-11
0
-14
-23
-15
-4
-3
-11
2
5
-7
-9
-13
0
-10
-13
6
-2
3
4
7
26
18
8
33
10
7
12
-4
4
-9
-20
-12
-17
1
-3
-15
1
-10
-19
-24
-9
7
-11
-13
-7
-2
-6
-11
10
28
16
10
36
28
2
37
13
25
14
24
27
6
24
32
5
25
23
16
5
15
2
-8
5
3
-2
-4
13
-3
6
-4
24
-9
-31
11
9
-41
-10
29
8
-27
9
40
-17
-44
27
18
-44
5
4
-21
-37
3
8
-17
12
13
-13
-22
-1
-31
-15
-11
-8
-15
-9
-14
11
-24
15
1
6
6
-13
15
5
-9
-13
5
-17
-1
-3
-1
-1
7
8
-12
-1
15
-25
-15
-2
-3
-21
-9
-8
-18
7
-8
22
18
13
22
0
8
-6
4
6
-3
36
-15
15
2
-8
1
-29
23
6
-53
10
3
-40
-27
-1
4
-29
7
14
-7
0
24
8
-23
33
8
-19
27
22
2
-2
-5
16
-21
-46
72
-60
-76
19
-24
-98
-54
-15
-24
-102
-31
23
-46
-120
31
-11
-121
29
-6
-46
-35
-32
32
-78
-41
72
-2
-18
24
34
8
-26
7
45
-31
-4
39
14
11
28
29
55
-11
63
80
36
49
74
66
40
11
52
54
64
51
105
99
30
87
67
58
75
53
82
29
27
124
5
54
66
53
38
46
93
52
27
58
70
10
24
40
14
-7
47
19
46
7
31
50
23
-3
31
10
30
-38
-16
62
-28
-89
-12
73
-70
-142
92
-25
-124
-103
-30
9
-253
-55
47
-204
-72
-116
-103
-46
-278
-58
-52
-187
-149
-84
-119
-155
-236
-26
-144
-215
-78
-39
-208
-132
0
-151
-162
-27
-74
-109
-133
-1
-75
-136
7
-50
-68
-23
-13
-15
-23
14
16
-29
35
40
19
64
87
112
107
135
156
197
178
194
237
220
213
248
231
257
221
254
242
205
235
214
208
216
206
187
148
150
179
55
114
154
16
109
73
85
172
-31
130
66
2
71
-12
111
138
-112
34
86
-138
-108
37
-42
-40
-163
-3
-26
-359
-36
-81
-279
-79
-124
-128
-237
-262
-49
-185
-345
-75
-151
-298
-245
-230
-149
-293
-351
-167
-241
-371
-195
-259
-298
-245
-292
-251
-295
-275
-242
-259
-248
-218
-230
-191
-207
-145
-122
-77
-74
-48
-24
-16
-22
56
104
69
163
189
193
224
268
306
332
320
369
398
356
360
366
336
315
306
300
284
263
247
229
205
160
137
97
65
35
56
2
-10
35
5
-8
47
45
101
44
79
141
116
108
120
177
134
113
128
171
158
60
114
192
69
103
133
77
44
12
-6
-7
-43
-49
-71
-138
-68
-149
-83
-119
-163
-56
-185
-169
-74
-129
-155
-95
-174
-57
-218
-248
38
-204
-281
-13
-179
-149
-264
-166
-152
-266
-292
-242
-148
-445
-182
-110
-583
-151
-252
-417
-274
-368
-156
-317
-428
-66
-316
-399
-164
-182
-252
-128
-10
-141
-207
-20
-58
-79
-8
120
61
71
194
198
196
200
283
311
268
381
399
337
343
378
364
332
316
314
289
242
270
226
187
173
145
96
70
104
53
51
67
88
85
43
92
72
113
86
168
143
101
257
134
199
240
235
251
147
336
281
125
261
230
207
103
173
224
51
83
135
93
36
-5
105
9
10
-34
51
-14
-40
-23
20
-16
-75
-27
-91
-121
-44
-100
-184
-98
-207
-125
-284
-201
-216
-239
-145
-313
-213
-126
-379
-197
-356
-216
-183
-472
-126
-383
-323
-273
-349
-248
-358
-273
-366
-399
-262
-458
-373
-351
-413
-364
-462
-233
-450
-415
-312
-316
-335
-264
-190
-174
-329
-126
-152
-201
-110
-36
-15
-28
69
140
96
122
203
207
193
276
309
254
310
318
342
306
359
347
330
334
358
303
275
253
216
203
182
225
206
153
200
211
184
210
241
242
227
224
333
286
206
326
334
266
268
322
352
236
218
360
209
147
243
135
186
105
100
117
24
30
67
-102
183
-117
-56
175
-174
46
-94
16
-40
-259
81
-9
-324
167
-198
-44
-256
-60
-83
-329
-51
-108
-236
-305
-118
-126
-391
-90
-131
-349
-146
-252
-250
-262
-350
-61
-414
-365
-78
-478
-410
-324
-199
-425
-497
-126
-373
-560
-306
-337
-349
-557
-231
-250
-424
-305
-246
-227
-366
-104
-134
-234
-67
-21
-60
-61
58
114
65
151
289
296
229
357
402
379
433
526
441
465
499
511
441
451
508
394
401
410
397
295
261
283
227
148
202
160
140
78
101
254
39
176
216
143
217
106
269
246
40
339
194
139
204
263
208
171
184
256
81
-6
140
8
-18
-14
-17
26
-101
-139
49
-204
-28
-236
-22
-100
-139
-114
-52
-109
-275
-149
-6
-231
-186
-117
-92
-209
-264
-122
-142
-246
-276
-127
-76
-480
-5
-376
-311
-120
-292
-135
-319
-124
-218
-229
-304
59
-404
-248
-11
-300
-321
-88
-320
-209
-328
-158
-107
-437
-90
-302
-248
-349
-155
-268
-290
-209
-218
-195
-207
-145
-148
-143
-228
-33
-135
-109
-4
26
18
44
159
132
135
261
246
249
309
389
339
375
411
420
359
421
429
384
375
389
408
321
353
328
327
294
295
338
213
349
220
336
343
231
374
283
307
343
202
440
217
323
254
309
350
133
374
324
234
136
272
239
99
0
366
-40
32
-7
177
-99
-118
68
39
-299
81
-142
-100
-218
-148
-164
-309
-185
-347
-25
-529
-235
-33
-564
-230
-233
-475
-64
-729
-85
-271
-575
-164
-411
-265
-397
-459
-252
-506
-282
-351
-425
-285
-423
-567
-174
-575
-338
-279
-421
-478
-161
-482
-420
-292
-328
-340
-402
-280
-129
-443
-411
104
-539
-298
-186
-193
-212
-177
-96
-108
-222
-82
-115
-77
7
-40
43
68
142
149
143
228
253
279
393
397
419
461
483
423
536
449
476
492
477
466
539
472
488
460
430
477
366
440
456
392
416
470
354
443
385
392
355
448
398
362
389
365
369
271
320
375
148
393
290
157
289
121
177
1
97
33
-142
74
-132
-187
18
-284
-113
-181
-287
-38
-362
-157
-238
-297
-194
-339
-273
-329
-324
-299
-510
20
-638
-286
-170
-576
-122
-534
-187
-362
-662
-86
-419
-492
-124
-464
-244
-406
-305
-188
-287
-439
-20
-433
-268
-221
-273
-238
-303
-219
-207
-161
-378
-113
-137
-482
-59
-197
-361
-73
-277
-63
-291
-272
35
-281
-92
-76
-30
-228
-137
11
-138
-109
167
-47
35
146
186
197
199
314
336
340
438
548
431
475
560
493
486
579
555
526
508
599
498
512
522
472
455
482
409
494
389
400
472
398
343
421
380
350
393
348
501
207
356
372
223
232
341
149
258
203
224
194
62
139
1
-76
-25
-98
-176
-34
-254
-174
-142
-347
-242
-220
-344
-178
-272
-251
-110
-500
-203
-320
-334
-306
-267
-193
-232
-287
-258
-272
-185
-419
-134
-258
-214
-320
-39
-470
-155
-216
-314
-195
-263
-117
-286
-210
-143
-353
-140
-158
-409
-44
-390
49
-558
-51
-144
-218
-307
-235
55
-542
-247
5
-503
-25
-286
-275
-71
-505
-57
-197
-314
-1
-132
-280
-112
-157
-140
-177
-51
-45
-39
9
58
149
109
142
249
300
265
364
448
341
388
467
409
454
416
473
452
400
472
467
261
433
352
229
287
374
228
192
402
199
255
315
118
366
69
206
390
13
287
200
46
224
27
129
116
100
133
66
100
-55
-50
-53
-259
0
-210
-175
10
-383
-70
-258
-356
-218
-216
-195
-176
-102
-73
-427
-72
-230
-232
-273
-24
-187
-213
-137
-200
-61
-430
-93
-104
-325
-82
15
-365
19
-134
-315
-134
-142
-265
-3
-437
-8
17
-565
120
-369
-156
-238
-183
-215
-272
-96
-159
-438
-42
-285
-210
-469
-94
-148
-345
-158
-207
-194
-220
-338
-154
-85
-316
8
-191
18
-220
-151
64
-85
-178
299
-39
94
238
167
180
272
283
360
328
497
533
360
566
509
451
491
538
466
472
503
401
479
348
361
363
261
354
319
374
239
311
379
228
111
500
152
74
437
290
98
251
257
331
-130
370
314
-9
267
268
119
112
126
14
0
-1
19
-18
-99
92
-173
-186
-49
-166
-124
-163
-60
-71
-154
-25
-302
-147
-47
-336
-33
-215
-177
-106
-429
-82
-251
-338
-138
-388
-193
-314
-323
-76
-572
-75
-219
-419
-111
-330
-287
-218
-363
-252
-169
-378
-301
-123
-441
-320
-136
-401
-79
-442
-96
-272
-456
-123
-290
-313
-221
-194
-119
-539
58
-168
-479
41
-220
-162
-75
-103
-40
-200
-106
28
-173
23
138
94
-15
258
165
127
264
261
391
366
490
488
512
357
467
518
371
509
486
476
391
309
479
170
248
328
235
158
320
300
109
191
319
163
7
318
237
-15
235
370
67
205
107
374
-157
306
272
89
192
343
114
2
145
75
-93
-54
140
43
-152
-13
-10
-208
-165
-94
-2
-179
-16
55
-263
31
-194
-177
-161
-217
56
-352
-20
-126
-248
-183
-60
-426
-114
-247
-89
-378
-123
-252
-103
-437
-211
-172
-370
-172
-275
-241
-86
-392
-267
-274
-362
-308
-295
-251
-379
-189
-282
-363
-466
-117
-420
-496
-113
-296
-341
-243
-368
-219
-451
-376
-58
-537
-83
-84
-307
-85
-148
-374
-125
-141
-128
37
13
103
14
20
199
219
179
340
409
363
472
477
474
401
477
510
452
550
509
514
445
416
407
389
391
315
359
342
393
379
238
388
283
236
275
339
358
257
246
461
197
292
327
209
328
226
415
286
356
304
240
148
193
143
174
117
117
53
95
-50
-55
-72
-102
-88
-144
-19
-41
-103
-253
55
-389
-147
-71
-255
-164
-162
-168
-150
-474
-177
-251
-363
-379
-37
-325
-271
-370
-381
-236
-409
-281
-287
-301
-206
-318
-423
-289
-346
-221
-536
-243
-224
-289
-472
-313
-201
-419
-525
-148
-384
-284
-458
-203
-316
-570
-252
-319
-338
-345
-353
-282
-285
-363
-123
-152
-152
-275
-67
-151
-64
-22
-14
130
3
87
210
254
335
307
391
447
497
509
488
565
472
485
534
487
463
471
397
368
339
369
227
286
204
266
286
154
228
221
223
36
350
350
176
244
358
442
171
131
578
231
168
345
463
537
151
365
571
239
112
263
492
227
4
258
344
-79
-233
250
177
-348
-77
368
45
-442
69
216
-468
-209
12
-68
-249
-233
-34
-241
-477
-179
-84
-491
-99
-98
-450
-169
-313
-463
-155
-542
-114
-278
-481
-224
-450
-407
-457
-419
-503
-264
-360
-389
-502
-573
-305
-482
-817
-153
-327
-452
-813
-495
-75
-1095
-502
-262
-518
-595
-489
-358
-492
-560
-173
-152
-331
-369
14
-148
-173
-39
81
155
9
87
456
374
282
318
534
557
540
696
693
647
575
644
632
594
513
587
442
395
420
387
289
209
240
206
188
188
183
183
159
160
249
287
239
246
342
393
348
299
412
507
353
346
455
628
524
398
511
540
246
323
475
364
241
244
280
77
76
103
125
56
-58
114
104
-79
-236
-69
-86
-239
-124
-113
-149
-323
-382
-198
-215
-471
-220
-115
-279
-432
-418
-224
-369
-702
-171
-119
-431
-621
-299
-242
-625
-411
-89
-396
-555
-412
-227
-588
-622
-314
-634
-683
-541
-452
-602
-730
-692
-547
-825
-724
-551
-571
-647
-541
-571
-456
-371
-485
-384
-365
-240
-118
-4
42
-14
118
144
110
397
515
658
566
485
689
725
605
668
733
839
786
728
702
704
544
471
528
569
528
445
313
99
142
96
60
28
86
74
18
17
27
118
28
138
174
259
398
290
270
339
480
434
576
739
569
489
485
550
545
523
575
514
379
324
401
270
166
226
224
103
47
-9
-138
-258
-229
-204
-235
-316
-301
-408
-510
-440
-402
-433
-477
-353
-443
-423
-383
-621
-570
-302
-380
-477
-384
-252
-502
-662
-411
-263
-497
-633
-307
-542
-748
-618
-681
-524
-740
-692
-524
-905
-905
-798
-902
-925
-905
-758
-897
-875
-664
-864
-669
-452
-395
-480
-408
-256
-205
-41
210
283
221
324
446
516
703
920
968
887
897
975
1119
1088
1002
1018
1059
978
949
824
799
733
672
592
549
582
402
209
120
128
131
66
0
-59
-38
-18
-103
-60
40
71
49
107
155
188
326
352
406
532
534
508
524
578
715
750
652
718
658
590
610
538
607
580
464
373
321
221
83
21
-54
-131
-60
-221
-511
-450
-491
-647
-585
-526
-662
-730
-823
-721
-796
-759
-652
-718
-703
-666
-590
-506
-658
-639
-472
-556
-588
-599
-443
-605
-758
-713
-605
-839
-782
-810
-901
-831
-1046
-1008
-1108
-1139
-1156
-1148
-1151
-1025
-1068
-1017
-810
-658
-512
-441
-637
-551
-209
76
331
312
391
439
412
665
1047
1381
1381
1273
1161
1314
1479
1474
1442
1354
1460
1368
1217
1102
963
961
860
762
735
674
418
137
32
124
264
155
-1
-111
-89
-40
-84
23
97
141
104
134
249
361
425
426
433
646
846
854
800
771
786
853
894
986
968
822
688
630
612
667
649
441
272
167
134
27
-93
-224
-362
-443
-604
-702
-733
-811
-877
-1014
-982
-950
-1086
-1119
-1149
-960
-874
-925
-855
-901
-898
-816
-711
-453
-610
-722
-520
-726
-661
-667
-511
-402
-837
-708
-707
-882
-923
-1021
-761
-1040
-1075
-1117
-1230
-1230
-1085
-1079
-926
-804
-748
-637
-797
-896
-504
-132
233
218
185
309
275
484
919
1335
1517
1344
1102
1162
1461
1678
1727
1510
1559
1470
1307
1182
1070
1142
1121
875
671
580
434
211
-29
74
254
66
-132
-384
-372
-155
-124
-102
-41
-30
-48
-30
76
282
424
434
403
518
720
958
860
805
909
953
1017
1020
1056
1032
848
790
802
771
790
627
373
308
243
229
34
-165
-205
-352
-516
-596
-718
-775
-889
-1072
-1033
-1077
-1135
-1138
-1217
-1136
-1055
-1039
-1070
-1125
-955
-817
-922
-911
-828
-772
-802
-755
-549
-624
-850
-703
-861
-701
-759
-805
-808
-1193
-1009
-963
-1059
-1131
-958
-1039
-1040
-1179
-917
-527
-655
-729
-729
-724
-284
-21
154
174
194
295
419
655
1197
1453
1322
1260
1151
1485
1794
1746
1653
1534
1620
1547
1353
1280
1348
1203
1098
853
707
695
431
263
143
272
264
-38
-266
-222
-125
1
-44
-190
-51
-19
-37
55
209
350
342
361
409
604
843
852
764
793
947
1013
976
1027
1066
966
894
798
804
842
758
580
415
426
286
161
-10
-146
-202
-396
-591
-764
-812
-888
-1000
-1136
-1178
-1225
-1337
-1393
-1378
-1256
-1259
-1331
-1402
-1243
-1163
-1242
-1132
-1171
-1046
-1007
-964
-839
-1044
-897
-844
-912
-821
-891
-906
-1015
-1165
-1009
-901
-1000
-1108
-1188
-976
-963
-880
-645
-602
-657
-797
-763
-313
36
163
102
101
178
450
764
1139
1345
1265
1292
1224
1394
1735
1893
1832
1580
1544
1595
1517
1389
1376
1349
1303
997
727
671
629
460
292
257
201
-24
-218
-274
-157
-14
-81
-245
-304
-137
-23
43
103
174
243
272
327
408
735
927
767
741
798
964
1083
1085
1168
1065
1024
929
847
916
1071
907
644
501
396
399
263
213
55
-148
-263
-556
-629
-655
-714
-869
-1057
-1196
-1274
-1300
-1411
-1381
-1356
-1426
-1504
-1565
-1496
-1329
-1329
-1414
-1465
-1393
-1227
-1288
-1252
-1108
-1185
-1198
-1270
-1092
-937
-1129
-1200
-1206
-1161
-1054
-987
-961
-1001
-1106
-868
-583
-599
-582
-773
-695
-301
-8
259
142
-19
56
435
901
1279
1346
1223
1165
1181
1591
2015
2027
1757
1515
1634
1745
1715
1643
1468
1399
1331
1133
963
929
788
628
436
364
309
65
-68
-153
-13
89
-85
-363
-352
-185
-30
32
-31
-14
-16
27
185
415
647
610
473
479
652
894
1011
1018
956
897
916
862
887
1021
1069
887
670
590
604
598
471
388
232
117
-87
-254
-278
-318
-453
-632
-799
-955
-999
-1067
-1133
-1190
-1237
-1304
-1461
-1408
-1335
-1311
-1403
-1441
-1422
-1380
-1282
-1407
-1342
-1317
-1320
-1308
-1417
-1241
-1295
-1216
-1118
-1402
-1342
-1266
-1226
-1128
-1025
-853
-887
-793
-719
-665
-686
-500
-208
-55
152
79
34
210
399
806
1191
1306
1257
1113
1228
1588
1895
2029
1876
1621
1683
1741
1728
1730
1642
1563
1367
1186
1103
1090
1026
796
543
470
447
183
68
4
93
102
-82
-270
-295
-129
-23
-71
-84
-70
-81
-81
14
203
386
371
370
345
420
630
636
673
810
829
799
633
654
834
882
872
779
552
487
494
493
531
407
235
-70
-248
-177
-163
-295
-518
-758
-874
-877
-970
-1018
-1135
-1219
-1284
-1451
-1396
-1341
-1422
-1482
-1532
-1498
-1445
-1500
-1594
-1562
-1433
-1495
-1579
-1677
-1565
-1598
-1546
-1329
-1458
-1559
-1575
-1465
-1220
-1106
-1134
-1043
-1008
-866
-791
-717
-567
-370
-257
129
51
46
320
473
728
1058
1347
1456
1327
1323
1610
1973
2173
2049
1748
1878
1992
1958
1919
1817
1813
1630
1462
1367
1329
1273
1091
757
658
724
576
413
216
238
290
167
-20
-119
-6
131
66
-85
-4
22
14
26
153
323
372
289
211
332
598
694
634
600
650
672
657
709
770
840
796
618
552
656
725
606
517
384
339
246
77
-35
-86
-91
-291
-533
-663
-686
-721
-853
-952
-1059
-1165
-1308
-1334
-1238
-1247
-1429
-1517
-1670
-1629
-1583
-1550
-1523
-1724
-1763
-1699
-1764
-1678
-1593
-1642
-1696
-1789
-1726
-1687
-1451
-1561
-1431
-1535
-1417
-1087
-981
-891
-950
-1102
-697
-385
-75
92
-143
-56
231
563
941
1191
1248
1223
1170
1499
1894
2014
2040
1788
1750
2000
2047
1898
1794
1752
1785
1622
1432
1369
1252
1198
1059
827
756
660
467
330
324
406
350
73
-106
-41
135
227
45
-50
20
12
68
119
260
366
363
285
252
513
617
598
554
587
702
756
748
753
709
831
776
617
692
821
704
574
490
473
414
298
162
-11
1
-67
-317
-522
-543
-563
-740
-845
-937
-1049
-1155
-1184
-1251
-1321
-1369
-1486
-1472
-1621
-1647
-1648
-1631
-1774
-1814
-1751
-1659
-1833
-2031
-1821
-1774
-1796
-1771
-1891
-1780
-1859
-1820
-1582
-1475
-1523
-1505
-1250
-1096
-1006
-1053
-883
-684
-449
-82
1
-101
19
277
709
1054
1271
1274
1221
1305
1577
1938
2168
2044
1765
1837
1959
2060
2013
1861
1760
1688
1615
1468
1322
1212
1158
975
850
736
568
432
329
344
361
272
75
-105
-58
164
209
121
24
-9
117
229
290
296
325
371
415
474
583
671
638
628
664
762
856
849
830
786
873
875
845
814
782
741
679
607
495
401
283
198
91
-1
-161
-330
-472
-594
-606
-721
-865
-1005
-1134
-1181
-1211
-1241
-1408
-1513
-1529
-1573
-1578
-1655
-1620
-1765
-1937
-1758
-1739
-1736
-1813
-1888
-1884
-1930
-1832
-1600
-1819
-1874
-1822
-1798
-1587
-1470
-1538
-1447
-1292
-1018
-964
-1060
-916
-652
-324
64
36
-34
226
368
724
1165
1429
1497
1291
1353
1674
2070
2316
2178
1795
1833
2056
2100
2028
1862
1831
1739
1545
1409
1259
1243
1180
900
701
611
438
288
205
208
292
158
-87
-267
-184
102
96
-55
-96
-42
59
119
164
292
434
463
418
451
594
740
758
805
831
908
995
934
927
1067
1139
1038
909
901
934
955
845
697
552
486
395
231
153
72
-107
-303
-432
-518
-627
-753
-914
-1049
-1145
-1174
-1318
-1458
-1506
-1489
-1545
-1653
-1677
-1864
-1759
-1722
-1845
-1812
-1804
-1842
-1908
-1912
-1710
-1826
-1951
-1842
-1785
-1809
-1729
-1777
-1681
-1718
-1596
-1470
-1272
-988
-1048
-1065
-970
-836
-394
-54
209
111
154
430
703
997
1431
1707
1589
1496
1603
1898
2249
2326
2171
1974
2021
2096
2027
1934
1886
1804
1645
1407
1156
1114
1106
986
701
493
417
236
98
45
92
105
-16
-275
-345
-175
9
33
-39
-43
7
57
127
228
432
648
651
565
569
717
938
1078
1130
1113
1054
1057
1099
1205
1383
1388
1189
975
906
988
1010
920
698
451
308
241
152
37
-74
-284
-495
-704
-817
-874
-993
-1104
-1270
-1384
-1511
-1575
-1653
-1659
-1678
-1622
-1867
-1986
-1921
-1864
-1732
-1870
-1902
-1955
-2062
-1965
-1864
-1897
-1834
-1972
-2019
-1955
-1840
-1815
-1665
-1776
-1618
-1698
-1526
-1165
-1117
-952
-933
-874
-541
-255
113
238
230
502
752
927
1340
1617
1713
1765
1716
1911
2168
2316
2264
2049
2035
2153
2033
1877
1758
1643
1698
1508
1161
920
848
799
544
334
282
132
-72
-176
-238
-136
-101
-287
-399
-380
-190
-109
-85
-56
22
168
207
225
367
630
803
821
794
917
998
1105
1260
1361
1457
1364
1316
1247
1297
1506
1471
1254
1036
965
981
939
793
613
421
208
89
-53
-180
-309
-522
-705
-877
-950
-1090
-1252
-1362
-1363
-1465
-1559
-1679
-1705
-1729
-1727
-1753
-1816
-1879
-1898
-1813
-1887
-1869
-1950
-1853
-1864
-1961
-1948
-1889
-1927
-1903
-1928
-1901
-1838
-1793
-1751
-1633
-1690
-1244
-1052
-1119
-1066
-1148
-821
-355
53
293
153
189
513
715
1174
1726
1793
1684
1549
1659
2095
2368
2429
2214
1965
2068
2062
1904
1848
1707
1611
1486
1135
924
779
657
525
276
176
56
-234
-432
-459
-344
-162
-294
-544
-582
-488
-262
-150
-50
74
99
152
272
413
673
882
904
1031
1083
1239
1380
1262
1395
1586
1641
1662
1551
1543
1552
1422
1485
1392
1181
1212
1051
795
682
599
494
231
34
-54
-334
-488
-530
-716
-875
-1014
-1204
-1338
-1396
-1422
-1466
-1617
-1653
-1716
-1807
-1770
-1849
-1818
-1844
-1792
-1850
-1929
-1918
-1969
-1846
-1907
-1893
-2049
-1992
-1945
-1957
-1975
-1940
-1870
-1917
-1742
-1681
-1492
-1144
-1157
-1145
-1241
-952
-430
-113
242
172
132
339
659
944
1481
1800
1726
1576
1548
1899
2172
2347
2224
1939
1942
1954
1772
1591
1564
1502
1421
1128
795
626
477
417
137
71
11
-257
-537
-633
-502
-314
-240
-506
-616
-552
-336
-208
-145
73
235
334
357
517
688
951
1101
1180
1339
1537
1642
1466
1478
1640
1905
1973
1897
1766
1578
1527
1531
1526
1485
1400
1157
784
656
661
584
356
121
-78
-257
-404
-582
-692
-769
-856
-1029
-1231
-1321
-1364
-1404
-1414
-1477
-1489
-1517
-1586
-1703
-1647
-1597
-1568
-1554
-1715
-1726
-1687
-1664
-1745
-1867
-1772
-1849
-1910
-1857
-1866
-1931
-1978
-1845
-1743
-1683
-1623
-1464
-1202
-1135
-922
-974
-863
-544
-130
244
358
383
538
722
1001
1484
1843
1963
1845
1708
1884
2144
2322
2212
1963
1867
1878
1760
1554
1378
1255
1194
957
682
480
290
110
-137
-238
-224
-313
-594
-811
-792
-587
-466
-569
-601
-542
-376
-287
-191
-4
269
437
466
544
744
967
1082
1241
1382
1574
1661
1597
1479
1531
1828
1895
1774
1635
1532
1410
1342
1371
1326
1189
932
673
459
430
373
132
-96
-214
-328
-519
-736
-885
-896
-918
-1024
-1183
-1283
-1310
-1383
-1413
-1410
-1394
-1352
-1465
-1541
-1610
-1513
-1478
-1606
-1527
-1519
-1542
-1706
-1768
-1803
-1780
-1754
-1850
-1920
-2012
-1865
-1950
-2016
-1849
-1847
-1761
-1595
-1256
-1090
-1123
-1063
-1039
-705
-144
355
416
336
495
725
1023
1435
1865
2002
1906
1868
1901
2142
2321
2269
2052
1973
1966
1814
1537
1264
1147
1113
1018
707
394
158
-71
-288
-406
-358
-457
-678
-915
-994
-847
-651
-603
-634
-543
-466
-347
-239
-71
209
442
602
678
856
1065
1164
1280
1518
1774
1899
1843
1667
1585
1775
1996
2018
1854
1698
1484
1303
1304
1303
1213
974
730
469
293
198
6
-210
-316
-398
-568
-830
-1033
-1112
-1074
-1062
-1118
-1222
-1334
-1440
-1499
-1439
-1334
-1270
-1274
-1384
-1475
-1534
-1509
-1477
-1554
-1467
-1449
-1566
-1729
-1886
-1933
-1894
-1878
-1874
-1889
-2025
-2147
-2146
-2058
-1792
-1681
-1465
-1173
-1122
-1003
-936
-863
-476
-7
519
751
662
766
873
1097
1709
2175
2352
2292
2032
2019
2180
2360
2406
2216
2075
2009
1712
1470
1199
983
973
835
598
308
-24
-302
-582
-674
-523
-531
-725
-962
-1148
-1032
-825
-712
-566
-474
-357
-242
-174
9
233
476
757
903
1068
1291
1281
1307
1497
1780
2084
2090
1968
1736
1626
1725
1834
1858
1803
1614
1250
1020
873
920
819
656
413
87
-86
-262
-430
-530
-612
-663
-798
-969
-1119
-1198
-1241
-1226
-1166
-1140
-1179
-1348
-1425
-1434
-1350
-1181
-1209
-1261
-1408
-1504
-1499
-1524
-1420
-1473
-1532
-1703
-1793
-1894
-1931
-1910
-1971
-1997
-1975
-2080
-2010
-1987
-1824
-1737
-1612
-1288
-1037
-832
-790
-767
-549
-103
344
800
930
1054
1087
1206
1549
1952
2251
2458
2337
2186
2200
2267
2256
2106
1926
1895
1783
1541
1179
851
683
527
373
215
18
-237
-532
-853
-923
-839
-783
-811
-967
-982
-903
-784
-687
-554
-381
-184
-33
69
230
394
583
734
948
1201
1431
1526
1485
1500
1584
1795
1968
1914
1820
1663
1551
1560
1546
1541
1429
1190
1003
832
727
644
436
215
24
-122
-168
-307
-550
-751
-861
-855
-821
-865
-1003
-1171
-1180
-1106
-1135
-1118
-1080
-1153
-1270
-1293
-1116
-1054
-1195
-1281
-1212
-1313
-1294
-1394
-1453
-1426
-1578
-1510
-1560
-1706
-1749
-1820
-1786
-1709
-1661
-1494
-1615
-1625
-1555
-1402
-1192
-973
-713
-467
-405
-321
-253
4
477
859
1067
1119
1144
1244
1430
1629
1826
1964
1980
1911
1873
1794
1740
1587
1413
1341
1310
1247
1036
686
393
174
71
9
-42
-167
-376
-606
-748
-762
-702
-615
-575
-537
-502
-308
-230
-194
-123
11
250
395
595
705
742
771
822
954
1123
1265
1261
1243
1215
1243
1237
1160
1076
967
964
961
954
844
650
509
419
417
458
428
298
224
61
-5
-81
-134
-101
-170
-226
-270
-357
-424
-528
-567
-578
-631
-652
-766
-852
-981
-1018
-1043
-1080
-1117
-1138
-1171
-1209
-1265
-1251
-1233
-1220
-1212
-1186
-1168
-1137
-1099
-1063
-1000
-951
-861
-820
-748
-680
-611
-519
-443
-409
-353
-290
-230
-176
-75
-5
53
88
152
230
330
433
450
408
330
336
408
541
667
653
545
397
373
471
620
689
603
482
400
445
503
470
330
141
66
115
214
229
107
-131
-326
-359
-269
-147
-134
-175
-242
-221
-129
-26
45
110
251
411
600
693
730
713
740
837
1010
1197
1285
1322
1229
1192
1207
1227
1251
1169
1100
1053
1019
917
718
550
389
307
261
193
84
-91
-221
-335
-483
-570
-589
-664
-706
-779
-856
-881
-1005
-1069
-1126
-1139
-1073
-1076
-1093
-1117
-1101
-1130
-1115
-1121
-1077
-957
-938
-819
-837
-807
-771
-846
-710
-619
-532
-434
-425
-335
-286
-318
-240
-181
-78
78
50
104
146
111
173
169
241
343
349
325
236
212
270
303
265
231
251
203
238
273
276
196
52
-57
-39
78
240
227
95
-124
-221
-153
-18
106
87
-1
-82
-60
66
126
54
-86
-128
-49
156
291
296
192
82
86
190
358
496
550
574
525
554
632
739
878
996
1058
1097
1119
1222
1328
1335
1283
1177
1164
1184
1223
1179
1049
842
653
591
562
480
331
113
-82
-177
-181
-184
-277
-489
-725
-878
-910
-885
-849
-907
-1052
-1182
-1254
-1222
-1170
-1157
-1125
-1050
-1015
-929
-914
-868
-797
-837
-720
-617
-528
-514
-517
-377
-276
-282
-247
-176
-60
-89
-86
32
121
178
113
182
185
151
263
285
275
319
198
97
35
78
204
86
-40
-152
-321
-339
-299
-345
-479
-595
-666
-776
-790
-781
-861
-913
-885
-646
-478
-503
-647
-818
-753
-480
-128
92
135
92
10
109
280
509
648
736
812
929
1058
1086
1043
926
871
931
1035
1137
1171
1108
955
780
686
677
722
754
772
709
630
552
557
573
568
579
546
607
707
776
760
631
539
460
466
535
581
574
460
326
200
129
81
41
-23
-115
-215
-340
-452
-569
-682
-776
-853
-898
-917
-933
-979
-1043
-1076
-1056
-996
-924
-853
-801
-747
-682
-612
-509
-395
-308
-213
-136
-40
45
136
208
255
281
324
296
275
243
205
153
68
35
-46
-102
-200
-290
-459
-568
-717
-801
-848
-909
-964
-1117
-1236
-1312
-1376
-1380
-1491
-1489
-1459
-1375
-1236
-1130
-974
-857
-660
-498
-420
-341
-248
32
331
634
804
856
872
896
1000
1158
1322
1448
1459
1460
1476
1492
1408
1217
1028
885
870
871
895
835
710
536
340
222
181
217
236
256
262
276
304
357
409
462
520
596
728
873
1005
1066
1053
998
943
940
946
960
924
850
772
694
643
539
404
198
-18
-233
-392
-508
-576
-652
-769
-927
-1100
-1214
-1284
-1303
-1298
-1252
-1163
-1057
-971
-896
-849
-799
-729
-586
-427
-242
-51
116
232
295
348
358
390
409
446
460
413
348
249
149
26
-136
-268
-473
-610
-798
-984
-1096
-1276
-1340
-1533
-1652
-1812
-1945
-1984
-2011
-1917
-1873
-1759
-1676
-1539
-1404
-1216
-899
-583
-175
65
195
306
471
807
1135
1378
1577
1612
1707
1703
1793
1840
1843
1749
1562
1499
1421
1408
1159
853
524
301
186
85
11
-53
-182
-352
-474
-496
-409
-364
-331
-305
-183
-15
202
390
555
692
787
930
1086
1286
1411
1450
1443
1431
1432
1405
1351
1242
1137
999
872
782
684
528
254
-88
-403
-642
-780
-886
-1038
-1151
-1295
-1384
-1446
-1461
-1441
-1433
-1370
-1308
-1137
-956
-741
-623
-546
-430
-289
-70
102
265
370
464
542
592
624
589
496
361
238
135
54
-102
-257
-460
-628
-787
-998
-1184
-1445
-1594
-1761
-1875
-1975
-2081
-2169
-2232
-2227
-2205
-2117
-2036
-1877
-1698
-1475
-1203
-971
-582
-188
276
611
788
932
1120
1430
1763
1994
2204
2312
2354
2330
2304
2325
2213
2034
1716
1523
1409
1326
1071
703
350
88
-115
-296
-407
-508
-552
-671
-711
-705
-570
-469
-436
-364
-206
82
362
652
881
1090
1292
1474
1643
1761
1876
1896
1888
1825
1769
1737
1630
1484
1247
1034
841
695
499
237
-68
-394
-640
-869
-1049
-1231
-1360
-1453
-1531
-1573
-1581
-1513
-1442
-1363
-1283
-1133
-925
-710
-537
-432
-263
-67
118
267
339
450
533
602
614
580
532
422
259
86
-69
-248
-460
-694
-890
-1065
-1180
-1356
-1545
-1797
-1985
-2073
-2196
-2229
-2307
-2339
-2336
-2350
-2215
-2098
-1969
-1783
-1672
-1415
-1162
-850
-549
-208
222
612
919
1091
1292
1466
1679
1846
1968
2117
2198
2192
2117
2065
2069
1946
1635
1296
1049
920
786
518
225
17
-127
-306
-527
-644
-684
-710
-752
-741
-594
-385
-208
-138
-12
200
467
740
964
1205
1435
1669
1841
1979
2094
2188
2141
2019
1895
1809
1718
1558
1351
1144
973
809
569
287
22
-235
-492
-739
-933
-1073
-1164
-1254
-1319
-1352
-1344
-1299
-1235
-1154
-1019
-904
-764
-629
-471
-327
-178
-39
68
182
272
340
361
372
373
362
310
208
81
-88
-272
-475
-719
-930
-1118
-1260
-1420
-1553
-1735
-1871
-1987
-2101
-2143
-2213
-2232
-2247
-2310
-2243
-2146
-2030
-1872
-1723
-1556
-1315
-1109
-822
-615
-283
171
532
878
1059
1243
1392
1587
1755
1894
1976
2045
1948
1872
1865
1901
1794
1547
1257
1039
922
704
415
59
-129
-299
-423
-526
-543
-564
-606
-658
-642
-460
-291
-181
-128
50
365
660
911
1093
1312
1531
1740
1885
2045
2200
2236
2172
2047
1994
1931
1815
1564
1300
1097
970
792
566
342
102
-107
-339
-533
-702
-844
-980
-1072
-1115
-1073
-999
-974
-907
-840
-716
-598
-493
-403
-304
-198
-99
-15
74
182
214
247
232
239
208
139
22
-121
-223
-346
-516
-712
-917
-1131
-1280
-1437
-1525
-1663
-1741
-1811
-1929
-1960
-2016
-2068
-2089
-2108
-2056
-1988
-1922
-1783
-1709
-1591
-1381
-1146
-891
-668
-478
-144
220
564
878
1020
1184
1326
1463
1656
1752
1828
1859
1732
1655
1663
1666
1573
1318
1063
887
711
490
186
-107
-298
-490
-655
-718
-732
-708
-722
-753
-661
-479
-298
-213
-153
23
321
605
859
1088
1307
1556
1714
1848
1977
2081
2111
2039
1963
1923
1847
1677
1453
1229
1061
885
661
455
258
84
-114
-279
-427
-566
-679
-841
-933
-928
-838
-793
-789
-742
-640
-531
-427
-332
-288
-225
-160
-123
-48
11
42
18
-26
-34
-57
-125
-235
-369
-482
-599
-766
-928
-1077
-1251
-1413
-1564
-1656
-1725
-1784
-1831
-1913
-1920
-1941
-1909
-1922
-1936
-1860
-1845
-1788
-1746
-1665
-1509
-1366
-1171
-993
-772
-542
-321
-12
385
658
925
1051
1177
1339
1504
1645
1683
1683
1734
1725
1671
1712
1680
1579
1344
1110
949
824
584
255
-83
-252
-364
-519
-610
-683
-699
-683
-649
-573
-430
-299
-224
-157
29
315
561
762
962
1203
1497
1716
1828
1913
1997
2004
1945
1882
1863
1785
1635
1436
1236
1096
981
803
594
443
295
135
-39
-185
-307
-413
-522
-597
-591
-516
-473
-468
-433
-320
-214
-127
-85
-44
-11
34
65
72
98
105
94
57
30
-28
-123
-260
-402
-505
-625
-788
-987
-1162
-1326
-1492
-1650
-1784
-1861
-1950
-1954
-2064
-2035
-2027
-2008
-2024
-2033
-2011
-1956
-1893
-1805
-1723
-1644
-1436
-1307
-1048
-881
-593
-441
-136
232
540
791
956
1061
1206
1377
1484
1600
1614
1665
1620
1581
1608
1616
1492
1288
1050
889
777
558
266
-30
-233
-369
-543
-638
-687
-680
-656
-609
-539
-378
-247
-171
-71
94
365
577
765
956
1205
1467
1702
1839
1985
2081
2089
2023
1945
1890
1832
1686
1490
1320
1195
1078
894
688
527
412
261
110
-48
-163
-282
-370
-446
-455
-446
-402
-379
-358
-246
-168
-100
-57
-9
1
7
-13
-7
-15
-41
-74
-123
-139
-190
-281
-402
-521
-641
-767
-905
-1093
-1257
-1429
-1576
-1723
-1816
-1875
-1913
-1978
-2000
-1991
-1992
-1922
-1990
-1971
-1986
-1943
-1925
-1848
-1775
-1625
-1516
-1368
-1141
-979
-682
-470
-228
134
469
727
945
1040
1242
1401
1533
1627
1632
1666
1663
1585
1574
1590
1477
1311
1091
926
817
579
290
-25
-245
-353
-504
-666
-734
-757
-734
-678
-632
-478
-334
-222
-138
28
281
519
676
847
1087
1343
1609
1755
1901
2049
2125
2120
2038
1954
1855
1701
1498
1329
1177
1080
948
758
640
526
418
269
89
-57
-160
-276
-378
-454
-455
-416
-386
-318
-230
-140
-45
44
70
100
112
91
55
14
5
-34
-58
-86
-133
-187
-273
-371
-500
-622
-806
-994
-1206
-1402
-1573
-1718
-1832
-1890
-1970
-1993
-1998
-2057
-2025
-2024
-2055
-2041
-2046
-2042
-1956
-1951
-1802
-1721
-1564
-1322
-1110
-838
-582
-320
76
397
650
866
1001
1211
1348
1472
1550
1602
1624
1648
1578
1580
1597
1481
1295
1090
920
798
553
221
-88
-298
-424
-592
-764
-826
-838
-828
-770
-690
-515
-361
-245
-157
20
262
487
632
798
1050
1326
1573
1728
1888
2040
2122
2122
2053
1970
1868
1692
1466
1287
1153
1031
905
743
650
574
487
345
202
97
-7
-134
-248
-318
-313
-284
-254
-195
-106
9
92
172
226
270
271
224
161
119
70
18
-85
-153
-186
-235
-292
-400
-516
-655
-808
-988
-1179
-1370
-1561
-1736
-1876
-1966
-2008
-2036
-2038
-2063
-2063
-2050
-2052
-2045
-2061
-2054
-2054
-2016
-1951
-1841
-1699
-1522
-1286
-1020
-783
-463
-62
253
555
740
910
1067
1242
1359
1440
1432
1493
1501
1464
1506
1493
1429
1260
1094
956
828
582
269
-55
-273
-440
-638
-799
-883
-896
-838
-783
-696
-524
-364
-238
-116
43
266
449
593
760
975
1263
1502
1668
1819
2002
2117
2156
2113
2033
1919
1754
1548
1338
1160
997
843
701
614
571
495
382
259
171
78
-32
-162
-260
-291
-275
-245
-198
-69
44
161
242
340
409
443
399
341
299
252
175
45
-44
-112
-164
-238
-340
-455
-560
-713
-898
-1087
-1277
-1483
-1691
-1878
-1999
-2063
-2106
-2128
-2150
-2128
-2069
-2052
-2016
-1988
-1982
-1983
-1948
-1936
-1866
-1757
-1588
-1381
-1140
-873
-510
-90
253
582
755
958
1133
1253
1319
1362
1324
1352
1337
1300
1345
1394
1359
1244
1107
1000
879
615
290
-40
-295
-488
-687
-879
-937
-931
-864
-789
-666
-484
-298
-160
-50
94
290
446
543
709
943
1218
1452
1619
1795
2001
2157
2212
2172
2087
1959
1766
1531
1323
1130
972
813
687
630
628
569
480
387
295
214
65
-91
-219
-284
-306
-287
-255
-117
24
151
275
374
472
500
470
384
316
222
128
-6
-116
-162
-217
-281
-383
-464
-564
-689
-874
-1063
-1278
-1507
-1734
-1945
-2061
-2177
-2215
-2269
-2266
-2214
-2134
-2066
-2036
-2030
-2014
-1983
-2004
-1963
-1941
-1834
-1655
-1414
-1174
-817
-382
27
384
667
899
1089
1246
1342
1351
1314
1319
1270
1221
1234
1290
1290
1225
1141
1065
976
787
475
124
-150
-405
-692
-941
-1079
-1126
-1089
-1015
-893
-692
-469
-287
-161
-11
192
359
472
587
768
1009
1238
1427
1626
1862
2059
2178
2200
2190
2110
1958
1747
1489
1261
1071
883
708
615
575
567
522
484
437
396
306
182
82
-5
-60
-101
-90
-48
76
230
381
518
617
724
762
734
655
555
422
286
145
18
-71
-179
-263
-354
-461
-547
-682
-862
-1086
-1329
-1563
-1776
-1988
-2133
-2260
-2325
-2343
-2356
-2316
-2253
-2196
-2143
-2089
-2073
-2034
-2039
-1995
-1934
-1828
-1631
-1414
-1166
-722
-307
83
446
728
990
1205
1330
1370
1340
1303
1284
1158
1127
1178
1176
1148
1100
1071
1062
954
697
387
104
-156
-463
-800
-1000
-1101
-1120
-1094
-1008
-820
-549
-324
-156
31
233
408
488
570
701
886
1058
1214
1397
1644
1878
2033
2104
2150
2139
2034
1839
1593
1342
1096
874
662
527
450
400
343
323
328
333
288
207
121
40
-18
-100
-129
-113
-51
41
202
363
520
674
778
832
831
794
677
523
342
182
22
-111
-228
-331
-399
-475
-574
-702
-856
-1052
-1286
-1508
-1711
-1896
-2067
-2191
-2267
-2302
-2289
-2227
-2154
-2114
-2032
-1992
-1921
-1908
-1869
-1829
-1767
-1644
-1472
-1236
-859
-461
-78
279
595
935
1162
1349
1418
1403
1361
1350
1206
1106
1095
1068
1029
1003
995
996
926
741
508
259
41
-265
-649
-921
-1083
-1190
-1203
-1205
-1084
-873
-634
-446
-251
-7
199
318
412
548
710
867
987
1112
1313
1564
1725
1825
1890
1930
1895
1789
1603
1407
1185
950
713
542
454
370
320
276
277
289
285
233
164
102
44
-26
-87
-92
-61
-6
82
215
370
521
659
749
809
827
788
683
540
398
242
111
-22
-132
-234
-316
-401
-503
-620
-785
-979
-1202
-1422
-1627
-1820
-1993
-2119
-2216
-2271
-2258
-2211
-2160
-2088
-2031
-1975
-1935
-1895
-1864
-1843
-1775
-1634
-1466
-1188
-805
-454
-87
255
577
872
1111
1243
1294
1279
1274
1224
1110
1071
1056
1016
989
978
989
1000
900
700
485
281
24
-299
-627
-855
-1015
-1118
-1155
-1117
-966
-765
-571
-391
-175
43
200
308
415
557
695
828
932
1067
1270
1472
1625
1728
1825
1872
1837
1723
1569
1371
1183
976
762
596
500
423
339
311
296
284
265
202
114
47
-33
-103
-157
-180
-144
-75
37
179
301
445
592
658
703
719
676
585
455
318
191
71
-28
-127
-227
-285
-348
-453
-566
-735
-910
-1111
-1336
-1535
-1707
-1861
-1978
-2077
-2132
-2102
-2088
-2016
-1978
-1917
-1859
-1812
-1791
-1769
-1721
-1634
-1493
-1324
-1026
-683
-331
10
341
634
932
1132
1247
1279
1280
1265
1190
1118
1100
1105
1080
1073
1076
1103
1090
969
767
555
330
67
-259
-554
-765
-927
-1026
-1059
-1020
-890
-736
-584
-414
-210
-29
89
183
286
418
538
650
740
893
1077
1246
1367
1464
1556
1585
1556
1478
1358
1211
1066
896
750
642
564
471
392
350
324
275
218
154
70
9
-61
-115
-133
-117
-69
12
112
249
374
471
547
600
627
622
568
481
401
318
232
153
79
12
-35
-101
-180
-308
-456
-638
-832
-1030
-1223
-1405
-1573
-1705
-1797
-1859
-1886
-1882
-1882
-1872
-1845
-1834
-1814
-1774
-1784
-1720
-1636
-1523
-1334
-1151
-895
-563
-257
49
330
549
781
953
1051
1138
1150
1129
1133
1081
1073
1105
1090
1081
1067
1033
1001
884
681
489
273
49
-198
-459
-651
-780
-864
-888
-863
-794
-673
-569
-449
-310
-171
-46
53
159
282
415
513
618
738
891
1046
1153
1228
1295
1340
1362
1320
1248
1162
1057
958
852
756
664
573
485
396
308
237
176
89
1
-70
-99
-116
-116
-85
-54
13
96
187
245
303
350
380
395
376
357
310
285
251
218
186
150
87
23
-47
-147
-272
-434
-608
-781
-944
-1118
-1276
-1417
-1535
-1619
-1673
-1716
-1726
-1738
-1747
-1750
-1739
-1717
-1694
-1656
-1604
-1505
-1361
-1205
-1041
-862
-655
-415
-171
63
242
405
573
709
806
897
970
1013
1053
1091
1118
1134
1148
1120
1070
1032
979
861
702
538
363
188
25
-143
-297
-394
-443
-474
-489
-460
-415
-372
-306
-236
-171
-105
-30
44
139
239
332
441
554
684
802
900
972
1025
1060
1087
1076
1032
981
905
838
780
718
642
560
491
431
372
318
248
162
95
51
23
-9
-26
-32
-20
11
57
99
144
177
195
216
235
232
211
195
173
166
143
115
77
34
-11
-84
-182
-304
-414
-543
-669
-795
-940
-1054
-1161
-1238
-1310
-1353
-1409
-1449
-1492
-1524
-1528
-1537
-1537
-1528
-1478
-1404
-1284
-1177
-1044
-886
-733
-559
-384
-243
-105
47
185
312
435
553
656
778
888
989
1060
1125
1164
1140
1106
1061
981
866
740
604
472
365
244
132
47
-23
-89
-158
-217
-251
-275
-299
-311
-324
-314
-282
-224
-144
-46
58
153
253
369
478
566
636
682
733
773
808
814
811
818
803
789
770
759
733
681
630
587
522
458
379
299
248
205
170
136
125
128
147
155
167
190
201
198
180
148
128
118
95
63
43
38
33
7
-10
-41
-87
-154
-243
-335
-434
-516
-610
-717
-814
-884
-941
-995
-1037
-1090
-1140
-1175
-1209
-1251
-1287
-1309
-1312
-1319
-1292
-1225
-1147
-1068
-960
-843
-726
-614
-502
-410
-327
-230
-136
-55
32
146
256
377
484
605
708
795
865
893
890
882
845
760
665
573
482
388
300
216
172
135
104
71
25
2
-25
-63
-85
-107
-127
-128
-125
-107
-70
-15
36
95
168
230
300
354
398
440
472
513
556
586
617
642
674
697
722
731
714
709
680
659
628
577
526
491
457
439
420
399
405
383
359
320
279
234
176
114
53
12
-32
-50
-63
-87
-86
-97
-115
-143
-188
-246
-304
-374
-445
-514
-572
-615
-674
-714
-744
-775
-807
-846
-874
-916
-967
-1020
-1071
-1118
-1139
-1147
-1138
-1102
-1034
-959
-893
-823
-757
-668
-595
-525
-464
-411
-354
-289
-212
-127
-39
50
171
279
380
490
578
634
661
686
684
672
643
609
574
531
499
469
443
409
384
353
315
283
234
174
125
92
75
70
61
58
50
42
54
68
83
103
130
155
188
220
252
279
313
361
394
434
468
502
532
552
579
583
594
603
598
594
585
584
582
580
565
555
543
500
443
399
336
273
212
146
101
39
-15
-63
-99
-124
-151
-170
-195
-220
-245
-267
-294
-336
-390
-444
-500
-551
-575
-594
-607
-600
-598
-605
-615
-639
-678
-715
-781
-839
-885
-922
-941
-960
-955
-910
-840
-782
-659
-598
-552
-489
-457
-436
-412
-369
-307
-257
-235
-150
-105
-40
77
201
318
399
458
492
510
484
448
400
352
321
286
278
273
273
266
265
266
255
238
216
184
141
103
55
32
-2
-38
-34
-19
-4
-5
17
48
97
115
133
168
176
226
249
279
313
344
402
453
501
523
559
580
613
636
649
663
667
690
677
681
653
624
581
546
518
444
383
316
275
217
168
123
89
69
43
27
2
-21
-61
-85
-123
-171
-223
-299
-362
-419
-469
-481
-492
-492
-490
-482
-489
-498
-506
-536
-575
-624
-665
-701
-729
-764
-781
-776
-767
-730
-688
-633
-594
-558
-514
-487
-469
-458
-446
-431
-411
-380
-324
-268
-201
-131
-58
13
67
119
153
186
210
223
214
212
213
198
200
212
225
243
252
250
246
234
222
198
156
119
94
75
63
55
62
74
84
95
102
107
105
108
117
130
136
156
192
218
241
268
312
352
392
422
450
479
492
506
522
524
534
551
557
568
569
574
575
562
553
527
486
445
397
344
306
272
239
222
202
174
144
103
59
15
-54
-109
-152
-212
-263
-315
-371
-412
-442
-490
-526
-551
-558
-551
-559
-558
-555
-548
-566
-586
-595
-622
-641
-654
-653
-638
-628
-621
-594
-573
-549
-511
-480
-435
-392
-351
-313
-279
-239
-209
-169
-145
-111
-77
-35
7
41
81
106
141
165
174
177
188
186
188
198
195
182
168
147
124
116
106
101
89
86
89
87
80
82
73
78
71
67
74
67
73
62
64
60
78
75
82
96
110
150
175
210
234
259
271
290
314
326
359
390
422
449
477
492
496
499
480
470
449
439
411
392
379
354
352
331
315
296
272
246
216
177
145
118
76
42
0
-49
-91
-114
-152
-174
-200
-227
-245
-271
-287
-312
-336
-361
-368
-380
-404
-427
-445
-446
-460
-468
-457
-460
-463
-451
-445
-426
-405
-391
-371
-342
-316
-295
-261
-234
-197
-154
-124
-93
-63
-47
-39
-31
-14
0
12
20
19
23
22
12
0
-8
-14
-22
-14
-17
-13
-12
-17
-21
-18
-18
-23
-14
-24
-20
-15
-8
12
30
28
46
65
71
86
79
79
74
62
71
89
98
119
146
180
208
216
223
249
261
264
283
296
311
335
342
355
379
388
397
400
393
388
383
372
365
344
339
335
314
306
290
284
269
249
223
192
154
98
50
-17
-70
-112
-153
-181
-209
-230
-257
-269
-290
-304
-319
-349
-374
-399
-426
-452
-479
-489
-478
-465
-445
-429
-405
-381
-356
-349
-342
-325
-318
-301
-283
-257
-232
-206
-177
-140
-104
-78
-43
-12
5
3
3
1
-2
-3
-5
9
17
27
39
50
55
53
52
41
23
11
5
-1
-15
-31
-41
-56
-56
-56
-48
-30
-7
2
1
3
0
0
-8
-4
11
22
33
42
50
64
70
80
88
98
105
100
102
102
95
98
112
140
170
193
211
217
226
232
224
214
212
197
187
187
194
201
210
224
249
263
263
266
245
233
203
176
149
113
79
60
44
17
8
-15
-31
-45
-64
-77
-102
-132
-163
-191
-225
-255
-280
-293
-298
-306
-303
-288
-273
-268
-258
-244
-228
-217
-200
-195
-182
-175
-158
-146
-120
-84
-56
-15
14
45
65
75
72
66
65
49
33
23
13
4
-5
-10
-20
-21
-21
-25
-33
-39
-44
-56
-63
-78
-91
-95
-100
-94
-78
-67
-67
-56
-53
-47
-33
-28
-26
-28
-23
-21
-18
-28
-37
-38
-26
-23
-14
-7
4
16
28
41
50
65
71
93
102
120
138
161
186
207
223
225
233
238
241
252
260
273
278
282
287
287
289
282
268
265
258
232
219
208
181
155
144
127
110
92
79
65
46
19
2
-21
-41
-63
-93
-111
-134
-159
-184
-204
-223
-227
-236
-234
-227
-219
-213
-206
-212
-214
-207
-204
-193
-178
-161
-145
-116
-86
-55
-27
1
30
43
50
52
55
58
53
44
32
24
11
-5
-21
-42
-54
-65
-84
-95
-103
-115
-131
-150
-158
-163
-160
-158
-151
-144
-130
-111
-104
-80
-65
-51
-35
-28
-24
-11
-9
-6
-5
-11
-6
-1
-2
5
15
15
24
28
32
40
47
53
59
67
76
93
105
122
145
160
184
194
201
207
214
217
224
231
239
241
241
235
226
219
198
189
179
153
144
133
119
106
91
78
64
49
22
6
-8
-27
-31
-50
-59
-70
-91
-100
-112
-125
-137
-142
-158
-156
-157
-153
-140
-141
-141
-138
-131
-133
-126
-113
-96
-78
-55
-42
-27
-17
-7
-2
-8
-2
3
4
1
-2
-12
-17
-22
-29
-37
-45
-65
-80
-91
-108
-106
-112
-128
-141
-149
-146
-148
-146
-138
-129
-122
-112
-98
-88
-85
-73
-63
-61
-68
-60
-51
-51
-37
-33
-23
-15
-11
-15
-16
-16
-19
-11
-6
0
0
5
15
20
20
32
39
56
68
73
92
99
113
122
121
122
129
133
145
166
171
176
181
179
188
185
179
191
184
179
166
158
159
158
158
150
149
131
118
106
86
67
51
29
5
-2
-14
-36
-57
-65
-75
-83
-91
-95
-97
-92
-81
-79
-77
-76
-66
-64
-54
-42
-34
-27
-15
-5
-3
-3
-6
-7
-13
-11
-12
-18
-29
-43
-49
-51
-57
-63
-70
-68
-73
-80
-86
-90
-94
-97
-103
-107
-102
-101
-97
-92
-88
-92
-87
-83
-74
-69
-70
-64
-65
-66
-65
-62
-57
-58
-51
-51
-52
-42
-40
-33
-23
-14
-13
-2
6
12
18
28
31
40
51
56
68
73
82
81
92
99
104
107
102
114
125
131
142
151
158
168
170
162
165
165
169
169
170
167
171
166
162
156
147
130
125
119
110
96
72
48
22
7
-4
-22
-45
-62
-78
-86
-98
-106
-113
-117
-116
-113
-108
-111
-105
-109
-105
-100
-91
-78
-70
-61
-56
-55
-48
-45
-43
-42
-42
-39
-37
-40
-42
-43
-46
-46
-47
-51
-53
-59
-63
-66
-74
-84
-89
-97
-106
-105
-111
-108
-110
-106
-102
-99
-99
-95
-92
-99
-95
-97
-96
-87
-86
-85
-83
-81
-86
-78
-75
-71
-65
-67
-67
-64
-61
-57
-47
-43
-45
-39
-26
-18
-2
23
34
45
54
64
73
79
88
99
108
118
133
140
152
152
159
159
157
166
167
169
170
174
167
165
165
159
153
145
143
133
129
123
117
117
101
91
77
67
53
42
33
28
29
27
32
25
15
5
0
1
-5
-10
-9
-9
-10
-11
-7
-3
-12
-11
-12
-18
-14
-16
-20
-24
-20
-19
-12
-15
-23
-26
-25
-24
-24
-18
-28
-37
-47
-52
-52
-53
-59
-66
-70
-74
-72
-67
-64
-68
-67
-70
-75
-77
-78
-78
-79
-76
-77
-79
-76
-83
-86
-89
-92
-90
-86
-87
-87
-85
-78
-62
-54
-47
-45
-36
-28
-20
-6
2
12
23
33
45
52
60
69
80
84
87
86
93
103
110
113
117
117
126
133
132
136
141
150
152
158
155
146
139
142
139
132
123
112
94
81
69
56
47
37
29
12
-6
-9
-18
-22
-19
-20
-20
-26
-30
-25
-20
-19
-16
-17
-22
-24
-23
-24
-25
-34
-42
-46
-49
-52
-66
-75
-81
-81
-80
-85
-98
-104
-108
-110
-101
-101
-104
-100
-98
-98
-91
-83
-70
-69
-68
-61
-63
-59
-57
-61
-67
-72
-76
-82
-91
-100
-104
-112
-108
-109
-116
-125
-132
-137
-141
-141
-137
-131
-132
-124
-103
-94
-85
-73
-55
-38
-29
-19
-10
0
9
18
26
38
45
56
64
63
65
67
71
77
81
87
93
92
95
102
104
104
103
113
119
121
127
126
127
125
126
123
123
121
123
122
123
122
114
108
99
86
76
64
57
45
32
30
25
24
15
11
9
5
6
3
-2
-12
-12
-13
-15
-16
-23
-30
-28
-31
-36
-36
-43
-47
-50
-59
-60
-65
-70
-77
-87
-93
-97
-95
-94
-97
-98
-104
-97
-97
-97
-92
-94
-94
-93
-90
-93
-90
-94
-95
-92
-89
-91
-90
-96
-107
-105
-105
-103
-97
-95
-101
-101
-101
-103
-101
-95
-92
-87
-79
-74
-68
-60
-52
-38
-26
-15
-3
14
25
44
53
59
78
86
99
111
125
135
153
162
162
174
183
192
199
198
193
191
188
184
181
173
169
168
165
157
157
160
154
149
150
151
153
153
147
144
146
146
144
136
126
116
113
112
104
95
90
80
76
65
53
46
33
18
9
-3
-21
-33
-42
-45
-55
-63
-64
-65
-69
-80
-78
-77
-70
-66
-73
-78
-84
-86
-92
-97
-96
-99
-103
-103
-108
-111
-115
-120
-119
-122
-126
-132
-139
-149
-149
-156
-160
-159
-170
-171
-175
-180
-182
-183
-180
-176
-169
-162
-157
-143
-134
-123
-116
-102
-85
-83
-71
-63
-56
-45
-41
-33
-19
-9
-2
5
9
18
22
32
46
52
64
74
79
85
91
100
117
122
128
133
135
144
141
150
151
150
150
146
148
146
145
139
140
135
135
137
134
128
126
125
128
121
117
117
111
107
96
88
82
73
66
61
52
44
44
40
32
24
14
9
4
-2
-12
-22
-25
-27
-33
-39
-44
-50
-53
-52
-56
-68
-75
-74
-73
-78
-87
-87
-85
-84
-86
-93
-89
-83
-81
-80
-79
-81
-82
-88
-93
-93
-96
-101
-101
-103
-115
-121
-119
-124
-128
-127
-132
-138
-143
-146
-149
-148
-143
-142
-134
-124
-114
-105
-95
-80
-73
-62
-51
-44
-31
-13
-1
4
18
20
29
42
50
59
67
74
78
81
89
96
103
107
109
121
124
131
141
146
144
150
154
154
158
154
156
155
154
153
146
146
148
145
142
128
125
119
116
116
105
101
93
80
70
69
65
58
60
54
48
42
35
29
28
20
9
3
-1
-7
-10
-15
-20
-20
-28
-36
-40
-48
-51
-55
-60
-66
-75
-80
-78
-79
-91
-97
-95
-95
-92
-96
-97
-101
-104
-109
-110
-112
-113
-112
-116
-114
-113
-111
-109
-104
-95
-95
-98
-100
-100
-94
-98
-99
-97
-96
-93
-95
-93
-93
-90
-82
-76
-71
-65
-60
-53
-43
-39
-24
-6
7
21
33
49
56
76
84
89
97
100
109
110
115
121
128
136
131
136
141
144
147
146
149
148
152
152
150
151
153
151
149
150
145
138
139
130
119
109
95
85
75
64
59
50
49
42
31
32
26
16
1
-3
-4
-7
-12
-19
-22
-27
-35
-38
-43
-53
-59
-56
-62
-75
-81
-82
-89
-96
-103
-105
-108
-113
-112
-110
-109
-108
-109
-110
-117
-117
-116
-121
-115
-111
-108
-101
-97
-90
-94
-92
-88
-91
-88
-88
-86
-95
-97
-95
-95
-91
-94
-96
-95
-98
-95
-95
-98
-96
-98
-92
-85
-85
-79
-76
-77
-76
-69
-60
-54
-44
-36
-18
-1
16
33
46
62
76
85
96
107
110
118
130
134
144
154
161
165
164
162
167
169
166
164
164
165
164
163
162
163
164
162
164
164
159
154
154
150
148
137
137
135
123
117
112
103
92
77
64
54
45
37
30
26
18
14
3
4
-2
-11
-12
-21
-23
-23
-29
-32
-38
-43
-43
-42
-45
-58
-63
-69
-79
-80
-86
-91
-96
-98
-101
-109
-118
-128
-125
-125
-126
-128
-131
-121
-113
-112
-118
-118
-115
-116
-115
-118
-122
-130
-131
-132
-135
-136
-134
-132
-134
-132
-131
-132
-133
-133
-127
-121
-119
-112
-107
-99
-92
-80
-69
-60
-49
-39
-29
-27
-14
-5
0
14
26
38
49
62
77
89
100
103
109
117
120
117
120
125
124
127
129
129
128
131
126
124
120
109
106
103
91
82
75
72
67
61
59
58
62
64
68
72
79
79
76
77
71
65
63
54
49
50
43
38
26
18
8
0
-5
-15
-20
-26
-34
-44
-49
-49
-49
-46
-47
-46
-42
-38
-32
-29
-20
-21
-28
-29
-28
-32
-40
-45
-51
-60
-69
-76
-87
-96
-101
-105
-109
-113
-115
-117
-111
-113
-108
-104
-104
-97
-84
-79
-74
-65
-66
-60
-63
-63
-65
-67
-63
-64
-60
-56
-57
-60
-57
-48
-45
-42
-32
-20
-17
-9
7
16
35
46
57
70
80
90
90
100
106
108
107
104
105
99
100
106
109
104
103
100
97
97
97
96
88
88
85
84
90
90
89
79
80
77
69
67
64
70
65
62
53
48
45
36
39
35
30
33
30
28
19
21
24
19
19
13
5
0
-10
-16
-24
-38
-46
-51
-53
-54
-61
-63
-63
-71
-71
-66
-65
-63
-58
-56
-52
-48
-48
-43
-42
-45
-51
-57
-67
-75
-81
-87
-90
-90
-94
-102
-109
-113
-113
-115
-119
-115
-108
-103
-100
-91
-76
-68
-60
-44
-33
-23
-14
-7
3
7
9
16
14
8
6
1
3
7
12
14
19
24
27
38
49
57
58
67
74
82
95
100
108
114
121
126
128
133
134
133
137
138
138
130
122
111
103
95
85
82
74
64
63
64
59
49
43
40
34
35
32
30
29
24
26
29
30
29
26
25
33
35
31
26
20
12
9
-1
-8
-13
-25
-29
-33
-37
-42
-46
-48
-53
-54
-56
-64
-65
-66
-68
-66
-65
-68
-67
-62
-61
-61
-67
-71
-77
-82
-84
-88
-88
-87
-84
-89
-93
-100
-102
-102
-101
-103
-105
-103
-102
-99
-101
-98
-93
-94
-83
-78
-70
-59
-51
-40
-37
-28
-25
-21
-15
-7
3
6
9
13
19
25
31
37
42
42
45
48
49
54
51
53
59
60
63
69
72
80
89
92
102
106
111
112
116
118
119
118
120
118
117
117
116
111
103
92
75
67
55
39
23
15
10
0
-7
-10
-13
-12
-8
-5
-5
-2
2
1
-1
6
16
20
19
13
13
9
5
2
-8
-16
-28
-36
-44
-57
-64
-69
-71
-73
-77
-80
-85
-82
-80
-74
-69
-67
-64
-68
-62
-64
-63
-62
-61
-59
-55
-58
-61
-58
-63
-63
-71
-79
-75
-71
-71
-72
-71
-70
-66
-59
-50
-42
-37
-25
-13
-8
-2
6
9
14
16
20
22
25
25
26
33
33
36
37
40
44
47
46
48
48
44
42
44
44
43
43
43
48
53
55
51
47
46
47
45
42
44
44
47
50
53
56
59
57
53
59
56
48
51
53
50
44
37
33
30
26
25
32
37
34
27
20
18
15
15
11
11
11
8
7
7
9
10
7
6
2
-4
-7
-12
-17
-14
-18
-19
-25
-34
-36
-43
-48
-48
-53
-55
-57
-58
-57
-60
-63
-69
-77
-77
-75
-73
-75
-74
-68
-65
-66
-64
-61
-60
-65
-70
-70
-67
-64
-60
-56
-50
-43
-36
-33
-34
-30
-25
-23
-19
-15
-13
-11
-9
-3
-2
-1
0
-1
-2
-4
-5
2
7
6
11
17
20
25
32
42
45
56
66
69
72
71
70
71
70
67
67
64
62
62
61
64
61
59
49
44
42
39
32
24
22
17
11
7
7
7
6
7
8
14
17
13
13
13
9
5
-4
-18
-23
-28
-30
-32
-37
-41
-44
-45
-45
-50
-51
-55
-57
-57
-57
-53
-49
-48
-44
-39
-40
-41
-39
-39
-40
-42
-44
-44
-43
-42
-39
-35
-33
-29
-29
-27
-25
-24
-22
-17
-17
-12
-12
-14
-15
-16
-15
-15
-11
-14
-11
-12
-16
-18
-21
-20
-18
-15
-9
-1
8
15
23
34
41
50
55
63
71
70
73
77
73
74
72
70
66
56
50
41
39
35
28
25
20
17
16
15
12
12
17
26
33
45
56
63
70
78
79
78
77
71
64
59
48
37
22
9
4
-8
-17
-30
-37
-42
-45
-45
-47
-46
-44
-42
-39
-29
-19
-6
5
11
17
22
20
21
23
18
18
15
9
2
-5
-17
-24
-30
-36
-46
-54
-58
-63
-61
-62
-63
-59
-55
-49
-39
-29
-18
-5
4
13
21
28
28
26
23
24
23
26
26
22
21
13
3
-5
-14
-26
-36
-43
-48
-49
-46
-47
-47
-42
-39
-34
-29
-24
-16
-2
10
24
37
48
55
61
72
77
83
88
87
83
77
68
58
50
42
29
19
7
-1
-13
-20
-27
-31
-30
-32
-35
-31
-26
-18
-7
1
11
18
27
37
46
53
56
56
54
51
45
41
31
20
9
-2
-17
-27
-43
-57
-67
-80
-87
-95
-98
-100
-99
-93
-86
-77
-67
-60
-50
-38
-27
-16
-5
5
12
19
22
25
24
18
15
12
7
0
-8
-16
-25
-34
-42
-47
-50
-50
-53
-55
-53
-50
-43
-33
-25
-19
-14
-8
-2
7
16
23
30
36
36
36
35
34
34
34
29
25
20
13
8
3
-6
-10
-14
-19
-20
-22
-20
-18
-14
-11
-3
7
11
22
33
44
54
62
72
80
84
89
89
89
89
83
79
71
61
51
40
27
14
4
-5
-13
-17
-18
-20
-16
-14
-12
-5
0
7
15
28
39
48
61
65
67
64
59
54
47
38
26
12
-3
-17
-31
-47
-62
-71
-84
-94
-100
-100
-101
-102
-96
-89
-80
-68
-53
-43
-32
-18
-9
-2
8
13
14
17
12
9
2
-8
-17
-26
-34
-41
-45
-49
-53
-55
-52
-52
-48
-47
-46
-41
-35
-27
-18
-9
-1
7
15
21
25
31
36
42
45
49
53
53
52
50
48
47
47
45
43
40
39
37
34
30
27
25
23
19
15
9
4
-1
-1
-1
2
6
9
15
23
31
37
45
55
60
66
71
73
74
71
65
59
51
40
28
13
-4
-19
-30
-44
-58
-66
-72
-78
-78
-75
-69
-63
-55
-43
-29
-17
-5
10
23
36
43
48
51
50
48
40
31
21
10
-4
-18
-34
-50
-63
-76
-85
-89
-90
-89
-86
-79
-69
-58
-47
-32
-18
-9
3
16
25
36
43
46
48
43
42
39
31
25
16
4
-7
-19
-27
-35
-38
-38
-40
-41
-41
-36
-32
-22
-15
-8
0
8
19
25
28
29
33
33
33
33
35
33
28
24
21
15
10
5
2
-3
-5
-7
-10
-7
-8
-6
-6
-5
0
4
9
15
22
28
31
35
39
42
43
45
42
40
40
38
33
29
25
20
14
9
6
3
-4
-10
-12
-14
-17
-20
-18
-16
-16
-16
-16
-14
-10
-6
-5
0
6
7
6
7
6
8
8
6
2
-1
-5
-13
-21
-29
-32
-36
-43
-49
-53
-57
-60
-62
-61
-61
-61
-60
-58
-52
-45
-40
-33
-27
-20
-14
-10
-3
2
5
7
9
10
9
8
8
8
5
2
-2
-8
-10
-10
-13
-18
-22
-22
-23
-26
-24
-22
-20
-16
-9
-2
3
9
15
21
28
35
41
46
47
50
50
48
49
47
46
40
36
34
28
22
18
15
14
14
15
16
16
18
19
20
22
23
26
29
33
38
39
38
36
33
31
28
23
18
14
10
3
-3
-12
-15
-19
-22
-21
-21
-20
-20
-20
-17
-13
-10
-6
-5
-2
-1
-2
-3
-6
-8
-9
-10
-12
-18
-21
-24
-29
-33
-36
-36
-36
-35
-36
-35
-36
-37
-36
-33
-28
-24
-20
-17
-18
-18
-17
-16
-16
-17
-15
-17
-17
-19
-18
-19
-20
-19
-18
-15
-10
-6
-2
0
4
5
8
9
12
13
13
12
11
9
7
5
3
1
-3
-6
-6
-7
-8
-9
-10
-9
-8
-4
-1
3
8
10
13
20
28
34
37
42
44
46
46
47
44
43
43
41
37
32
27
22
15
12
9
9
7
6
2
0
-2
-2
0
1
3
5
5
8
10
11
12
16
17
17
17
18
17
13
11
7
6
3
-1
-4
-8
-13
-17
-23
-27
-32
-34
-34
-37
-37
-37
-34
-33
-30
-26
-23
-20
-14
-9
-5
0
3
3
3
3
0
-2
-5
-10
-16
-23
-29
-34
-39
-45
-51
-56
-57
-57
-54
-50
-44
-38
-29
-21
-13
-4
4
13
20
28
35
38
39
40
39
36
35
29
23
18
11
3
-5
-12
-19
-26
-28
-31
-32
-31
-29
-24
-18
-12
-4
5
14
24
34
42
49
56
63
66
69
70
69
66
61
57
50
42
36
28
21
14
6
-1
-7
-12
-16
-19
-21
-21
-20
-16
-13
-9
-5
-2
2
8
12
19
24
27
29
30
30
30
28
25
22
16
11
6
1
-6
-11
-15
-21
-25
-30
-34
-38
-40
-39
-40
-38
-36
-33
-29
-27
-23
-19
-15
-11
-5
1
4
7
7
8
7
7
4
0
-3
-5
-10
-15
-20
-25
-30
-33
-36
-36
-39
-38
-36
-33
-28
-25
-20
-14
-9
-2
4
9
14
18
23
28
30
31
31
31
28
26
23
20
17
15
12
10
6
2
-2
-5
-7
-8
-8
-8
-6
-5
-5
-2
1
5
8
13
19
24
30
36
40
44
46
50
51
52
50
48
44
39
34
26
21
11
3
-5
-13
-21
-28
-33
-37
-39
-40
-40
-39
-36
-32
-28
-22
-15
-9
-2
5
10
14
16
17
16
15
12
10
5
1
-5
-12
-17
-24
-30
-35
-40
-43
-45
-45
-45
-45
-42
-40
-37
-35
-32
-29
-24
-20
-16
-13
-9
-7
-4
0
1
3
5
6
8
7
6
5
3
2
1
-1
-4
-5
-7
-8
-9
-9
-10
-10
-9
-10
-8
-7
-6
-3
-1
4
8
12
15
18
22
25
27
29
31
32
31
31
30
28
26
25
23
20
16
13
12
9
7
6
5
4
4
3
3
4
7
9
12
16
19
22
24
26
27
29
29
29
31
31
29
27
23
20
16
13
8
5
0
-3
-9
-13
-17
-21
-23
-24
-23
-21
-20
-19
-17
-14
-11
-9
-5
-3
-1
1
1
1
0
-2
-3
-5
-7
-11
-16
-19
-22
-25
-27
-30
-32
-33
-32
-34
-33
-31
-28
-26
-23
-20
-17
-14
-12
-10
-7
-5
-5
-5
-4
-3
-4
-6
-6
-6
-7
-7
-9
-11
-10
-11
-11
-10
-8
-6
-4
-2
0
4
7
9
11
12
16
18
18
20
22
24
25
26
27
27
26
25
23
24
23
22
22
22
22
20
19
17
17
18
18
18
19
20
19
18
17
16
15
16
15
15
14
15
12
12
11
9
7
6
6
3
3
0
0
1
0
-2
-4
-5
-7
-8
-8
-8
-9
-9
-11
-13
-14
-14
-17
-20
-19
-19
-21
-22
-23
-24
-24
-25
-25
-27
-24
-23
-23
-22
-20
-20
-17
-15
-14
-11
-10
-8
-8
-6
-4
-4
-4
-4
-3
-4
-5
-6
-7
-8
-7
-8
-7
-7
-7
-9
-9
-9
-8
-5
-4
-2
1
3
3
5
7
9
10
13
12
12
15
14
13
12
13
11
9
9
8
6
5
4
3
3
5
3
2
4
4
4
5
6
5
6
5
5
5
6
5
5
7
7
6
6
5
4
4
5
3
3
2
3
1
-1
-1
-1
-2
-1
-1
-1
0
-1
-1
0
1
1
3
3
4
4
5
4
3
4
3
3
3
4
2
1
0
-2
-2
-2
-4
-7
-7
-8
-11
-11
-10
-11
-11
-9
-9
-8
-7
-5
-3
-2
0
1
1
4
3
5
7
8
8
7
7
5
5
4
1
-1
-4
-4
-7
-10
-11
-12
-14
-14
-13
-11
-10
-7
-5
-3
0
3
6
10
11
12
14
14
14
14
14
12
10
7
5
2
-1
-3
-7
-9
-10
-12
-12
-11
-11
-10
-7
-5
-2
1
5
7
13
15
16
19
20
20
20
20
18
15
12
8
4
0
-3
-7
-9
-12
-14
-15
-16
-16
-16
-14
-13
-10
-9
-6
-2
-1
2
6
8
9
11
11
11
9
8
6
3
0
-5
-8
-11
-13
-16
-19
-20
-22
-23
-23
-22
-19
-18
-16
-13
-10
-6
-2
-1
4
7
8
11
12
11
11
11
10
8
6
5
2
1
-2
-5
-7
-7
-9
-10
-8
-8
-7
-5
-3
-1
-1
1
5
7
9
13
13
15
16
16
17
18
16
15
15
13
11
11
9
7
6
3
2
2
-1
-2
-2
-3
-3
-3
-4
-4
-3
-2
0
0
1
2
2
2
3
5
4
5
4
1
1
1
-1
-1
-3
-5
-7
-9
-11
-13
-14
-15
-15
-16
-15
-14
-14
-13
-12
-9
-7
-5
-4
-3
0
2
3
6
5
3
3
2
1
0
1
-2
-3
-5
-7
-8
-10
-10
-9
-8
-8
-7
-5
