1
1
2
3
4
4
4
4
5
5
4
4
5
4
5
5
4
4
3
2
2
1
2
2
2
2
4
3
2
2
-1
-1
-2
-2
-2
-3
-3
-3
-5
-5
-5
-7
-8
-7
-7
-7
-5
-5
-5
-4
-5
-4
-4
-4
-3
-3
-1
-1
-1
0
-1
-1
0
0
1
2
2
4
4
4
5
5
6
5
6
5
4
5
4
4
3
4
3
2
2
1
0
0
-1
-1
-2
-2
-1
-2
-1
-1
-2
-4
-5
-6
-8
-7
-7
-8
-8
-7
-6
-7
-6
-7
-6
-6
-6
-4
-3
-3
-2
-1
-1
-2
-2
-2
-3
-2
-3
-1
-1
1
1
1
3
2
1
2
3
4
4
4
5
4
2
3
2
1
1
1
1
1
0
2
3
3
4
4
3
1
2
1
1
3
3
3
3
2
2
2
1
2
2
1
4
3
3
3
4
4
4
4
5
5
3
4
5
2
2
3
2
2
1
2
2
1
1
2
2
2
3
4
2
2
1
0
-1
-2
-2
-1
-2
-2
-2
-3
-4
-2
-3
-5
-3
-4
-4
-3
-3
-2
-2
-4
-2
-4
-4
-3
-2
-4
-4
-4
-2
-4
-4
-3
-3
-4
-3
-1
-3
-1
-3
0
0
0
3
2
0
2
0
1
1
0
1
-1
0
1
-1
1
2
1
1
1
1
2
2
2
5
4
4
4
3
3
2
2
2
2
2
2
4
2
3
2
4
4
2
4
5
3
5
3
4
4
0
2
3
0
1
0
-2
1
0
1
3
1
3
3
0
1
0
1
3
0
0
-1
-2
-3
-4
-5
-4
-3
-4
-3
-5
-2
-4
-7
-2
-2
-3
-2
-4
1
-1
-6
0
-2
-4
-3
-3
-2
-7
-6
-2
0
-4
0
4
-1
1
-1
0
1
4
2
-1
-2
-4
-3
-9
-2
5
-4
1
-1
-1
0
-6
1
0
-10
-6
-3
-9
-6
-4
-5
0
-7
0
0
-8
-1
4
-2
1
2
-1
2
-5
4
-1
-2
2
8
9
4
1
2
3
-3
1
4
-1
-3
3
4
8
4
14
6
14
14
2
4
2
16
13
3
3
12
7
4
-1
15
6
7
10
-3
11
-5
-5
14
5
5
13
3
9
9
3
20
-1
2
7
-8
0
-19
-8
11
2
2
4
3
7
-2
7
9
13
6
2
6
-4
10
-17
5
12
0
12
-16
12
10
-15
17
1
-11
16
-2
-8
-10
-1
0
12
5
-5
32
-21
-20
12
-7
-10
16
-4
-2
-14
-19
8
-21
-21
13
1
-29
-19
-17
11
0
-21
15
-11
-17
-16
-14
-31
10
-3
-19
-4
-13
-11
-7
-21
-9
9
-19
-14
10
-15
-21
11
-14
-14
4
-5
16
-6
-27
17
-7
-1
4
4
30
-33
2
13
-23
28
48
-16
18
15
-22
6
-18
5
25
1
-18
1
4
-20
18
24
-3
11
16
-24
13
15
-33
34
-10
-43
54
-30
-13
47
-18
4
27
-33
23
-1
-17
20
-48
12
-12
-1
22
-4
12
-4
-23
10
-15
-3
-8
-26
26
-48
-11
27
-12
18
33
-17
26
8
-5
84
-47
-10
63
-63
-22
42
-14
24
-22
-10
42
-16
-8
28
51
-82
39
7
-83
21
36
-13
30
-23
-13
37
-105
40
8
-79
30
-26
-33
-8
-59
3
-9
-74
22
29
-36
-16
25
-32
-13
-13
-20
67
-63
-9
53
-86
-10
24
28
-35
27
-45
-28
4
-116
53
4
-82
79
-4
-74
89
-117
57
44
-95
100
-42
-5
43
-44
-37
55
-11
27
11
60
-27
17
38
-54
108
-33
23
78
-46
-35
70
-58
66
61
-22
101
11
-29
51
60
-48
144
-8
-26
76
-32
-6
45
-4
12
114
-88
61
67
-67
94
57
38
26
90
-92
23
21
-135
84
15
-68
-6
35
-24
-8
-24
63
17
-3
5
57
-18
-47
112
-8
-33
28
-3
-42
-14
41
-70
81
-68
8
-50
57
-97
15
-7
-35
-19
-12
49
-32
13
-15
55
-67
67
-77
155
-55
39
88
-93
107
-13
-68
46
80
-208
224
-126
-92
151
-99
-103
161
-249
47
32
-227
134
-98
-118
100
-101
-52
123
-134
112
-5
-6
59
-106
30
-39
-35
56
-25
-47
131
-187
22
68
-176
139
-88
24
1
1
-64
11
-43
-74
69
26
-62
34
89
-141
-18
61
-106
57
6
-83
86
14
-181
294
-162
7
147
-155
97
-53
-85
156
-128
-70
153
-235
135
-86
-28
137
-61
-43
231
-198
43
114
-143
89
-57
60
5
11
71
-45
44
7
-34
68
15
-129
250
-209
-103
277
-420
233
-129
9
53
-38
-26
154
-171
181
-61
-44
192
-189
155
22
-63
97
149
-259
294
5
-137
264
6
-182
294
-137
-89
356
-280
57
245
-323
155
164
-319
398
-75
-164
353
-183
-92
392
-338
184
126
-186
164
46
-75
109
-59
-9
133
-180
145
-55
-39
-2
122
-73
29
-27
43
-25
-91
149
-93
34
-11
23
-19
-26
26
-16
-53
-18
3
-51
97
-18
-144
192
-214
-41
116
-230
183
-86
-168
124
-121
-256
178
-91
-193
80
-33
-85
-7
9
-45
94
-95
-15
87
-94
-78
136
-140
-81
25
-59
-59
4
-6
-113
14
23
-110
140
-42
-54
220
-179
26
121
-112
24
174
-105
73
104
-31
26
217
-245
184
175
-277
404
-101
66
146
-77
-4
122
-77
7
98
-65
100
48
-167
290
-52
-116
353
-251
54
304
-328
230
95
-244
318
-103
-166
359
-158
-109
390
-292
99
128
-174
41
40
-108
47
-78
26
-23
-59
81
-138
187
-150
4
44
4
-161
212
-119
-107
196
-345
274
-227
62
7
-50
-52
59
-207
41
-32
-257
300
-394
173
-229
-95
27
-124
-187
222
-175
-95
106
-260
122
-170
43
-80
141
-261
107
27
-196
158
-93
-28
115
-142
-43
174
-324
320
-193
16
-9
-1
89
-58
72
-9
17
-87
80
62
30
71
66
-25
-5
99
23
93
58
79
85
22
-27
232
12
-94
310
-174
148
35
18
177
-178
76
205
-243
287
-41
-55
241
-379
303
12
-242
393
-14
-255
317
-174
120
82
-102
183
97
-162
-42
301
-368
270
-54
-123
184
-213
-39
81
-126
38
-27
-115
46
-129
-120
89
-220
19
-43
-179
68
-69
-164
123
-58
-147
130
-207
68
-30
-307
310
-193
-146
132
-202
-9
-75
-40
-27
-105
-48
-20
16
-320
270
-256
-84
-119
223
-344
263
31
-262
209
-282
54
-11
63
-122
356
-267
-47
413
-534
191
193
-256
84
311
-432
449
-148
-247
455
-355
39
363
-286
63
261
-205
78
46
85
-48
69
12
39
100
-77
186
-53
63
4
167
-76
73
151
-110
49
230
-267
218
276
-609
603
-277
-8
267
-221
135
99
-262
167
-29
-147
179
-207
227
-171
60
51
-142
110
-20
-224
259
-70
-323
410
-431
60
49
-123
-23
215
-288
107
27
-181
103
-40
-110
106
-6
-325
319
-212
25
-35
102
5
-139
81
-23
-70
-80
141
14
-152
222
-273
81
196
-373
411
-99
-302
495
-470
-41
416
-614
321
-69
-250
331
-205
-172
316
-319
21
90
-148
99
-149
-23
128
-330
102
76
-152
76
-135
188
-231
-80
192
-185
-21
134
-131
44
-24
-33
236
-235
198
19
-60
-118
189
-23
-31
-49
283
-17
-246
624
-592
502
-78
-233
670
-495
143
350
-291
86
343
-356
410
-122
66
72
-10
83
-88
236
-249
366
-339
347
-141
117
31
37
162
-235
359
-232
189
32
39
56
45
-139
360
-305
203
144
-391
516
-392
141
196
-342
191
128
-359
267
85
-439
529
-536
181
-107
-70
-135
137
-131
-158
110
-3
-337
302
-277
-33
40
-270
89
-54
-237
109
-34
-234
25
-31
-153
-39
80
-155
43
-51
-217
241
-430
194
-6
-164
165
-121
129
-30
-113
285
-382
328
-215
13
236
-309
289
-131
121
-237
493
-387
250
134
-181
127
239
-389
376
-89
-158
300
-348
344
-113
95
107
-68
129
60
-399
499
-147
-393
812
-717
319
153
-420
325
41
-482
701
-555
72
327
-625
498
-280
-154
328
-237
-238
654
-814
372
316
-835
830
-279
-361
633
-433
-175
507
-418
-173
500
-474
30
339
-509
314
-170
-57
32
-8
-97
218
-272
285
-343
303
-123
-54
229
-111
-18
132
143
-476
679
-387
7
341
-326
4
559
-833
694
-7
-509
662
-335
-32
268
-20
-354
670
-558
110
242
-207
-257
603
-571
103
420
-560
490
-35
-378
464
-92
-465
478
26
-459
448
-24
-408
438
-283
-218
632
-760
349
351
-863
699
-416
-24
32
87
-208
220
127
-225
230
92
-288
256
130
-682
1072
-958
513
220
-570
465
25
-659
880
-386
-88
552
-527
207
119
-458
463
34
-348
642
-333
-103
269
-126
-214
600
-737
716
-404
-168
493
-643
158
536
-928
917
-370
-222
773
-869
533
201
-494
253
348
-669
522
60
-340
282
402
-733
699
-33
-554
674
-317
-110
443
-295
-11
349
-473
36
197
-319
177
-69
34
-130
109
-8
-282
337
-233
-199
341
-369
191
-5
-150
90
-67
-79
68
76
-111
98
96
-342
208
77
-423
502
-286
-204
346
-466
249
195
-548
666
-246
-440
600
-300
-132
572
-573
505
-254
65
-48
301
-214
46
375
-524
354
-199
-21
48
-16
-183
423
-469
236
23
-143
42
-2
104
-236
361
-428
528
-487
181
200
-301
321
116
-219
307
1
-208
446
-336
264
64
-158
-14
470
-502
244
60
-70
-110
285
-320
304
48
-347
472
-310
100
174
3
-140
323
-266
290
-215
385
-272
249
-35
-163
261
-333
138
176
-451
290
-3
-311
266
-190
102
53
-279
242
-132
-148
103
-111
8
-124
-6
305
-598
519
-145
-498
724
-738
340
155
-339
204
72
-381
98
218
-529
530
-321
134
-137
471
-706
507
64
-588
713
-421
-109
529
-326
-519
1282
-1454
978
-184
-517
813
-663
115
115
-44
-165
139
-81
82
-368
517
-424
229
-19
-303
392
-471
218
46
-192
184
-29
-103
71
-22
118
63
-117
560
-868
807
-358
-140
538
-375
236
54
-179
23
204
-227
154
70
-291
165
74
-407
315
96
-496
411
-186
-310
590
-617
156
281
-506
119
412
-719
643
-345
-168
320
-264
195
-233
243
-89
-264
422
-351
195
170
-495
643
-506
80
113
-130
122
-222
247
-115
-25
177
-52
-58
484
-480
382
153
-311
325
198
-569
783
-524
59
427
-222
-36
595
-543
451
117
-370
464
-224
39
103
23
-267
510
-498
309
92
-168
235
-176
99
-197
175
-217
54
221
-438
488
-350
-66
292
-262
95
330
-403
425
-297
-105
166
-159
11
9
218
-329
330
-416
212
-30
-253
243
-194
25
25
76
-300
37
-71
-211
60
87
5
104
-215
151
-274
36
-61
43
128
-150
138
186
-515
441
-380
102
160
-282
272
11
-459
430
-121
-300
372
-38
-145
144
-142
2
85
-76
0
247
-256
-191
559
-713
341
167
-356
372
-142
-22
101
-411
343
-240
190
165
-302
690
-672
40
450
-822
943
-494
176
169
-193
-31
235
-504
589
-224
-82
277
-424
362
-274
-119
179
36
-311
278
-20
-211
93
22
82
-2
-100
304
-42
-126
131
-53
277
-124
-119
656
-631
420
-23
-92
188
7
-121
403
57
-447
554
-198
-322
578
-322
-10
568
-842
719
-385
-133
475
-364
43
278
-95
-143
463
-488
208
-79
-183
-90
529
-717
594
-6
-632
735
-414
-354
845
-567
-130
514
-554
52
-57
-22
-127
215
-474
255
192
-606
320
358
-1093
891
-447
-188
435
-885
823
-368
-521
744
-307
-253
642
-910
912
-584
-26
238
-199
-158
316
-327
57
9
-206
479
-777
893
-470
13
104
-288
330
11
-735
1168
-713
-210
705
-560
598
-623
508
-10
-191
191
153
-329
109
67
-129
-87
270
-48
36
-81
39
207
-300
236
-1
329
-607
770
-421
26
192
-158
201
-37
-81
580
-750
751
-306
123
246
-727
1138
-862
205
296
-266
301
-290
80
282
-654
678
-419
297
-89
-183
323
-346
-107
433
-289
14
106
-196
291
-461
178
250
-669
520
-184
-318
535
-585
304
37
-664
793
-504
-112
491
-524
-70
258
-351
151
-112
219
-129
-191
346
-946
1066
-840
19
735
-913
208
460
-1213
921
-309
-490
956
-857
264
174
-427
17
487
-896
754
-161
-353
319
-71
-56
113
-133
186
118
-424
288
197
-333
15
442
-624
522
-304
132
370
-536
530
-175
-294
703
-825
773
13
-687
1060
-466
-558
919
-356
-233
836
-1093
1031
-283
-540
603
36
-487
645
-207
-92
211
133
-281
355
138
-646
1290
-1088
586
204
-484
511
-41
-328
727
-291
-34
476
-599
488
51
-289
264
323
-729
642
-316
89
-37
407
-450
289
301
-520
253
335
-714
611
-302
65
285
-127
-116
259
-7
-606
631
-134
-333
533
-321
-417
853
-1207
740
119
-588
568
-26
-565
512
-208
-355
623
-302
-245
399
-289
-50
216
-492
359
-66
-330
186
275
-679
329
-200
-239
199
-289
38
-49
-71
-211
-33
-4
41
-102
510
-680
468
-137
-292
208
-208
-56
283
-180
-258
497
-432
-309
696
-403
-205
842
-869
456
-38
-560
597
-263
-290
441
-174
-61
24
27
-13
29
-60
67
-49
-67
45
39
0
-194
127
-31
-77
85
224
-225
387
-562
457
-87
-455
644
-437
117
64
-121
-23
-49
120
70
-281
427
-304
190
-198
48
239
-527
393
47
-472
597
-20
-417
530
-520
165
271
-315
191
353
-450
285
-106
-167
342
-377
342
69
-420
478
-237
-227
256
-288
252
153
-515
479
-16
-558
528
93
-400
213
277
-556
417
-2
-417
668
-525
-111
684
-927
327
617
-958
336
320
-762
574
-248
-149
763
-756
74
469
-707
187
272
-211
134
-27
-63
147
-272
-80
530
-421
-34
545
-685
267
-94
-38
5
93
-159
202
-126
118
-209
225
-173
-99
151
-155
260
-193
62
-57
-62
-66
244
-189
298
-85
-148
217
-329
61
157
-296
493
-221
124
131
-170
105
124
-84
216
-53
-61
177
-122
-18
12
247
-187
38
141
8
-181
93
31
35
-290
269
2
-87
98
-128
304
-445
215
379
-384
312
-47
-222
343
-410
67
476
-414
112
176
-118
51
-344
352
34
-338
141
309
-533
-22
162
-80
-43
-44
82
163
-255
99
317
-505
375
-246
132
136
-368
395
-119
-270
385
-341
209
54
-318
499
-395
-78
419
-390
-7
406
-474
171
63
-326
365
-243
-207
296
-342
-49
360
-333
215
-136
-147
100
-373
-73
406
-336
19
59
-14
-100
-196
151
84
-166
22
212
-376
193
-346
166
-110
-203
193
146
-379
448
-179
-37
190
-135
197
-113
23
176
-86
-161
199
-172
211
-142
124
412
-112
214
206
39
221
-19
97
167
-120
-90
273
-303
-192
342
-338
-67
211
-183
43
18
-101
-23
-152
33
46
-50
41
23
31
0
-3
263
97
-12
144
179
-227
159
180
48
-126
8
130
-158
35
30
60
-130
-114
106
-176
-196
90
-54
-78
-88
64
72
-295
379
-19
-88
288
-200
228
13
-215
203
18
-117
-110
220
-153
-42
69
15
-52
-54
31
-136
2
-259
181
-12
-471
248
-45
-462
196
-188
4
11
-70
18
-107
-179
25
-28
-123
180
-43
-273
20
-71
-370
230
-183
-148
123
-282
-143
-20
-386
-39
-105
-233
108
-203
-319
276
-219
-118
153
-123
-13
-32
-10
-35
13
-44
23
111
136
-21
233
125
85
205
207
225
61
39
171
172
-5
282
347
107
132
387
153
235
200
436
383
238
312
394
238
28
564
317
252
280
447
335
108
236
277
179
76
193
188
31
-96
104
-142
-174
-68
-119
-153
-324
-273
-205
-513
-471
-456
-440
-584
-552
-377
-784
-814
-652
-785
-785
-747
-669
-773
-835
-838
-792
-763
-616
-359
-34
35
-117
85
16
-1
407
554
726
669
785
707
563
510
496
723
489
734
898
495
357
249
-71
-44
-39
-53
-19
-27
-188
-125
-311
-386
-225
-220
53
168
449
427
256
433
377
605
732
967
1194
1055
1241
1085
1037
850
886
959
909
881
727
539
212
35
-27
-98
-223
-206
-359
-479
-718
-935
-930
-1001
-1015
-896
-914
-1008
-933
-1206
-1242
-1079
-1081
-1096
-1015
-966
-1210
-1289
-1386
-1466
-1510
-1465
-1411
-1111
-977
-423
-73
-106
-224
-425
-66
289
709
1229
1162
1223
1079
810
866
830
953
1073
1165
1239
1183
587
222
-393
-413
-329
-321
-136
-387
-367
-596
-772
-994
-973
-790
-456
-12
235
333
232
138
18
458
846
1075
1578
1528
1747
1649
1440
1232
958
1045
1138
1378
1318
1029
505
99
-215
-294
-212
-117
-167
-208
-428
-807
-949
-1033
-1001
-475
-289
-25
142
-142
-79
-116
35
327
577
798
889
773
559
301
28
-60
-50
20
72
-138
-429
-881
-1318
-1547
-1681
-1622
-1745
-1767
-2106
-2393
-2488
-2814
-2544
-2434
-2141
-1736
-1055
-239
150
58
-14
54
645
1213
1979
2366
2345
2269
1974
1665
1610
1639
1609
1628
1670
1583
1035
123
-690
-1219
-1262
-1025
-1038
-970
-1201
-1281
-1424
-1674
-1687
-1455
-1021
-391
57
473
539
421
318
537
1084
1534
1996
2113
2111
2153
1878
1480
1203
1101
1161
1270
1118
747
315
-231
-436
-469
-448
-397
-468
-445
-597
-599
-591
-591
-452
-191
246
459
608
629
675
638
835
1071
1003
1166
1049
835
644
340
-65
-178
-382
-512
-603
-855
-1284
-1626
-1932
-2277
-2175
-2425
-2517
-2474
-2744
-2692
-2801
-2785
-2648
-2378
-1788
-1123
-325
727
915
723
632
947
1582
2176
2817
2943
2795
2452
1953
1489
1470
1240
1293
1128
1039
728
-16
-1027
-1860
-2115
-1903
-1697
-1462
-1502
-1429
-1445
-1554
-1586
-1292
-826
-69
634
1094
1354
1349
1212
1050
1358
1964
2345
2394
2338
2053
1821
1246
791
384
201
317
170
-148
-536
-1002
-1322
-1308
-1164
-1017
-796
-752
-644
-487
-365
-215
-25
289
726
1088
1402
1480
1424
1460
1492
1572
1638
1596
1422
1151
785
386
-15
-398
-695
-883
-1080
-1339
-1585
-1990
-2375
-2561
-2757
-2726
-2666
-2772
-2716
-2603
-2640
-2578
-2485
-2284
-1667
-1039
-50
1074
1658
1652
1280
1070
1606
2304
2973
3333
3196
2821
2147
1432
907
794
769
724
603
527
-35
-1055
-2136
-2807
-2705
-2088
-1670
-1354
-1256
-1274
-1170
-1244
-1193
-685
42
909
1614
1942
1972
1660
1152
1031
1397
1975
2191
2062
1585
1102
569
-170
-742
-1029
-876
-697
-665
-1020
-1509
-1797
-2037
-1664
-988
-403
114
313
369
490
611
765
1187
1603
2140
2468
2405
2075
1681
1362
1416
1449
1560
1461
1006
506
-182
-729
-1131
-1288
-1348
-1333
-1429
-1575
-1929
-2338
-2461
-2522
-2268
-2020
-1866
-1915
-1971
-1996
-1891
-1826
-1749
-1474
-1236
-549
83
809
1692
2093
1730
1386
1193
1788
2375
2883
2957
2584
1904
1199
362
215
191
240
116
72
-195
-771
-1795
-2615
-2966
-2565
-1770
-1276
-977
-915
-917
-956
-895
-652
8
714
1481
1851
2011
1821
1252
779
600
962
1514
1634
1283
701
142
-516
-1073
-1495
-1536
-1225
-989
-759
-747
-1215
-1496
-1649
-1045
-12
813
1443
1517
1466
1468
1500
1576
1950
2340
2680
2922
2774
2255
1474
880
731
903
1111
1002
516
-159
-863
-1282
-1603
-1804
-1627
-1513
-1373
-1337
-1682
-2127
-2306
-2195
-1912
-1282
-1162
-1182
-1411
-1680
-1573
-1550
-1499
-1357
-1220
-740
-170
188
1012
1448
1554
1126
926
1352
1963
2179
2451
1975
1731
1388
478
175
259
283
285
-60
-234
-484
-1217
-1989
-2578
-2406
-1699
-1257
-909
-758
-684
-501
-588
-482
-35
666
1285
1680
1676
1624
1397
900
446
460
857
1152
919
392
-131
-585
-1000
-1532
-1747
-1410
-1091
-830
-641
-605
-639
-724
-567
102
985
1769
2135
2040
1972
1740
1600
1708
1879
2095
2195
2016
1703
1041
362
2
-214
-10
116
14
-248
-812
-1292
-1614
-1654
-1486
-1236
-1019
-904
-922
-1053
-1306
-1385
-1252
-960
-680
-427
-527
-940
-1264
-1588
-1692
-1623
-1439
-1419
-968
-861
-264
450
1080
997
641
389
1041
1728
2289
2490
2082
1641
1042
482
426
667
667
470
-106
-115
-591
-1303
-2086
-2594
-2353
-1506
-1031
-712
-714
-799
-816
-633
-308
366
957
1427
1674
1728
1640
1314
751
274
398
860
1170
839
129
-470
-921
-1199
-1433
-1476
-1184
-858
-612
-491
-362
-227
-164
41
637
1346
1929
2157
2166
2101
1991
1775
1643
1474
1603
1624
1561
1300
738
222
-271
-373
-293
-154
-165
-318
-621
-821
-1003
-1045
-1018
-924
-747
-560
-501
-586
-795
-981
-957
-829
-618
-589
-676
-991
-1513
-1879
-1870
-1902
-1829
-1823
-1685
-1360
-924
64
946
1162
858
437
713
1548
2310
2678
2371
1963
1375
663
416
583
406
43
-400
-556
-681
-1378
-2410
-3124
-3058
-2202
-1539
-1057
-904
-858
-813
-696
-297
368
962
1452
1804
1980
2083
1779
969
318
281
747
1224
1057
390
-310
-745
-1033
-1316
-1412
-1129
-770
-482
-228
-12
102
49
125
674
1428
2112
2302
2258
2137
1974
1759
1517
1315
1309
1313
1291
1128
676
110
-407
-554
-367
-121
-117
-239
-443
-627
-746
-745
-757
-777
-649
-458
-409
-373
-612
-861
-877
-824
-726
-669
-973
-1321
-1673
-1932
-1920
-2026
-2088
-2051
-1779
-1403
-802
173
1156
1338
1088
627
924
1638
2255
2604
2575
2217
1587
628
90
168
28
-262
-742
-808
-915
-1444
-2484
-3235
-3238
-2427
-1655
-942
-495
-303
-263
-287
82
745
1355
1835
2073
2240
2384
2063
1229
440
158
491
913
816
288
-310
-773
-1138
-1474
-1604
-1357
-958
-604
-242
149
369
345
328
760
1492
2140
2401
2362
2265
2120
1755
1424
1140
1041
963
898
875
533
43
-522
-810
-677
-453
-389
-405
-504
-608
-734
-867
-916
-919
-922
-748
-530
-470
-622
-949
-1207
-1223
-1156
-1038
-1147
-1377
-1723
-2050
-2231
-2315
-2309
-2144
-1668
-1246
-618
423
1421
1653
1320
716
1082
1761
2563
2889
2724
2292
1563
378
-183
-42
88
-188
-806
-882
-895
-1313
-2366
-3242
-3219
-2205
-1340
-614
-191
116
145
49
283
956
1576
2009
2054
2144
2333
2051
1170
205
-241
42
462
497
95
-507
-917
-1255
-1617
-1756
-1478
-1043
-638
-241
206
566
808
800
969
1520
2256
2623
2605
2446
2244
1921
1459
1096
932
821
700
515
265
-20
-409
-781
-831
-628
-434
-325
-365
-370
-463
-561
-617
-622
-599
-575
-432
-294
-363
-606
-985
-1202
-1198
-1165
-1159
-1319
-1575
-1905
-2309
-2565
-2501
-2414
-2080
-1644
-1129
-261
912
1559
1414
826
651
1205
1964
2753
2837
2563
1914
906
-117
-287
-52
-41
-573
-883
-786
-918
-1598
-2693
-3265
-2724
-1756
-1009
-316
138
478
363
263
611
1213
1698
1881
1938
2241
2413
1954
904
40
-162
111
317
270
-61
-435
-741
-1188
-1530
-1572
-1309
-889
-504
-30
553
912
1021
962
1087
1592
2121
2384
2423
2325
2095
1649
1103
704
542
503
378
149
-64
-370
-651
-817
-837
-729
-640
-574
-485
-420
-472
-560
-656
-671
-553
-506
-387
-268
-425
-651
-877
-949
-913
-1015
-1103
-1201
-1386
-1611
-1997
-2250
-2261
-2173
-2031
-1746
-1316
-825
15
962
1556
1535
1063
883
1261
1988
2624
2690
2451
1879
1064
307
160
217
-28
-623
-816
-679
-663
-1134
-2064
-2595
-2318
-1787
-1188
-484
191
564
420
323
540
937
1208
1284
1418
1951
2255
2004
1241
421
66
-49
19
173
123
-12
-281
-717
-971
-1074
-1077
-1028
-904
-368
356
946
1150
1003
911
1110
1403
1653
1801
1851
1779
1537
1302
1067
771
373
-30
-181
-58
93
68
-225
-480
-669
-794
-813
-756
-701
-595
-498
-438
-463
-581
-788
-885
-780
-682
-557
-521
-505
-611
-798
-991
-1091
-1190
-1267
-1489
-1645
-1688
-1693
-1773
-1841
-1681
-1465
-968
31
965
1342
1163
605
708
1114
1867
2354
2429
2372
1949
1092
622
510
431
-53
-717
-719
-476
-422
-1084
-2188
-2684
-2497
-2238
-1743
-1206
-548
-292
-436
-372
109
609
866
746
1014
1827
2312
2192
1591
1115
1040
896
755
661
565
518
286
-21
-178
-431
-853
-1246
-1295
-784
-169
289
503
534
599
690
681
713
812
1010
1245
1493
1616
1478
1023
549
220
170
318
431
377
194
-17
-223
-513
-785
-998
-1174
-1148
-986
-758
-658
-776
-984
-1094
-1063
-911
-784
-668
-511
-390
-378
-412
-498
-645
-920
-1220
-1385
-1408
-1401
-1511
-1568
-1513
-1333
-899
-247
381
728
582
521
835
1393
2018
2259
2321
2280
2015
1557
1316
1185
1126
575
47
-149
-181
-457
-1164
-1979
-2191
-2109
-2096
-2000
-1765
-1215
-889
-797
-558
-36
537
859
901
1259
1901
2356
2385
2202
2151
2194
1917
1556
1339
1250
1096
601
3
-311
-506
-791
-1147
-1364
-1227
-1017
-922
-810
-632
-381
-205
-85
151
470
745
884
1072
1350
1591
1631
1506
1389
1286
1131
853
533
286
131
-96
-355
-634
-959
-1289
-1575
-1699
-1647
-1528
-1450
-1411
-1342
-1218
-1148
-1123
-1036
-863
-659
-450
-225
-47
-60
-308
-672
-953
-1083
-1205
-1374
-1434
-1345
-1169
-878
-396
119
504
405
346
569
1041
1642
1884
1981
2095
1967
1595
1275
1175
1196
809
223
-131
-266
-337
-812
-1507
-1916
-2078
-2184
-2227
-2112
-1673
-1368
-1288
-956
-343
376
800
847
1000
1489
2044
2304
2333
2444
2598
2541
2284
2007
1671
1240
700
217
53
15
-182
-651
-1053
-1258
-1410
-1532
-1580
-1398
-1067
-731
-421
-129
113
368
523
813
1342
1746
1931
1971
1980
1969
1834
1478
1103
786
533
290
8
-245
-571
-960
-1302
-1486
-1480
-1511
-1679
-1758
-1685
-1525
-1375
-1294
-1217
-1034
-872
-715
-539
-329
-202
-209
-381
-519
-605
-795
-1061
-1321
-1375
-1320
-1192
-887
-367
200
607
575
541
617
770
1005
1143
1316
1530
1494
1265
1121
1054
929
453
-135
-420
-406
-437
-738
-1164
-1472
-1637
-1833
-1911
-1803
-1458
-1194
-1121
-866
-306
345
756
867
979
1297
1662
1901
1991
2082
2191
2143
2001
1906
1805
1567
1101
615
264
95
-61
-421
-780
-996
-1130
-1204
-1294
-1314
-1184
-1042
-848
-584
-298
74
380
566
797
1042
1304
1477
1585
1651
1637
1520
1308
1075
841
610
278
-30
-259
-408
-557
-783
-1009
-1217
-1396
-1526
-1579
-1547
-1451
-1326
-1224
-1096
-930
-800
-716
-630
-531
-417
-334
-333
-499
-704
-899
-1017
-994
-900
-788
-662
-322
188
612
760
636
489
512
670
829
920
959
938
801
694
749
791
716
303
-43
-165
-143
-203
-520
-829
-887
-847
-862
-894
-880
-782
-720
-700
-520
-117
258
423
421
519
810
1050
1068
1009
1067
1240
1359
1355
1325
1359
1297
1055
772
587
482
289
-44
-323
-403
-435
-548
-705
-808
-753
-703
-695
-631
-472
-297
-184
-116
89
370
596
729
771
858
887
812
676
593
573
532
466
396
331
232
-33
-379
-585
-648
-662
-718
-776
-757
-709
-727
-800
-825
-735
-617
-568
-538
-479
-436
-484
-627
-707
-704
-677
-721
-854
-891
-805
-709
-602
-454
-234
-17
108
113
146
200
223
266
314
470
613
609
548
620
773
895
771
594
497
489
450
289
94
-53
-193
-382
-502
-488
-401
-449
-602
-720
-644
-491
-457
-491
-472
-266
-24
158
280
445
633
731
819
969
1208
1386
1375
1218
1115
1045
902
620
344
198
160
123
-2
-136
-244
-371
-494
-595
-608
-544
-540
-503
-405
-239
-48
47
76
133
236
387
542
621
691
692
680
662
619
558
448
325
190
73
-49
-153
-268
-367
-473
-531
-542
-574
-590
-620
-609
-601
-596
-626
-653
-691
-750
-810
-875
-883
-911
-942
-999
-1067
-1152
-1162
-1022
-747
-478
-287
-186
-103
-4
68
189
268
406
537
606
699
877
1064
1179
1092
937
871
837
746
524
242
29
-136
-313
-486
-593
-630
-712
-884
-988
-955
-866
-847
-906
-876
-636
-371
-197
-40
163
413
600
729
906
1155
1249
1153
993
935
941
847
606
377
318
319
283
240
185
94
-81
-305
-397
-379
-323
-320
-330
-235
-53
103
154
184
254
380
507
612
719
800
807
753
694
691
724
683
573
435
343
246
126
4
-104
-167
-202
-215
-173
-140
-175
-249
-289
-290
-282
-347
-454
-485
-547
-671
-859
-1033
-1156
-1226
-1293
-1312
-1255
-1201
-1099
-959
-670
-401
-187
-120
-20
86
253
384
453
583
669
754
823
964
1082
1135
974
795
681
604
455
203
-24
-183
-283
-458
-632
-735
-762
-832
-933
-972
-911
-819
-853
-906
-843
-624
-384
-193
-29
204
442
558
567
597
702
737
693
645
695
796
798
683
539
480
456
449
417
407
411
366
238
120
52
24
18
13
45
158
231
216
210
210
295
393
465
522
599
631
601
526
475
478
460
406
359
327
277
163
40
-45
-79
-117
-162
-191
-208
-229
-301
-414
-535
-630
-705
-796
-870
-939
-997
-1081
-1192
-1317
-1400
-1431
-1435
-1410
-1404
-1304
-1094
-800
-513
-294
-173
-27
117
250
396
442
535
619
692
770
890
1022
1124
1048
852
694
556
419
148
-148
-375
-510
-683
-867
-959
-946
-902
-966
-1005
-924
-771
-690
-758
-788
-656
-401
-195
-33
197
516
780
906
956
1048
1137
1134
1054
1022
1073
1116
1045
826
685
632
590
513
413
368
339
209
26
-73
-75
-20
1
-11
62
198
304
327
350
434
519
561
573
625
687
699
651
606
590
547
455
348
267
195
71
-73
-206
-258
-307
-368
-447
-540
-562
-592
-606
-613
-654
-740
-820
-906
-956
-1031
-1137
-1270
-1410
-1520
-1565
-1583
-1567
-1467
-1385
-1223
-1000
-653
-298
-22
122
240
412
578
733
768
822
862
854
777
748
804
813
661
355
148
9
-149
-467
-801
-1006
-1061
-1119
-1177
-1132
-998
-881
-898
-921
-801
-562
-421
-368
-240
76
468
712
850
1021
1243
1417
1488
1490
1531
1555
1437
1233
1091
1061
973
761
499
402
451
455
342
230
192
191
158
97
128
195
250
236
275
426
583
631
604
649
754
856
849
805
772
775
756
683
611
529
425
260
101
-3
-74
-154
-261
-352
-381
-373
-419
-513
-628
-693
-747
-840
-932
-1024
-1094
-1187
-1289
-1363
-1401
-1466
-1571
-1690
-1743
-1709
-1654
-1577
-1464
-1291
-1035
-674
-200
244
534
640
677
708
771
784
749
722
684
597
475
427
390
265
-4
-331
-545
-672
-816
-1031
-1227
-1304
-1265
-1230
-1191
-1080
-892
-721
-620
-482
-237
75
282
420
595
880
1156
1302
1351
1449
1586
1628
1557
1468
1414
1375
1207
964
781
671
548
337
166
125
164
142
52
1
28
69
77
74
171
317
403
443
491
601
696
723
719
771
849
882
835
783
776
761
691
557
441
371
274
129
-45
-193
-309
-428
-553
-621
-653
-689
-768
-885
-949
-992
-1041
-1112
-1170
-1187
-1172
-1196
-1252
-1306
-1357
-1415
-1482
-1538
-1528
-1473
-1417
-1349
-1225
-1015
-729
-385
28
371
577
600
588
599
640
683
649
625
576
466
292
218
150
12
-259
-556
-663
-686
-771
-970
-1144
-1153
-1029
-962
-891
-708
-436
-198
-62
149
467
813
968
1020
1168
1472
1718
1732
1650
1662
1770
1732
1578
1434
1366
1276
1010
680
479
356
156
-98
-259
-203
-110
-131
-186
-157
-28
90
139
196
358
530
623
683
794
932
981
925
882
922
949
872
715
602
552
466
290
106
-26
-154
-315
-501
-616
-681
-752
-871
-934
-892
-805
-775
-829
-879
-844
-813
-817
-849
-881
-912
-964
-1085
-1167
-1237
-1325
-1445
-1595
-1701
-1725
-1712
-1698
-1583
-1437
-1196
-874
-477
19
420
638
678
658
724
810
864
846
851
787
684
481
351
239
23
-300
-619
-736
-733
-785
-920
-1015
-982
-836
-718
-590
-368
-90
177
393
690
1065
1396
1549
1584
1696
1851
1942
1839
1707
1660
1658
1571
1376
1147
942
681
357
53
-138
-245
-345
-434
-448
-351
-221
-160
-105
32
255
470
633
755
907
1033
1096
1090
1034
982
879
756
651
556
439
271
99
-34
-145
-253
-394
-521
-611
-650
-693
-709
-739
-732
-696
-654
-594
-520
-482
-478
-516
-548
-543
-559
-641
-722
-837
-936
-1059
-1207
-1386
-1547
-1725
-1900
-1985
-2071
-2021
-2016
-1948
-1816
-1515
-1247
-848
-462
58
625
953
1074
1068
1064
1165
1185
1076
1041
979
819
533
179
-18
-153
-469
-788
-982
-890
-774
-817
-943
-857
-624
-370
-239
-4
392
835
1086
1272
1534
1870
1994
1876
1738
1764
1829
1692
1403
1229
1188
1087
795
413
209
74
-108
-348
-434
-295
-117
-106
-142
-44
183
354
424
563
846
1100
1193
1151
1142
1145
1080
870
647
497
423
263
76
-52
-120
-215
-387
-520
-541
-513
-557
-610
-597
-490
-423
-460
-500
-497
-457
-417
-401
-294
-177
-115
-191
-313
-440
-544
-712
-901
-1016
-1135
-1270
-1486
-1665
-1807
-1862
-2024
-2083
-2156
-2059
-1929
-1793
-1612
-1379
-1083
-821
-481
-93
485
1006
1322
1377
1267
1178
1153
1082
998
888
763
543
242
-100
-338
-501
-706
-894
-960
-796
-549
-447
-443
-394
-203
33
240
454
775
1159
1423
1592
1703
1821
1806
1608
1372
1282
1259
1176
940
730
618
535
339
79
-86
-121
-87
-46
11
88
135
74
55
168
409
630
757
861
1017
1142
1139
1021
849
702
556
389
275
155
34
-142
-318
-423
-484
-550
-604
-584
-515
-410
-359
-347
-316
-295
-275
-250
-218
-137
-79
-4
91
171
147
44
-164
-331
-460
-624
-780
-927
-1020
-1125
-1283
-1513
-1698
-1816
-1880
-1885
-1840
-1715
-1574
-1406
-1306
-1135
-1048
-885
-739
-480
-137
183
543
792
1183
1257
1248
945
757
623
570
463
347
240
9
-263
-560
-661
-585
-556
-518
-433
-157
106
165
94
100
288
504
718
909
1198
1418
1484
1399
1344
1276
1151
874
715
685
725
602
362
146
47
-31
-151
-227
-148
8
179
340
453
471
381
274
323
525
741
914
935
970
895
725
476
318
133
20
-84
-157
-189
-338
-536
-649
-681
-587
-489
-381
-188
33
139
143
116
96
142
174
255
374
436
381
270
151
93
-54
-240
-421
-449
-478
-577
-810
-1018
-1177
-1309
-1455
-1538
-1530
-1508
-1406
-1364
-1153
-1021
-908
-976
-944
-934
-775
-787
-802
-770
-710
-492
-366
-213
-91
116
261
433
392
279
171
58
67
101
148
240
194
102
86
112
257
350
344
404
538
627
620
481
389
440
502
568
647
689
747
724
643
578
534
447
380
364
441
500
434
285
169
149
172
226
251
292
350
413
459
453
365
208
100
90
186
335
388
406
337
207
76
-14
-51
-51
-33
23
106
137
85
14
-6
62
175
276
385
466
538
506
448
373
327
290
257
250
225
159
31
-70
-141
-158
-141
-120
-93
-93
-176
-339
-527
-670
-798
-817
-790
-720
-670
-732
-770
-848
-854
-916
-903
-973
-942
-1027
-1139
-1279
-1374
-1401
-1391
-1319
-1343
-1147
-1064
-881
-821
-633
-389
6
310
488
611
622
737
846
860
1035
1117
1086
934
755
583
480
363
126
114
39
48
-74
-234
-265
-170
-63
76
254
440
603
725
705
774
809
812
809
787
836
772
661
420
261
129
33
-59
-163
-208
-197
-177
-144
-121
-123
-133
-18
131
334
525
636
720
760
789
794
820
851
889
885
829
718
551
377
294
278
299
300
285
240
171
82
-23
-49
-40
26
128
236
307
325
262
166
116
72
49
25
-51
-127
-231
-351
-465
-580
-729
-818
-929
-1009
-1113
-1233
-1369
-1475
-1547
-1573
-1479
-1451
-1336
-1366
-1313
-1400
-1334
-1391
-1337
-1298
-1183
-1078
-1021
-883
-795
-564
-530
-342
-200
151
499
811
879
858
795
669
725
715
815
763
659
449
331
162
41
-12
-26
85
185
196
172
119
71
115
188
363
504
636
680
704
688
609
545
428
452
434
408
306
143
9
-156
-179
-209
-135
-75
-20
39
92
162
211
366
572
765
851
867
915
1003
1061
1113
1113
1093
1062
992
884
782
695
536
400
321
252
152
41
14
46
72
71
56
97
134
174
142
126
136
120
94
54
24
-66
-191
-330
-436
-525
-640
-779
-911
-974
-1013
-1080
-1142
-1207
-1257
-1289
-1324
-1317
-1286
-1254
-1247
-1236
-1193
-1146
-1095
-1090
-1018
-957
-922
-910
-904
-882
-822
-745
-727
-662
-578
-448
-384
-343
-334
-177
68
360
565
563
507
468
514
563
701
737
749
646
520
454
433
403
398
399
487
582
508
360
163
129
169
240
261
305
329
354
351
250
255
266
316
390
465
552
576
521
453
484
602
747
795
817
855
895
890
836
800
882
1011
1096
1098
1005
909
810
740
675
678
671
665
614
547
485
426
369
291
267
240
197
108
7
-83
-146
-187
-226
-269
-321
-373
-449
-547
-648
-764
-846
-880
-905
-919
-940
-972
-967
-955
-918
-871
-826
-772
-725
-663
-622
-563
-558
-543
-512
-507
-508
-505
-518
-495
-443
-414
-403
-414
-427
-413
-410
-388
-387
-415
-418
-426
-381
-336
-333
-383
-409
-464
-459
-503
-544
-568
-612
-622
-607
-562
-514
-489
-532
-519
-525
-460
-382
-304
-198
-118
-32
66
149
230
341
397
460
534
604
687
758
803
851
887
939
992
1022
1071
1091
1111
1133
1150
1182
1215
1212
1213
1198
1174
1175
1121
1066
1030
987
976
955
896
839
765
697
656
607
560
502
447
410
351
261
161
38
-58
-142
-206
-267
-381
-517
-639
-724
-779
-818
-879
-909
-906
-864
-820
-816
-829
-845
-834
-793
-751
-720
-715
-723
-740
-734
-716
-712
-730
-730
-679
-613
-532
-488
-462
-429
-390
-359
-315
-280
-253
-202
-150
-69
17
79
123
157
179
185
148
79
17
-19
-48
-83
-147
-206
-260
-307
-370
-430
-476
-523
-539
-568
-581
-621
-633
-650
-628
-608
-531
-470
-407
-324
-279
-235
-212
-171
-103
64
187
306
322
342
376
465
576
699
794
865
980
1063
1201
1230
1243
1194
1163
1167
1190
1186
1178
1120
1071
1045
988
956
875
827
764
744
691
647
558
500
478
447
425
370
315
262
217
158
103
6
-75
-161
-202
-240
-300
-393
-523
-631
-704
-748
-757
-768
-797
-823
-861
-890
-921
-943
-968
-957
-941
-883
-821
-769
-700
-643
-579
-505
-444
-382
-316
-277
-223
-164
-101
-50
-28
1
28
50
70
70
59
62
50
43
46
50
53
40
24
8
-3
-20
-19
-16
20
68
91
107
107
100
98
57
11
-36
-80
-132
-188
-255
-318
-353
-403
-426
-455
-465
-479
-513
-525
-499
-438
-363
-293
-251
-153
-55
27
84
111
156
229
340
442
529
577
589
591
599
661
727
782
817
823
868
914
928
920
915
923
947
952
929
903
859
801
742
672
593
517
447
366
282
171
51
-63
-166
-211
-253
-284
-342
-378
-400
-407
-411
-437
-447
-458
-445
-428
-404
-379
-360
-359
-372
-384
-396
-400
-410
-423
-434
-438
-448
-458
-449
-414
-368
-324
-294
-275
-251
-219
-199
-174
-124
-92
-67
-44
-37
-29
-28
-39
-56
-45
-31
1
26
45
51
26
2
-15
-24
-28
-19
-21
-10
-2
-7
-27
-49
-70
-91
-119
-150
-170
-166
-154
-154
-163
-152
-145
-121
-106
-97
-83
-84
-81
-87
-80
-88
-87
-102
-102
-123
-120
-128
-156
-174
-200
-192
-167
-158
-147
-91
-38
31
62
79
87
114
146
223
305
372
403
393
387
401
453
486
495
471
476
465
492
496
465
429
393
382
405
417
396
374
320
293
275
270
263
241
224
220
194
161
112
67
53
47
45
37
17
0
-4
-30
-61
-85
-105
-114
-108
-110
-118
-133
-161
-183
-194
-222
-252
-296
-348
-359
-360
-341
-319
-324
-331
-322
-304
-283
-255
-224
-177
-135
-98
-59
-23
19
46
47
49
52
54
56
34
12
-11
-16
-33
-54
-63
-77
-94
-109
-128
-125
-103
-88
-46
-28
-6
16
23
37
45
61
68
79
80
75
62
40
11
-4
-6
-7
-5
-6
-13
-25
-30
-37
-57
-71
-97
-137
-181
-238
-288
-349
-384
-422
-457
-482
-504
-516
-519
-505
-481
-452
-463
-439
-414
-368
-267
-177
-84
-33
-3
32
83
132
196
249
285
327
348
364
381
390
406
408
411
433
449
466
489
513
527
549
553
572
598
614
617
584
535
498
454
425
409
378
348
305
267
231
200
165
135
117
105
88
66
48
30
7
-7
-41
-73
-105
-131
-145
-166
-189
-229
-263
-286
-308
-339
-357
-368
-375
-367
-361
-350
-334
-313
-280
-246
-215
-175
-139
-108
-67
-44
-28
-14
2
19
36
55
64
81
101
112
103
110
122
134
151
163
184
173
161
153
134
128
106
72
45
19
8
-29
-71
-97
-134
-181
-240
-281
-324
-346
-372
-409
-439
-471
-496
-520
-539
-577
-585
-610
-630
-647
-664
-673
-683
-693
-690
-673
-653
-621
-588
-531
-474
-396
-325
-257
-169
-67
33
127
215
296
367
428
495
560
615
664
693
714
738
745
752
747
743
737
722
699
686
673
649
633
601
589
577
548
504
459
406
354
301
253
209
149
106
59
21
-22
-74
-111
-152
-155
-153
-153
-157
-170
-185
-205
-197
-193
-181
-162
-143
-121
-116
-118
-125
-122
-118
-95
-71
-43
-14
10
39
66
89
101
115
121
135
138
135
126
109
90
80
69
56
45
29
17
9
-2
-7
-14
-28
-19
-18
-26
-32
-52
-64
-86
-126
-156
-183
-204
-235
-251
-269
-290
-315
-335
-357
-373
-376
-386
-384
-381
-376
-376
-378
-371
-348
-318
-296
-279
-275
-277
-276
-277
-283
-278
-268
-253
-239
-235
-230
-221
-210
-184
-161
-113
-63
-28
6
39
55
82
112
135
188
223
249
258
266
289
323
343
358
379
389
404
401
401
393
384
369
352
337
321
308
282
251
224
198
177
170
165
156
142
124
106
102
85
72
52
35
23
30
50
58
58
58
59
70
89
109
131
127
123
114
110
106
98
85
83
88
83
85
64
52
42
36
37
43
54
62
57
43
43
26
15
-4
-24
-32
-38
-57
-82
-116
-147
-165
-201
-225
-242
-253
-249
-253
-249
-239
-227
-214
-202
-179
-145
-127
-110
-94
-82
-68
-60
-56
-53
-64
-79
-92
-109
-108
-111
-129
-139
-149
-154
-155
-171
-174
-179
-180
-166
-153
-153
-148
-151
-162
-161
-181
-193
-204
-228
-245
-258
-258
-256
-262
-264
-252
-218
-172
-121
-82
-65
-65
-58
-42
6
65
114
134
127
129
138
162
189
224
236
251
250
249
260
265
267
267
259
267
286
290
298
289
274
264
255
247
252
242
240
235
210
197
174
159
164
174
198
213
206
204
199
190
180
167
161
156
144
133
116
85
48
12
-13
-31
-45
-66
-80
-92
-108
-115
-124
-128
-132
-122
-109
-93
-75
-83
-93
-93
-79
-66
-46
-34
-31
-35
-53
-55
-70
-76
-69
-64
-54
-46
-50
-58
-71
-82
-82
-80
-78
-84
-85
-89
-87
-96
-121
-141
-152
-158
-165
-158
-171
-184
-198
-208
-221
-226
-230
-232
-230
-235
-234
-234
-226
-223
-212
-193
-169
-151
-146
-131
-123
-112
-99
-80
-57
-46
-29
-8
-7
-1
11
25
46
64
77
82
92
96
103
110
122
137
142
151
161
165
169
175
174
181
195
210
214
211
201
196
197
198
202
206
206
207
207
192
185
171
149
132
122
117
111
99
88
82
77
82
76
83
81
85
86
90
92
94
102
103
115
127
130
134
130
109
114
104
108
118
120
126
119
106
89
80
74
72
66
57
46
24
11
0
-15
-34
-63
-83
-105
-133
-160
-185
-217
-237
-259
-280
-294
-323
-342
-364
-381
-392
-397
-409
-423
-428
-417
-398
-397
-387
-390
-390
-376
-364
-355
-345
-341
-320
-306
-290
-263
-239
-221
-199
-172
-144
-109
-76
-41
-6
24
57
85
101
119
137
166
181
198
207
221
237
244
255
265
281
283
289
293
299
297
296
304
301
291
282
270
256
250
232
217
193
159
129
101
88
62
34
12
-10
-19
-23
-17
-11
-14
-8
3
8
22
35
38
40
49
49
47
47
41
42
42
51
57
59
66
70
85
98
105
120
132
137
151
163
164
163
156
152
143
131
110
90
78
57
43
30
17
2
-23
-43
-59
-80
-101
-117
-132
-146
-164
-182
-204
-220
-240
-252
-259
-278
-290
-299
-308
-315
-317
-314
-307
-306
-292
-281
-273
-263
-255
-236
-214
-184
-157
-137
-115
-98
-76
-61
-43
-26
-23
5
27
50
71
79
96
114
128
153
179
196
207
215
222
231
250
268
272
273
279
278
274
263
252
237
226
219
197
179
162
153
140
122
110
93
83
81
88
90
87
92
84
83
84
77
70
54
49
42
28
20
-4
-30
-41
-51
-62
-77
-93
-108
-129
-145
-150
-158
-160
-162
-169
-171
-169
-170
-187
-193
-198
-194
-195
-193
-202
-221
-227
-239
-244
-251
-243
-224
-210
-194
-184
-185
-186
-177
-169
-154
-136
-126
-113
-98
-76
-62
-54
-46
-32
-21
-4
12
14
16
21
23
34
42
47
45
37
42
45
45
50
51
53
51
59
60
59
55
46
46
41
41
48
55
68
85
101
117
134
138
149
160
176
186
190
208
224
241
242
242
237
230
230
233
243
254
262
269
271
265
259
254
250
246
242
232
224
218
209
189
179
163
149
141
117
95
75
48
28
7
-12
-27
-47
-55
-71
-90
-101
-122
-145
-150
-167
-182
-185
-199
-217
-239
-254
-272
-281
-283
-288
-290
-288
-283
-289
-294
-291
-288
-285
-283
-281
-276
-271
-263
-264
-268
-268
-262
-257
-263
-258
-248
-240
-239
-227
-221
-213
-197
-180
-160
-150
-140
-134
-123
-114
-104
-89
-80
-66
-57
-44
-28
-10
7
29
46
58
75
94
109
124
142
159
181
188
202
211
224
243
255
272
279
283
288
287
282
285
277
268
260
248
240
233
218
210
199
195
197
198
207
209
209
212
216
210
222
226
226
220
210
206
182
162
149
132
118
107
87
73
56
37
26
5
-12
-18
-22
-22
-27
-36
-43
-50
-52
-50
-47
-51
-50
-53
-56
-60
-71
-74
-88
-96
-105
-111
-117
-131
-141
-155
-156
-158
-158
-166
-170
-180
-192
-198
-206
-215
-222
-227
-233
-225
-237
-247
-245
-249
-251
-237
-237
-222
-215
-212
-207
-211
-198
-191
-184
-173
-160
-159
-149
-160
-161
-162
-155
-145
-139
-126
-125
-111
-102
-84
-73
-50
-28
-2
13
30
56
74
91
111
130
145
151
154
164
163
169
180
184
185
198
197
201
204
206
216
215
221
228
241
248
247
241
236
231
219
218
205
198
180
166
160
142
136
121
103
100
98
81
77
68
63
61
54
43
33
28
29
21
10
15
2
-5
-14
-14
-26
-29
-25
-30
-30
-32
-41
-42
-44
-45
-40
-46
-50
-51
-48
-50
-44
-50
-50
-63
-61
-64
-67
-50
-56
-56
-62
-59
-62
-68
-81
-77
-82
-92
-93
-97
-93
-91
-97
-101
-112
-124
-115
-120
-118
-117
-118
-125
-127
-123
-115
-107
-118
-120
-111
-101
-99
-88
-81
-66
-53
-45
-39
-33
-21
-8
9
30
41
46
62
76
87
100
111
109
115
117
125
139
152
158
166
175
180
189
185
184
185
181
177
175
172
163
156
148
142
131
127
114
106
89
73
63
65
69
70
57
41
28
10
12
-4
-2
-5
-20
-30
-30
-32
-37
-29
-33
-30
-44
-44
-50
-53
-46
-51
-54
-67
-56
-59
-68
-82
-84
-94
-102
-102
-126
-117
-128
-135
-135
-139
-146
-151
-150
-150
-132
-136
-125
-115
-120
-104
-104
-86
-86
-78
-77
-71
-65
-71
-68
-71
-60
-76
-52
-54
-53
-51
-57
-40
-44
-28
-24
-21
-28
-12
-12
-13
-12
-9
10
6
17
10
5
1
-8
4
-1
5
-7
4
-5
-6
-14
-20
-17
-35
-14
-29
17
84
92
29
-36
-19
28
58
47
56
39
1
-1
-25
23
58
93
53
56
66
66
78
54
84
103
145
146
163
153
173
186
181
209
225
260
248
231
211
195
183
189
182
200
222
209
181
145
143
144
128
99
104
106
108
86
34
11
-4
-1
-21
-35
-40
-47
-84
-111
-125
-150
-152
-157
-162
-174
-181
-182
-203
-227
-223
-199
-199
-194
-177
-170
-188
-201
-182
-165
-157
-147
-135
-119
-109
-109
-102
-104
-88
-73
-73
-67
-61
-45
-33
-23
-13
-10
-3
23
31
21
39
49
43
50
44
50
62
65
60
52
34
38
32
20
23
14
6
-8
-21
-27
-15
-9
-11
-27
-32
-28
-41
-43
-42
-42
-42
-56
-60
-56
-62
-72
-68
-69
-56
-50
-53
-44
-42
-31
-26
-11
0
3
9
17
30
28
39
54
73
75
68
67
77
82
83
89
93
100
100
110
119
122
126
122
128
127
130
126
120
118
113
109
107
96
82
69
54
46
34
20
14
0
-13
-22
-32
-45
-62
-73
-80
-97
-117
-118
-117
-126
-134
-145
-152
-152
-153
-145
-137
-135
-127
-132
-134
-122
-113
-105
-105
-93
-91
-78
-63
-58
-63
-50
-27
-12
10
13
13
11
12
21
31
46
63
79
81
78
76
78
82
90
94
102
115
118
106
100
96
97
96
94
92
89
78
65
54
39
35
36
43
43
39
35
17
5
6
3
5
8
-3
-4
-12
-26
-28
-32
-34
-41
-32
-27
-16
-19
-28
-24
-17
2
5
14
21
39
48
54
52
62
77
82
94
89
98
109
99
98
103
115
116
116
113
108
109
104
99
93
101
100
87
73
59
48
42
34
30
29
12
-6
-22
-36
-42
-50
-57
-69
-80
-94
-104
-112
-128
-131
-129
-125
-123
-123
-122
-124
-121
-116
-107
-102
-107
-112
-107
-100
-102
-102
-92
-85
-74
-64
-63
-66
-75
-69
-62
-45
-33
-25
-21
-19
-16
-17
-16
-13
-1
6
14
15
7
4
-3
11
20
28
32
30
31
29
27
25
29
38
51
56
47
38
33
32
31
31
39
42
37
34
23
17
16
12
9
8
16
21
18
6
9
11
19
18
16
14
9
5
0
2
-1
-2
-8
-4
6
4
6
2
3
3
1
3
14
25
25
23
15
16
18
27
30
26
26
25
28
28
25
23
21
21
21
19
21
27
24
14
15
16
18
24
19
7
-1
-2
-2
-14
-17
-18
-25
-33
-45
-55
-53
-49
-50
-55
-64
-68
-70
-66
-60
-55
-58
-61
-57
-54
-53
-55
-52
-40
-30
-27
-22
-18
-14
-17
-17
-12
-6
1
10
17
23
24
21
19
21
31
40
45
42
35
34
35
38
40
43
44
43
43
36
33
32
33
34
35
33
28
22
17
10
9
12
10
6
4
-1
-5
-2
-5
-7
-5
-2
-4
-4
-8
-12
-19
-19
-12
-11
-9
-13
-14
-19
-19
-15
-16
-10
0
5
1
2
5
11
22
29
34
35
37
40
42
42
43
42
43
49
50
51
46
37
29
24
27
32
33
31
23
11
1
-5
-5
-8
-14
-20
-22
-32
-38
-46
-54
-52
-52
-52
-57
-59
-57
-61
-63
-67
-65
-59
-52
-52
-56
-57
-57
-55
-49
-45
-34
-29
-25
-21
-21
-20
-17
-10
-2
4
8
10
8
12
15
20
24
22
27
29
31
30
33
34
34
35
37
41
38
37
36
33
35
32
35
35
35
28
26
22
18
16
11
8
1
-4
-8
-13
-15
-16
-21
-26
-33
-38
-40
-42
-43
-44
-44
-45
-46
-45
-44
-44
-46
-47
-41
-36
-34
-34
-32
-24
-20
-16
-13
-8
0
7
13
15
19
24
30
35
41
47
51
51
48
47
48
50
51
50
49
48
46
43
38
34
28
26
24
23
21
16
11
4
-2
-6
-8
-6
-7
-12
-18
-24
-27
-27
-23
-24
-25
-25
-25
-27
-27
-25
-23
-18
-17
-17
-12
-7
-6
-8
-8
-7
-2
1
4
6
7
10
6
3
5
10
13
14
11
10
10
10
12
11
15
18
15
13
11
10
10
12
11
11
13
10
11
7
6
5
3
4
4
4
4
3
3
1
0
1
0
1
1
-4
-9
-8
-9
-8
-12
-16
-16
-18
-20
-25
-28
-30
-27
-26
-26
-23
-24
-22
-22
-23
-23
-21
-17
-15
-13
-11
-11
-9
-6
-3
1
3
4
6
8
14
13
13
15
20
23
23
25
26
23
23
20
20
19
21
19
16
14
11
10
5
1
-1
-1
0
-1
-3
-5
-4
-5
-8
-9
-11
-9
-7
-8
-10
-11
-10
-12
-14
-13
-12
-12
-13
-15
-14
-12
-12
-12
-12
-9
-7
-6
-6
-7
-3
-2
-5
-6
-3
2
3
3
0
-1
-1
-3
-1
0
3
5
5
5
7
10
10
11
14
16
18
18
20
18
20
19
20
19
20
20
16
14
11
10
7
5
4
5
4
0
-5
-8
-10
-11
-14
-15
-17
-18
-20
-22
-25
-28
-29
-29
-30
-29
-28
-29
-29
-28
-27
-26
-24
-20
-16
-13
-11
-11
-9
-6
-2
3
7
8
10
9
12
15
17
21
23
23
25
28
31
31
33
34
34
35
36
36
36
35
34
31
29
27
29
29
25
21
15
13
12
11
11
8
5
0
-5
-9
-9
-10
-12
-15
-18
-20
-22
-25
-27
-27
-28
-30
-31
-34
-32
-33
-32
-34
-33
-32
-29
-26
-25
-25
-26
-24
-24
-20
-14
-9
-6
-7
-7
-5
-2
1
4
7
8
11
12
14
18
19
20
20
23
23
24
25
24
23
23
21
20
19
19
18
14
8
5
4
5
3
1
0
-3
-7
-9
-10
-11
-12
-14
-15
-18
-19
-20
-22
-22
-22
-23
-23
-25
-24
-23
-22
-23
-22
-21
-17
-15
-14
-11
-10
-9
-8
-5
-1
3
6
9
9
10
12
16
18
23
24
27
29
30
32
34
37
39
39
39
39
39
38
37
36
35
34
33
32
31
27
23
19
16
15
15
14
13
8
4
-2
-3
-5
-7
-8
-12
-15
-20
-24
-28
-28
-31
-32
-33
-36
-38
-39
-40
-41
-42
-41
-42
-41
-39
-38
-39
-39
-38
-39
-35
-34
-30
-28
-28
-26
-25
-22
-17
-14
-10
-8
-4
-2
1
5
9
10
12
14
16
17
19
20
21
22
23
23
24
24
24
24
23
23
21
21
21
19
19
16
13
10
9
7
7
5
3
1
-2
-3
-5
-7
-7
-7
-9
-10
-9
-9
-9
-7
-6
-5
-2
0
1
3
4
5
7
7
10
12
15
17
17
18
19
21
23
25
26
27
29
29
29
30
30
30
29
29
28
27
24
23
20
19
17
14
12
9
7
4
1
-1
-4
-6
-8
-9
-12
-15
-17
-20
-22
-23
-25
-26
-28
-31
-34
-35
-35
-34
-35
-36
-36
-37
-36
-35
-34
-33
-30
-28
-27
-26
-25
-23
-22
-21
-19
-18
-15
-13
-11
-9
-9
-8
-7
-4
-3
-1
1
1
1
2
2
3
4
5
6
5
4
5
4
3
3
1
-1
-2
-3
-5
-5
-5
-5
-6
-5
-5
-3
-4
-4
-3
-4
-2
1
3
5
6
7
10
12
13
15
17
18
20
21
22
24
26
27
28
31
33
35
37
38
38
37
36
36
36
35
35
34
33
32
30
28
27
25
24
21
17
14
12
9
4
2
-1
-3
-6
-8
-11
-14
-15
-19
-20
-22
-24
-26
-29
-29
-31
-32
-32
-32
-31
-31
-30
-29
-29
-29
-28
-27
-27
-27
-27
-25
-23
-22
-21
-18
-18
-18
-16
-14
-14
-12
-11
-10
-11
-9
-7
