-4
-4
-5
-5
-5
-4
-6
-6
-5
-5
-3
-3
-3
-3
-2
-2
-2
-3
-3
-3
-2
-3
-3
-2
-1
-1
-1
0
3
2
2
2
4
4
5
4
3
2
1
0
-1
0
-2
-1
0
-1
2
1
2
3
3
2
2
1
-1
-2
-1
-2
0
0
0
1
0
1
1
1
0
0
0
-1
-1
-1
0
-1
0
2
2
3
4
4
4
5
4
4
2
3
3
2
1
0
-1
0
-1
0
1
-1
-1
-1
-2
-2
-2
-1
-1
-3
-4
-4
-3
-2
-1
-1
0
1
-1
2
1
3
3
3
3
3
3
4
5
5
6
8
7
9
9
9
8
9
9
8
9
8
5
5
4
3
1
1
-1
0
-1
-1
-2
-3
-4
-5
-5
-6
-7
-6
-6
-4
-4
-3
-2
0
-1
0
0
1
1
1
1
0
0
1
2
1
2
1
1
3
2
2
1
1
0
-1
-2
-2
-4
-4
-5
-7
-8
-8
-7
-7
-7
-8
-8
-8
-6
-7
-7
-5
-5
-5
-4
-2
0
1
2
3
4
4
4
3
4
4
4
4
3
3
3
3
3
4
3
3
2
1
3
2
1
0
0
-2
-2
-2
-3
-4
-5
-5
-5
-4
-4
-4
-3
-2
-2
-1
0
1
3
1
3
2
3
3
4
4
6
6
7
6
5
3
3
4
5
5
3
3
1
0
3
1
3
3
4
5
4
3
2
4
2
-1
0
1
1
1
0
2
1
4
3
4
4
6
6
2
5
4
5
4
8
7
5
4
2
1
-1
3
0
0
-3
-6
-7
-6
-8
-12
-15
-18
-13
-8
-5
-5
-6
-6
-10
-9
-9
-7
-9
-10
-11
-15
-20
-19
-17
-13
-14
-14
-15
-19
-14
-18
-17
-18
-22
-14
-14
-17
-19
-19
-15
-13
-16
-7
-8
-12
-8
-6
1
2
3
5
8
11
9
10
7
5
3
-1
6
5
5
9
9
5
0
6
1
-4
-9
-10
-5
-2
5
5
-1
-16
-24
-25
-24
-17
-14
-7
-3
-5
4
7
5
14
19
15
14
17
13
16
16
14
19
15
18
22
14
25
23
13
8
14
30
33
27
10
6
-5
-14
-23
-28
-31
-31
-28
-28
-17
-16
-18
-18
-25
-19
-7
-3
4
7
2
1
3
4
5
4
3
0
-7
4
10
8
17
14
9
10
9
18
13
20
15
11
22
30
41
44
40
45
40
27
20
31
40
42
49
38
35
29
35
40
43
52
44
31
26
7
1
1
6
10
3
3
-1
2
6
18
14
8
6
4
7
2
0
7
4
5
3
10
2
9
17
19
19
8
-2
10
4
-11
-22
-30
-19
-32
-34
-28
-23
-24
-32
-32
-29
-17
-6
-11
-19
-30
-32
-20
-20
-21
-13
-10
-2
3
-6
-11
-23
-23
-34
-47
-48
-30
-24
-32
-19
-13
-9
-17
-10
-12
-4
11
6
9
6
44
61
159
176
185
122
196
433
547
719
587
328
14
-156
-111
134
401
715
764
543
181
-341
-486
-348
106
473
526
92
-494
-911
-852
-423
6
391
403
224
-142
-500
-557
-506
-330
-198
-138
-242
-432
-454
-448
-355
-300
-221
-106
-209
-212
-316
-432
-550
-714
-593
-439
-188
-214
-196
-271
-345
-279
-265
-62
-70
-79
-177
-303
-298
-312
-134
53
156
183
232
336
297
303
282
296
253
221
360
413
533
552
564
516
450
547
562
603
543
520
482
370
366
361
416
351
219
136
90
176
242
240
229
44
-56
-180
-138
-116
-68
2
-72
-134
-301
-281
-275
-330
-297
-397
-365
-385
-350
-390
-642
-678
-873
-882
-879
-895
-736
-976
-1055
-1239
-1351
-1260
-1497
-1334
-1392
-1043
-639
-413
-41
-409
-312
-531
-313
161
361
891
703
803
696
785
1109
1104
1340
1066
1153
1100
1181
1406
1185
1226
786
668
472
372
488
301
318
42
2
-13
62
117
-69
-148
-368
-237
-116
101
292
228
290
196
359
517
676
758
686
694
653
920
1079
1264
1269
1077
989
745
773
794
822
800
516
367
238
302
237
85
-95
-289
-283
-369
-292
-390
-461
-518
-663
-589
-688
-683
-798
-956
-1035
-1096
-899
-860
-742
-974
-1108
-1312
-1503
-1355
-1600
-1445
-1676
-1863
-1785
-2048
-1780
-2014
-1655
-1383
-1047
-599
-877
-558
-876
-350
-89
96
591
379
818
745
1133
1466
1613
1975
1619
1853
1687
1947
1936
1605
1504
895
982
586
588
473
219
117
-427
-475
-713
-606
-712
-1072
-1236
-1508
-1196
-1185
-858
-740
-660
-396
-456
-103
8
379
485
461
610
681
1172
1316
1615
1635
1703
1872
1774
1942
1797
1807
1599
1316
1147
981
1014
777
526
201
31
-42
-190
-268
-506
-578
-777
-905
-944
-974
-891
-1043
-1167
-1309
-1273
-1133
-1064
-999
-1090
-946
-1033
-922
-1056
-1127
-1103
-1420
-1480
-1876
-1848
-1994
-2071
-2008
-1751
-1253
-883
-649
-802
-782
-682
-437
-88
72
365
404
603
905
1321
1878
2177
2294
2129
2251
2297
2454
2325
2008
1741
1416
1331
1162
1075
983
647
238
-150
-323
-411
-527
-923
-1362
-1607
-1704
-1579
-1498
-1293
-1143
-1098
-1023
-936
-651
-286
-83
-97
-52
170
625
1052
1281
1465
1590
1810
1970
2053
2196
2232
2103
1865
1609
1540
1543
1413
1084
723
502
373
222
14
-203
-443
-676
-970
-1215
-1298
-1360
-1506
-1745
-1960
-1990
-1898
-1836
-1830
-1833
-1761
-1677
-1709
-1682
-1678
-1736
-1693
-1986
-2000
-2212
-2110
-2073
-1771
-1180
-928
-287
-556
-175
-205
130
592
368
776
497
871
1051
1486
1994
2191
2607
2335
2668
2592
2754
2580
1969
1777
1091
1225
945
958
890
574
293
-212
-241
-459
-512
-1015
-1507
-1808
-2002
-1679
-1741
-1458
-1345
-1209
-947
-857
-434
-247
58
-96
-61
85
438
1052
1108
1561
1561
1861
2204
2204
2602
2397
2279
1840
1491
1404
1403
1395
1081
928
678
812
654
456
254
-226
-385
-840
-1005
-1086
-1176
-1260
-1486
-1618
-1517
-1470
-1470
-1584
-1824
-1766
-1858
-1767
-1756
-1740
-1699
-1777
-2001
-2057
-2154
-2160
-1919
-1688
-1251
-841
-729
-426
-285
133
692
727
880
814
770
1029
1295
1599
2038
2293
2520
2747
2895
3224
3178
2821
2436
1727
1423
1096
762
606
321
124
-29
-117
-114
-193
-648
-1147
-1807
-2237
-2280
-2477
-2391
-2317
-2215
-1849
-1519
-1034
-588
-329
-301
-425
-498
-316
-61
163
391
610
914
1425
1761
2211
2463
2431
2220
1792
1483
1264
1019
697
398
274
541
718
920
889
601
383
-123
-495
-823
-1118
-1260
-1608
-1705
-1670
-1395
-1115
-1019
-1055
-1233
-1307
-1537
-1687
-1976
-2221
-2261
-2621
-2416
-2526
-2156
-1740
-1459
-932
-929
-560
-618
-355
-307
30
237
202
597
535
1129
1473
1889
2331
2433
2822
2811
3055
3058
3005
2712
2393
2085
1736
1681
1294
1110
750
425
291
1
-62
-351
-693
-1055
-1437
-1667
-1789
-1877
-2049
-2047
-2083
-1860
-1544
-1215
-824
-640
-429
-301
-152
158
322
452
534
634
812
1125
1483
1833
2085
2205
2170
2033
1882
1702
1351
917
593
289
286
269
205
249
155
184
59
-128
-256
-644
-904
-1271
-1541
-1610
-1631
-1596
-1611
-1483
-1374
-1311
-1284
-1478
-1558
-1897
-2110
-2403
-2658
-2630
-2631
-2383
-1959
-1515
-1074
-629
-500
-200
-37
212
277
128
197
227
465
903
1342
1848
2314
2703
2974
3327
3411
3423
3047
2567
2101
1631
1403
1104
825
676
500
386
343
308
206
-111
-552
-1041
-1481
-1778
-2013
-2299
-2368
-2322
-2099
-1683
-1226
-837
-520
-328
-206
-68
56
221
118
129
261
398
935
1284
1781
2050
2229
2320
2191
2178
1941
1611
1036
625
228
146
190
79
177
116
254
273
187
131
-241
-576
-1049
-1387
-1590
-1657
-1736
-1787
-1701
-1655
-1361
-1342
-1247
-1404
-1670
-1828
-2351
-2461
-2670
-2616
-2205
-2198
-1517
-1272
-812
-187
-81
572
491
655
568
413
540
700
1083
1288
1835
2153
2810
3278
3480
3803
3473
3393
2869
2370
1982
1463
1101
705
410
241
342
344
386
171
-137
-327
-776
-1034
-1459
-1864
-2132
-2444
-2496
-2367
-2064
-1680
-1288
-1029
-676
-297
19
274
210
126
101
50
242
404
644
939
1194
1426
1646
1791
1930
1802
1493
1115
654
385
98
-130
-310
-381
-293
-132
-80
2
-75
-129
-305
-578
-829
-1115
-1299
-1627
-1763
-1910
-1881
-1770
-1741
-1639
-1615
-1661
-1762
-1769
-2083
-1656
-1799
-1590
-1331
-1611
-797
-894
-224
113
75
554
379
655
717
1005
1123
1412
1579
1788
2389
2507
3038
2918
2854
2884
2475
2389
2007
1558
1281
847
547
460
310
349
229
-59
-133
-387
-518
-686
-1076
-1344
-1537
-1753
-1763
-1694
-1622
-1324
-1207
-950
-642
-416
-96
19
4
138
209
309
522
500
700
830
896
1057
1032
1132
1146
1041
902
781
598
467
308
20
3
-164
-131
-178
-363
-307
-466
-449
-488
-580
-578
-660
-839
-1019
-1198
-1426
-1488
-1762
-1717
-1880
-1860
-1857
-1842
-1676
-1432
-1065
-1032
-686
-806
-521
-359
-177
81
-70
224
177
305
611
753
1081
1238
1583
1779
2235
2505
2781
2747
2624
2583
2283
2161
1808
1365
1044
700
495
360
296
277
164
-3
-45
-213
-320
-482
-915
-1204
-1527
-1682
-1725
-1697
-1628
-1474
-1293
-939
-580
-237
55
133
152
206
242
337
400
459
469
567
690
835
929
1022
1022
920
845
675
527
287
62
-260
-421
-558
-623
-650
-722
-707
-746
-731
-660
-685
-682
-760
-957
-1160
-1359
-1549
-1608
-1808
-1831
-1966
-1904
-1783
-1719
-1172
-1125
-617
-419
-323
91
-57
399
228
43
115
-92
38
156
409
655
1058
1414
1849
2258
2477
2784
2635
2587
2467
2202
2074
1780
1378
1168
920
778
756
604
718
526
392
362
141
87
-120
-425
-739
-951
-1141
-1214
-1296
-1393
-1309
-1314
-1085
-798
-574
-216
-25
55
235
332
395
482
322
355
345
326
526
417
550
658
568
669
532
446
345
39
-183
-537
-760
-902
-1129
-1316
-1363
-1353
-1252
-1042
-959
-782
-779
-847
-933
-1236
-1328
-1621
-1685
-1864
-2006
-1834
-1906
-1250
-1093
-602
-18
18
671
622
899
1055
671
696
299
119
139
237
336
610
857
1204
1695
1948
2350
2423
2321
2294
1982
1729
1535
1091
817
566
258
319
211
300
374
239
396
352
343
316
94
-201
-435
-686
-861
-920
-1100
-1053
-1033
-965
-667
-494
-222
36
100
240
352
347
487
359
269
291
145
216
203
114
221
152
180
281
97
137
-71
-313
-493
-801
-975
-1242
-1540
-1712
-1857
-1821
-1667
-1378
-1217
-941
-925
-878
-926
-1166
-1216
-1457
-1621
-1644
-1772
-1615
-1126
-1008
-272
80
522
1299
1420
1984
1865
1600
1542
1047
852
671
535
458
587
658
1056
1516
1811
2294
2276
2335
2323
1934
1703
1225
575
269
-198
-389
-362
-403
-102
-27
58
365
405
539
522
247
16
-159
-359
-412
-531
-663
-557
-584
-406
-124
-19
302
417
448
657
681
814
856
650
632
490
383
400
234
63
38
-137
-167
-181
-356
-237
-554
-636
-787
-1124
-1219
-1643
-1945
-2228
-2403
-2430
-2407
-2225
-2089
-1750
-1658
-1351
-1329
-1331
-1192
-1457
-1444
-1617
-1533
-1265
-1147
-708
-334
161
867
1422
2005
2294
2337
2319
2034
1720
1467
1124
866
709
662
821
1162
1456
1790
1980
2074
2172
2006
1806
1398
811
323
-186
-581
-801
-974
-960
-912
-816
-493
-198
41
242
220
208
161
80
-27
-172
-352
-399
-414
-294
3
189
517
795
957
1281
1400
1495
1518
1238
1160
905
722
584
348
195
79
-55
-11
-125
-223
-330
-580
-820
-1112
-1366
-1724
-2044
-2492
-2754
-2934
-3031
-2803
-2808
-2487
-2290
-2268
-2023
-2255
-2054
-2253
-2044
-2039
-1893
-1456
-1344
-667
-471
221
783
1286
2162
2375
2626
2670
2529
2380
2232
2040
1881
1767
1578
1794
1774
2067
2270
2269
2323
2258
2131
1966
1583
1079
602
36
-308
-639
-941
-958
-1138
-1145
-1007
-913
-650
-513
-422
-389
-408
-385
-286
-344
-330
-291
-293
-165
54
214
480
698
890
1227
1419
1664
1905
1714
1837
1626
1375
1343
897
757
446
156
69
-265
-379
-485
-788
-930
-1140
-1510
-1744
-2130
-2577
-2910
-3386
-3492
-3684
-3741
-3606
-3516
-3394
-3254
-3139
-3059
-2783
-2775
-2550
-2288
-2026
-1592
-1228
-694
-135
536
1292
2066
2443
2792
3062
2901
2957
2767
2616
2469
2234
2283
2330
2470
2728
2857
2799
2856
2699
2539
2328
1791
1273
672
132
-277
-691
-892
-1040
-1221
-1214
-1070
-945
-746
-650
-699
-718
-744
-675
-606
-662
-569
-513
-392
-45
170
488
797
1020
1278
1508
1744
2066
2065
2088
2046
1865
1830
1653
1391
1128
878
637
512
152
3
-272
-627
-792
-1265
-1520
-1832
-2296
-2651
-3112
-3373
-3509
-3658
-3726
-3707
-3939
-3746
-3884
-3875
-3756
-3806
-3410
-3356
-2666
-2453
-1772
-1249
-746
135
467
1627
1813
2186
2547
2371
2686
2555
2708
2635
2646
2708
2953
3109
3275
3595
3331
3450
3175
2913
2672
2188
1703
1146
624
260
-75
-480
-586
-920
-1115
-1020
-1124
-1001
-1034
-1063
-1085
-1171
-1101
-999
-960
-888
-749
-718
-410
-172
90
388
607
949
1285
1651
2026
2223
2343
2433
2395
2287
2176
1972
1660
1385
1072
864
648
374
220
-184
-428
-735
-1143
-1456
-1982
-2458
-2909
-3287
-3494
-3645
-3740
-3827
-4013
-4198
-4274
-4333
-4275
-4135
-4033
-3544
-3345
-2890
-2264
-1945
-1103
-587
290
986
1270
1859
1990
2154
2219
2255
2221
2276
2336
2445
2781
2918
3318
3466
3572
3729
3596
3443
3148
2614
1996
1478
863
455
0
-317
-471
-763
-738
-723
-710
-640
-680
-789
-884
-992
-1096
-1136
-1216
-1175
-1120
-975
-662
-369
-106
298
583
897
1337
1547
1864
1975
2067
2176
2090
2140
2029
1895
1731
1555
1353
1147
1007
693
519
176
-160
-461
-949
-1332
-1850
-2360
-2647
-3041
-3230
-3365
-3614
-3697
-3976
-4154
-4315
-4388
-4311
-4244
-3777
-3694
-3177
-2761
-2292
-1376
-978
125
572
909
1443
1408
1688
1694
1749
1748
1796
1930
2226
2582
2783
3259
3292
3496
3646
3473
3368
2989
2503
2001
1482
1039
736
308
164
-57
-325
-260
-357
-371
-447
-642
-763
-919
-1015
-1027
-1074
-1094
-940
-832
-655
-377
-197
9
257
401
656
974
1165
1516
1583
1757
1971
1929
2128
1996
1893
1761
1517
1349
1021
773
489
258
-23
-263
-496
-838
-1075
-1536
-1880
-2151
-2583
-2726
-3162
-3503
-3750
-4209
-4199
-4492
-4495
-4262
-4028
-3647
-3325
-2848
-2425
-1765
-1261
-498
-37
221
769
806
1050
1203
1275
1446
1529
1699
1993
2313
2571
2984
3018
3192
3313
3111
3077
2699
2286
1878
1437
1166
899
632
539
425
221
284
193
107
48
-200
-380
-574
-745
-784
-842
-888
-713
-593
-347
-41
94
289
476
564
751
896
1029
1200
1268
1380
1531
1585
1726
1775
1651
1635
1466
1348
1141
854
560
188
-153
-536
-839
-1242
-1519
-1877
-2098
-2261
-2428
-2499
-2754
-2920
-3369
-3597
-3897
-4079
-4120
-4011
-3785
-3637
-3134
-2846
-2112
-1556
-813
-154
74
686
811
1029
1087
1088
1103
1048
1251
1369
1735
1944
2357
2563
2714
3035
3002
3014
2777
2382
1890
1437
1009
624
277
49
15
-106
50
198
265
360
258
177
2
-170
-354
-576
-766
-819
-744
-602
-318
-77
147
457
701
945
1156
1279
1395
1399
1396
1429
1396
1422
1380
1307
1322
1219
1293
1115
1021
852
499
347
-150
-475
-981
-1493
-1918
-2381
-2603
-2850
-2897
-2992
-3111
-3210
-3388
-3431
-3679
-3616
-3458
-3539
-3133
-3008
-2591
-2046
-1613
-685
-412
98
655
825
1116
1217
1254
1171
1234
1287
1533
1723
1949
2345
2394
2664
2850
2811
2820
2629
2215
1882
1473
1121
829
383
276
54
-93
59
79
138
196
194
177
118
0
-51
-245
-405
-390
-449
-313
-114
25
206
450
666
928
1162
1257
1416
1343
1424
1455
1366
1357
1209
1132
972
953
807
741
608
401
303
-33
-161
-572
-976
-1404
-1867
-2175
-2592
-2685
-3048
-3119
-3342
-3501
-3479
-3812
-3495
-3540
-3430
-3097
-3035
-2566
-2264
-1752
-1106
-739
-309
199
521
782
1074
1082
1141
1135
1136
1303
1401
1590
1856
1981
2202
2527
2543
2634
2541
2189
1933
1485
1147
770
350
173
-12
-137
-37
108
157
306
323
320
340
205
155
-13
-191
-217
-253
-195
-14
129
305
586
786
1065
1325
1402
1562
1490
1520
1551
1414
1463
1253
1231
1135
1010
996
750
730
425
212
46
-400
-498
-1020
-1291
-1672
-2161
-2232
-2607
-2648
-2848
-3073
-3152
-3371
-3455
-3506
-3330
-3362
-3102
-2921
-2676
-2091
-1789
-952
-633
-324
231
375
687
814
835
789
759
785
955
1128
1244
1609
1703
1962
2290
2322
2441
2321
1995
1685
1321
949
677
243
49
-54
-236
-28
121
215
377
383
416
388
274
190
24
-245
-284
-296
-285
-9
70
288
554
763
1115
1305
1425
1554
1466
1464
1472
1369
1336
1256
1204
1100
1137
1036
1012
835
507
420
-47
-243
-611
-1116
-1378
-1887
-2064
-2305
-2433
-2525
-2647
-2711
-2916
-2893
-3110
-2887
-2930
-3021
-2620
-2759
-2194
-1885
-1400
-707
-600
16
352
557
754
838
744
599
591
553
806
857
1084
1343
1401
1767
2025
2079
2101
1909
1508
1282
888
567
252
-170
-222
-415
-417
-120
28
196
355
417
440
460
343
268
2
-236
-166
-243
-120
99
135
380
621
824
1113
1174
1276
1333
1202
1215
1197
1131
1051
1036
938
877
988
810
874
592
327
292
-267
-410
-871
-1314
-1482
-1935
-2085
-2248
-2375
-2428
-2527
-2623
-2611
-2705
-2601
-2406
-2473
-2142
-2098
-1661
-1328
-926
-278
-206
351
552
827
1029
1048
1141
873
885
771
884
946
1032
1223
1185
1479
1617
1767
1765
1612
1353
1030
761
424
85
-310
-459
-592
-576
-372
-173
5
140
268
280
320
297
252
99
-94
-22
-13
128
295
401
561
755
968
1136
1220
1195
1207
1042
956
912
757
695
572
477
479
411
497
310
241
7
-210
-375
-830
-1036
-1580
-1872
-2183
-2490
-2581
-2711
-2726
-2752
-2631
-2632
-2348
-2082
-2045
-1658
-1726
-1357
-1072
-836
-80
-11
340
781
978
1317
1554
1598
1584
1510
1371
1499
1397
1325
1471
1217
1294
1402
1365
1469
1402
1152
952
684
464
326
-148
-374
-580
-831
-712
-593
-508
-328
-223
-66
132
138
277
285
98
150
103
139
357
434
583
773
980
1270
1456
1497
1532
1396
1170
1149
913
708
521
282
219
65
47
-4
-145
-276
-404
-647
-854
-1132
-1500
-1840
-2206
-2521
-2840
-2956
-3179
-3195
-3289
-3121
-2902
-2591
-2248
-2015
-1543
-1409
-784
-560
-4
407
383
1006
1039
1431
1725
1828
2004
1891
2017
2065
2250
2119
2153
1980
1752
1823
1572
1565
1377
1117
852
616
363
177
-77
-413
-538
-828
-841
-732
-760
-658
-679
-570
-383
-236
-115
2
-40
-49
108
166
402
535
641
825
974
1207
1453
1557
1642
1652
1462
1455
1322
1079
871
519
335
154
-5
-40
-255
-497
-637
-892
-1112
-1342
-1729
-2074
-2453
-2816
-3135
-3379
-3514
-3625
-3664
-3592
-3373
-2933
-2829
-2361
-2060
-1956
-1189
-1002
-245
153
251
879
975
1388
1737
1962
2052
2155
2200
2237
2562
2401
2542
2395
2162
2318
2096
2047
1926
1540
1186
1007
697
521
233
-130
-263
-583
-635
-536
-610
-590
-565
-628
-512
-364
-328
-115
-170
-137
64
115
422
577
596
819
1015
1194
1509
1556
1634
1683
1496
1590
1455
1287
1113
826
615
354
268
17
-98
-429
-678
-848
-1242
-1410
-1825
-2247
-2570
-2935
-3273
-3496
-3719
-3809
-3852
-3838
-3554
-3162
-3019
-2531
-2230
-2028
-1409
-1159
-409
-165
4
550
733
1179
1527
1856
1981
2186
2356
2474
2731
2603
2714
2489
2283
2314
2062
1968
1825
1491
1134
1004
780
644
400
107
-9
-292
-340
-259
-396
-443
-448
-506
-426
-323
-245
-92
-89
34
239
348
667
863
903
1124
1346
1485
1701
1692
1783
1676
1532
1663
1426
1293
1061
883
602
366
254
-78
-281
-682
-905
-1286
-1696
-1861
-2435
-2706
-3050
-3404
-3600
-3923
-3897
-4064
-4070
-3778
-3431
-3323
-2898
-2507
-2304
-1778
-1479
-741
-428
-255
340
478
814
1209
1466
1644
1825
2006
2181
2419
2361
2498
2299
2121
2203
1907
1769
1661
1301
1007
801
587
467
196
7
-44
-303
-334
-223
-350
-351
-325
-358
-249
-164
-82
67
41
249
428
529
876
1074
1242
1455
1671
1848
1952
2053
2058
1994
1897
1830
1719
1454
1313
1031
807
619
397
138
-229
-512
-888
-1294
-1647
-2046
-2490
-2880
-3238
-3553
-3873
-4028
-4073
-4092
-4063
-3678
-3327
-3258
-2594
-2438
-1996
-1515
-1207
-318
-331
175
651
815
1257
1513
1844
1870
2158
2207
2386
2535
2431
2633
2241
2229
2190
1853
1750
1500
1110
748
568
318
191
-143
-272
-298
-553
-438
-366
-413
-382
-339
-353
-245
-152
-46
147
119
409
627
788
1213
1430
1600
1829
2066
2150
2235
2218
2200
2129
1849
1848
1629
1319
1191
947
640
469
189
-107
-461
-985
-1351
-1877
-2307
-2731
-3181
-3644
-3936
-4213
-4523
-4371
-4559
-4431
-4113
-3835
-3502
-3161
-2712
-2325
-1856
-1486
-635
-401
-50
631
763
1257
1557
1884
2135
2243
2408
2583
2659
2569
2722
2310
2141
2079
1676
1583
1298
996
679
408
219
93
-257
-406
-434
-776
-751
-709
-793
-713
-701
-636
-480
-338
-73
182
239
526
834
1007
1422
1683
1799
2084
2225
2418
2590
2559
2658
2538
2393
2341
2147
1919
1732
1411
1083
806
400
84
-494
-1021
-1483
-2121
-2469
-3024
-3379
-3859
-4270
-4341
-4596
-4406
-4593
-4177
-3959
-3947
-3233
-3242
-2550
-2349
-1927
-1107
-1013
-324
124
633
988
1469
1917
2116
2620
2630
2967
2952
2838
2983
2570
2486
2298
1899
1585
1380
1016
677
447
154
0
-346
-523
-601
-897
-988
-951
-1065
-1066
-948
-931
-689
-572
-330
-64
71
506
713
965
1212
1447
1556
1735
1943
2007
2120
2148
2248
2255
2185
2207
2160
1892
1849
1564
1194
933
373
-81
-660
-1216
-1553
-2181
-2645
-2977
-3506
-3840
-3964
-4059
-4225
-4188
-4074
-3845
-3777
-3505
-3105
-2939
-2562
-2085
-1582
-1255
-740
-246
140
623
1068
1507
1785
2061
2378
2460
2601
2701
2610
2399
2295
2149
1867
1645
1381
1124
703
463
290
-15
-266
-395
-593
-767
-808
-831
-814
-763
-647
-539
-420
-170
72
230
469
772
898
1085
1349
1462
1601
1628
1788
1852
1846
1976
1966
1957
1886
1889
1714
1611
1442
1057
808
293
-28
-569
-1002
-1266
-1875
-2065
-2512
-2684
-2902
-3117
-3056
-3364
-3209
-3184
-3058
-2923
-2786
-2495
-2437
-1956
-1556
-1088
-677
-325
192
402
809
1191
1458
1622
1789
1986
2065
2221
2279
2270
2133
2033
1904
1680
1464
1224
855
439
217
-88
-348
-547
-748
-918
-1060
-962
-875
-773
-676
-470
-330
-219
78
218
449
583
760
977
1062
1277
1422
1479
1575
1702
1734
1832
1830
1770
1676
1501
1394
1170
831
524
170
-301
-646
-1031
-1299
-1776
-1938
-2228
-2434
-2557
-2813
-2628
-3008
-2895
-3031
-2961
-2749
-2762
-2278
-2326
-1875
-1584
-1256
-557
-409
234
443
785
1180
1292
1669
1659
1920
1779
1973
2033
2002
2119
1858
1889
1665
1470
1299
993
666
280
-74
-400
-665
-927
-1138
-1266
-1299
-1237
-1172
-998
-856
-667
-586
-323
-110
39
270
387
627
767
1047
1300
1532
1703
1874
2050
2113
2193
2086
1956
1749
1462
1167
832
526
113
-224
-585
-939
-1051
-1465
-1628
-1844
-2238
-2295
-2686
-2745
-2857
-3148
-3070
-3161
-3032
-2771
-2493
-2037
-1670
-1239
-890
-345
94
496
893
1058
1390
1426
1654
1879
1956
2104
2136
2297
2408
2497
2531
2419
2251
1937
1649
1279
892
440
-115
-490
-824
-1059
-1215
-1226
-1216
-1215
-1150
-1026
-887
-842
-752
-669
-665
-591
-426
-232
7
321
658
1020
1452
1822
2140
2306
2438
2457
2305
2154
1946
1663
1330
1037
770
497
230
-35
-274
-586
-839
-1108
-1463
-1778
-2171
-2537
-2851
-3046
-3262
-3302
-3375
-3308
-3111
-3035
-2576
-2263
-1915
-1462
-1192
-717
-353
29
421
748
995
1286
1608
1784
2112
2221
2361
2487
2536
2618
2564
2498
2292
2090
1779
1519
1243
768
496
59
-284
-531
-801
-943
-1156
-1265
-1388
-1397
-1439
-1395
-1395
-1418
-1283
-1214
-1052
-825
-586
-284
30
400
775
1116
1408
1686
1885
1990
2121
2091
2043
1909
1719
1523
1311
1123
876
586
344
56
-170
-516
-809
-1057
-1501
-1775
-2090
-2333
-2568
-2753
-2857
-2853
-2921
-2774
-2571
-2452
-2157
-1863
-1600
-1164
-759
-388
-39
195
664
807
1134
1419
1644
1740
1848
2052
2112
2185
2251
2278
2170
2074
2002
1784
1537
1278
835
549
176
-58
-409
-687
-884
-1074
-1195
-1253
-1246
-1386
-1392
-1368
-1372
-1292
-1246
-1142
-970
-817
-499
-228
138
460
771
1002
1245
1490
1534
1601
1594
1493
1422
1310
1240
1153
979
943
796
647
471
223
8
-254
-580
-860
-1185
-1498
-1749
-1992
-2100
-2200
-2198
-2157
-2092
-1992
-1833
-1639
-1498
-1281
-1084
-950
-725
-560
-343
-145
33
338
545
776
979
1230
1310
1506
1690
1604
1682
1590
1517
1405
1191
1135
909
654
552
392
237
94
14
-161
-309
-431
-577
-673
-861
-990
-1127
-1208
-1173
-1134
-1094
-940
-790
-606
-375
-120
57
210
383
469
596
630
714
778
770
905
916
972
1058
1040
1042
957
961
829
659
504
277
84
-154
-318
-437
-604
-694
-757
-863
-857
-931
-1006
-947
-1028
-1006
-921
-915
-715
-649
-470
-272
-130
28
212
319
413
537
546
633
660
682
740
783
800
900
864
899
896
806
715
582
429
251
88
-97
-196
-295
-393
-414
-436
-468
-436
-504
-475
-525
-585
-608
-632
-655
-638
-544
-471
-278
-156
32
206
310
443
480
516
539
485
461
414
416
402
439
464
478
528
516
549
513
450
381
239
114
14
-153
-225
-314
-324
-348
-358
-329
-357
-364
-367
-364
-353
-341
-299
-247
-230
-131
-71
41
119
220
279
311
323
301
291
211
187
180
138
147
134
137
153
106
115
62
-21
-129
-231
-348
-483
-560
-653
-705
-702
-743
-686
-662
-595
-544
-549
-508
-502
-497
-514
-457
-447
-395
-272
-190
-60
38
143
280
321
438
477
476
494
470
475
425
439
432
435
486
490
538
528
529
502
390
348
239
147
82
30
15
-2
64
124
157
189
229
223
216
201
168
138
91
86
68
75
123
189
258
318
363
335
300
235
101
30
-105
-223
-308
-416
-437
-509
-512
-470
-477
-463
-464
-480
-563
-617
-701
-763
-786
-818
-780
-766
-712
-633
-583
-490
-426
-382
-355
-320
-286
-280
-222
-147
-70
22
105
210
275
322
344
332
331
278
265
237
232
248
242
287
324
348
398
415
444
425
385
352
307
273
233
246
230
305
348
413
498
544
587
584
587
563
542
488
453
428
420
403
408
384
371
318
260
185
75
-65
-235
-358
-490
-595
-646
-683
-697
-710
-707
-684
-722
-760
-808
-861
-919
-933
-921
-888
-843
-803
-716
-630
-545
-445
-390
-313
-259
-212
-182
-138
-101
-81
-9
37
158
232
292
364
398
420
415
387
362
306
259
237
245
261
290
325
387
442
489
515
495
480
423
415
377
382
407
403
462
526
572
643
700
741
747
721
712
674
594
554
528
483
463
438
414
361
280
188
100
-16
-125
-269
-411
-508
-629
-719
-758
-789
-797
-801
-779
-764
-786
-791
-810
-823
-822
-812
-788
-733
-684
-621
-525
-441
-335
-248
-177
-107
-85
-67
-38
-23
-10
49
93
167
252
313
354
374
337
276
204
128
109
63
49
50
72
116
178
220
308
326
307
319
299
249
192
145
118
128
170
274
384
485
580
638
667
696
650
604
548
481
394
323
292
262
272
289
278
258
190
93
-43
-186
-320
-465
-589
-697
-770
-831
-819
-843
-850
-840
-839
-830
-824
-792
-769
-781
-755
-737
-682
-613
-534
-406
-332
-237
-194
-131
-69
-23
24
75
116
139
180
212
249
248
259
280
301
324
305
287
258
211
174
140
145
138
142
162
183
196
207
222
226
234
222
224
228
241
232
195
211
228
274
328
364
419
458
477
497
493
465
431
365
302
255
198
154
145
134
106
93
71
41
-17
-110
-189
-284
-400
-499
-572
-636
-675
-692
-688
-640
-591
-544
-475
-461
-447
-461
-494
-481
-474
-437
-371
-293
-208
-130
-34
46
119
182
240
272
271
260
249
241
243
248
275
323
366
393
413
440
430
405
372
320
270
217
181
161
143
129
147
165
172
162
160
140
100
81
53
52
56
62
86
100
113
137
153
151
133
115
92
81
67
68
80
91
105
112
118
81
39
-1
-27
-84
-138
-187
-236
-299
-361
-354
-350
-323
-310
-299
-306
-341
-380
-407
-427
-435
-465
-458
-418
-361
-297
-227
-137
-73
-32
1
30
25
17
15
29
37
83
148
228
292
327
355
374
402
369
325
283
243
179
150
145
161
170
181
208
199
183
151
123
70
26
-4
-4
5
16
48
79
123
164
198
221
224
209
186
168
145
114
121
132
166
181
192
228
214
188
143
85
27
-19
-80
-136
-168
-203
-207
-218
-209
-202
-218
-239
-278
-326
-370
-406
-438
-453
-448
-435
-407
-348
-300
-237
-200
-153
-135
-138
-141
-156
-178
-185
-185
-174
-139
-139
-115
-109
-97
-81
-64
-33
-5
24
55
75
75
69
51
43
35
35
42
53
42
20
0
2
8
12
24
46
50
62
63
58
70
80
91
108
120
121
132
142
116
99
74
76
62
26
25
22
32
40
58
92
126
132
120
123
75
36
7
-10
-18
-32
-4
2
9
-5
-8
-8
-29
-48
-59
-101
-146
-179
-182
-191
-191
-193
-192
-200
-224
-226
-253
-265
-288
-299
-291
-269
-233
-208
-173
-132
-116
-74
-50
-38
-7
-3
-1
8
35
79
119
136
142
139
155
151
147
138
120
95
74
63
63
80
93
114
135
158
196
222
234
249
245
242
252
257
264
283
288
315
331
340
354
360
346
333
334
313
308
304
293
287
266
227
195
120
64
27
-26
-62
-88
-116
-129
-146
-149
-132
-150
-161
-179
-218
-271
-325
-379
-407
-425
-431
-416
-395
-358
-329
-308
-294
-313
-340
-360
-376
-381
-378
-368
-353
-306
-265
-196
-127
-84
-46
-30
-20
-13
-13
-6
14
24
65
110
151
196
234
293
323
325
323
302
294
265
249
256
266
282
296
312
325
326
313
288
255
203
169
138
134
130
143
185
229
275
314
342
351
354
327
309
281
257
239
207
168
137
114
94
76
43
0
-61
-126
-201
-276
-344
-416
-453
-486
-501
-508
-514
-529
-564
-579
-595
-582
-571
-543
-511
-477
-415
-355
-291
-231
-174
-122
-75
-36
-6
42
74
93
106
125
142
157
183
198
195
192
184
167
153
146
147
154
174
191
211
228
239
224
217
203
187
182
167
156
154
161
164
180
195
213
207
189
175
160
155
134
111
90
88
79
72
84
96
112
116
108
108
77
39
7
-41
-79
-120
-144
-176
-225
-274
-318
-366
-425
-479
-522
-556
-592
-636
-665
-681
-693
-686
-679
-648
-617
-586
-547
-506
-446
-384
-303
-233
-167
-93
-23
46
79
117
160
179
214
232
262
278
289
298
293
284
270
254
224
190
156
133
114
95
78
68
59
43
36
38
52
60
61
65
70
75
82
104
114
129
148
181
208
226
253
278
289
295
310
317
318
307
291
281
260
234
204
162
109
47
-16
-77
-143
-210
-271
-334
-389
-433
-468
-494
-517
-532
-538
-528
-521
-498
-480
-452
-413
-380
-338
-295
-244
-185
-126
-67
-11
50
111
162
212
250
294
324
339
355
347
348
333
321
304
288
282
261
247
220
204
184
164
155
151
149
138
124
104
88
80
70
63
55
50
45
46
47
45
57
80
108
131
151
175
203
223
233
248
260
267
282
278
280
270
258
236
206
194
168
122
78
37
-11
-59
-108
-156
-197
-221
-243
-256
-281
-293
-306
-321
-326
-330
-319
-303
-279
-247
-218
-178
-143
-103
-63
-12
32
68
97
122
147
164
175
193
208
214
212
193
174
155
141
128
107
82
67
56
41
23
8
0
-9
-28
-40
-55
-55
-61
-73
-69
-75
-67
-59
-59
-52
-43
-26
-15
2
19
27
26
17
8
-6
-3
-8
-14
-9
-10
-7
-8
2
-4
-9
-15
-25
-38
-56
-71
-82
-88
-89
-93
-94
-93
-91
-90
-89
-96
-105
-113
-124
-128
-133
-130
-123
-103
-77
-51
-26
-9
13
18
29
33
38
39
34
35
30
35
32
38
43
46
38
34
32
22
14
-6
-23
-47
-57
-58
-83
-100
-115
-122
-138
-155
-164
-175
-171
-161
-159
-155
-148
-143
-138
-132
-124
-121
-120
-119
-111
-109
-108
-96
-84
-65
-46
-18
7
22
40
47
54
57
64
74
76
76
63
58
59
56
53
54
60
57
59
59
53
52
55
47
46
51
51
61
63
69
72
70
75
74
69
71
79
73
68
59
57
55
38
27
8
-2
-9
-18
-27
-39
-39
-48
-55
-59
-65
-73
-79
-79
-83
-84
-90
-93
-96
-96
-82
-71
-65
-65
-72
-71
-81
-93
-106
-122
-142
-151
-155
-152
-135
-118
-101
-85
-68
-45
-30
-18
-9
-11
11
35
55
82
102
121
148
180
202
233
248
268
278
283
289
282
281
283
285
279
280
276
256
237
215
200
179
169
148
127
119
106
88
78
71
61
53
41
28
15
1
-8
-16
-29
-42
-49
-52
-51
-63
-58
-52
-48
-44
-37
-38
-47
-47
-55
-62
-69
-76
-86
-90
-91
-83
-77
-78
-76
-86
-92
-94
-109
-113
-122
-123
-126
-121
-105
-101
-90
-77
-67
-48
-31
-20
-15
-13
1
14
38
60
89
113
140
163
182
204
210
209
213
220
220
223
219
217
213
215
222
212
200
187
168
151
125
101
79
51
24
2
-25
-53
-73
-89
-111
-131
-136
-145
-158
-165
-176
-175
-180
-185
-185
-190
-191
-186
-185
-169
-156
-137
-120
-111
-94
-85
-73
-72
-81
-83
-93
-98
-95
-99
-106
-110
-104
-99
-96
-91
-89
-91
-94
-103
-97
-97
-95
-88
-86
-71
-54
-35
-16
-7
13
30
49
76
87
107
124
141
156
173
175
177
175
174
178
168
168
161
156
146
137
134
114
98
83
60
40
15
-15
-47
-74
-99
-116
-137
-151
-159
-172
-191
-198
-207
-217
-217
-237
-244
-249
-252
-250
-241
-216
-203
-185
-166
-152
-124
-101
-83
-59
-46
-36
-24
-4
10
28
48
66
74
88
92
94
96
90
87
80
76
65
62
57
51
52
63
62
68
73
80
78
77
85
86
93
108
116
122
128
134
145
150
156
168
175
181
181
175
178
171
164
154
140
125
111
95
75
62
44
22
10
-6
-28
-52
-83
-106
-127
-141
-157
-174
-184
-198
-212
-227
-232
-233
-226
-218
-213
-208
-193
-185
-179
-166
-151
-129
-116
-94
-82
-59
-38
-27
-6
12
32
50
62
73
89
93
94
101
102
115
122
138
142
146
147
153
158
154
154
141
133
118
117
117
125
129
133
134
122
122
114
108
99
92
88
81
75
77
70
72
68
62
60
43
41
32
26
13
7
-3
-21
-27
-33
-51
-67
-89
-108
-132
-137
-154
-154
-180
-167
-197
-177
-202
-191
-176
-177
-160
-184
-143
-160
-124
-152
-96
-99
-46
-56
-7
7
28
47
53
91
96
118
120
142
141
153
168
174
180
178
185
174
176
174
170
159
148
138
134
123
115
111
110
96
84
80
70
61
67
53
44
33
24
12
4
4
2
0
-15
-23
-29
-28
-29
-30
-28
-29
-31
-43
-45
-58
-64
-80
-95
-104
-118
-116
-129
-133
-141
-152
-154
-166
-165
-172
-175
-178
-186
-191
-199
-201
-202
-196
-188
-175
-165
-146
-129
-109
-96
-83
-56
-42
-30
-12
8
22
42
56
68
88
100
105
109
110
110
105
95
93
88
79
69
59
48
33
26
24
19
14
8
8
11
-2
-6
-9
-11
-11
-20
-17
-17
-13
-22
-17
-9
-2
6
4
12
8
9
-10
0
0
-7
-8
-13
-15
-26
-27
-34
-37
-46
-47
-61
-63
-75
-78
-74
-78
-74
-60
-62
-49
-40
-36
-38
-43
-42
-32
-24
-5
13
23
28
37
46
60
71
89
94
107
114
120
133
137
151
158
162
159
160
156
157
151
151
152
140
142
132
129
121
118
113
106
99
94
87
75
60
55
48
42
38
46
49
45
46
38
40
37
35
41
40
39
37
33
26
28
17
5
4
-2
-1
-12
-17
-29
-37
-43
-48
-50
-59
-59
-67
-73
-75
-77
-86
-88
-93
-98
-103
-114
-114
-110
-112
-110
-109
-111
-113
-113
-112
-102
-101
-96
-85
-71
-62
-56
-50
-45
-42
-35
-23
-23
-11
-8
-2
4
12
15
14
23
25
28
25
28
17
14
-2
-9
-16
-20
-18
-25
-21
-24
-12
-13
-8
-10
-8
-7
-12
-12
-11
2
6
19
26
29
31
37
40
43
51
63
63
63
65
70
75
75
70
61
63
66
64
57
49
42
37
28
16
10
0
-9
-13
-14
-17
-25
-30
-37
-44
-50
-53
-55
-58
-57
-52
-51
-51
-55
-53
-60
-64
-56
-62
-53
-49
-43
-42
-35
-31
-23
-15
-18
-14
-12
-11
-16
-11
-12
-14
-24
-29
-30
-33
-39
-48
-51
-57
-58
-58
-63
-70
-74
-77
-82
-84
-78
-73
-66
-57
-51
-48
-43
-34
-16
-9
4
13
23
36
46
51
56
62
59
60
61
67
65
67
63
66
71
65
60
52
48
38
32
24
24
25
21
19
10
3
-2
-2
-10
-3
-8
-14
-16
-22
-25
-27
-33
-33
-33
-34
-32
-29
-35
-37
-37
-43
-44
-46
-46
-47
-47
-46
-40
-38
-34
-27
-28
-29
-31
-29
-23
-22
-23
-23
-25
-28
-29
-28
-34
-31
-29
-30
-22
-19
-16
-16
-18
-16
-12
-7
-6
0
10
19
22
28
37
44
55
63
74
85
103
112
116
117
120
124
125
124
120
126
127
129
128
126
118
111
106
98
91
82
73
66
58
50
43
37
26
14
9
1
-4
-13
-17
-27
-28
-33
-42
-48
-51
-53
-49
-46
-43
-36
-40
-43
-45
-46
-46
-44
-47
-42
-40
-37
-35
-40
-45
-51
-53
-57
-57
-60
-54
-50
-50
-47
-46
-48
-54
-59
-60
-59
-53
-48
-46
-42
-35
-27
-21
-15
-7
4
18
31
41
51
55
58
64
66
68
71
76
85
91
99
105
106
108
107
104
103
97
95
94
95
95
91
88
77
74
67
58
52
44
36
26
17
5
-4
-14
-26
-35
-39
-48
-53
-60
-67
-69
-72
-81
-79
-87
-88
-87
-89
-86
-82
-78
-77
-73
-73
-71
-70
-69
-66
-60
-54
-48
-45
-43
-44
-47
-46
-48
-46
-43
-42
-41
-32
-27
-26
-25
-22
-20
-19
-13
-7
-4
1
3
8
9
11
15
20
25
31
39
47
53
55
59
62
63
63
65
65
68
70
73
73
68
68
62
56
52
48
45
41
35
29
22
16
10
3
-3
-10
-16
-19
-27
-29
-39
-46
-51
-53
-51
-49
-48
-46
-40
-40
-35
-35
-36
-33
-36
-35
-30
-24
-20
-14
-9
-5
-4
-2
-2
1
0
1
4
1
1
-3
-3
-5
-9
-11
-13
-12
-12
-10
-10
-11
-15
-18
-19
-19
-20
-17
-11
-8
-2
3
10
9
10
10
9
8
11
14
15
16
13
13
12
10
7
10
10
12
11
9
9
3
-2
-2
-6
-14
-21
-23
-25
-26
-31
-32
-37
-41
-42
-44
-43
-41
-38
-36
-30
-27
-25
-22
-21
-20
-19
-15
-8
0
3
8
11
13
14
13
13
11
6
9
9
9
9
8
9
6
3
1
-1
-2
-3
0
1
-3
-2
-4
-5
-7
-5
-1
3
7
11
13
16
17
12
9
7
7
10
7
5
7
7
7
7
6
1
-2
-1
-3
-4
-5
-6
-10
-13
-16
-18
-24
-26
-24
-23
-22
-23
-23
-20
-21
-21
-20
-19
-16
-15
-13
-7
0
1
3
6
5
9
13
14
18
19
22
24
22
19
20
16
14
14
13
18
21
19
19
18
14
15
11
8
8
3
3
2
-4
-6
-10
-15
-16
-19
-21
-19
-20
-16
-14
-12
-9
-8
-10
-5
-2
1
9
12
15
18
18
18
18
19
20
19
18
18
16
13
8
3
-3
-6
-11
-16
-16
-22
-24
-24
-26
-27
-31
-35
-37
-40
-41
-39
-40
-36
-31
-27
-21
-17
-14
-9
-4
0
5
9
13
17
18
21
23
27
31
34
37
41
44
44
47
48
45
46
43
39
38
34
34
32
30
27
25
19
15
13
10
12
9
7
9
7
6
8
8
9
12
12
14
16
17
19
17
17
18
16
16
15
13
11
10
8
4
1
-5
-7
-11
-16
-18
-21
-25
-25
-29
-34
-36
-41
-44
-47
-50
-51
-52
-54
-53
-53
-54
-51
-50
-47
-43
-42
-38
-35
-31
-29
-25
-23
-19
-17
-15
-10
-4
-1
5
9
13
17
19
23
26
28
32
38
38
41
40
41
42
40
41
41
41
42
41
39
38
36
34
33
30
29
29
29
28
27
26
24
21
18
16
13
11
9
8
7
5
4
2
-1
-4
-5
-6
-8
-10
-11
-14
-17
-22
-25
-28
-32
-35
-38
-39
-40
-42
-45
-45
-49
-50
-52
-53
-54
-51
-51
-49
-48
-46
-47
-46
-45
-44
-43
-41
-37
-33
-29
-24
-18
-15
-10
-5
-1
4
8
14
18
23
27
31
35
39
44
48
53
57
59
63
62
64
62
62
60
59
57
58
58
59
61
59
59
55
52
50
46
43
42
39
36
33
29
24
21
17
14
10
7
4
-1
-3
-9
-16
-21
-27
-33
-37
-43
-46
-49
-53
-57
-61
-65
-68
-71
-74
-75
-77
-79
-78
-79
-80
-81
-82
-82
-81
-80
-74
-69
-64
-59
-55
-48
-43
-37
-35
-29
-24
-18
-11
-5
2
11
18
23
30
36
43
49
55
61
64
69
70
73
74
76
77
80
82
84
84
87
87
85
84
82
79
77
75
72
69
67
65
61
57
53
50
44
40
35
31
28
20
15
10
3
-3
-8
-16
-21
-26
-32
-37
-43
-48
-54
-60
-64
-70
-76
-80
-84
-87
-90
-93
-95
-97
-99
-100
-100
-97
-95
-93
-89
-86
-81
-78
-74
-70
-64
-58
-51
-44
-35
-28
-21
-12
-4
3
10
16
24
31
38
43
49
53
57
59
62
66
68
71
73
75
75
77
76
75
77
75
74
73
73
71
69
68
65
60
56
53
51
48
46
43
41
39
33
31
28
23
18
13
8
5
-1
-4
-8
-15
-19
-24
-30
-33
-38
-43
-46
-50
-54
-59
-65
-69
-72
-75
-79
-81
-82
-82
-84
-84
-83
-83
-81
-79
-78
-74
-71
-64
-60
-57
-51
-46
-42
-37
-32
-26
-21
-16
-10
-4
-2
5
9
12
16
19
25
30
31
36
40
40
42
43
45
47
47
48
51
50
51
51
49
50
50
48
49
50
50
50
48
49
49
46
43
41
39
40
36
35
33
32
30
27
25
24
18
17
15
10
6
5
0
-5
-11
-15
-18
-25
-27
-29
-32
-33
-35
-38
-42
-44
-45
-47
-48
-46
-45
-44
-42
-41
-40
-39
-40
-36
-35
-32
-28
-28
-23
-19
-18
-15
-10
-9
-6
-1
1
5
7
9
11
10
12
14
13
11
13
16
16
17
18
18
17
17
19
21
21
22
24
28
28
29
29
29
29
29
31
32
33
33
33
33
32
32
30
28
26
26
24
22
21
16
13
8
4
0
-6
-11
-16
-21
-24
-28
-31
-34
-38
-42
-45
-44
-47
-51
-52
-50
-52
-55
-53
-54
-55
-55
-51
-49
-50
-44
-41
-40
-38
-33
-31
-28
-23
-19
-15
-14
-7
-4
-3
-1
2
2
5
6
7
7
10
11
9
11
13
13
12
15
18
17
19
22
20
19
20
22
20
24
28
29
30
35
37
35
37
40
40
41
44
47
47
47
47
47
45
43
41
39
37
35
32
31
28
23
20
16
12
6
1
-3
-9
-14
-17
-19
-23
-29
-32
-33
-38
-42
-39
-38
-42
-44
-40
-38
-39
-36
-35
-31
-30
-23
-23
-19
-13
-13
-14
-9
-2
-3
-3
1
8
5
4
7
9
6
4
8
8
6
2
4
2
-2
-3
-5
-3
-7
-6
-7
-7
-5
-6
-8
-10
-6
-9
-8
-8
-5
-3
-1
4
5
7
8
9
10
14
16
17
19
21
20
20
22
21
16
17
21
13
10
12
17
3
-5
5
7
-11
-20
0
-6
-26
-27
-5
-13
-39
-26
-9
-22
-40
-18
-12
-23
-28
-11
-7
-21
-12
-6
-4
-8
3
3
4
9
11
9
9
15
10
11
14
15
16
14
14
11
13
10
8
8
8
4
2
4
2
-1
0
-1
-4
-6
-5
-4
-5
-5
-4
0
-1
-1
1
4
3
-1
8
13
9
8
15
18
10
11
17
16
10
14
15
12
11
10
9
4
7
2
-1
-2
-2
-7
-12
-8
-10
-14
-20
-17
-14
-21
-24
-19
-15
-21
-21
-17
-14
-18
-18
-12
-11
-9
-7
-5
-2
-2
-1
-1
3
6
4
7
11
11
9
12
12
10
10
9
10
8
8
5
6
4
4
4
2
2
0
1
2
0
1
0
0
0
1
-1
0
2
-1
1
3
5
2
4
8
5
3
5
8
4
5
8
5
3
4
4
-1
2
-2
-3
-1
-3
-8
-10
-8
-11
-15
-11
-9
-17
-19
-11
-15
-19
-14
-9
-12
-15
-6
-6
-8
-8
-4
-3
-4
-2
0
4
-1
2
6
7
6
7
12
9
7
9
12
8
6
12
10
6
7
11
8
5
8
8
4
2
5
5
3
1
1
4
0
-1
0
3
-1
-1
3
2
0
1
4
3
1
2
5
5
3
5
5
4
3
5
6
3
3
4
5
2
1
1
0
1
0
0
1
2
-1
-3
-1
-2
-5
-5
-1
-2
-7
-6
-3
-5
-9
-8
-6
-5
-7
-7
-2
-2
-6
-6
-2
-2
-5
-3
1
-1
-2
1
2
-1
0
2
2
1
3
3
2
4
3
3
3
3
0
1
3
0
0
2
1
-4
-1
2
-3
-4
0
1
-4
-3
-2
-4
-6
-3
-2
-4
-3
0
-1
-2
1
0
0
-1
3
2
2
1
1
1
0
-2
-1
1
0
-2
-2
0
-2
-6
-3
-3
-5
-8
-6
-6
-7
-9
-8
-5
-7
-7
-8
-4
-7
-7
-4
-1
-3
-3
3
3
3
4
7
5
5
10
12
9
11
15
14
12
13
15
13
12
14
14
12
13
13
12
11
10
8
7
8
7
4
5
4
1
0
0
-4
-4
-4
-4
-5
-4
-5
-6
-5
-4
-3
-3
-1
0
1
1
0
1
-1
2
1
1
2
3
1
2
2
1
0
-2
-1
-2
-3
-3
-5
-6
-6
-8
-9
-9
-10
-11
-10
