-1
-1
-2
-2
-1
-1
1
1
3
2
1
0
0
2
2
4
3
4
5
3
3
3
5
4
4
5
2
3
2
1
1
2
2
2
1
1
1
1
0
2
2
3
3
3
2
2
2
3
3
3
2
2
1
0
1
2
2
3
4
3
3
2
0
1
2
1
0
0
-1
0
0
0
1
1
1
-1
0
0
1
2
2
4
5
5
4
4
3
3
3
2
3
1
1
0
0
0
-1
0
1
1
0
-2
0
-2
-2
-2
-2
-2
-2
-2
-2
-2
-1
-1
-1
0
-1
-1
0
0
0
2
2
3
3
3
4
2
2
1
0
0
1
0
-1
-1
-1
-1
0
-1
0
0
-1
0
-1
-2
-1
0
1
2
3
3
1
2
1
2
2
2
0
1
1
2
2
2
1
2
1
1
0
0
-1
-2
-1
0
-1
-1
0
0
0
-1
-1
-1
-1
-1
-1
-1
-2
-1
0
-1
1
2
0
0
-1
0
-1
0
0
1
1
0
-1
-1
-1
-2
-2
-2
-2
-3
-4
-4
-4
-5
-4
-4
-4
-2
-3
-4
-3
-4
-3
-2
-2
-2
-2
-1
0
0
0
0
2
1
0
-1
-1
-2
-2
-1
-1
-3
-2
-3
-4
-4
-2
-2
-3
-3
-3
-5
-4
-4
-5
-3
-3
-2
-2
-1
-1
-2
-1
0
0
1
1
0
1
0
2
3
1
3
3
1
3
1
0
3
0
1
-1
-2
-1
-3
-3
-2
-2
-1
-2
-1
-1
-2
-2
-1
0
1
1
2
1
1
1
3
3
3
3
2
2
1
1
2
2
2
2
1
2
2
0
0
-2
-2
-2
-3
-3
-3
-3
-3
-2
-1
-2
-1
-1
-2
-3
-1
-1
-1
0
0
0
1
2
2
2
2
1
1
1
1
0
0
1
0
1
1
0
-1
-1
-1
-1
-1
0
-1
0
0
1
0
1
2
0
0
2
1
3
3
5
5
4
5
5
5
5
3
4
4
3
4
3
3
4
2
1
0
1
0
-1
-1
-1
-2
-1
-1
-1
1
-1
1
1
0
2
0
1
2
1
3
2
3
4
3
6
5
5
5
4
4
4
3
3
2
2
2
2
2
1
1
0
1
-1
0
1
-1
0
0
-1
0
0
0
2
2
2
2
2
2
2
2
1
1
1
0
-1
-1
-3
-4
-5
-5
-6
-7
-10
-10
-11
-12
-11
-11
-12
-12
-11
-11
-10
-9
-8
-9
-8
-8
-8
-5
-5
-5
-1
-2
-1
0
1
2
3
3
5
6
6
7
7
7
10
8
10
9
9
12
11
9
11
7
7
8
5
8
7
4
7
3
2
5
1
4
4
-1
5
-1
-2
1
-5
-2
-3
-8
-2
-7
-9
-6
-13
-10
-12
-17
-15
-18
-19
-17
-23
-22
-22
-28
-24
-26
-28
-25
-27
-27
-26
-28
-26
-24
-25
-20
-21
-21
-16
-20
-16
-14
-15
-10
-10
-11
-6
-7
-5
-1
-1
2
5
3
9
9
10
14
14
14
17
15
18
19
16
20
17
17
20
18
19
20
17
19
19
16
20
17
18
21
17
19
20
19
24
22
21
25
22
25
29
27
31
32
31
36
34
36
41
38
44
45
42
49
47
49
54
47
51
51
46
53
47
47
51
40
42
38
30
35
24
21
21
6
8
-2
-12
-9
-24
-29
-30
-47
-44
-55
-65
-61
-76
-81
-79
-95
-91
-98
-108
-100
-112
-114
-109
-122
-115
-117
-125
-114
-122
-122
-112
-122
-110
-104
-112
-94
-100
-93
-80
-85
-71
-61
-68
-47
-49
-41
-25
-28
-14
-1
-8
17
15
21
40
36
49
61
54
76
78
82
102
100
111
123
118
135
139
139
158
149
158
165
160
169
170
163
177
164
168
173
163
165
163
152
157
144
140
136
125
123
116
103
100
83
74
66
51
47
34
22
13
0
-13
-20
-33
-36
-49
-61
-72
-81
-90
-95
-109
-114
-125
-132
-141
-143
-151
-152
-165
-171
-178
-182
-186
-194
-205
-212
-225
-227
-231
-236
-233
-238
-243
-241
-247
-244
-241
-249
-242
-239
-235
-220
-219
-205
-195
-188
-166
-157
-140
-117
-100
-84
-57
-44
-11
5
30
62
88
116
152
169
209
239
264
298
316
336
366
379
409
437
451
480
485
498
510
509
512
509
499
499
470
458
437
402
375
346
313
294
259
228
198
159
131
99
60
30
-15
-44
-75
-112
-141
-169
-193
-222
-246
-268
-291
-312
-327
-339
-351
-358
-369
-379
-392
-406
-407
-416
-414
-420
-423
-436
-444
-451
-447
-455
-460
-461
-466
-464
-458
-469
-460
-480
-487
-484
-492
-486
-488
-496
-485
-492
-489
-470
-465
-414
-371
-313
-244
-191
-146
-69
-40
33
105
190
292
364
433
501
546
603
656
696
753
801
849
891
899
899
880
838
815
778
757
720
679
621
562
495
444
396
353
314
274
245
225
196
174
150
139
127
130
130
114
102
84
69
74
70
63
66
48
37
25
13
11
5
-1
-3
-21
-26
-34
-54
-69
-84
-104
-113
-123
-119
-131
-146
-163
-180
-190
-197
-204
-211
-220
-233
-245
-269
-283
-299
-314
-320
-331
-342
-361
-382
-390
-417
-434
-449
-473
-475
-493
-521
-535
-575
-604
-618
-657
-664
-691
-736
-741
-781
-799
-810
-831
-816
-775
-740
-630
-558
-486
-422
-397
-338
-240
-135
37
152
247
346
379
464
546
624
722
800
855
949
974
1004
1002
944
920
880
849
838
774
728
672
577
526
463
419
412
367
334
291
240
227
197
176
177
156
147
137
112
113
92
76
82
74
94
106
88
89
76
75
83
90
121
124
124
142
140
162
180
187
219
232
251
277
269
272
278
255
250
223
208
191
135
103
60
12
-29
-71
-117
-153
-204
-237
-273
-313
-346
-378
-406
-424
-451
-476
-493
-518
-533
-544
-558
-569
-590
-627
-648
-662
-679
-684
-701
-724
-736
-751
-749
-751
-747
-751
-757
-775
-787
-800
-803
-809
-801
-787
-770
-719
-656
-558
-466
-404
-357
-331
-285
-169
-63
61
156
218
277
342
415
501
581
655
744
803
887
945
944
938
901
871
879
861
848
813
764
716
655
609
599
569
556
536
499
495
481
458
460
451
448
441
422
420
413
393
391
382
393
402
397
381
345
309
283
260
249
251
233
210
182
154
133
128
105
108
94
79
72
58
45
32
8
-13
-43
-75
-98
-126
-159
-188
-221
-254
-280
-312
-333
-358
-394
-424
-444
-476
-491
-514
-528
-540
-557
-568
-569
-586
-600
-601
-620
-631
-647
-674
-698
-709
-719
-718
-721
-721
-729
-748
-763
-776
-777
-785
-796
-805
-825
-827
-840
-844
-823
-790
-734
-658
-553
-447
-365
-318
-278
-205
-74
86
235
357
449
510
587
646
739
830
917
1005
1096
1169
1215
1213
1178
1140
1111
1089
1076
1045
991
928
849
775
717
667
619
577
530
493
447
416
381
360
349
334
308
289
262
252
242
228
225
230
241
245
228
206
168
151
140
136
138
125
114
91
64
32
15
4
9
9
8
-9
-31
-55
-79
-108
-126
-156
-190
-214
-251
-288
-314
-352
-387
-417
-453
-478
-497
-519
-533
-549
-562
-580
-601
-602
-612
-616
-608
-609
-606
-607
-612
-615
-633
-638
-649
-654
-653
-654
-660
-652
-662
-667
-672
-672
-663
-656
-652
-642
-652
-647
-639
-642
-609
-586
-529
-446
-356
-252
-165
-149
-119
-92
-9
144
279
408
491
512
551
596
659
763
820
895
953
996
1051
1062
1024
986
933
916
909
874
837
780
704
653
588
557
540
503
477
447
413
392
362
362
368
358
354
329
315
312
303
302
309
309
341
348
358
349
304
275
249
224
219
202
186
181
138
117
85
46
39
17
-10
-24
-43
-61
-81
-132
-158
-203
-237
-262
-314
-356
-390
-443
-478
-509
-545
-563
-597
-607
-610
-618
-620
-621
-627
-619
-615
-603
-595
-611
-619
-631
-633
-621
-612
-616
-624
-632
-639
-634
-644
-650
-653
-654
-646
-659
-659
-662
-667
-668
-649
-656
-648
-650
-652
-639
-625
-560
-451
-319
-212
-130
-123
-79
-34
113
270
414
496
557
561
625
685
779
861
916
977
1038
1091
1145
1145
1098
1062
998
990
961
923
873
803
722
687
623
593
552
507
475
457
432
439
417
424
415
405
402
394
389
395
387
384
391
381
396
399
398
383
341
323
313
285
275
248
232
209
169
140
106
62
40
18
-10
-34
-68
-95
-123
-164
-207
-261
-306
-340
-382
-421
-464
-513
-567
-607
-648
-687
-725
-747
-759
-761
-766
-776
-781
-780
-769
-754
-743
-716
-710
-700
-681
-679
-667
-658
-651
-647
-647
-634
-620
-608
-602
-599
-604
-593
-583
-554
-530
-525
-533
-566
-580
-578
-549
-520
-468
-390
-273
-178
-84
-68
-77
-24
58
230
397
487
549
565
566
646
728
818
894
921
970
1030
1055
1092
1056
991
951
922
901
880
805
760
695
658
648
619
606
567
522
500
473
463
462
454
478
473
468
471
474
468
476
468
469
470
464
476
470
465
436
399
383
365
336
325
270
226
163
117
87
47
15
-21
-62
-116
-168
-227
-243
-285
-319
-366
-435
-488
-545
-614
-654
-699
-728
-748
-794
-826
-870
-909
-911
-918
-895
-869
-862
-850
-850
-847
-817
-792
-762
-735
-705
-674
-648
-642
-633
-626
-616
-598
-594
-574
-578
-574
-555
-560
-540
-526
-527
-537
-554
-562
-582
-571
-557
-517
-449
-337
-243
-135
-77
-62
-50
11
134
331
493
579
606
597
616
685
791
895
967
1004
1049
1076
1107
1118
1087
1022
985
956
957
917
833
763
687
635
616
590
554
513
472
450
433
425
427
428
444
445
431
434
427
418
416
404
397
395
385
394
375
339
307
265
219
204
190
183
153
122
58
0
-41
-74
-99
-128
-149
-196
-229
-279
-319
-375
-416
-431
-447
-463
-493
-533
-578
-639
-668
-675
-689
-683
-679
-693
-706
-747
-751
-738
-719
-672
-633
-610
-585
-568
-566
-553
-543
-527
-500
-486
-468
-471
-477
-490
-503
-511
-524
-527
-535
-546
-569
-584
-633
-670
-703
-730
-726
-707
-667
-578
-446
-334
-240
-219
-278
-226
-105
97
339
465
504
510
485
549
653
787
916
971
1023
1077
1100
1134
1101
1039
1014
987
997
996
928
860
776
668
643
600
592
603
578
582
554
508
484
451
455
484
465
460
452
434
444
403
363
340
316
339
348
354
363
324
283
246
206
206
184
167
167
123
87
36
-42
-72
-107
-117
-101
-108
-119
-150
-221
-280
-346
-396
-416
-441
-440
-458
-498
-549
-612
-679
-711
-732
-714
-687
-677
-670
-693
-696
-700
-698
-679
-684
-658
-614
-608
-616
-625
-663
-672
-707
-731
-706
-719
-724
-742
-793
-822
-856
-893
-907
-932
-949
-992
-1022
-1008
-934
-817
-602
-455
-335
-318
-381
-359
-214
49
403
612
668
699
645
684
762
864
996
1111
1227
1332
1328
1301
1215
1118
1111
1091
1111
1130
1090
1074
1027
881
758
621
577
637
649
639
590
525
518
490
413
309
161
146
277
365
332
198
194
295
336
360
363
348
426
608
742
731
603
516
451
456
503
471
354
283
280
261
56
-185
-318
-372
-284
-140
-149
-294
-426
-455
-475
-555
-602
-600
-621
-628
-634
-765
-1001
-1205
-1205
-1130
-1099
-1075
-1091
-1153
-1177
-1179
-1198
-1277
-1265
-1154
-1125
-1183
-1226
-1303
-1369
-1326
-1283
-1302
-1364
-1317
-1288
-1355
-1514
-1574
-1654
-1648
-1495
-1208
-775
-130
888
1798
2127
1748
1239
911
1311
2022
2438
2194
1559
1041
602
148
-100
11
300
809
1183
1262
1006
618
334
279
683
1337
1587
1443
1255
1168
1018
555
63
-141
4
375
420
-61
-512
-727
-774
-620
-308
100
401
577
757
779
685
587
496
605
960
1258
1233
1041
995
1023
883
701
628
750
1057
1236
1133
890
659
484
301
255
379
406
294
90
-171
-379
-578
-776
-862
-785
-632
-610
-758
-866
-907
-895
-888
-895
-839
-733
-700
-800
-1027
-1230
-1333
-1381
-1365
-1308
-1291
-1334
-1466
-1538
-1547
-1529
-1403
-1231
-1060
-910
-849
-970
-1153
-1228
-1277
-1300
-1340
-1429
-1580
-1711
-1724
-1602
-1238
-554
768
2182
2803
2329
1354
715
819
1399
1733
1530
1013
495
31
-554
-828
-817
-499
151
919
1360
1386
1026
541
470
884
1317
1362
1316
1330
1384
1222
653
-135
-605
-544
-226
4
-7
-146
-255
-102
220
469
619
790
1075
1470
1662
1424
963
632
535
549
489
368
397
590
833
812
661
600
705
1009
1296
1449
1357
1105
809
527
241
-67
-311
-477
-495
-525
-652
-857
-1015
-1010
-914
-774
-610
-425
-248
-138
-158
-315
-503
-638
-709
-787
-896
-1025
-1171
-1334
-1471
-1584
-1640
-1614
-1536
-1446
-1368
-1351
-1290
-1232
-1204
-1118
-1022
-1018
-1095
-1201
-1357
-1525
-1686
-1836
-2082
-2104
-2067
-1787
-1317
-639
739
2225
3039
2755
1971
1215
1020
1345
1498
1280
747
290
-192
-611
-910
-1029
-705
44
918
1505
1782
1580
1282
1231
1266
1355
1295
1185
1157
1287
1260
816
103
-448
-674
-568
-355
-364
-325
-112
242
708
958
936
894
1001
1235
1318
1086
730
399
219
139
-82
-315
-291
24
528
894
1012
1102
1260
1493
1685
1685
1493
1210
988
748
368
-54
-448
-727
-793
-733
-706
-676
-630
-486
-280
-187
-155
-124
-22
140
173
39
-255
-562
-769
-964
-1186
-1378
-1476
-1477
-1443
-1485
-1556
-1657
-1700
-1640
-1630
-1653
-1545
-1524
-1423
-1256
-1251
-1471
-1620
-1833
-2004
-2086
-2241
-2358
-2566
-2366
-2159
-1675
-926
397
2069
3179
3420
2637
1926
1425
1374
1460
1039
576
55
-178
-464
-540
-665
-442
216
1019
1823
2120
2180
1956
1861
1773
1523
1091
648
535
675
901
702
224
-278
-522
-543
-548
-581
-551
-151
430
1027
1401
1442
1285
1148
1026
826
557
242
23
-120
-258
-455
-656
-636
-296
302
856
1238
1527
1886
2233
2362
2279
1963
1561
1165
733
261
-190
-542
-770
-915
-968
-922
-761
-575
-323
-30
175
257
225
198
181
174
1
-363
-780
-1083
-1310
-1565
-1816
-1972
-1901
-1730
-1622
-1610
-1671
-1631
-1606
-1587
-1625
-1658
-1667
-1662
-1572
-1629
-1656
-1868
-2068
-2304
-2547
-2568
-2688
-2606
-2507
-2105
-1502
-461
1177
2672
3507
3401
2793
2046
1547
1316
982
509
-45
-470
-689
-753
-711
-597
-72
692
1491
2043
2278
2272
2232
2197
1904
1480
972
488
288
255
232
128
-70
-199
-254
-225
-243
-326
-218
190
785
1397
1811
1910
1836
1646
1269
741
175
-251
-435
-469
-518
-632
-657
-459
-1
542
990
1374
1817
2280
2617
2724
2578
2199
1630
946
261
-358
-779
-1001
-1063
-987
-889
-681
-382
-69
175
449
685
853
900
732
514
211
-84
-415
-844
-1209
-1463
-1644
-1812
-1914
-1894
-1717
-1445
-1254
-1164
-1214
-1355
-1402
-1365
-1516
-1661
-1773
-1903
-2159
-2337
-2418
-2607
-2781
-3047
-3144
-3301
-3260
-2986
-2264
-894
1111
2843
3586
3407
2584
1876
1356
869
391
-197
-530
-740
-896
-1178
-1239
-1027
-291
788
1648
2406
2815
2978
3002
2773
2263
1640
982
504
437
382
277
26
-219
-222
-104
-58
-140
-188
-41
469
979
1408
1760
1947
2036
1856
1333
629
-66
-592
-880
-1041
-1149
-1163
-1003
-642
-138
401
826
1249
1742
2245
2615
2754
2681
2413
1942
1239
449
-366
-986
-1288
-1343
-1219
-922
-496
-22
388
702
954
1106
1156
1197
1144
991
735
328
-186
-696
-1160
-1453
-1633
-1724
-1772
-1716
-1554
-1394
-1194
-1064
-1026
-1120
-1247
-1362
-1492
-1688
-1799
-2017
-2207
-2234
-2572
-2828
-3016
-3293
-3472
-3381
-3343
-3159
-2331
-1181
862
2680
3459
3435
2607
1816
1215
713
13
-550
-1220
-1355
-1225
-1433
-1234
-1092
-478
634
1615
2236
2792
2969
3009
3065
2411
1727
962
358
307
319
239
113
-131
-227
11
-1
8
1
53
579
1198
1668
2041
2230
2186
2063
1561
814
106
-510
-828
-988
-1060
-972
-754
-386
210
713
1077
1437
1750
2146
2503
2643
2544
2286
1828
1243
470
-380
-1028
-1446
-1514
-1319
-927
-465
97
611
1040
1228
1271
1296
1174
1069
835
569
188
-206
-665
-1155
-1501
-1784
-1774
-1736
-1603
-1417
-1223
-1083
-1039
-1070
-1249
-1355
-1524
-1661
-1844
-2007
-2219
-2522
-2782
-3020
-3290
-3495
-3637
-3615
-3627
-3460
-2795
-1788
16
1806
2909
3254
2798
2055
1218
661
-129
-776
-1447
-1877
-1830
-1810
-1605
-1361
-759
133
1221
1895
2408
2799
2979
3249
2879
2217
1470
777
421
313
147
6
-32
-98
88
140
101
117
189
539
1082
1591
1988
2368
2532
2559
2293
1593
772
-22
-607
-910
-1058
-1088
-897
-442
165
695
1005
1233
1574
2005
2383
2544
2481
2319
2028
1607
905
20
-796
-1304
-1488
-1443
-1187
-761
-201
383
880
1129
1204
1235
1241
1185
1001
697
362
44
-339
-737
-1159
-1504
-1627
-1578
-1436
-1282
-1114
-1011
-909
-937
-1072
-1207
-1408
-1583
-1745
-1975
-2264
-2552
-2849
-3063
-3384
-3582
-3709
-3759
-3699
-3486
-2773
-1773
118
1846
2916
3117
2485
1674
801
276
-414
-971
-1555
-1873
-1838
-1783
-1630
-1470
-824
38
1107
1814
2247
2541
2733
2957
2634
2059
1320
713
411
326
155
-45
-141
-167
59
123
89
49
191
620
1136
1578
1879
2178
2392
2502
2249
1632
893
199
-302
-722
-1022
-1120
-910
-388
257
789
1153
1406
1656
1932
2136
2199
2204
2147
1953
1594
939
214
-449
-937
-1215
-1273
-1118
-696
-97
507
1031
1304
1380
1419
1354
1206
1010
731
477
275
-29
-416
-802
-1183
-1371
-1451
-1463
-1366
-1184
-979
-781
-696
-890
-1004
-1230
-1489
-1766
-2084
-2333
-2648
-2829
-3098
-3387
-3753
-3817
-3694
-3607
-3094
-2160
-459
1490
2729
2951
2439
1522
648
23
-664
-1353
-1895
-2208
-2054
-1962
-1866
-1690
-1200
-366
540
1205
1648
2083
2347
2629
2535
2085
1518
930
521
309
134
-97
-254
-293
-96
103
103
40
47
352
909
1429
1787
2040
2237
2400
2283
1768
1063
426
-35
-376
-745
-1032
-1009
-665
-30
650
1088
1357
1604
1856
2026
1994
1809
1692
1636
1440
1016
344
-312
-758
-1010
-1134
-1065
-842
-380
232
760
1147
1337
1383
1413
1315
1115
892
645
473
302
37
-316
-621
-892
-1062
-1189
-1250
-1201
-1038
-849
-671
-643
-694
-792
-976
-1233
-1532
-1923
-2471
-2821
-3093
-3340
-3590
-3726
-3706
-3390
-2629
-1480
381
1935
2738
2799
2121
1278
435
-238
-987
-1575
-2169
-2382
-2322
-2325
-2016
-1801
-1142
-289
442
929
1382
1639
1876
2042
1652
1353
937
615
529
422
278
112
-87
-173
-17
-26
56
104
174
549
1016
1494
1939
2215
2342
2444
2185
1634
1014
409
10
-281
-565
-721
-633
-302
272
873
1275
1557
1780
2006
2144
2023
1742
1495
1280
995
549
-64
-616
-982
-1204
-1240
-1147
-910
-447
157
668
1021
1176
1244
1309
1225
982
643
321
127
39
-113
-328
-510
-645
-732
-864
-1031
-1097
-1071
-964
-835
-789
-725
-712
-760
-877
-1175
-1611
-2150
-2570
-2992
-3363
-3637
-3719
-3327
-2749
-1493
423
2072
2976
2975
2266
1274
468
-266
-812
-1364
-1877
-2113
-2273
-2381
-2424
-2320
-1756
-825
5
660
1167
1405
1695
1713
1304
852
330
-9
31
121
181
219
44
-23
-27
-159
-198
-202
-93
294
764
1264
1821
2193
2452
2624
2375
1847
1173
481
54
-247
-549
-705
-624
-292
292
848
1246
1573
1805
2040
2187
2103
1875
1660
1458
1159
670
21
-522
-941
-1205
-1355
-1381
-1187
-769
-216
295
677
866
1043
1201
1288
1206
940
628
284
2
-255
-478
-544
-553
-509
-484
-514
-624
-713
-731
-836
-882
-896
-874
-851
-773
-730
-955
-1292
-1767
-2217
-2814
-3168
-3353
-3371
-2706
-1705
76
1968
3208
3319
2702
1771
757
107
-620
-1160
-1539
-1843
-1890
-2112
-2326
-2420
-2099
-1447
-494
161
741
1318
1533
1778
1449
779
156
-355
-581
-477
-354
-264
-131
-130
-20
-74
-293
-435
-510
-277
219
769
1333
1916
2317
2631
2613
2115
1444
736
223
-83
-346
-585
-577
-331
208
825
1228
1529
1747
1970
2159
2164
1942
1672
1439
1173
810
213
-355
-788
-1100
-1278
-1380
-1336
-1077
-674
-225
203
458
672
898
1068
1083
927
668
377
85
-268
-625
-867
-875
-666
-485
-400
-400
-434
-442
-516
-751
-930
-1031
-1024
-883
-847
-988
-1181
-1429
-1728
-2147
-2746
-3064
-3023
-2574
-1678
-197
1731
3150
3698
3167
2196
1083
225
-270
-912
-1274
-1657
-1728
-1802
-1943
-2127
-2046
-1514
-801
38
547
1091
1476
1752
1676
1124
466
-179
-520
-601
-477
-413
-337
-292
-243
-148
-269
-459
-605
-504
-143
410
980
1530
2027
2378
2524
2225
1657
965
386
13
-258
-470
-540
-336
110
723
1159
1437
1644
1829
2077
2158
2013
1738
1459
1188
819
284
-309
-698
-932
-1010
-1068
-1162
-1095
-902
-590
-296
-94
33
279
609
882
943
710
409
129
-193
-572
-976
-1174
-1069
-795
-559
-463
-444
-458
-433
-581
-868
-1094
-1240
-1164
-1053
-1043
-1256
-1517
-1775
-2046
-2368
-2750
-2728
-2351
-1308
375
2364
3640
3912
3269
2218
1299
476
-153
-749
-1135
-1332
-1346
-1506
-1768
-1957
-1866
-1248
-560
26
557
1045
1533
1900
1680
1116
474
-157
-395
-493
-531
-472
-471
-500
-470
-542
-697
-789
-816
-509
-36
463
985
1415
1815
2130
2211
1938
1459
921
527
304
53
-214
-393
-287
102
597
1005
1290
1583
1893
2186
2196
1968
1667
1369
1122
706
213
-286
-575
-715
-831
-914
-986
-875
-709
-519
-394
-289
-134
64
349
559
658
589
398
118
-243
-661
-1014
-1237
-1275
-1067
-833
-690
-604
-594
-586
-679
-813
-962
-1096
-1206
-1142
-1185
-1452
-1659
-1994
-2125
-2375
-2585
-2515
-1988
-808
1120
3014
3828
3716
2899
1916
1222
556
33
-527
-848
-1107
-1185
-1631
-1941
-2107
-1826
-964
-325
262
772
1180
1539
1740
1297
749
218
-255
-237
-214
-212
-222
-411
-592
-723
-984
-1237
-1323
-1179
-576
85
687
1237
1626
1922
2077
1877
1441
1020
674
535
441
241
37
-65
52
361
710
960
1255
1645
2023
2298
2305
2116
1828
1524
1127
616
83
-322
-509
-601
-676
-755
-813
-795
-669
-540
-462
-346
-189
87
357
511
536
392
156
-126
-438
-821
-1155
-1361
-1355
-1204
-1043
-953
-909
-821
-703
-706
-789
-956
-1125
-1160
-1223
-1420
-1772
-2008
-2279
-2426
-2502
-2575
-2319
-1692
-148
1863
3304
3801
3119
2281
1448
1078
734
409
88
-270
-414
-928
-1526
-2126
-2259
-1737
-803
33
658
1193
1439
1755
1629
1102
540
1
-107
135
376
419
258
-189
-517
-838
-1286
-1624
-1767
-1391
-570
277
940
1403
1660
1875
1913
1592
1156
767
592
622
562
315
0
-129
21
398
748
993
1367
1848
2315
2496
2263
1897
1550
1272
880
398
-20
-287
-343
-381
-518
-725
-855
-830
-661
-506
-383
-217
10
313
513
546
383
114
-106
-285
-519
-832
-1153
-1368
-1387
-1280
-1260
-1352
-1321
-1160
-973
-804
-753
-824
-942
-1002
-1132
-1624
-2068
-2431
-2647
-2680
-2738
-2602
-2175
-1025
641
2440
3360
3157
2393
1478
1081
854
712
426
228
-37
-335
-974
-1821
-2166
-2128
-1320
-377
259
772
1134
1273
1367
1104
533
276
175
454
886
974
830
421
-121
-551
-978
-1425
-1556
-1404
-836
-88
478
901
1209
1444
1701
1807
1643
1414
1200
1078
957
598
96
-301
-336
-39
419
844
1208
1709
2183
2445
2318
1932
1567
1284
1102
814
471
148
-92
-280
-547
-796
-1028
-1028
-854
-551
-333
-172
-45
53
217
289
314
236
84
-9
-117
-338
-711
-1100
-1349
-1397
-1382
-1361
-1408
-1291
-1094
-977
-939
-1001
-996
-1018
-905
-1094
-1418
-1858
-2188
-2474
-2754
-2845
-2780
-2195
-1098
746
2447
3227
2925
1893
1188
781
897
797
581
321
-101
-455
-1229
-1852
-2205
-1860
-1036
-92
530
834
928
755
744
478
269
233
357
829
1285
1364
1029
382
-344
-735
-1012
-1236
-1302
-1166
-649
-66
353
581
744
987
1441
1808
1897
1826
1617
1442
1176
666
-2
-511
-537
-73
581
1095
1408
1719
1998
2059
1835
1537
1383
1367
1423
1216
825
380
3
-287
-630
-918
-1073
-981
-728
-408
-239
-201
-185
-158
37
185
266
278
245
241
163
-128
-594
-980
-1197
-1201
-1223
-1362
-1481
-1446
-1348
-1280
-1216
-1204
-1102
-886
-794
-991
-1450
-1857
-2192
-2409
-2475
-2585
-2364
-1728
-294
1617
2760
2821
1809
913
647
867
1206
950
674
117
-283
-981
-1812
-2185
-2089
-1209
-149
601
721
621
218
84
133
-4
69
169
562
1143
1377
1080
403
-294
-639
-651
-757
-833
-929
-745
-349
-96
38
131
405
947
1629
2051
2147
1989
1710
1413
1028
511
-54
-304
-57
528
1102
1416
1578
1740
1860
1809
1634
1488
1427
1462
1391
1085
721
350
70
-205
-462
-678
-790
-808
-755
-608
-540
-461
-403
-225
47
247
290
128
-30
-141
-172
-369
-651
-823
-858
-853
-1001
-1356
-1651
-1775
-1720
-1541
-1408
-1312
-1190
-959
-963
-1187
-1652
-2104
-2305
-2356
-2204
-2178
-1854
-993
767
2303
2783
2059
853
449
683
1432
1563
1196
573
-193
-774
-1561
-1997
-2049
-1368
-312
668
996
665
17
-502
-215
168
462
490
440
779
1069
912
232
-463
-704
-366
-122
-287
-691
-1069
-1001
-760
-498
-257
54
599
1266
1818
1961
1744
1401
1248
1258
1150
760
228
45
262
679
979
1073
1340
1705
1992
1954
1682
1491
1363
1287
1035
810
556
333
264
88
-75
-355
-659
-856
-842
-691
-506
-398
-358
-70
221
341
149
-192
-331
-277
-228
-354
-552
-733
-725
-765
-1090
-1458
-1774
-1838
-1649
-1511
-1439
-1482
-1336
-1307
-1336
-1535
-1923
-2145
-2266
-2167
-2043
-1615
-695
1025
2248
2461
1547
520
384
1066
1998
2086
1603
527
-475
-1206
-1821
-1807
-1581
-842
74
884
946
377
-610
-1078
-402
482
1121
979
604
629
712
392
-328
-796
-570
145
466
67
-762
-1423
-1511
-1217
-694
-155
314
724
1088
1329
1365
1180
1034
1207
1625
1889
1562
805
176
21
233
553
857
1289
1869
2146
2043
1610
1212
1016
1006
1102
1131
1087
810
444
104
-141
-274
-441
-575
-548
-331
-240
-307
-514
-489
-145
170
229
3
-256
-329
-342
-446
-631
-728
-739
-636
-771
-1152
-1545
-1862
-1747
-1583
-1384
-1489
-1482
-1501
-1602
-1689
-1924
-2008
-2108
-2058
-1894
-1530
-603
811
1841
1739
1079
298
535
1480
2387
2537
1806
569
-711
-1460
-1851
-1424
-948
-383
213
483
433
-185
-1037
-1229
-265
959
1628
1233
297
-68
-29
35
-105
-158
193
658
635
-150
-1238
-2009
-1998
-1309
-293
493
667
377
110
213
580
933
1226
1670
2235
2459
1858
731
-119
-132
475
1138
1527
1768
1840
1663
1326
1027
999
1165
1501
1600
1415
973
367
-104
-214
143
481
432
7
-442
-683
-755
-744
-646
-310
203
481
222
-387
-928
-1043
-769
-428
-242
-276
-511
-873
-1291
-1623
-1860
-1817
-1495
-1220
-1241
-1515
-1929
-2296
-2400
-2232
-1978
-1733
-1679
-1558
-1445
-787
556
1335
1265
457
50
572
1913
2809
2572
1805
580
-260
-796
-1110
-686
-376
-137
-139
-285
-447
-526
-846
-733
215
1143
1543
760
-418
-754
-346
341
619
592
609
588
179
-582
-1290
-1534
-1195
-682
-95
224
13
-522
-950
-664
285
1205
1647
1666
1676
1682
1496
1001
687
938
1505
1874
1715
1291
997
949
1127
1451
1827
1933
1688
1206
656
381
267
303
429
666
794
527
-97
-661
-749
-438
34
232
154
-28
-253
-497
-668
-702
-556
-331
-267
-417
-754
-1199
-1440
-1473
-1230
-993
-979
-1090
-1372
-1680
-1922
-2031
-2122
-2015
-1778
-1746
-1854
-2020
-2075
-1713
-1094
154
1259
1474
686
-280
-424
770
2407
3171
2661
1424
110
-609
-900
-616
11
388
346
-203
-666
-918
-895
-804
-237
757
1440
1113
-183
-1223
-1103
-124
791
976
768
433
38
-552
-1087
-1113
-716
-270
-110
-158
-377
-844
-1304
-1294
-392
902
1675
1500
913
700
952
1254
1350
1491
1815
2032
1763
1258
977
1070
1460
1783
1960
1927
1577
950
381
317
580
850
748
511
388
201
-72
-368
-346
81
461
413
-14
-359
-505
-509
-530
-494
-329
-250
-420
-803
-1111
-1164
-1115
-1150
-1185
-1230
-1198
-1279
-1460
-1679
-1700
-1701
-1746
-1953
-2159
-2263
-2315
-2228
-1847
-1199
-190
1002
1429
934
-130
-694
-38
1648
3015
3010
1956
421
-332
-216
199
865
929
494
-214
-848
-1062
-746
-445
-15
614
965
763
-252
-1365
-1382
-382
805
1155
495
-302
-765
-837
-729
-503
-199
11
-156
-543
-863
-1069
-1089
-946
-562
23
351
188
-159
-126
483
1301
1783
1796
1580
1334
1156
1142
1424
1804
2070
2008
1727
1513
1334
1154
942
939
1074
1008
588
-38
-267
-39
323
505
363
163
64
44
36
91
164
147
-18
-299
-555
-752
-853
-829
-729
-683
-877
-1241
-1521
-1558
-1381
-1188
-1143
-1164
-1229
-1422
-1684
-1999
-1956
-1903
-1802
-1858
-1976
-1747
-1267
9
1053
1305
677
-343
-361
688
2207
2872
2148
971
0
159
689
1258
1381
836
73
-544
-587
-335
-26
-44
75
452
529
113
-715
-1054
-370
546
908
300
-562
-1012
-873
-447
-67
69
-163
-634
-984
-851
-443
-262
-379
-587
-546
-378
-479
-660
-515
168
938
1292
1232
1125
1213
1352
1526
1830
2075
2073
1697
1301
1295
1580
1804
1675
1406
1179
929
548
49
-57
218
486
458
140
-115
-228
-107
71
375
513
350
-36
-459
-572
-602
-691
-920
-1027
-958
-1006
-1310
-1686
-1801
-1654
-1451
-1443
-1602
-1629
-1596
-1606
-1747
-1828
-2048
-2177
-2184
-2069
-1746
-1292
-362
407
720
465
-61
27
967
2157
2460
1768
623
-57
383
1152
1895
1838
963
-3
-546
-182
576
878
480
40
-123
-50
-78
-403
-322
265
740
560
-289
-988
-1042
-640
-180
61
-27
-512
-1205
-1536
-1047
-133
344
45
-593
-787
-583
-463
-553
-537
-167
265
417
373
532
983
1384
1623
1771
1933
1980
1733
1489
1514
1814
1897
1550
1147
1026
1136
983
600
254
187
246
186
27
-77
-75
-156
-220
-139
81
300
217
11
-151
-321
-552
-903
-1114
-1081
-999
-1125
-1433
-1750
-1859
-1968
-2017
-1964
-1778
-1583
-1714
-1968
-2275
-2178
-1950
-1656
-1378
-994
-72
260
57
-423
-456
569
1962
2785
2200
1237
307
290
1151
1800
2264
1751
643
-181
-140
788
1809
1846
943
185
-101
-88
-17
-186
42
463
581
155
-622
-959
-832
-491
-246
-267
-504
-952
-1328
-1281
-703
-236
-339
-778
-1139
-889
-405
-155
-148
-221
-298
-451
-429
-84
483
840
749
696
1009
1578
1928
1887
1823
1863
1927
1673
1279
1232
1440
1585
1340
906
550
343
240
232
482
630
375
-214
-667
-496
-81
168
86
-82
-116
-261
-542
-842
-837
-754
-850
-1191
-1648
-1761
-1857
-1992
-2147
-2188
-2177
-2302
-2457
-2648
-2515
-2219
-2012
-1649
-1181
-255
377
197
-309
-492
107
1327
2262
2042
1419
679
473
1249
2000
2477
2029
777
-134
-31
870
1875
1901
1087
571
617
873
943
572
296
316
311
179
-101
-293
-371
-464
-520
-529
-656
-1022
-1357
-1198
-566
-121
-478
-1211
-1529
-1069
-344
-91
-259
-433
-445
-423
-349
-44
410
612
340
24
189
760
1247
1339
1391
1593
1724
1560
1199
1262
1669
1920
1685
1123
784
647
550
439
482
602
528
135
-257
-179
14
-61
-390
-662
-509
-319
-433
-750
-920
-824
-783
-1046
-1437
-1587
-1613
-1743
-1926
-2200
-2263
-2338
-2514
-2665
-2719
-2522
-2427
-2281
-1902
-885
-60
99
-157
-466
128
1215
1983
1973
1343
779
585
1227
1857
2434
2172
1195
416
342
1175
2024
1928
1073
384
431
905
1291
1263
1098
952
633
369
144
165
131
-187
-437
-512
-535
-790
-1188
-1225
-791
-377
-608
-1135
-1403
-1071
-513
-281
-320
-406
-481
-567
-481
-59
484
648
316
-22
111
596
882
850
837
1075
1309
1269
1094
1112
1403
1568
1593
1547
1487
1324
994
703
706
780
568
145
-136
-11
235
119
-242
-511
-529
-454
-536
-739
-867
-1006
-1181
-1307
-1303
-1192
-1281
-1672
-2081
-2250
-2237
-2225
-2379
-2546
-2645
-2700
-2607
-2509
-2084
-1189
-642
-582
-868
-817
-239
945
1818
1657
1263
665
670
1407
1938
2275
1848
914
373
639
1439
2250
2169
1207
531
419
839
1233
1153
978
796
672
636
593
592
489
221
-103
-257
-380
-634
-874
-905
-596
-436
-753
-1219
-1421
-1093
-583
-343
-396
-519
-582
-577
-314
85
416
384
104
102
486
943
992
711
566
765
1059
1118
1060
1054
1122
1079
972
1116
1302
1348
1154
1005
1134
1191
891
417
231
392
489
217
-269
-458
-379
-318
-455
-694
-845
-1019
-1275
-1485
-1472
-1310
-1330
-1652
-1972
-2080
-2075
-2203
-2313
-2490
-2556
-2546
-2616
-2486
-2107
-1335
-886
-837
-980
-932
-473
337
1056
1139
949
542
483
1137
1790
2230
1865
978
539
754
1489
2094
1910
1210
732
767
1101
1433
1388
1127
800
448
436
630
823
751
415
97
-4
39
-127
-351
-396
-292
-320
-697
-1022
-1079
-830
-577
-568
-629
-651
-655
-654
-448
-81
196
131
-197
-164
374
932
1020
711
519
598
862
999
998
1038
995
806
667
834
1104
1147
876
621
772
1015
1022
778
543
598
682
527
196
-48
-137
-249
-429
-606
-726
-945
-1190
-1412
-1442
-1327
-1419
-1723
-1984
-2117
-2140
-2148
-2306
-2426
-2466
-2507
-2436
-2271
-1858
-1268
-1062
-1181
-1221
-896
-389
491
808
632
530
222
404
1049
1495
1736
1254
441
310
912
1783
2263
1709
769
462
724
1261
1539
1337
1051
731
543
629
840
904
594
139
-89
48
169
13
-202
-188
38
-12
-436
-734
-670
-380
-268
-457
-678
-669
-571
-409
-98
196
223
-103
-410
-163
483
965
872
542
499
707
947
1049
1093
1085
948
681
601
885
1103
1012
678
489
672
774
583
412
505
746
778
487
215
212
249
90
-223
-453
-615
-830
-1167
-1403
-1360
-1329
-1515
-1855
-2032
-2010
-2052
-2188
-2459
-2538
-2463
-2478
-2338
-2293
-1863
-1247
-1036
-1105
-1200
-939
-461
322
713
390
291
0
313
1049
1371
1539
1004
291
214
760
1399
1843
1499
775
589
791
1223
1517
1283
1037
737
555
670
889
972
733
351
118
180
293
179
10
-70
47
-35
-329
-427
-278
0
37
-172
-385
-385
-337
-303
-91
168
291
110
-208
-77
447
850
768
453
328
499
767
888
967
1010
903
665
499
680
926
892
588
352
462
592
488
304
246
341
348
179
16
95
206
71
-201
-464
-560
-652
-910
-1156
-1263
-1326
-1598
-1872
-2070
-2064
-2040
-2156
-2349
-2456
-2423
-2299
-2243
-1977
-1408
-878
-830
-935
-887
-502
160
728
673
430
361
272
804
1171
1426
1289
579
141
418
1047
1654
1644
913
421
506
898
1305
1277
1010
752
472
479
746
960
829
395
-20
-84
147
239
131
5
2
32
-201
-410
-354
-150
-26
-150
-310
-269
-132
-76
26
250
394
335
13
-129
255
757
882
614
389
461
654
759
763
830
839
707
510
442
702
887
779
504
399
466
432
307
223
257
284
159
-52
-118
31
42
-166
-483
-646
-642
-749
-949
-1114
-1193
-1306
-1514
-1760
-1916
-2021
-2109
-2283
-2451
-2484
-2364
-2235
-2067
-1717
-1144
-928
-1000
-1078
-771
-187
594
972
586
403
203
496
1103
1362
1432
937
300
274
838
1425
1599
1102
382
285
651
1101
1246
964
704
518
426
547
755
803
543
184
-35
34
162
81
-21
-47
20
-77
-381
-424
-174
85
72
-198
-350
-227
-40
61
236
384
444
356
155
314
749
970
834
556
517
653
799
832
833
900
804
611
428
519
794
817
553
295
295
385
422
347
246
139
-18
-112
-114
-16
19
-237
-563
-765
-738
-691
-859
-1010
-1211
-1411
-1593
-1729
-1771
-1854
-1906
-2169
-2333
-2358
-2360
-2250
-2320
-1833
-1227
-930
-1037
-1151
-842
-306
570
677
354
282
178
738
1265
1413
1349
658
68
279
1077
1659
1614
800
83
262
776
1243
1151
677
489
378
420
591
776
704
320
7
-61
202
326
124
-30
-26
135
6
-325
-378
-96
166
68
-217
-363
-135
103
156
243
288
345
332
287
595
982
1083
849
632
732
1005
1071
873
788
823
853
771
575
630
788
782
589
386
347
419
420
321
306
211
34
-110
-191
-65
-24
-250
-583
-828
-843
-804
-870
-1078
-1349
-1502
-1589
-1629
-1779
-1884
-2088
-2300
-2292
-2272
-2095
-2060
-1707
-1268
-1077
-1160
-1235
-1000
-460
394
665
333
246
68
600
1199
1385
1409
776
270
452
1117
1646
1611
845
129
267
795
1197
1120
525
252
221
385
636
738
522
28
-242
-222
66
196
-111
-341
-376
-186
-92
-227
-289
-226
-159
-240
-330
-327
-143
42
101
199
253
240
269
350
626
876
840
695
671
895
1104
1076
880
797
878
952
971
873
722
625
559
633
725
708
541
311
241
288
294
160
21
-35
-57
-128
-263
-437
-611
-785
-899
-911
-965
-1129
-1393
-1649
-1758
-1765
-1820
-2018
-2164
-2228
-2245
-2211
-2219
-1768
-1239
-1084
-1161
-1147
-936
-400
223
209
73
270
314
908
1176
1161
1194
697
486
809
1245
1496
1335
767
481
703
980
1055
834
453
417
385
418
524
546
412
67
-188
-203
-39
8
-161
-274
-352
-327
-328
-382
-222
-134
-233
-440
-489
-250
72
104
-103
-138
27
303
564
626
675
692
666
758
940
1160
1126
904
798
912
1070
1043
924
799
832
874
786
727
661
656
610
430
397
393
309
135
0
-86
-167
-285
-443
-543
-635
-797
-1028
-1187
-1261
-1258
-1338
-1558
-1789
-1871
-1910
-2080
-2177
-2190
-2171
-2082
-1948
-1533
-1285
-1257
-1356
-1160
-807
-244
237
-49
-37
209
598
1162
1108
982
856
643
881
1268
1440
1352
966
627
691
1036
1148
939
540
283
469
596
627
552
395
194
-18
-26
22
46
-107
-386
-488
-483
-401
-352
-371
-306
-312
-441
-547
-471
-242
-82
-106
-186
-103
75
256
378
405
531
630
739
882
998
1106
1019
886
894
1042
1121
1045
950
784
748
818
847
893
810
697
601
521
543
500
349
186
77
16
-102
-250
-412
-569
-727
-846
-902
-984
-1152
-1345
-1482
-1588
-1637
-1703
-1816
-2016
-2051
-1996
-1984
-1992
-1879
-1443
-1316
-1314
-1200
-975
-647
-315
-117
-357
-118
192
535
893
753
801
810
660
915
1184
1228
1282
957
771
817
979
1035
899
678
507
504
471
458
488
425
233
-42
-151
-20
62
-32
-280
-409
-443
-392
-321
-367
-365
-421
-519
-449
-288
-50
14
-164
-200
-13
258
399
368
347
485
685
789
842
855
926
1038
1025
1001
992
939
895
867
920
946
872
754
671
707
749
705
563
435
355
296
232
126
25
-114
-285
-451
-540
-613
-706
-866
-1043
-1133
-1145
-1193
-1326
-1478
-1576
-1701
-1779
-1852
-1930
-1843
-1768
-1481
-1288
-1396
-1297
-1115
-928
-677
-437
-515
-397
-84
81
464
461
368
540
560
701
1002
944
985
969
841
883
943
964
844
735
646
614
559
487
382
299
259
197
30
-43
-49
-93
-113
-179
-239
-290
-273
-204
-178
-180
-183
-182
-146
-86
28
55
70
139
158
265
373
389
447
535
580
658
762
767
767
814
826
879
845
812
827
779
781
789
751
704
642
619
589
548
500
357
245
218
180
110
-46
-228
-347
-440
-515
-592
-689
-785
-859
-961
-1081
-1156
-1280
-1422
-1520
-1609
-1613
-1608
-1630
-1599
-1402
-1301
-1296
-1202
-1139
-1054
-856
-751
-703
-366
-240
-129
32
13
153
400
464
633
813
768
888
882
860
926
892
811
732
696
732
683
546
437
348
319
318
279
149
69
25
-48
-59
-82
-110
-110
-122
-137
-110
-154
-163
-119
-120
-35
37
77
129
165
224
307
346
353
367
403
489
585
611
623
609
601
641
657
645
621
597
621
693
742
697
598
524
524
543
515
414
273
184
147
71
-50
-171
-289
-377
-462
-558
-629
-721
-792
-823
-915
-985
-1119
-1290
-1367
-1392
-1418
-1427
-1526
-1588
-1431
-1309
-1204
-1010
-1021
-985
-808
-790
-565
-284
-206
-53
6
-47
156
310
369
631
725
765
910
897
900
954
927
931
867
735
673
607
588
606
491
301
191
155
178
183
80
-84
-170
-167
-120
-77
-87
-90
-130
-207
-195
-178
-149
-56
-61
-34
55
99
116
149
221
319
407
428
416
481
595
659
627
552
509
528
593
612
624
583
516
483
497
530
555
516
422
387
347
286
204
114
37
-40
-153
-298
-394
-471
-502
-564
-707
-812
-940
-1039
-1085
-1159
-1223
-1245
-1358
-1403
-1418
-1450
-1360
-1243
-1199
-1084
-930
-916
-806
-682
-618
-374
-140
-50
118
180
210
378
479
609
817
866
932
1019
970
975
949
874
868
823
734
689
615
552
501
379
270
184
110
55
-4
-87
-168
-218
-244
-266
-236
-246
-273
-301
-352
-335
-314
-284
-242
-202
-172
-93
-35
4
75
119
168
282
336
376
466
476
513
570
552
547
584
561
582
614
603
599
579
544
540
530
514
465
386
327
250
157
97
32
-60
-133
-258
-385
-443
-494
-585
-667
-793
-936
-1031
-1127
-1203
-1215
-1255
-1299
-1358
-1373
-1358
-1251
-1103
-1027
-903
-799
-799
-645
-492
-401
-123
17
91
283
329
317
494
589
743
948
947
957
993
1005
1053
1041
978
915
831
780
715
628
535
464
373
264
181
95
5
-46
-131
-214
-262
-317
-361
-380
-407
-421
-453
-487
-470
-450
-427
-365
-338
-307
-230
-168
-94
-7
47
83
154
225
295
376
429
461
517
560
589
651
651
648
688
648
641
658
631
611
619
566
473
360
283
237
186
108
-19
-171
-281
-352
-423
-506
-570
-661
-790
-904
-1033
-1135
-1233
-1304
-1351
-1394
-1384
-1414
-1457
-1410
-1285
-1123
-928
-819
-779
-701
-589
-412
-219
5
147
277
393
472
567
738
826
931
1048
1090
1176
1225
1214
1203
1185
1130
1087
1016
965
907
809
721
639
527
441
323
210
142
77
-12
-131
-264
-327
-349
-375
-405
-466
-512
-518
-534
-546
-504
-499
-462
-431
-402
-322
-221
-108
-16
35
98
174
259
359
400
407
434
483
544
607
632
644
662
678
720
720
669
632
549
483
452
374
298
193
84
-5
-104
-215
-339
-440
-505
-589
-651
-743
-897
-1030
-1156
-1264
-1299
-1351
-1410
-1461
-1520
-1509
-1456
-1399
-1254
-1095
-972
-793
-735
-659
-505
-362
-116
138
264
438
519
562
739
881
1010
1168
1230
1274
1338
1323
1314
1293
1268
1242
1188
1118
1051
978
912
814
685
564
457
354
248
159
69
-37
-159
-295
-394
-443
-494
-561
-633
-685
-698
-694
-698
-693
-676
-649
-600
-551
-510
-424
-331
-255
-144
-73
-12
116
202
294
381
396
438
503
546
595
638
641
648
658
636
616
618
557
461
405
321
241
156
38
-87
-179
-279
-393
-496
-573
-607
-704
-883
-1045
-1181
-1253
-1259
-1321
-1386
-1459
-1541
-1567
-1535
-1452
-1272
-1132
-1005
-885
-840
-704
-538
-398
-168
60
191
408
510
567
732
878
1019
1211
1332
1397
1461
1466
1454
1453
1430
1388
1361
1298
1249
1161
1070
988
902
779
682
572
439
345
226
99
2
-94
-197
-294
-394
-463
-509
-561
-616
-658
-669
-662
-656
-684
-664
-611
-558
-481
-422
-369
-268
-158
-92
10
60
124
253
330
382
441
453
513
609
638
665
651
607
617
612
568
496
407
326
260
203
119
-24
-201
-332
-410
-427
-488
-583
-741
-917
-1049
-1140
-1253
-1304
-1376
-1470
-1496
-1591
-1601
-1602
-1548
-1426
-1255
-1142
-986
-936
-861
-703
-548
-298
-61
92
224
337
399
578
744
917
1091
1222
1293
1367
1409
1436
1440
1445
1393
1335
1308
1286
1238
1150
1059
964
883
812
728
613
524
410
298
192
93
19
-50
-158
-271
-360
-419
-448
-476
-525
-556
-560
-575
-584
-564
-554
-511
-419
-365
-290
-201
-153
-80
-1
54
156
227
255
313
350
389
447
473
508
541
549
536
487
457
414
344
293
236
156
59
-70
-205
-295
-361
-418
-531
-627
-749
-882
-987
-1100
-1196
-1242
-1301
-1369
-1390
-1500
-1508
-1513
-1478
-1319
-1164
-1075
-935
-872
-785
-620
-494
-292
-102
67
224
329
423
602
708
840
993
1111
1246
1373
1412
1403
1377
1370
1373
1358
1349
1293
1227
1176
1118
1044
966
886
776
651
551
442
332
248
160
55
-31
-124
-211
-280
-355
-393
-447
-486
-470
-498
-517
-507
-528
-515
-456
-448
-401
-344
-301
-212
-157
-116
-38
6
51
135
178
257
328
345
346
347
346
366
377
367
323
261
221
170
99
21
-74
-172
-268
-357
-426
-494
-549
-651
-795
-941
-1063
-1161
-1218
-1292
-1358
-1412
-1484
-1525
-1556
-1551
-1477
-1360
-1229
-1095
-961
-853
-772
-678
-560
-391
-185
4
154
302
409
535
676
781
918
1060
1168
1272
1326
1330
1340
1333
1331
1344
1342
1328
1283
1192
1151
1112
1046
986
888
780
713
626
524
442
362
263
183
80
-21
-82
-134
-181
-217
-237
-267
-274
-286
-286
-283
-281
-246
-217
-175
-128
-98
-73
-24
9
60
123
150
207
260
286
322
355
347
360
376
364
330
303
266
216
161
84
-4
-87
-172
-283
-374
-448
-521
-612
-702
-810
-917
-1035
-1149
-1237
-1291
-1326
-1355
-1442
-1539
-1573
-1599
-1564
-1476
-1397
-1288
-1144
-1042
-940
-834
-741
-611
-467
-307
-106
64
211
343
415
519
662
795
963
1105
1179
1216
1245
1255
1294
1301
1286
1269
1236
1242
1216
1171
1112
1075
1011
961
890
777
697
619
550
488
414
324
255
166
85
22
-23
-51
-73
-95
-109
-131
-153
-157
-169
-161
-132
-112
-75
-25
5
28
62
69
116
168
181
223
250
238
241
257
262
291
290
279
250
195
154
94
14
-57
-162
-271
-352
-424
-497
-580
-684
-814
-940
-1046
-1122
-1177
-1237
-1293
-1365
-1441
-1502
-1539
-1559
-1550
-1510
-1459
-1361
-1252
-1139
-1047
-958
-873
-774
-636
-472
-303
-112
32
131
262
381
508
656
785
902
1055
1141
1189
1226
1227
1252
1265
1257
1257
1255
1226
1199
1155
1097
1065
1006
938
877
797
722
684
604
531
499
416
353
295
233
187
141
88
60
40
23
3
-44
-68
-60
-41
-30
-1
8
31
49
52
75
109
134
149
176
166
173
204
200
193
205
179
155
142
115
69
17
-56
-150
-229
-300
-371
-448
-519
-623
-732
-847
-960
-1045
-1115
-1210
-1272
-1330
-1428
-1449
-1515
-1568
-1562
-1581
-1569
-1495
-1447
-1338
-1216
-1143
-1024
-953
-875
-711
-602
-450
-246
-150
6
147
239
393
524
623
763
860
962
1062
1104
1158
1187
1180
1198
1197
1191
1198
1186
1157
1118
1071
1032
983
945
875
803
770
715
675
615
544
494
439
381
345
262
234
203
152
155
134
97
76
48
31
62
80
101
120
116
124
125
139
160
175
187
191
180
181
179
170
152
113
85
79
53
22
-27
-107
-176
-219
-264
-307
-362
-456
-552
-651
-736
-824
-914
-978
-1056
-1140
-1199
-1285
-1365
-1404
-1449
-1446
-1438
-1460
-1421
-1368
-1323
-1209
-1132
-1061
-954
-871
-770
-624
-495
-359
-230
-112
18
141
256
368
470
576
696
813
888
943
981
996
1011
1015
1012
1027
1022
1017
1004
950
912
860
813
804
781
734
717
664
627
609
547
488
453
403
369
340
286
268
257
216
189
175
138
138
156
152
168
165
134
138
147
167
184
190
176
166
165
178
188
173
155
117
102
97
91
40
-21
-87
-136
-166
-191
-249
-324
-397
-479
-547
-629
-718
-766
-827
-886
-939
-1030
-1122
-1188
-1263
-1287
-1284
-1290
-1289
-1299
-1289
-1286
-1231
-1162
-1092
-1002
-883
-814
-704
-606
-540
-417
-296
-198
-50
54
138
271
348
431
535
601
682
785
823
866
898
885
904
924
907
931
912
886
900
879
847
830
778
735
718
674
634
621
584
552
524
470
433
404
375
344
321
282
252
232
221
205
198
197
190
206
221
228
245
257
250
247
258
273
295
313
298
288
291
287
293
266
223
153
94
50
-12
-70
-130
-183
-255
-322
-408
-500
-574
-642
-715
-774
-834
-905
-963
-1032
-1087
-1137
-1198
-1216
-1219
-1215
-1199
-1210
-1212
-1185
-1176
-1103
-1051
-986
-883
-822
-748
-643
-601
-509
-391
-332
-193
-85
-7
116
200
267
369
420
503
572
621
669
688
699
717
720
725
735
745
739
732
724
704
690
658
629
614
588
581
583
534
518
510
477
473
456
421
405
391
367
346
326
321
324
331
347
347
340
333
324
339
354
351
364
357
335
318
318
318
327
338
326
304
271
210
155
114
84
61
28
-22
-104
-181
-258
-324
-378
-439
-503
-557
-633
-684
-738
-827
-863
-892
-939
-946
-969
-1000
-1008
-1016
-1014
-1022
-986
-967
-951
-885
-848
-847
-777
-735
-714
-596
-540
-480
-380
-321
-267
-151
-94
-29
61
104
171
249
290
335
396
418
466
498
503
524
523
517
543
542
535
534
505
497
494
472
476
474
462
480
464
448
449
422
413
437
429
440
455
425
422
429
414
431
457
456
480
470
452
454
451
463
480
468
465
454
433
434
416
392
369
337
290
252
210
169
132
97
50
25
-19
-89
-160
-241
-317
-377
-416
-474
-520
-583
-656
-730
-786
-826
-842
-856
-868
-880
-907
-913
-933
-929
-911
-907
-880
-843
-818
-770
-718
-713
-686
-650
-625
-537
-470
-412
-347
-297
-243
-152
-95
-27
41
76
121
163
219
249
285
320
339
343
365
371
378
407
433
456
458
462
472
474
481
489
490
496
511
519
504
494
480
460
460
472
491
497
510
531
529
517
532
520
520
534
520
507
492
459
421
414
391
387
381
350
318
300
277
242
215
189
152
139
119
75
28
-31
-84
-143
-203
-232
-292
-333
-363
-430
-487
-542
-596
-635
-671
-707
-725
-742
-767
-774
-785
-801
-794
-821
-817
-795
-798
-786
-753
-756
-716
-676
-673
-636
-588
-556
-509
-436
-406
-368
-323
-291
-258
-199
-156
-96
-39
-9
41
87
105
140
188
202
247
299
330
359
402
420
436
456
470
477
486
503
519
531
545
545
529
526
522
529
539
552
562
582
591
572
572
553
533
540
536
524
523
492
463
455
433
408
395
384
356
332
307
289
257
219
179
145
122
106
78
52
12
-40
-76
-131
-171
-211
-226
-239
-276
-299
-347
-406
-440
-477
-509
-527
-555
-571
-595
-627
-651
-687
-710
-719
-718
-716
-708
-716
-728
-706
-690
-663
-629
-621
-602
-566
-542
-517
-489
-464
-417
-375
-347
-298
-259
-238
-195
-149
-120
-81
-35
8
49
88
120
138
157
189
238
276
314
342
364
397
421
444
471
490
523
551
558
566
574
564
563
568
562
567
574
559
555
558
550
529
531
514
494
493
487
474
452
434
418
401
371
355
325
309
297
279
251
234
215
186
161
130
100
85
52
21
-11
-44
-77
-129
-157
-192
-233
-263
-294
-340
-365
-388
-409
-443
-484
-503
-522
-548
-550
-565
-593
-597
-611
-635
-642
-641
-642
-615
-607
-597
-581
-579
-566
-544
-528
-504
-468
-446
-421
-377
-355
-335
-316
-282
-244
-207
-169
-126
-96
-65
-36
-4
29
65
113
155
187
215
247
278
297
323
356
382
421
428
426
446
457
466
482
488
509
522
532
534
516
510
497
479
479
479
467
457
447
420
407
396
365
341
333
319
310
298
271
256
238
224
197
175
152
129
124
116
100
73
42
18
-10
-41
-66
-96
-127
-149
-160
-187
-218
-245
-269
-287
-309
-333
-348
-366
-399
-420
-436
-462
-468
-474
-504
-504
-495
-502
-491
-487
-491
-488
-488
-476
-464
-450
-432
-414
-396
-374
-352
-327
-303
-282
-260
-240
-218
-190
-165
-153
-124
-98
-75
-40
-11
22
75
122
146
173
196
205
230
262
299
329
336
348
344
348
352
354
370
384
392
401
395
379
373
364
353
338
350
357
360
350
306
274
244
229
212
196
177
168
160
150
136
117
113
104
110
110
107
106
89
76
57
31
5
-2
-29
-46
-58
-92
-99
-116
-129
-132
-139
-143
-163
-189
-204
-229
-244
-260
-280
-295
-319
-350
-360
-372
-389
-394
-408
-408
-414
-406
-397
-391
-385
-356
-346
-337
-322
-304
-290
-282
-264
-246
-227
-196
-176
-182
-152
-125
-91
-62
-31
4
43
85
112
134
157
181
188
216
249
277
312
326
337
344
361
371
387
397
409
415
393
398
393
397
382
362
358
351
331
322
304
280
278
262
237
209
196
177
162
148
127
121
116
86
70
51
36
45
25
14
16
8
-3
-20
-32
-44
-54
-61
-61
-68
-79
-103
-142
-153
-138
-136
-136
-143
-167
-179
-204
-230
-257
-271
-271
-265
-254
-267
-286
-313
-336
-346
-355
-336
-317
-311
-312
-313
-318
-321
-315
-319
-305
-293
-268
-252
-242
-223
-217
-195
-188
-166
-149
-123
-99
-78
-41
-16
14
34
52
62
78
98
129
154
185
220
245
262
279
291
299
315
316
333
345
342
343
330
315
310
307
290
298
287
288
286
259
252
242
226
212
198
172
158
126
98
81
48
21
17
19
12
8
-11
-22
-39
-58
-65
-70
-84
-87
-98
-112
-102
-118
-123
-123
-135
-130
-124
-118
-118
-135
-140
-147
-155
-150
-142
-143
-154
-162
-172
-181
-184
-189
-200
-200
-201
-195
-179
-194
-195
-198
-194
-184
-175
-170
-174
-169
-171
-167
-152
-130
-129
-116
-93
-85
-65
-54
-30
-3
15
35
67
93
120
140
147
159
161
155
174
192
206
218
234
245
249
256
251
264
274
284
290
285
281
281
270
272
273
273
257
231
209
193
178
174
149
142
137
111
102
78
54
41
15
-4
-8
-26
-34
-57
-79
-97
-127
-147
-144
-148
-152
-163
-168
-168
-176
-169
-167
-173
-176
-176
-175
-182
-194
-206
-222
-219
-214
-215
-205
-200
-201
-196
-198
-179
-161
-156
-143
-140
-138
-137
-146
-154
-152
-147
-151
-149
-135
-117
-109
-108
-105
-105
-91
-78
-55
-26
-3
12
10
16
30
37
47
74
97
116
148
164
163
178
175
190
215
232
257
276
285
280
289
285
296
307
303
305
293
282
284
286
275
272
259
251
249
242
230
221
194
164
148
134
130
118
102
89
56
33
17
9
-8
-28
-55
-73
-85
-101
-132
-157
-185
-205
-219
-226
-234
-252
-255
-270
-274
-274
-263
-262
-250
-249
-247
-237
-239
-234
-229
-218
-212
-203
-188
-177
-174
-177
-180
-176
-172
-159
-148
-139
-135
-129
-122
-121
-104
-84
-69
-60
-58
-54
-47
-37
-33
-27
-26
-10
3
14
25
28
40
47
63
72
87
104
112
124
139
158
180
193
201
226
239
250
264
271
281
293
289
295
304
308
311
308
306
289
281
282
270
254
248
238
218
210
188
171
158
134
122
102
89
76
44
19
-9
-40
-56
-73
-109
-133
-155
-176
-194
-212
-222
-236
-254
-264
-274
-277
-288
-292
-282
-282
-273
-267
-264
-252
-251
-250
-222
-215
-194
-186
-178
-165
-166
-162
-155
-146
-131
-113
-109
-107
-107
-100
-94
-85
-85
-64
-52
-44
-20
-7
13
16
24
30
28
28
32
43
53
61
60
70
73
72
88
100
112
132
142
160
162
159
164
169
182
187
197
204
213
223
220
221
225
228
242
245
250
256
256
253
242
228
222
215
201
188
182
169
162
150
137
114
96
73
45
23
1
-14
-30
-39
-61
-93
-122
-154
-181
-187
-198
-202
-207
-216
-220
-238
-256
-268
-279
-282
-282
-283
-286
-283
-284
-274
-257
-245
-234
-228
-220
-206
-195
-177
-154
-140
-129
-120
-103
-98
-96
-93
-91
-82
-67
-54
-46
-29
-20
-14
-4
4
14
11
12
17
29
48
58
65
68
67
70
71
76
91
107
121
129
126
138
149
151
155
154
163
174
188
201
211
214
214
208
209
211
214
215
211
223
221
219
215
218
223
224
228
217
209
196
172
160
142
124
111
88
73
55
21
-4
-27
-45
-68
-89
-106
-130
-146
-163
-177
-189
-198
-213
-223
-228
-242
-252
-263
-271
-265
-266
-265
-268
-268
-263
-269
-276
-273
-260
-244
-228
-212
-199
-180
-171
-166
-151
-138
-116
-102
-89
-73
-52
-38
-34
-22
-6
-5
9
25
35
53
62
71
78
83
83
88
85
84
90
107
116
113
117
121
123
130
135
141
147
150
157
152
160
160
163
161
158
163
172
183
189
198
201
205
210
210
214
211
202
200
202
193
180
164
148
140
124
121
112
99
78
52
28
13
-13
-30
-38
-59
-74
-95
-112
-121
-133
-152
-169
-178
-192
-200
-206
-214
-218
-217
-221
-228
-237
-240
-233
-230
-224
-228
-241
-230
-231
-222
-209
-205
-196
-179
-164
-156
-147
-136
-131
-125
-117
-107
-91
-78
-56
-49
-43
-25
-17
-5
0
16
37
63
81
85
88
88
89
96
103
117
125
125
132
133
141
142
146
148
155
165
169
163
158
158
160
168
173
175
178
176
177
183
183
183
175
164
163
174
177
172
160
151
132
121
109
85
82
77
78
78
72
52
28
10
-9
-21
-35
-39
-45
-56
-74
-93
-106
-117
-121
-136
-142
-145
-151
-154
-158
-179
-191
-202
-213
-223
-227
-223
-215
-214
-207
-202
-210
-214
-218
-214
-196
-184
-176
-169
-163
-154
-148
-134
-133
-122
-109
-98
-85
-73
-63
-56
-48
-20
-4
-5
12
25
41
40
35
40
46
49
54
64
83
105
112
109
106
114
127
135
140
142
151
159
166
175
178
180
184
183
194
199
197
200
195
192
193
192
190
188
186
184
178
164
157
152
143
135
131
117
103
86
79
84
71
57
36
21
16
0
-17
-24
-32
-44
-55
-63
-64
-68
-73
-88
-102
-115
-132
-145
-158
-158
-161
-174
-179
-176
-182
-189
-194
-199
-198
-196
-195
-200
-204
-203
-201
-191
-185
-173
-166
-156
-148
-142
-132
-128
-117
-103
-85
-73
-67
-63
-60
-53
-46
-30
-22
-10
10
24
35
45
49
54
63
69
73
77
87
92
112
118
106
106
104
112
128
148
165
176
185
181
174
176
168
177
181
184
189
186
185
184
179
178
177
174
172
163
151
132
127
115
93
74
56
40
26
12
10
-2
-9
-18
-39
-49
-66
-81
-97
-111
-132
-141
-145
-143
-152
-165
-175
-186
-183
-190
-190
-188
-190
-185
-180
-180
-179
-182
-182
-179
-174
-169
-166
-156
-157
-151
-148
-143
-140
-128
-118
-110
-99
-96
-85
-78
-75
-72
-67
-63
-53
-36
-19
-13
-1
8
12
27
49
66
74
85
96
107
114
115
118
131
148
170
187
201
205
201
204
205
214
224
232
238
238
240
240
235
233
231
218
219
218
214
213
203
196
182
173
169
159
143
122
109
94
79
67
48
30
22
6
-4
-13
-32
-47
-65
-75
-90
-102
-122
-137
-145
-153
-162
-175
-182
-191
-201
-203
-205
-210
-202
-201
-195
-196
-201
-212
-211
-209
-206
-197
-196
-188
-186
-181
-179
-174
-166
-156
-142
-132
-120
-112
-118
-111
-109
-107
-93
-83
-74
-60
-56
-47
-42
-37
-28
-17
-4
4
21
29
41
48
53
65
76
83
89
98
108
123
134
144
156
166
172
185
188
195
206
209
215
218
225
220
219
219
213
215
213
209
202
194
186
179
174
161
152
152
140
134
112
90
76
51
41
34
26
6
-10
-23
-41
-51
-63
-80
-91
-98
-110
-123
-132
-139
-150
-160
-168
-176
-176
-177
-172
-172
-164
-159
-163
-163
-164
-159
-156
-163
-166
-164
-162
-149
-139
-137
-130
-128
-127
-116
-113
-105
-95
-92
-86
-84
-80
-83
-80
-74
-74
-67
-55
-39
-37
-40
-44
-43
-42
-31
-19
-16
-13
6
21
27
38
36
42
56
72
85
94
110
110
117
127
137
155
162
170
183
202
210
214
221
217
204
203
196
187
185
181
179
171
165
152
144
135
138
128
113
104
88
71
50
31
6
-5
-8
-16
-32
-48
-62
-72
-81
-105
-126
-142
-146
-147
-145
-142
-151
-163
-175
-173
-168
-166
-162
-165
-172
-176
-167
-161
-162
-158
-158
-157
-144
-129
-127
-119
-109
-103
-102
-100
-93
-86
-85
-80
-72
-77
-71
-63
-60
-63
-49
-52
-50
-47
-33
-20
-19
-19
-10
-6
0
15
18
24
34
48
49
52
61
64
68
75
92
105
121
133
142
156
168
184
192
200
217
224
224
222
219
214
215
222
224
221
211
200
183
180
177
176
169
148
127
110
107
113
108
97
78
19
-23
-14
2
5
-12
-55
-92
-101
-80
-63
-69
-84
-109
-151
-157
-123
-109
-114
-131
-157
-172
-148
-125
-132
-119
-114
-124
-131
-136
-131
-130
-121
-119
-125
-130
-138
-143
-135
-112
-104
-105
-100
-108
-103
-98
-89
-83
-69
-61
-68
-68
-59
-45
-33
-24
-26
-24
-14
-16
-16
2
8
9
20
20
28
40
61
70
77
89
88
92
95
103
108
119
127
124
130
134
139
142
144
154
157
162
161
154
155
147
147
155
161
156
152
148
135
130
131
128
117
109
97
90
85
78
69
55
44
29
18
13
5
-7
-23
-34
-51
-68
-72
-77
-89
-86
-93
-107
-114
-118
-119
-122
-119
-121
-127
-133
-139
-147
-149
-153
-144
-143
-145
-140
-149
-144
-141
-147
-149
-154
-156
-146
-134
-132
-135
-136
-133
-130
-118
-105
-97
-92
-86
-79
-68
-56
-52
-48
-41
-37
-23
-1
10
22
26
22
35
39
43
52
62
72
78
92
100
106
112
119
126
130
133
144
140
139
145
144
149
151
147
137
137
131
126
124
127
131
127
122
121
117
108
106
97
88
69
59
57
47
42
31
24
18
8
6
-1
-5
-7
-19
-33
-42
-49
-48
-51
-54
-63
-75
-87
-100
-108
-114
-114
-118
-122
-127
-130
-133
-133
-136
-138
-133
-129
-129
-131
-124
-129
-132
-134
-134
-138
-133
-128
-124
-117
-116
-109
-105
-103
-93
-83
-79
-61
-44
-32
-24
-15
-5
3
16
25
20
19
17
16
21
29
34
38
49
54
71
84
80
80
87
99
112
121
129
129
129
129
130
131
131
138
133
129
132
126
128
125
118
115
104
103
102
98
100
92
87
76
72
74
73
78
73
61
46
40
32
26
20
13
14
12
15
10
5
4
-11
-29
-38
-45
-44
-50
-57
-59
-58
-56
-57
-57
-66
-76
-83
-96
-107
-107
-108
-105
-106
-106
-105
-105
-105
-105
-106
-115
-115
-111
-104
-101
-100
-92
-92
-80
-69
-67
-62
-56
-59
-56
-42
-34
-23
-20
-19
-15
-11
-4
3
7
14
30
49
60
67
70
69
69
68
76
84
78
81
87
91
90
95
96
97
86
87
79
76
74
74
76
72
74
76
79
69
61
56
59
61
60
61
51
50
41
32
26
18
20
22
23
15
3
-10
-22
-19
-12
-13
-15
-23
-26
-33
-39
-38
-44
-41
-52
-64
-68
-77
-80
-91
-95
-98
-104
-97
-99
-101
-109
-113
-113
-112
-110
-103
-96
-94
-96
-100
-98
-97
-95
-97
-94
-91
-90
-81
-85
-77
-64
-55
-43
-41
-32
-25
-16
-7
2
11
13
18
26
30
36
48
45
46
52
53
58
60
64
74
84
82
82
86
85
84
89
99
97
98
98
101
99
96
89
80
77
75
77
71
65
55
51
43
36
29
25
24
19
19
18
14
5
3
-5
-17
-19
-27
-35
-35
-37
-33
-39
-36
-36
-39
-42
-45
-43
-52
-58
-67
-70
-72
-78
-74
-76
-75
-76
-74
-69
-64
-58
-59
-59
-57
-63
-63
-58
-57
-60
-61
-65
-62
-54
-51
-46
-44
-44
-43
-34
-34
-28
-28
-26
-26
-24
-20
-15
-8
-4
-1
-1
3
0
9
16
25
37
39
41
42
49
54
59
60
68
78
84
93
93
91
94
96
92
93
96
94
93
90
95
94
89
91
88
91
85
84
87
79
71
65
62
60
57
52
43
40
42
40
39
38
33
27
22
20
23
17
18
5
-2
-5
-12
-17
-18
-25
-31
-30
-41
-38
-38
-44
-50
-48
-55
-59
-63
-62
-59
-62
-65
-66
-65
-65
-67
-68
-73
-73
-73
-75
-75
-75
-75
-83
-85
-85
-78
-75
-73
-70
-67
-65
-68
-69
-72
-62
-56
-48
-43
-46
-44
-38
-28
-25
-21
-18
-12
-3
3
12
18
29
35
36
39
41
47
49
59
65
70
75
77
80
75
76
75
77
84
84
87
85
80
78
77
71
73
72
65
69
63
62
55
47
44
43
48
47
47
44
39
27
16
9
6
5
-1
-5
-1
-3
-8
-12
-16
-16
-18
-23
-27
-31
-31
-35
-42
-46
-50
-55
-59
-51
-53
-55
-60
-65
-61
-66
-66
-61
-56
-55
-59
-66
-72
-68
-62
-61
-55
-49
-48
-42
-43
-36
-35
-35
-34
-32
-23
-17
-10
-15
-11
-2
3
5
7
4
3
7
8
11
9
8
12
13
15
18
20
24
22
25
25
28
35
39
41
39
40
37
35
35
38
40
38
36
35
35
34
37
37
36
34
30
24
19
16
12
12
12
12
6
2
-2
-11
-13
-17
-18
-22
-24
-24
-25
-25
-23
-22
-24
-28
-28
-34
-37
-38
-45
-43
-46
-44
-42
-37
-34
-34
-35
-34
-33
-32
-30
-28
-23
-20
-17
-10
-13
-24
-24
-26
-16
-9
-7
-8
-9
-8
-13
-6
-1
3
4
9
13
14
16
10
11
14
16
16
19
20
16
15
15
11
15
17
20
25
27
30
27
27
32
30
32
35
39
46
41
38
38
38
35
36
37
36
36
37
39
38
40
37
41
43
38
39
42
45
42
38
35
35
36
33
26
22
17
14
8
6
5
3
2
-2
-4
0
-5
-7
-10
-9
-5
-9
-11
-15
-14
-20
-19
-17
-18
-19
-22
-23
-28
-32
-33
-33
-35
-37
-36
-34
-34
-36
-42
-45
-44
-45
-46
-45
-43
-41
-42
-45
-45
-42
-39
-36
-31
-32
-29
-33
-32
-30
-23
-17
-14
-11
-11
-5
-3
1
5
8
12
14
15
14
13
19
22
24
22
26
24
25
27
25
29
30
32
35
38
36
34
35
35
34
36
37
35
38
34
32
29
28
27
25
25
21
23
21
22
20
18
13
11
12
7
7
2
-3
-7
-12
-10
-11
-14
-14
-14
-15
-17
-21
-23
-27
-29
-33
-34
-35
-35
-37
-40
-40
-40
-39
-41
-40
-43
-44
-42
-41
-36
-34
-33
-32
-31
-28
-27
-27
-27
-26
-22
-23
-20
-19
-18
-15
-18
-14
-17
-13
-11
-8
-4
-2
-4
-6
-7
-6
-4
-4
1
2
4
4
6
8
10
14
16
19
18
17
15
17
20
23
27
29
31
30
27
27
26
27
26
28
27
27
28
25
24
25
25
24
24
23
20
20
18
17
16
15
12
11
11
8
5
5
1
-1
-2
-1
-3
-4
-5
-5
-7
-10
-15
-15
-16
-15
-15
-14
-13
-15
-14
-16
-16
-18
-18
-19
-19
-19
-20
-19
-17
-17
-17
-16
-18
-20
-19
-19
-20
-18
-17
-18
-18
-18
-19
-19
-20
-19
-18
-17
-18
-15
-12
-11
-9
-8
-7
-6
-4
0
0
1
2
5
5
6
7
10
13
14
15
14
16
17
18
20
23
27
28
28
28
25
25
26
27
27
27
28
27
25
24
23
20
17
17
18
17
17
15
15
14
14
14
14
12
10
10
9
8
6
5
2
1
-2
-2
-3
-1
-3
-4
-6
-6
-6
-7
-7
-7
-7
-7
-9
-10
-11
-12
-12
-13
-14
-16
-17
-18
-17
-17
-17
-19
-19
-18
-19
-18
-16
-13
-12
-10
-7
-9
-8
-8
-6
-4
-2
-1
-1
-1
1
3
4
4
6
6
8
9
11
13
14
15
16
15
14
13
14
15
14
14
13
12
12
11
11
11
11
9
8
9
8
8
8
7
7
5
4
4
3
1
-1
-1
-3
-4
-5
-8
-8
-8
-8
-10
-9
-11
-11
-12
-13
-11
-12
-11
-13
-13
-14
-15
-16
-15
-16
-16
-18
-16
-16
-14
-13
-15
-15
-15
-13
-13
-13
-11
-11
-10
-10
-10
-8
-6
-4
-4
-3
-2
-2
1
3
5
6
7
8
9
10
12
14
15
17
18
19
20
20
21
22
21
23
22
22
23
22
23
24
23
24
22
22
21
21
21
20
19
18
17
17
17
16
16
16
14
14
13
12
10
8
8
8
6
4
4
4
3
2
1
-1
-2
-3
-4
-4
-6
-6
-6
-9
-9
-11
-12
-12
-13
-11
-13
-12
-12
-14
-15
-16
-18
-19
-19
-18
-17
-18
-18
-18
-18
-19
-19
-20
-19
-19
-18
-17
-16
-16
-15
-15
-15
-14
-13
-12
-12
-11
-9
-9
-8
-6
-3
-3
-2
-1
-1
0
1
2
4
4
5
6
6
6
8
8
9
10
10
8
9
10
10
11
12
14
14
14
13
14
14
13
14
14
15
14
15
15
15
15
13
13
14
14
15
15
15
17
15
13
12
11
11
10
9
9
7
7
7
6
5
3
3
2
0
-1
-2
-1
-2
-3
-4
-5
-6
-7
-10
-10
-9
-10
