-2
-1
-3
-1
-1
-1
2
-1
0
0
2
2
2
2
1
3
1
0
0
0
0
2
3
2
3
1
2
3
2
3
3
4
3
3
3
2
1
3
2
3
2
3
3
2
1
1
3
2
1
2
0
1
2
2
1
2
1
1
0
1
0
1
1
0
2
1
2
2
1
0
0
1
1
3
2
1
1
2
0
0
1
-2
0
0
-2
-1
0
0
-1
0
-1
0
2
1
-1
0
-1
-1
-1
-2
-2
-2
-2
-3
-1
-3
-4
-3
-3
-4
-6
-5
-6
-5
-7
-6
-6
-5
-5
-6
-4
-4
-4
-5
-5
-4
-3
-4
-4
-2
-3
-2
-4
-3
-3
-1
-2
-2
0
-1
0
0
0
0
2
1
2
2
2
3
2
1
-1
1
-1
-1
-1
0
-1
-2
-3
-3
-2
-4
-3
-4
-3
-2
-2
-1
-2
-2
-1
0
-3
0
1
-1
2
0
2
2
3
2
4
3
3
3
2
4
5
5
4
4
3
5
4
4
6
5
5
5
3
4
4
1
4
3
2
1
0
1
3
1
-1
0
-3
-3
-3
-4
-2
-1
-2
-4
-3
-5
-4
-7
-5
-2
-3
1
-1
-1
0
1
0
1
2
3
6
3
4
3
3
4
4
4
6
5
5
5
4
4
5
3
5
5
3
5
3
2
3
1
1
2
1
2
1
-2
-2
-3
-5
-2
-2
-4
-1
-4
-5
-3
-6
-6
-2
-2
0
0
-3
0
0
1
2
2
4
8
5
5
7
4
5
4
2
7
6
3
5
4
2
3
0
0
2
0
1
0
-3
-1
-1
-6
-3
-4
-4
-4
-6
-6
-5
-8
-8
-7
-9
-4
-4
-7
-4
-5
-5
-3
-5
-5
-1
-4
-3
-2
-6
-3
-2
-2
-1
0
-2
2
-1
-2
1
-1
1
3
0
1
1
-2
0
-2
-3
0
-2
-3
-2
-3
-1
1
-4
-3
-1
-1
3
0
-1
3
3
0
2
-1
3
6
4
4
6
8
9
8
8
12
12
12
12
11
14
15
12
12
14
13
14
12
10
14
12
10
11
10
11
12
9
7
7
4
5
3
1
0
-2
-5
-4
-8
-8
-7
-10
-9
-10
-12
-11
-10
-13
-11
-13
-15
-14
-15
-15
-16
-14
-16
-15
-15
-15
-14
-14
-14
-13
-11
-12
-10
-11
-10
-9
-10
-12
-11
-10
-10
-10
-12
-12
-11
-11
-13
-13
-11
-9
-10
-12
-10
-11
-11
-13
-12
-11
-10
-10
-12
-11
-9
-10
-7
-9
-7
-2
-2
-2
-1
-2
0
1
-2
4
4
6
8
8
9
13
14
16
19
17
22
22
20
24
22
23
25
24
25
26
25
26
26
25
25
26
25
28
26
25
26
23
23
21
20
20
21
18
17
17
14
13
12
10
14
13
12
12
10
9
9
6
6
9
6
6
6
1
7
3
1
5
2
1
4
-2
-1
0
-4
-3
-4
-6
-6
-6
-10
-7
-11
-11
-12
-13
-13
-12
-15
-16
-15
-18
-19
-20
-22
-21
-23
-26
-25
-26
-27
-24
-27
-26
-24
-24
-25
-24
-25
-25
-23
-26
-24
-23
-23
-22
-22
-22
-18
-21
-18
-17
-16
-15
-15
-16
-11
-13
-12
-10
-10
-8
-6
-7
-5
-4
-5
0
-2
0
4
3
4
5
6
4
7
4
6
8
6
7
5
5
7
8
5
7
8
8
9
8
6
12
10
9
13
9
12
12
12
13
16
14
18
19
19
22
20
20
24
20
24
24
23
25
25
23
23
23
21
21
21
21
23
21
20
17
18
14
16
11
10
9
7
1
0
-3
-8
-7
-16
-10
-15
-17
-19
-23
-23
-24
-25
-27
-25
-29
-28
-29
-34
-29
-33
-33
-32
-32
-30
-28
-29
-29
-25
-28
-24
-23
-20
-17
-17
-16
-15
-11
-14
-9
-9
-7
-3
-3
-3
-2
0
-1
5
1
6
10
7
10
9
8
10
14
11
20
18
19
26
21
26
29
28
31
37
34
40
39
35
42
38
39
42
40
42
44
39
38
40
35
37
37
34
39
34
33
32
31
28
28
24
23
25
19
19
13
9
6
4
-4
-2
-8
-15
-16
-26
-29
-32
-39
-41
-43
-49
-52
-54
-63
-61
-66
-68
-66
-70
-71
-70
-74
-76
-73
-78
-72
-72
-73
-67
-67
-68
-61
-61
-60
-52
-51
-47
-39
-39
-34
-31
-30
-23
-20
-18
-11
-5
-7
3
0
3
9
9
14
21
20
25
29
27
34
38
38
47
50
54
62
63
65
70
71
76
82
83
87
91
91
96
100
102
108
110
114
119
125
124
132
132
136
139
142
143
147
147
146
145
141
141
137
132
129
123
114
108
97
89
83
73
64
58
46
41
31
21
10
0
-11
-18
-24
-35
-44
-54
-58
-67
-71
-79
-83
-87
-97
-102
-110
-118
-120
-127
-132
-138
-142
-152
-154
-168
-173
-172
-183
-186
-191
-196
-198
-200
-212
-211
-222
-225
-226
-233
-234
-229
-230
-232
-227
-229
-220
-209
-199
-190
-183
-177
-166
-152
-148
-128
-118
-106
-85
-72
-53
-39
-25
-7
10
26
48
73
85
108
127
148
172
195
219
245
267
278
313
323
350
370
380
394
395
397
402
408
403
408
403
395
396
382
370
363
342
322
304
280
261
244
225
206
180
149
124
95
66
41
16
-8
-27
-38
-50
-68
-84
-104
-122
-136
-142
-142
-160
-170
-180
-190
-197
-199
-210
-223
-234
-249
-258
-271
-286
-294
-314
-329
-338
-350
-360
-375
-388
-406
-417
-433
-440
-447
-452
-449
-442
-437
-436
-430
-423
-415
-412
-401
-412
-403
-400
-403
-386
-381
-373
-363
-360
-357
-332
-325
-312
-302
-279
-251
-198
-150
-90
-28
48
141
216
310
391
475
570
662
733
794
813
833
845
834
823
810
768
733
692
640
595
545
477
425
381
320
287
225
182
145
116
98
100
98
95
120
131
159
185
214
256
292
333
380
395
406
409
398
387
369
346
314
294
252
220
185
128
96
61
22
3
-37
-78
-113
-153
-184
-204
-226
-252
-269
-274
-284
-276
-274
-268
-254
-245
-238
-230
-240
-250
-267
-297
-315
-342
-377
-415
-468
-508
-544
-585
-625
-650
-696
-711
-714
-749
-752
-770
-782
-769
-761
-772
-742
-752
-736
-718
-713
-715
-687
-689
-661
-633
-603
-545
-506
-431
-325
-188
-74
67
159
304
448
599
740
843
914
971
1007
1005
1009
985
940
903
843
789
742
671
600
526
442
378
332
269
208
155
103
68
40
1
-13
-30
-44
-46
-51
-33
-10
31
82
133
182
240
305
361
438
504
578
627
642
662
687
691
686
657
622
578
546
506
451
396
330
286
233
197
158
114
63
0
-39
-77
-110
-143
-188
-214
-242
-267
-290
-323
-343
-348
-362
-388
-404
-418
-420
-415
-428
-434
-437
-443
-451
-460
-483
-485
-506
-535
-557
-578
-587
-608
-633
-672
-700
-717
-744
-736
-751
-753
-742
-747
-732
-716
-692
-693
-649
-659
-629
-622
-613
-604
-612
-602
-628
-608
-609
-567
-513
-409
-301
-167
-65
57
223
387
573
711
827
915
984
1017
1038
1046
997
940
879
823
776
714
655
584
513
455
428
407
379
372
357
348
361
360
369
365
360
364
362
380
392
407
429
455
492
508
546
577
611
654
679
726
740
720
697
673
644
604
551
473
408
337
262
190
117
24
-53
-118
-170
-207
-238
-264
-294
-313
-324
-315
-317
-313
-311
-325
-315
-309
-309
-303
-307
-310
-325
-335
-344
-353
-355
-370
-399
-432
-461
-486
-508
-532
-563
-589
-625
-649
-665
-678
-694
-719
-730
-752
-741
-737
-747
-730
-727
-720
-690
-684
-658
-631
-612
-597
-561
-543
-532
-509
-535
-508
-528
-523
-496
-455
-404
-308
-191
-55
124
245
393
573
771
954
1138
1243
1342
1403
1398
1393
1373
1291
1206
1096
975
888
784
680
587
487
394
342
285
232
205
161
140
141
108
108
115
113
130
149
164
198
253
311
382
430
454
513
569
605
654
668
680
672
636
593
542
495
428
387
302
241
176
106
64
0
-66
-116
-157
-215
-254
-299
-334
-356
-394
-414
-406
-417
-400
-382
-374
-344
-341
-333
-325
-327
-329
-348
-369
-395
-408
-439
-463
-496
-533
-550
-576
-595
-612
-627
-652
-655
-679
-702
-719
-728
-750
-760
-763
-777
-773
-795
-793
-795
-777
-747
-691
-660
-615
-574
-544
-509
-483
-454
-422
-430
-431
-454
-482
-472
-477
-418
-316
-158
-26
129
247
440
675
870
1070
1205
1277
1354
1335
1290
1243
1120
984
839
693
568
471
338
240
175
92
72
71
50
93
103
115
150
170
198
249
295
333
395
434
475
549
605
689
762
796
840
880
896
911
917
863
819
733
613
511
393
278
183
71
-11
-64
-133
-177
-215
-255
-267
-284
-302
-316
-325
-328
-326
-350
-374
-359
-360
-332
-312
-305
-292
-282
-282
-278
-286
-309
-325
-355
-413
-456
-499
-558
-605
-660
-707
-745
-770
-777
-784
-787
-793
-779
-777
-772
-741
-734
-705
-712
-706
-698
-680
-671
-664
-680
-682
-658
-675
-647
-647
-626
-627
-581
-585
-555
-538
-549
-506
-468
-399
-257
-92
77
299
438
614
865
1098
1302
1487
1534
1561
1573
1456
1364
1216
1014
819
638
437
304
193
31
-12
-81
-118
-71
-84
-58
1
21
66
153
210
283
400
462
575
705
790
937
1056
1135
1248
1299
1322
1360
1340
1268
1185
1041
868
743
512
301
129
-66
-183
-252
-315
-321
-290
-279
-210
-159
-107
-45
6
-3
-12
-50
-107
-134
-227
-307
-360
-402
-433
-447
-486
-518
-515
-552
-563
-587
-652
-679
-710
-772
-798
-847
-878
-866
-882
-898
-868
-849
-834
-794
-796
-773
-727
-724
-693
-642
-645
-622
-603
-621
-624
-625
-657
-658
-680
-725
-737
-763
-788
-771
-777
-778
-732
-717
-689
-581
-526
-393
-180
33
285
557
712
923
1198
1399
1612
1701
1677
1651
1538
1298
1113
852
566
337
92
-90
-159
-273
-342
-323
-332
-254
-140
-97
1
91
133
233
306
341
457
565
660
834
958
1073
1244
1364
1489
1605
1604
1587
1555
1446
1287
1096
801
530
278
-8
-230
-421
-588
-649
-653
-598
-437
-266
-94
110
258
369
510
522
503
464
332
209
83
-96
-238
-350
-466
-509
-539
-587
-578
-584
-604
-584
-640
-702
-734
-793
-829
-842
-878
-899
-868
-834
-783
-691
-650
-567
-501
-470
-405
-390
-396
-394
-433
-462
-491
-584
-682
-748
-870
-946
-1011
-1118
-1157
-1218
-1255
-1267
-1238
-1247
-1130
-1058
-949
-771
-605
-388
-79
284
634
1006
1216
1448
1731
1927
2098
2101
1986
1798
1579
1210
897
525
128
-170
-444
-640
-691
-749
-746
-668
-585
-416
-215
-86
50
200
285
433
547
620
781
921
1074
1293
1457
1598
1746
1851
1903
1939
1811
1612
1406
1116
807
473
70
-307
-594
-811
-946
-978
-988
-902
-689
-457
-105
243
524
792
982
1089
1115
1054
909
745
521
260
35
-207
-407
-553
-681
-744
-760
-764
-726
-697
-694
-669
-662
-733
-769
-808
-855
-838
-843
-826
-760
-676
-564
-429
-343
-264
-169
-136
-122
-159
-236
-345
-474
-647
-810
-1001
-1184
-1314
-1462
-1594
-1644
-1703
-1674
-1640
-1570
-1463
-1331
-1183
-1060
-864
-690
-427
-198
160
551
930
1332
1536
1756
1996
2182
2303
2247
2054
1731
1439
946
541
98
-340
-658
-920
-1051
-1055
-1014
-917
-763
-573
-345
-97
68
209
392
496
662
780
881
1072
1251
1437
1643
1802
1900
1987
2016
1936
1830
1544
1188
853
446
82
-308
-681
-946
-1119
-1180
-1105
-905
-670
-386
-45
282
685
1030
1291
1492
1553
1574
1462
1248
953
647
348
19
-232
-518
-703
-820
-909
-926
-935
-901
-853
-782
-749
-721
-697
-721
-731
-755
-760
-714
-680
-606
-549
-494
-394
-298
-224
-200
-212
-255
-316
-442
-618
-813
-1034
-1232
-1445
-1675
-1848
-1963
-2016
-2031
-2016
-1969
-1872
-1690
-1528
-1312
-1120
-921
-704
-453
-217
60
410
849
1288
1709
1935
2147
2340
2502
2531
2368
2054
1623
1218
639
144
-349
-774
-1042
-1213
-1229
-1080
-891
-666
-425
-181
78
354
486
567
693
737
863
960
1037
1204
1362
1571
1770
1904
1919
1911
1833
1649
1445
1052
641
261
-137
-437
-670
-862
-927
-888
-770
-584
-248
80
461
800
1035
1336
1534
1683
1743
1727
1637
1522
1311
1002
642
268
-82
-360
-667
-903
-1074
-1185
-1210
-1257
-1249
-1193
-1080
-950
-806
-719
-653
-572
-514
-483
-461
-444
-402
-337
-302
-273
-250
-234
-245
-303
-454
-610
-777
-1044
-1300
-1576
-1829
-2010
-2148
-2245
-2296
-2217
-2110
-1890
-1682
-1469
-1235
-1084
-934
-859
-780
-704
-531
-351
-102
392
844
1426
1837
2074
2410
2679
2816
2666
2283
1669
1154
498
-224
-731
-1213
-1460
-1486
-1440
-1135
-749
-377
-25
291
516
729
825
710
708
676
697
838
886
1057
1334
1594
1856
2021
2027
1926
1791
1453
1086
645
95
-268
-595
-804
-853
-843
-683
-420
-120
157
497
806
1041
1270
1350
1469
1552
1563
1553
1458
1383
1321
1181
945
655
356
13
-325
-695
-1002
-1214
-1379
-1400
-1400
-1325
-1210
-1061
-884
-729
-587
-511
-477
-487
-486
-505
-507
-488
-464
-378
-309
-254
-215
-242
-356
-530
-781
-1087
-1443
-1786
-2088
-2330
-2515
-2579
-2523
-2364
-2114
-1857
-1563
-1277
-1008
-881
-716
-737
-698
-624
-539
-361
-24
545
1111
1747
2036
2324
2615
2768
2805
2388
1850
1148
572
-199
-789
-1199
-1499
-1452
-1366
-1045
-595
-163
183
380
495
595
643
494
331
286
314
556
776
953
1320
1616
1876
2015
1878
1633
1276
821
298
-154
-643
-994
-1081
-1086
-800
-452
-112
344
717
1027
1219
1315
1240
1151
1016
862
875
882
981
1165
1330
1570
1668
1643
1532
1257
853
320
-228
-791
-1176
-1523
-1700
-1693
-1577
-1281
-964
-636
-340
-115
-18
-74
-184
-358
-515
-693
-842
-869
-807
-640
-469
-328
-234
-280
-431
-714
-1102
-1541
-1979
-2354
-2669
-2838
-2873
-2735
-2394
-2010
-1531
-1151
-797
-619
-503
-520
-682
-766
-902
-825
-701
-253
442
1211
1946
2394
2691
2962
3098
2963
2360
1703
779
145
-625
-1191
-1388
-1455
-1154
-836
-346
239
700
971
949
867
680
478
173
-141
-119
2
359
737
1067
1546
1896
2084
2003
1632
1133
502
-95
-710
-1106
-1394
-1506
-1254
-893
-250
375
854
1266
1468
1576
1468
1250
908
594
395
296
471
742
1029
1382
1683
1954
2056
1891
1494
953
356
-248
-762
-1153
-1324
-1311
-1181
-989
-630
-351
-100
-20
-50
-120
-316
-577
-869
-1077
-1118
-1008
-807
-608
-310
-82
108
140
-75
-405
-888
-1426
-1950
-2426
-2792
-2965
-2930
-2725
-2364
-1947
-1522
-1118
-858
-736
-712
-862
-1038
-1285
-1529
-1639
-1634
-1337
-962
-335
598
1541
2345
2763
2799
2834
2722
2461
1725
1040
220
-242
-656
-1071
-995
-855
-469
-107
194
646
890
921
656
388
185
63
-79
-274
-52
340
850
1308
1485
1767
1921
1763
1422
793
170
-414
-869
-1236
-1272
-1077
-836
-338
170
777
1317
1473
1467
1302
1086
835
520
266
202
384
706
1150
1607
1965
2251
2277
2080
1685
1066
571
103
-299
-521
-659
-545
-193
202
473
666
758
536
320
-272
-745
-1136
-1578
-1680
-1668
-1370
-866
-343
112
460
673
638
410
-115
-711
-1263
-1910
-2326
-2679
-2826
-2715
-2549
-2225
-1884
-1653
-1461
-1381
-1351
-1376
-1504
-1684
-1813
-1819
-1765
-1678
-1506
-1351
-1018
-694
-408
157
786
1543
1936
2123
2091
2214
2281
2039
1586
1105
596
257
-307
-634
-666
-566
-350
-214
114
540
816
788
578
472
391
324
70
3
312
663
1066
1236
1401
1614
1603
1316
825
271
-246
-743
-1140
-1289
-1073
-801
-435
5
495
1032
1284
1222
1018
790
575
326
120
107
349
743
1162
1589
1953
2195
2205
1935
1535
1012
408
-55
-246
-249
-78
126
354
680
975
1096
935
664
154
-411
-978
-1499
-1638
-1670
-1523
-1187
-704
-61
411
618
620
511
246
-183
-802
-1440
-1822
-2101
-2296
-2374
-2419
-2250
-1989
-1807
-1637
-1601
-1586
-1615
-1653
-1674
-1720
-1727
-1770
-1752
-1684
-1685
-1595
-1534
-1269
-934
-358
656
1482
2295
2609
2666
2739
2651
2389
1643
1110
394
-51
-461
-871
-611
-376
40
393
593
1006
1066
784
319
-32
-160
-279
-370
-305
282
1002
1504
1830
1841
1881
1653
1007
304
-434
-947
-1349
-1574
-1404
-880
-268
138
526
917
1180
1144
685
206
-105
-250
-314
-310
42
651
1305
1803
2128
2385
2394
2088
1579
1029
606
222
-91
-84
271
733
1072
1258
1340
1382
1308
867
292
-222
-808
-1198
-1494
-1524
-1160
-807
-413
12
416
710
696
388
60
-248
-657
-1100
-1558
-1849
-1926
-2010
-2086
-2134
-2099
-1967
-1924
-1939
-1913
-1894
-1898
-1926
-1905
-1837
-1797
-1855
-1921
-1956
-1970
-1912
-1833
-1510
-1072
-246
812
1717
2428
2596
2558
2372
2168
1803
1119
713
149
-21
-201
-394
-26
268
588
771
784
904
799
428
14
-166
-111
23
185
374
961
1504
1695
1679
1390
1199
819
229
-273
-641
-760
-829
-735
-393
97
513
586
587
618
616
428
1
-265
-299
-126
38
244
656
1156
1615
1881
1974
2037
1944
1679
1370
1075
932
712
538
621
904
1143
1245
1211
1096
964
751
280
-61
-344
-589
-716
-902
-822
-565
-445
-325
-119
66
186
113
-123
-269
-494
-833
-1149
-1569
-1803
-1946
-2173
-2374
-2438
-2398
-2337
-2301
-2244
-2126
-2086
-2107
-2139
-2144
-2128
-2198
-2348
-2476
-2483
-2398
-2247
-1802
-1322
-419
636
1498
2116
2261
2094
1926
1654
1373
926
614
216
113
18
-139
185
254
490
688
717
844
796
526
371
351
398
515
612
670
973
1198
1174
1103
807
530
303
-35
-264
-447
-531
-528
-378
-121
183
485
552
612
669
608
533
318
64
-43
-108
-66
93
366
675
1053
1409
1694
1926
1947
1860
1797
1685
1554
1294
967
921
1058
1154
1148
1060
969
869
728
537
289
129
-96
-213
-308
-332
-207
-202
-186
-51
87
119
74
-65
-196
-372
-690
-1038
-1374
-1739
-2004
-2261
-2480
-2473
-2468
-2401
-2303
-2130
-1984
-2003
-2032
-2135
-2121
-2157
-2283
-2374
-2496
-2396
-2292
-1977
-1579
-918
101
953
1647
1770
1720
1451
1255
1029
764
670
418
310
206
25
219
299
311
531
660
895
1014
785
715
725
733
713
640
611
759
892
786
766
636
473
297
-3
-201
-333
-501
-617
-543
-248
108
452
668
845
1021
976
798
551
225
-21
-229
-368
-304
-42
279
670
1042
1335
1598
1694
1628
1556
1496
1503
1494
1396
1301
1312
1403
1436
1343
1108
951
779
612
492
406
384
291
140
50
-71
-136
-186
-195
-94
83
248
255
207
30
-248
-677
-1143
-1562
-1938
-2274
-2473
-2474
-2416
-2320
-2259
-2196
-2173
-2141
-2217
-2285
-2356
-2415
-2446
-2527
-2507
-2399
-2120
-1763
-1417
-716
77
817
1120
1046
925
732
700
570
394
471
302
247
15
-216
-24
-4
133
336
601
902
1084
949
891
906
795
761
617
614
776
800
766
662
452
241
-32
-282
-493
-629
-686
-638
-392
-59
344
696
913
1028
989
864
657
400
92
-117
-190
-175
-65
90
306
572
779
905
1007
1083
1194
1317
1439
1574
1684
1619
1507
1542
1454
1408
1285
1115
985
804
767
592
484
415
310
371
293
309
349
312
378
446
378
298
185
31
-185
-499
-873
-1123
-1436
-1722
-1877
-2046
-2022
-2154
-2227
-2341
-2396
-2483
-2542
-2531
-2510
-2396
-2355
-2326
-2315
-2288
-2088
-1876
-1639
-1032
-346
267
467
542
359
339
303
373
284
410
244
212
-15
-195
-105
-207
-25
227
573
826
989
951
1010
1033
935
853
806
835
982
962
912
810
575
284
-47
-298
-504
-624
-660
-590
-322
-14
289
575
772
912
930
833
675
537
375
202
81
-19
4
96
161
280
351
494
658
810
948
1121
1260
1368
1443
1383
1522
1621
1606
1513
1341
1169
890
700
573
443
434
336
400
417
510
641
635
719
774
865
750
574
363
86
-171
-488
-727
-923
-1144
-1222
-1317
-1316
-1484
-1664
-1941
-2217
-2396
-2548
-2544
-2544
-2374
-2184
-2160
-2055
-1990
-1799
-1607
-1485
-781
-333
233
109
-46
-258
-349
-132
-115
57
146
138
77
-234
-414
-499
-546
-271
-21
370
613
697
689
686
755
713
742
767
967
1231
1275
1217
901
577
280
-48
-282
-559
-654
-633
-477
-257
-111
45
167
332
488
588
686
722
767
755
661
539
314
194
129
110
150
154
271
440
633
712
710
757
804
908
1084
1241
1330
1285
1183
975
716
608
551
579
602
621
575
446
402
451
479
558
714
872
976
981
814
539
186
-186
-495
-811
-985
-1006
-929
-830
-844
-941
-1141
-1343
-1615
-1806
-1977
-2120
-2152
-2171
-2104
-2047
-1870
-1572
-1302
-964
-284
183
381
189
-152
-422
-609
-567
-511
-368
-222
-262
-339
-630
-729
-797
-812
-540
-276
40
267
262
238
246
201
187
235
416
748
1055
1160
1144
946
694
410
112
-112
-304
-417
-472
-452
-349
-238
-169
-70
66
232
396
513
593
705
806
817
764
622
557
580
555
560
545
546
550
451
342
244
262
406
540
677
679
618
460
278
253
266
354
407
488
543
557
504
414
378
400
482
478
473
467
510
523
459
342
216
67
-130
-369
-568
-700
-795
-864
-930
-948
-996
-958
-955
-968
-1029
-1180
-1332
-1580
-1679
-1712
-1497
-1278
-797
-90
498
838
566
278
-81
-261
-147
-319
-226
-292
-364
-410
-829
-895
-949
-846
-540
-294
-48
86
93
-8
2
27
30
106
183
517
807
875
886
677
653
595
474
392
208
157
91
30
-25
-115
-155
-135
-5
117
265
406
447
561
610
662
723
707
828
945
1075
1154
1138
1028
855
706
541
419
336
327
344
240
143
-18
-203
-213
-208
-136
-81
-126
-63
-73
-92
18
113
263
403
489
500
427
283
165
46
-44
-52
-88
-133
-168
-224
-271
-415
-536
-692
-803
-934
-1009
-1031
-1024
-895
-875
-752
-803
-922
-902
-979
-759
-657
-282
241
612
832
495
281
-9
163
260
110
123
-283
-248
-631
-938
-1015
-1073
-692
-519
-295
-276
-236
-264
-387
-376
-376
-174
-73
13
189
245
330
260
88
65
108
227
282
189
130
105
122
141
124
130
210
330
397
420
391
361
377
408
488
571
677
826
961
1037
1079
1067
1066
1001
908
820
692
650
514
355
169
-44
-121
-223
-317
-367
-418
-473
-582
-691
-788
-761
-722
-600
-445
-334
-127
-44
36
0
-50
-83
-101
-148
-221
-294
-328
-227
-162
-161
-242
-311
-352
-363
-464
-539
-595
-588
-570
-532
-549
-510
-419
-273
-88
68
304
600
781
762
571
240
106
113
200
219
47
-239
-379
-574
-694
-743
-821
-688
-497
-347
-227
-298
-411
-425
-420
-280
-151
-85
-5
91
173
260
182
82
33
26
144
204
155
104
73
136
283
351
422
432
466
543
630
660
642
591
551
618
684
739
763
779
825
859
851
801
731
698
658
625
575
522
459
321
188
105
53
3
-50
-78
-88
-116
-221
-354
-455
-523
-567
-615
-609
-532
-419
-355
-324
-238
-142
-40
-26
-79
-110
-103
-70
-106
-183
-262
-290
-287
-317
-378
-461
-517
-618
-732
-876
-1008
-980
-925
-820
-691
-589
-374
-131
-34
32
-31
-158
-136
-136
-67
92
12
-59
-185
-387
-385
-369
-375
-255
-194
-96
50
40
81
118
113
216
250
265
375
415
483
529
457
424
405
356
375
369
336
364
316
325
392
423
511
539
531
546
541
556
553
521
552
594
631
685
712
743
794
757
674
607
518
499
498
442
455
424
371
370
315
278
225
131
39
19
-11
-16
-62
-167
-171
-182
-222
-311
-473
-583
-598
-624
-685
-735
-758
-671
-586
-567
-549
-546
-492
-544
-680
-801
-908
-936
-970
-1025
-1093
-1134
-1188
-1220
-1262
-1292
-1247
-1156
-929
-750
-613
-540
-560
-505
-379
-199
97
257
312
361
303
306
400
420
542
635
643
660
535
415
354
295
312
357
342
430
492
517
510
415
395
439
493
544
564
505
429
302
149
49
-22
-65
-59
-81
-48
-2
33
88
117
176
228
248
288
333
392
477
504
527
561
597
664
705
676
670
625
537
473
385
318
301
287
329
435
533
612
594
526
456
371
284
199
111
29
-30
-141
-275
-403
-530
-605
-693
-765
-815
-884
-920
-982
-1034
-1075
-1082
-1076
-1125
-1188
-1241
-1316
-1337
-1369
-1405
-1386
-1360
-1254
-1169
-1113
-1045
-989
-873
-676
-475
-181
35
140
257
276
309
443
512
676
835
889
1014
1023
1018
1045
1017
981
945
840
787
745
631
548
381
249
214
208
287
341
361
395
378
350
293
209
131
60
0
-65
-129
-212
-284
-333
-386
-385
-370
-307
-197
-73
88
193
264
336
377
453
522
595
679
759
830
902
930
908
881
773
676
574
496
451
395
318
285
270
276
282
233
189
160
147
111
17
-133
-242
-362
-469
-579
-745
-885
-1021
-1145
-1229
-1341
-1382
-1403
-1472
-1510
-1596
-1669
-1650
-1631
-1574
-1361
-1220
-1019
-843
-855
-795
-722
-682
-458
-254
-160
36
85
126
295
412
591
851
969
1133
1215
1175
1161
1076
1021
1039
1011
1005
995
922
879
767
635
563
486
433
422
317
211
83
-64
-125
-146
-126
-60
-23
17
60
49
14
-32
-99
-132
-179
-229
-236
-229
-184
-146
-115
-60
23
103
224
342
457
606
715
787
815
812
838
892
956
1026
1066
1079
1058
982
847
683
490
364
291
194
105
-29
-162
-305
-479
-617
-701
-731
-739
-781
-879
-994
-1082
-1164
-1209
-1284
-1396
-1474
-1582
-1654
-1673
-1678
-1625
-1503
-1364
-1234
-1132
-1132
-1142
-1072
-944
-721
-427
-238
-57
114
166
252
382
510
750
933
1006
1046
1008
1012
1045
1030
1014
1007
993
1012
967
843
709
546
453
405
313
246
161
95
21
-101
-202
-277
-291
-275
-292
-338
-398
-427
-428
-416
-415
-399
-324
-248
-156
-48
58
130
203
236
274
320
339
373
443
500
595
681
689
750
783
839
934
1012
1069
1118
1095
1074
1016
964
935
904
875
805
716
565
379
153
-47
-192
-286
-340
-416
-553
-717
-900
-1071
-1201
-1292
-1347
-1431
-1508
-1618
-1715
-1723
-1730
-1694
-1513
-1368
-1210
-1079
-1101
-1100
-972
-889
-625
-334
-218
-21
48
55
190
275
372
579
673
838
968
982
1018
1035
1065
1117
1101
1102
1099
1039
994
877
750
681
605
573
568
448
353
212
40
-51
-151
-232
-266
-340
-390
-401
-472
-504
-527
-581
-589
-591
-584
-507
-458
-409
-340
-315
-266
-181
-100
3
111
209
314
396
460
500
534
585
645
699
754
803
844
864
852
829
804
781
781
751
668
547
405
259
141
42
-15
-52
-130
-256
-405
-592
-739
-848
-969
-1054
-1162
-1299
-1395
-1478
-1548
-1545
-1523
-1404
-1285
-1206
-1175
-1224
-1237
-1148
-1031
-803
-594
-464
-295
-242
-186
-31
89
303
563
708
866
911
926
953
955
927
923
905
928
968
936
897
806
762
731
712
707
668
614
543
442
334
227
144
113
79
30
-14
-93
-179
-241
-334
-408
-446
-459
-419
-367
-347
-322
-300
-303
-272
-221
-158
-45
21
61
107
130
143
168
184
213
281
329
391
454
494
536
556
556
566
576
598
580
554
496
402
335
279
229
191
118
-19
-165
-331
-484
-580
-681
-799
-884
-1018
-1140
-1214
-1278
-1297
-1221
-1092
-974
-857
-833
-850
-818
-761
-667
-464
-322
-223
-110
-111
-124
-63
-18
154
334
427
540
597
601
589
592
583
646
698
752
811
825
792
714
620
540
503
497
480
430
360
246
137
53
0
0
9
4
-1
-11
-15
-48
-100
-146
-152
-131
-88
-51
-48
-38
-61
-101
-120
-149
-111
-23
33
82
95
101
142
175
187
252
306
370
438
461
449
431
385
318
283
242
213
184
116
11
-96
-188
-272
-323
-334
-355
-372
-434
-523
-544
-567
-601
-658
-742
-822
-867
-900
-936
-974
-923
-839
-782
-690
-733
-753
-659
-629
-481
-238
-149
41
153
137
258
381
486
712
851
940
1053
1034
972
928
868
836
832
803
791
758
701
600
513
413
353
325
305
289
257
178
109
23
-56
-69
-95
-102
-123
-184
-245
-314
-385
-412
-430
-420
-387
-354
-320
-283
-255
-192
-132
-74
23
97
205
297
330
372
404
423
451
441
414
421
421
430
427
376
333
293
254
212
157
101
62
0
-95
-172
-261
-335
-380
-451
-562
-671
-809
-923
-1023
-1138
-1269
-1376
-1513
-1609
-1620
-1633
-1585
-1485
-1361
-1194
-1017
-936
-851
-765
-640
-472
-250
-60
98
228
292
334
435
542
656
837
922
1026
1105
1112
1120
1137
1126
1165
1192
1195
1218
1213
1174
1103
997
903
827
728
661
555
418
268
131
-6
-81
-142
-217
-270
-331
-378
-400
-451
-505
-515
-509
-444
-388
-363
-312
-266
-236
-175
-141
-101
-28
44
107
179
209
251
319
344
404
462
509
595
669
685
707
679
634
624
581
540
498
415
320
202
77
-40
-144
-236
-351
-463
-584
-742
-858
-968
-1063
-1131
-1232
-1347
-1409
-1481
-1530
-1529
-1554
-1516
-1409
-1311
-1208
-1153
-1150
-1088
-998
-849
-627
-432
-262
-113
-30
67
224
396
603
808
957
1080
1163
1177
1200
1218
1208
1238
1241
1230
1221
1166
1092
1027
942
896
868
837
793
712
603
492
400
337
295
233
178
107
36
-38
-140
-234
-301
-378
-408
-442
-459
-436
-429
-405
-375
-363
-297
-214
-123
-1
77
146
219
242
285
331
354
441
513
564
609
588
543
519
466
443
416
359
307
220
122
47
-27
-105
-158
-245
-345
-450
-580
-691
-796
-908
-1019
-1161
-1301
-1384
-1471
-1519
-1537
-1578
-1548
-1473
-1413
-1296
-1219
-1201
-1108
-1034
-912
-683
-495
-325
-159
-115
-30
118
243
433
620
726
840
924
949
1020
1053
1064
1094
1092
1090
1098
1077
1064
1042
995
964
925
881
843
769
651
524
421
320
283
239
161
112
34
-54
-91
-181
-256
-255
-288
-270
-241
-259
-246
-205
-221
-194
-154
-106
-25
53
91
115
133
157
226
283
357
415
446
479
512
536
570
584
582
582
542
474
383
293
222
165
110
28
-74
-196
-342
-463
-558
-682
-766
-859
-975
-1071
-1200
-1331
-1371
-1418
-1452
-1424
-1406
-1357
-1267
-1198
-1160
-1110
-1071
-989
-870
-719
-583
-437
-312
-237
-147
-24
112
285
450
568
689
772
824
894
928
940
972
985
982
1001
971
914
871
803
754
736
690
638
580
478
381
297
220
195
180
150
123
24
-68
-141
-219
-250
-285
-325
-295
-295
-309
-305
-333
-312
-251
-206
-132
-63
-9
46
66
107
151
216
301
377
434
491
508
526
557
568
604
620
593
563
503
416
346
285
239
204
136
48
-74
-209
-299
-399
-466
-525
-648
-747
-847
-996
-1029
-1066
-1153
-1142
-1164
-1193
-1093
-1038
-994
-886
-884
-874
-798
-738
-625
-451
-352
-238
-140
-65
31
139
250
367
449
538
616
690
784
806
817
822
788
784
816
787
781
752
671
634
601
537
509
471
379
327
245
165
123
62
3
-68
-160
-225
-292
-348
-363
-407
-424
-410
-411
-379
-338
-339
-283
-233
-200
-101
-49
-10
31
38
64
111
162
242
310
354
396
406
421
441
457
486
495
451
405
341
269
242
231
205
172
119
19
-96
-199
-285
-346
-372
-469
-560
-647
-802
-862
-902
-969
-923
-925
-967
-900
-946
-926
-829
-852
-762
-676
-689
-563
-493
-441
-257
-176
-67
86
133
240
343
382
497
580
649
762
809
832
858
836
817
829
820
829
836
783
737
684
616
579
519
447
405
346
288
236
176
119
70
15
-43
-112
-159
-185
-206
-222
-248
-255
-242
-239
-217
-214
-202
-150
-124
-83
-40
-54
-33
4
14
82
121
166
231
248
278
310
305
339
359
354
365
344
301
267
212
162
151
110
84
23
-72
-178
-292
-384
-460
-502
-556
-635
-719
-814
-924
-961
-1004
-1009
-969
-965
-947
-903
-886
-834
-766
-723
-633
-550
-461
-367
-266
-178
-78
10
124
201
289
382
453
553
615
693
784
842
886
913
874
879
852
825
835
799
755
716
622
563
504
400
360
300
253
230
183
136
106
20
-24
-83
-143
-162
-182
-180
-196
-217
-245
-262
-261
-249
-249
-205
-185
-130
-86
-78
-43
-13
5
62
106
139
208
220
266
293
297
325
337
323
323
292
241
195
132
74
34
-2
-31
-68
-155
-248
-363
-477
-538
-579
-637
-658
-743
-850
-916
-1003
-1037
-1030
-1044
-1014
-974
-987
-944
-921
-903
-838
-755
-693
-564
-485
-387
-254
-162
-43
80
176
309
443
499
615
681
746
855
918
970
1034
1033
1034
1035
1012
1001
997
975
942
899
814
759
683
613
557
499
445
402
358
298
230
150
80
10
-38
-73
-111
-144
-168
-204
-230
-249
-259
-267
-247
-224
-199
-144
-113
-85
-45
-33
-11
49
68
112
150
147
172
187
174
203
192
173
164
113
83
46
-14
-47
-74
-114
-118
-174
-258
-343
-462
-549
-598
-650
-695
-740
-840
-931
-1010
-1096
-1134
-1134
-1155
-1153
-1136
-1140
-1128
-1097
-1054
-999
-918
-844
-760
-642
-561
-464
-345
-262
-134
-1
119
258
359
436
533
607
706
803
861
933
971
980
1009
1005
1013
1043
1028
1018
991
927
878
849
797
754
730
665
634
603
522
476
419
334
292
241
168
147
112
79
74
44
25
25
4
8
19
19
40
46
49
82
85
83
117
125
151
177
182
211
214
216
230
212
205
194
168
136
92
36
-17
-53
-73
-97
-142
-209
-309
-403
-473
-518
-553
-619
-701
-795
-898
-974
-1020
-1054
-1075
-1052
-1065
-1055
-1040
-1076
-1051
-1020
-1003
-931
-872
-810
-689
-634
-567
-475
-430
-334
-219
-141
-28
55
108
182
250
326
420
488
552
623
657
699
732
747
775
800
794
807
783
760
743
698
667
630
594
570
560
527
490
455
411
374
351
342
322
312
309
277
262
243
227
227
233
223
229
235
224
228
218
213
210
212
215
231
234
236
237
233
240
222
212
177
148
110
72
40
-8
-46
-87
-109
-141
-191
-248
-329
-394
-457
-508
-536
-588
-645
-696
-764
-832
-855
-883
-896
-875
-893
-902
-881
-918
-931
-903
-921
-877
-821
-811
-723
-658
-636
-538
-478
-423
-306
-240
-163
-44
-5
70
158
186
266
332
354
425
475
486
552
546
547
592
565
577
582
538
546
512
476
490
469
470
498
482
486
476
426
426
414
410
419
415
405
395
379
371
377
380
409
418
422
438
421
407
403
396
415
433
441
447
438
435
416
382
360
338
303
266
231
185
151
85
18
-26
-103
-131
-148
-191
-221
-292
-385
-454
-523
-586
-610
-652
-707
-753
-839
-911
-943
-995
-990
-967
-978
-958
-951
-954
-939
-947
-931
-898
-867
-798
-738
-676
-637
-609
-541
-471
-390
-306
-242
-180
-125
-81
-47
8
83
135
214
282
291
341
361
353
407
406
398
447
427
426
451
397
386
394
371
417
426
412
424
390
380
386
377
400
411
396
408
395
381
396
417
452
489
505
522
530
535
548
557
554
571
591
594
606
596
582
581
573
553
531
512
464
415
389
336
289
236
173
128
80
35
-3
-44
-97
-169
-252
-346
-432
-492
-550
-595
-657
-706
-759
-832
-875
-898
-914
-904
-898
-906
-899
-914
-923
-897
-902
-872
-815
-804
-735
-672
-650
-580
-524
-494
-397
-336
-289
-206
-163
-126
-58
-19
25
98
133
184
234
253
272
294
297
301
320
324
329
339
344
344
353
348
344
364
354
362
374
360
358
372
368
379
384
373
388
390
401
443
449
453
473
464
473
495
490
504
523
522
526
536
522
533
538
521
524
508
474
461
438
399
379
332
283
243
189
137
96
45
8
-26
-80
-114
-164
-231
-289
-352
-416
-473
-513
-551
-602
-648
-697
-746
-778
-797
-807
-813
-813
-818
-807
-802
-823
-807
-791
-776
-740
-702
-679
-633
-600
-569
-508
-475
-427
-373
-342
-282
-223
-196
-168
-135
-98
-54
-5
32
76
110
122
136
152
178
227
257
276
316
312
317
336
338
365
395
399
424
446
450
454
452
452
464
472
505
532
551
567
547
524
519
520
526
553
557
562
549
521
512
494
488
482
467
457
449
434
410
380
344
314
288
253
222
186
152
100
57
19
-23
-52
-91
-136
-179
-229
-288
-346
-402
-442
-497
-531
-551
-597
-630
-666
-704
-726
-759
-767
-759
-759
-742
-732
-754
-758
-743
-743
-727
-712
-704
-671
-652
-644
-596
-585
-548
-502
-471
-416
-370
-340
-304
-275
-243
-190
-155
-116
-70
-48
-30
-6
4
37
71
112
155
189
216
245
272
305
333
364
409
430
462
476
490
507
520
531
554
577
584
609
610
596
605
613
619
625
622
623
614
599
584
568
556
542
539
525
491
480
455
420
400
377
353
328
305
285
257
222
195
158
113
74
47
2
-39
-82
-117
-155
-191
-219
-260
-289
-314
-340
-369
-406
-425
-445
-470
-482
-505
-528
-550
-571
-591
-588
-589
-590
-579
-573
-556
-544
-547
-537
-523
-518
-493
-467
-448
-419
-399
-377
-350
-318
-290
-259
-234
-217
-187
-172
-151
-114
-88
-59
-30
-4
23
58
79
114
140
170
216
228
264
285
281
296
306
324
344
348
361
376
380
381
385
395
414
433
449
450
439
435
420
417
409
403
388
375
375
361
354
348
345
333
318
315
295
287
274
254
251
225
201
183
151
119
91
52
29
19
-10
-36
-58
-98
-140
-172
-200
-223
-241
-252
-264
-282
-302
-329
-357
-371
-383
-390
-399
-413
-428
-435
-458
-470
-466
-469
-461
-453
-462
-461
-459
-466
-453
-442
-429
-407
-397
-389
-372
-368
-348
-324
-305
-274
-248
-227
-199
-169
-136
-95
-53
-10
43
84
96
120
133
144
184
210
226
249
264
273
293
295
310
339
352
370
369
369
380
370
364
356
351
354
354
349
340
331
314
311
314
303
300
283
269
260
247
232
217
204
198
189
174
167
163
157
146
140
120
111
97
80
70
55
37
18
-7
-19
-36
-60
-65
-89
-112
-128
-149
-170
-181
-199
-209
-230
-254
-270
-286
-300
-304
-312
-338
-338
-341
-341
-344
-346
-333
-323
-312
-298
-279
-270
-281
-271
-265
-264
-251
-244
-238
-219
-211
-194
-171
-153
-126
-110
-94
-76
-60
-39
-27
-13
7
29
55
75
84
104
125
142
170
176
209
230
242
262
278
285
299
319
318
322
310
307
302
285
282
283
286
285
279
270
259
249
233
217
205
195
191
177
164
148
126
104
86
74
70
61
44
34
27
9
-17
-21
-27
-44
-56
-68
-82
-92
-105
-121
-128
-145
-152
-147
-151
-153
-161
-165
-171
-176
-182
-180
-174
-180
-179
-181
-185
-178
-182
-199
-200
-204
-206
-191
-200
-199
-182
-182
-177
-175
-171
-157
-143
-136
-128
-113
-104
-93
-74
-61
-48
-36
-30
-9
2
22
37
51
71
81
102
116
138
152
160
171
171
184
191
194
200
208
206
207
205
207
209
214
217
221
224
215
219
214
209
204
204
199
199
195
193
187
176
157
136
132
112
100
82
65
55
44
29
22
-13
-31
-45
-74
-89
-115
-138
-155
-169
-182
-186
-195
-213
-226
-235
-237
-231
-233
-234
-240
-244
-249
-264
-265
-254
-248
-241
-232
-221
-214
-215
-202
-202
-195
-178
-156
-135
-123
-111
-91
-80
-76
-67
-50
-35
-25
-14
-7
9
23
22
19
17
24
35
34
38
48
55
56
59
64
74
88
89
96
95
96
110
111
111
105
117
124
120
125
126
129
124
128
132
144
160
167
170
168
169
153
155
155
158
156
155
150
144
131
110
102
93
94
88
86
87
82
77
73
57
38
26
19
4
-19
-32
-38
-53
-78
-98
-115
-126
-142
-144
-155
-162
-169
-184
-196
-208
-195
-204
-208
-211
-208
-205
-209
-205
-201
-196
-191
-181
-172
-154
-147
-134
-127
-118
-95
-82
-74
-63
-48
-32
-29
-20
-7
9
29
43
53
67
83
95
98
107
129
145
150
148
153
160
171
176
179
185
181
180
176
173
172
167
163
157
148
152
147
137
139
132
136
134
129
130
127
117
105
97
77
72
68
63
57
52
45
34
27
24
22
14
6
-2
-7
-16
-28
-40
-54
-66
-70
-85
-101
-115
-125
-130
-142
-141
-151
-160
-171
-172
-182
-194
-199
-207
-214
-216
-213
-214
-208
-205
-205
-207
-206
-210
-201
-199
-186
-178
-169
-161
-161
-163
-164
-156
-147
-132
-124
-109
-94
-72
-56
-46
-33
-20
1
17
36
48
65
74
82
88
97
118
130
142
154
169
176
183
198
205
215
227
232
236
235
241
241
243
245
246
251
250
251
241
231
224
216
207
197
188
178
171
161
151
143
126
117
104
89
83
71
51
39
23
8
2
-14
-31
-47
-63
-77
-95
-115
-128
-146
-158
-162
-171
-169
-174
-183
-189
-196
-199
-209
-209
-210
-204
-203
-201
-203
-214
-216
-220
-218
-212
-207
-196
-184
-186
-184
-181
-180
-171
-164
-162
-158
-150
-137
-124
-115
-103
-95
-88
-83
-81
-70
-58
-48
-36
-24
-12
-2
9
14
25
35
47
65
73
87
97
113
124
134
143
151
160
164
175
185
190
192
194
197
205
217
223
226
225
228
231
231
222
217
217
212
206
198
195
186
177
165
154
145
132
122
103
88
70
54
36
11
-8
-16
-22
-37
-43
-52
-65
-81
-99
-106
-115
-119
-122
-133
-149
-163
-171
-175
-178
-184
-178
-177
-176
-168
-172
-170
-169
-171
-168
-167
-162
-153
-143
-136
-120
-106
-100
-91
-86
-79
-71
-60
-43
-38
-39
-25
-15
-7
1
15
18
24
31
41
50
55
63
68
73
74
77
84
84
89
95
102
117
123
129
129
134
138
145
152
154
166
177
183
182
185
184
178
179
181
188
189
193
186
172
165
158
147
134
121
103
90
73
57
39
21
4
-16
-31
-47
-60
-71
-89
-109
-122
-139
-158
-176
-196
-209
-215
-230
-241
-247
-255
-255
-257
-261
-262
-264
-258
-262
-265
-260
-257
-247
-239
-236
-232
-222
-209
-197
-189
-177
-167
-162
-151
-146
-133
-116
-102
-94
-81
-72
-66
-55
-44
-34
-23
-7
7
22
32
40
55
70
85
96
104
114
123
130
137
142
148
148
154
161
172
177
181
182
187
189
188
191
197
198
200
211
207
209
210
207
213
211
214
214
212
215
211
205
189
181
166
159
151
140
136
125
114
96
73
57
41
23
7
-13
-28
-41
-59
-76
-101
-114
-131
-152
-168
-187
-203
-219
-228
-239
-247
-254
-256
-255
-253
-242
-247
-247
-233
-229
-223
-226
-219
-209
-204
-200
-189
-180
-170
-151
-143
-131
-116
-105
-91
-79
-68
-53
-43
-28
-18
-13
-6
4
12
22
32
35
45
44
48
52
55
60
66
67
70
81
80
85
87
89
102
110
121
125
124
131
139
141
147
160
169
177
177
182
186
188
191
187
191
196
191
190
183
180
175
166
161
152
139
129
121
110
101
97
92
72
53
32
15
2
-14
-27
-41
-59
-73
-83
-96
-103
-111
-123
-137
-161
-176
-184
-186
-191
-192
-194
-193
-195
-210
-210
-207
-198
-189
-188
-179
-176
-165
-153
-144
-134
-127
-117
-104
-87
-76
-64
-52
-45
-36
-24
-14
-8
5
17
24
32
32
41
50
59
65
73
83
89
99
101
103
103
110
114
117
120
116
129
127
134
137
135
137
135
143
139
146
145
140
140
144
148
148
146
143
143
140
139
138
146
154
156
153
147
144
137
126
116
112
108
104
94
81
63
54
42
29
16
-5
-12
-27
-41
-50
-63
-74
-94
-109
-127
-143
-150
-155
-162
-173
-179
-187
-195
-202
-208
-214
-213
-217
-223
-226
-229
-228
-231
-224
-218
-211
-205
-200
-193
-186
-172
-157
-147
-135
-122
-108
-89
-85
-77
-64
-49
-36
-26
-21
-16
-4
-1
5
18
19
26
35
40
46
51
59
59
67
79
86
93
102
105
106
107
109
114
117
128
133
137
137
138
148
153
159
161
156
157
155
161
158
161
157
147
143
138
142
135
134
130
120
110
100
90
78
67
55
44
31
15
3
-7
-14
-33
-45
-62
-76
-85
-94
-98
-114
-122
-134
-143
-148
-163
-173
-175
-180
-189
-192
-203
-212
-214
-217
-211
-208
-206
-202
-198
-191
-182
-169
-170
-164
-161
-163
-159
-154
-143
-134
-125
-117
-114
-102
-95
-83
-68
-58
-50
-38
-24
-16
-4
4
11
22
34
39
50
59
67
78
85
101
108
114
129
140
149
164
170
178
187
194
197
197
194
196
199
204
200
201
200
204
212
208
206
199
195
191
189
185
175
169
166
157
148
140
125
118
107
96
90
70
47
32
27
15
3
-11
-30
-43
-47
-55
-75
-88
-107
-120
-133
-144
-150
-161
-167
-180
-191
-192
-195
-194
-199
-199
-192
-187
-188
-189
-186
-183
-178
-171
-167
-161
-149
-140
-133
-125
-123
-116
-109
-101
-93
-83
-67
-55
-44
-40
-33
-20
-9
-4
0
13
19
20
27
35
46
53
63
67
75
86
88
95
102
108
111
122
127
140
146
153
167
172
173
179
192
198
197
206
208
213
213
214
214
210
208
208
210
210
204
200
194
180
178
165
152
143
126
114
101
90
78
61
46
24
6
-14
-31
-52
-69
-84
-96
-108
-118
-133
-148
-158
-172
-179
-187
-192
-201
-213
-216
-218
-225
-224
-228
-231
-235
-234
-231
-231
-227
-224
-219
-215
-208
-204
-195
-188
-184
-178
-175
-168
-154
-141
-131
-123
-111
-100
-92
-86
-72
-69
-61
-48
-40
-31
-19
-8
-2
3
18
30
38
43
53
64
72
76
79
88
98
102
107
115
118
120
129
138
142
142
148
161
169
173
175
177
183
186
186
188
197
195
190
193
185
175
172
170
164
160
155
147
140
127
118
106
95
89
75
67
62
53
33
14
-4
-15
-28
-39
-40
-51
-63
-79
-94
-100
-115
-121
-130
-143
-147
-157
-156
-152
-152
-168
-172
-168
-168
-165
-163
-164
-159
-160
-165
-162
-169
-174
-170
-164
-163
-156
-144
-141
-134
-122
-112
-107
-96
-88
-85
-67
-62
-55
-45
-34
-30
-20
-12
-4
3
10
18
24
33
43
49
55
64
67
71
70
78
83
87
97
102
110
114
119
122
123
124
127
134
131
135
134
134
134
131
126
119
116
111
109
106
98
90
90
89
81
71
68
67
61
54
48
46
45
39
38
28
13
11
4
-9
-18
-28
-39
-39
-40
-46
-49
-48
-53
-57
-58
-62
-65
-64
-68
-71
-72
-77
-79
-80
-86
-88
-96
-93
-96
-99
-95
-89
-84
-93
-90
-87
-87
-85
-81
-78
-70
-56
-58
-54
-49
-51
-42
-41
-34
-30
-22
-13
-7
1
6
12
18
33
42
52
66
76
81
80
94
96
97
99
104
111
112
123
120
120
125
125
127
123
118
119
119
113
105
100
101
96
96
85
78
77
70
66
58
53
49
43
36
28
22
21
18
12
8
-12
-20
-25
-27
-28
-35
-39
-46
-54
-56
-58
-61
-65
-67
-67
-76
-87
-99
-103
-111
-112
-112
-116
-117
-120
-118
-121
-118
-120
-122
-113
-114
-112
-109
-106
-98
-104
-109
-110
-109
-106
-108
-111
-108
-110
-112
-112
-109
-101
-91
-82
-70
-61
-58
-51
-45
-35
-28
-14
3
12
23
33
42
50
62
72
78
87
96
109
118
128
128
136
143
147
154
154
158
165
162
162
163
163
164
158
157
156
159
158
154
154
150
142
133
121
114
110
105
96
91
82
71
61
53
41
36
33
23
10
2
-2
2
-5
-14
-21
-27
-33
-43
-47
-56
-61
-61
-71
-79
-88
-92
-99
-106
-106
-114
-117
-117
-112
-115
-124
-128
-130
-136
-145
-145
-148
-154
-154
-147
-151
-154
-152
-145
-144
-140
-135
-135
-130
-123
-117
-111
-103
-92
-81
-76
-67
-60
-54
-39
-29
-17
-8
-1
6
12
18
21
36
45
58
69
74
82
92
95
99
107
114
120
128
138
139
148
151
149
147
153
153
152
147
146
142
139
136
129
120
115
112
106
105
95
91
83
78
74
68
62
53
50
48
38
31
15
6
4
1
-9
-18
-21
-32
-38
-41
-44
-44
-42
-47
-53
-65
-70
-72
-78
-84
-91
-96
-99
-101
-97
-98
-106
-110
-119
-122
-119
-119
-119
-118
-116
-113
-111
-112
-112
-115
-110
-102
-92
-86
-82
-74
-63
-54
-46
-36
-29
-23
-17
-9
-7
-1
6
15
26
30
38
50
55
60
68
71
77
80
80
88
90
91
91
93
94
103
106
106
111
109
110
110
103
103
98
99
95
91
88
87
88
79
79
73
72
60
60
53
45
45
33
25
21
15
12
14
12
4
0
-10
-16
-19
-19
-22
-28
-22
-27
-34
-39
-42
-45
-48
-53
-61
-70
-78
-79
-89
-89
-98
-102
-98
-100
-96
-91
-90
-87
-90
-94
-98
-102
-104
-101
-100
-97
-96
-100
-94
-98
-90
-82
-78
-69
-67
-59
-62
-56
-48
-41
-40
-37
-29
-26
-19
-14
-8
-4
8
22
26
28
29
32
37
39
38
38
38
39
46
41
44
43
45
50
52
57
56
63
65
66
63
59
56
55
57
54
58
61
58
56
53
50
44
40
35
32
28
27
25
21
14
4
11
13
17
20
14
10
5
2
-2
-4
-9
-9
-13
-16
-15
-18
-19
-22
-20
-24
-27
-28
-34
-32
-32
-36
-35
-34
-31
-28
-26
-26
-28
-35
-34
-37
-43
-33
-32
-27
-25
-24
-24
-21
-24
-20
-15
-13
-11
-13
-13
-4
-1
-3
4
3
7
10
14
16
17
16
18
26
26
26
31
38
39
51
49
46
41
41
40
39
34
35
37
36
35
29
34
33
32
32
29
32
26
20
22
18
14
14
12
12
11
12
15
14
10
12
12
12
14
6
0
-3
-9
-14
-17
-17
-13
-14
-16
-15
-13
-14
-18
-21
-25
-33
-34
-37
-42
-43
-47
-44
-49
-52
-56
-64
-69
-72
-73
-72
-73
-73
-70
-68
-69
-64
-64
-62
-61
-63
-60
-57
-48
-50
-48
-47
-42
-39
-37
-35
-31
-27
-28
-17
-12
-12
-7
-4
-1
3
8
12
17
22
27
30
32
32
35
41
47
45
53
56
58
62
68
75
75
77
82
79
81
87
84
83
81
76
72
74
77
79
79
85
84
80
78
76
78
78
74
69
66
61
66
63
57
54
54
56
49
44
39
36
32
30
28
26
26
23
16
12
7
-2
-8
-14
-11
-15
-18
-17
-21
-27
-35
-43
-51
-57
-62
-68
-78
-82
-84
-84
-88
-91
-93
-99
-100
-105
-111
-109
-108
-106
-105
-103
-97
-92
-87
-80
-76
-70
-63
-61
-60
-55
-49
-43
-36
-32
-24
-20
-16
-14
-8
-1
10
20
20
24
28
32
33
32
41
47
48
52
56
57
55
57
58
59
58
59
63
63
62
63
63
61
67
65
65
66
63
60
56
54
53
51
48
49
47
47
43
40
36
31
29
24
24
20
16
10
7
4
3
2
-1
-5
-7
-10
-16
-20
-23
-28
-36
-38
-41
-44
-43
-49
-48
-50
-51
-56
-56
-57
-56
-56
-57
-55
-56
-55
-56
-53
-52
-52
-47
-49
-44
-45
-46
-42
-42
-35
-33
-29
-25
-26
-23
-17
-11
-12
-6
-2
2
5
9
15
17
20
26
28
34
36
37
39
46
46
46
47
48
47
48
50
46
45
49
53
51
49
47
43
44
42
34
34
32
26
25
25
22
23
17
17
14
9
8
0
-1
-2
-7
-13
-10
-12
-13
-15
-18
-20
-23
-25
-27
-25
-29
-26
-30
-34
-34
-35
-37
-41
-41
-45
-46
-44
-45
-47
-45
-46
-47
-47
-48
-49
-48
-49
-45
-50
-48
-44
-43
-39
-37
-36
-37
-33
-32
-32
-29
-26
-26
-17
-13
-14
-12
-7
-7
-9
-2
4
4
11
16
13
19
21
19
20
22
23
25
30
33
35
36
35
39
40
40
40
40
43
43
43
45
51
50
48
51
50
48
47
46
45
44
44
40
39
38
36
33
33
33
30
29
25
22
19
17
16
19
15
15
17
14
16
17
15
13
13
14
9
7
3
0
-2
-5
-8
-10
-13
-17
-17
-19
-20
-22
-27
-25
-30
-31
-33
-36
-38
-39
-42
-44
-47
-44
-45
-48
-45
-48
-48
-48
-50
-51
-51
-48
-50
-49
-46
-44
-41
-41
-39
-38
-36
-34
-29
-28
-27
-25
-21
-18
-17
-11
-12
-6
-4
-1
2
5
6
9
11
11
15
19
21
20
23
25
24
24
28
29
31
27
28
29
26
29
27
27
26
25
24
23
24
22
21
21
19
19
21
19
16
18
17
15
16
15
13
11
13
14
11
9
9
10
10
9
6
5
6
3
3
3
0
1
0
-4
-5
-8
-11
-11
-15
-14
-17
-20
-20
-22
-22
-25
-27
-26
-27
-27
-28
-30
-29
-28
-30
-30
-30
-30
-30
-28
-26
-26
-25
-23
-21
-18
-17
-15
-13
-13
-9
-8
-6
-3
-1
0
3
4
6
11
15
14
17
21
20
23
25
25
26
27
27
27
28
32
32
30
31
31
29
29
30
29
31
28
27
29
27
25
24
24
23
23
23
23
22
21
20
18
13
12
13
10
10
8
6
5
4
2
0
-2
-4
-3
-6
-8
-9
-12
-11
-13
-14
-15
-15
-18
-18
-21
-21
-20
-23
-22
-24
-25
-24
-25
-24
-25
-25
-25
-25
-26
-25
-26
-27
-25
-24
-25
-24
-23
-21
-18
-18
-16
-13
-13
-12
-9
-9
-5
-2
-1
1
4
5
7
9
11
13
15
16
16
16
19
18
20
23
24
24
23
26
24
26
27
24
26
25
24
24
24
22
21
19
21
19
19
19
15
13
12
10
8
7
8
5
4
2
0
-1
-2
-1
-2
-3
-4
-6
-7
-7
-8
-10
-11
-10
-11
-11
-12
-11
-14
-13
-14
-14
-13
-14
-14
-14
-14
-13
-15
-14
-14
-14
-14
-14
-13
-14
-14
-13
-14
-13
-12
-12
-12
-11
-11
-10
-8
-8
-9
-6
-6
-5
-5
-3
-2
-1
0
0
2
3
5
5
6
9
9
9
11
12
15
16
16
17
16
17
18
18
20
18
19
19
18
18
17
19
16
16
15
15
15
13
12
10
8
8
5
5
3
2
1
-1
-2
-4
-4
-4
-6
-7
-10
-13
-13
-14
-15
-15
-17
-16
-18
-17
-17
-18
-19
-20
-18
-19
-18
-19
-19
-18
-19
-19
-17
-17
-18
-17
-16
-14
-12
-13
-11
-11
-11
-9
-8
-7
-6
-7
-7
-6
-4
-4
-2
-2
-1
1
1
2
2
5
7
7
10
11
12
13
14
14
15
17
16
19
18
20
21
22
23
23
24
26
27
26
27
27
27
26
26
25
23
23
23
23
23
23
20
17
15
14
12
11
9
8
6
4
2
0
0
-1
-3
-5
-7
-8
-9
-12
-12
-14
-17
-17
-20
-19
-20
-22
-23
-25
-26
-26
-25
-25
-25
-25
-26
-27
-26
-25
-24
-25
-24
-25
-23
-23
-22
-21
-20
-20
-19
-16
-15
-14
-14
-14
-13
-11
-10
-6
-6
-3
-4
-4
-2
-1
2
5
5
7
7
9
9
11
13
13
12
14
14
15
16
16
18
18
19
20
21
21
22
22
21
21
21
21
21
21
22
21
20
20
19
19
19
19
16
13
11
9
11
11
9
5
2
1
2
4
3
0
-5
-8
-7
-5
-3
-5
-10
-14
-16
-16
-13
-13
