6
7
5
6
4
5
4
4
4
3
3
2
3
1
1
1
1
0
0
1
1
2
2
3
4
5
7
7
6
6
5
6
5
6
5
5
5
5
3
3
2
1
1
2
2
3
3
2
2
3
2
2
4
4
5
6
6
6
5
5
5
4
5
5
4
5
5
4
4
2
2
0
-1
-1
-1
-1
0
-2
-2
-1
-2
-2
-2
-3
-4
-4
-3
-1
-1
-1
-1
1
-2
0
-1
0
1
1
1
0
1
1
1
0
0
1
1
2
2
2
1
1
-1
-1
-2
-3
-2
-1
-1
0
-1
-1
-2
-2
-4
-2
-2
-1
1
0
1
0
-1
-1
-1
-3
-1
-1
-2
-1
-1
-3
-3
-5
-5
-7
-8
-8
-8
-7
-7
-6
-7
-5
-6
-5
-5
-4
-3
-1
1
2
2
4
3
4
5
4
4
4
3
3
2
1
0
-2
-2
-1
-1
-2
-2
-1
-1
-2
-1
-1
-1
0
0
2
2
4
4
5
5
5
4
5
4
4
4
3
3
2
1
1
-1
-3
-3
-3
-3
-4
-3
-3
-3
-2
-1
-3
-2
-2
-2
-1
-1
0
1
3
3
1
1
2
2
2
3
3
3
5
5
4
5
4
3
3
3
4
5
3
4
3
1
0
-1
-1
-3
-2
-2
-3
-3
-4
-5
-6
-6
-6
-5
-4
-4
-2
-2
-1
0
-1
-1
-2
-2
-2
0
-1
0
0
-1
0
-2
-6
-7
-7
-7
-6
-5
-5
-6
-4
-3
-2
-2
-1
1
1
2
3
4
5
6
6
6
7
7
6
4
3
2
0
0
0
-1
-3
-3
-3
-2
-2
-1
0
0
0
0
2
3
4
5
7
7
7
8
9
10
7
6
6
5
2
1
2
0
-2
-2
0
-1
-3
-4
-3
-3
-3
-1
1
1
3
2
6
5
3
5
6
7
6
7
8
8
6
6
8
3
2
3
2
1
0
0
1
0
0
1
3
3
3
5
5
5
3
7
6
4
4
6
6
4
5
5
4
1
0
2
0
0
2
2
0
-1
-1
2
1
-1
1
0
0
-1
3
5
4
2
6
5
5
6
8
7
6
5
8
8
5
5
5
6
1
-1
2
2
-2
-4
0
1
-2
1
5
4
-1
1
4
7
4
7
11
6
3
5
9
8
3
1
4
1
-4
0
2
-3
-9
-8
-6
-7
-10
-7
-2
-5
-7
-3
0
-3
-4
-2
3
-1
-2
4
7
3
2
3
2
1
-3
-1
-2
-8
-11
-4
-3
-8
-11
-10
-10
-15
-13
-7
-10
-13
-9
-4
-4
-1
0
3
0
-2
-2
5
4
0
-1
-1
0
-5
-4
-2
0
-7
-1
-5
-10
-8
-10
-5
-5
-6
-2
-5
-7
-8
-7
-7
-8
-11
-3
2
-8
-2
-3
-5
-6
-5
1
0
-13
-4
0
-9
-5
-6
-8
-11
-17
-17
-8
-12
-18
-11
-6
-11
-17
-18
-7
-1
-4
20
21
5
-1
8
6
9
7
1
10
-7
-8
8
10
-2
-9
-13
6
9
-8
3
5
-12
-31
-17
-8
-18
-14
-15
10
1
-11
4
4
-7
-2
7
11
5
-2
3
-1
4
-18
1
0
-8
-6
-19
-17
-17
-4
6
15
-3
-5
-24
-24
-10
9
35
19
17
30
18
-5
-7
14
26
14
15
17
-5
-27
-29
-4
3
10
7
3
-16
-4
-7
-11
-16
-23
-5
-3
-13
-10
-11
-15
-3
-10
3
13
8
17
37
21
13
-2
-23
2
2
11
65
18
-9
-10
-13
3
1
-1
22
6
-5
-11
14
23
1
4
-1
7
14
-3
22
13
10
-14
-18
17
11
7
27
4
28
-13
-8
21
10
2
-20
-2
-19
-29
-38
4
23
29
-27
10
-4
-27
-8
12
42
42
31
12
8
-19
4
21
50
67
64
47
-8
-43
-24
-11
22
34
1
-1
-20
-74
-19
-23
34
28
-26
8
2
-28
-8
-30
-10
7
-47
3
11
21
14
9
16
36
27
-11
-2
-15
-11
4
7
4
5
-60
-53
14
22
13
29
44
-14
-14
3
35
9
-49
-5
47
7
3
22
15
4
-26
28
32
-1
-65
-69
-7
-13
28
-1
-16
-35
-68
-61
-30
6
33
-4
-63
-16
3
15
-24
-2
-5
11
-22
4
72
46
-14
-8
0
41
45
-3
48
-4
-21
-5
31
-25
-22
8
34
-18
-24
12
-20
-25
-6
6
37
37
26
-1
-39
-15
-10
-61
-27
36
33
92
32
0
-33
-10
-22
22
50
70
58
7
-31
28
5
-31
49
29
61
-4
17
39
-26
-18
0
20
2
15
77
60
-62
-24
-22
14
12
35
38
-7
-64
-44
-23
24
78
33
-34
-63
-7
-37
-22
-18
27
-3
24
8
-17
-26
-28
-42
31
65
23
11
9
-67
-61
-42
1
77
-8
-9
-16
-72
-45
19
10
98
-1
-65
-82
-83
-59
-50
114
49
-49
-42
-53
2
-50
-78
13
-34
-28
-21
20
-11
-49
-80
6
12
31
-5
-26
-63
-51
-11
17
17
48
91
30
-7
-21
-16
-7
23
-10
24
-49
-45
-34
-68
-2
-22
-36
-7
-41
11
63
-28
-3
-56
-115
-32
-22
26
23
-20
-12
-12
-31
14
45
-32
-14
-2
10
30
-37
-59
-1
-51
-57
-41
-4
17
6
39
7
23
-37
-37
-50
-30
22
36
-4
28
5
24
15
35
40
27
-44
-97
-14
-32
36
-28
-4
3
-87
-50
-6
-17
48
36
86
79
24
33
-3
30
31
3
1
25
22
-61
19
77
47
8
39
-21
51
49
42
21
-33
-27
8
-35
40
35
-55
-68
2
70
-5
28
-37
-10
-73
14
-1
-21
-73
-10
-68
-70
14
-6
-19
-129
-72
6
-17
42
112
61
-28
-29
-45
-89
-47
65
114
88
-1
-12
-84
-132
-94
-57
-42
-20
-18
-46
-32
-52
-89
-103
1
-69
52
19
-40
-24
-56
-74
9
30
4
-54
-190
-157
-44
-58
27
169
-22
-78
-199
-103
26
-41
6
-18
-143
-70
-2
-58
-119
-176
50
38
33
-2
-96
-47
-40
-197
-41
167
90
-69
-189
-103
58
71
-16
26
-3
13
59
-85
-83
-50
37
38
99
107
102
59
-190
-140
91
181
274
113
26
-92
-143
-99
23
141
241
248
80
-90
-52
70
117
60
79
229
214
69
-60
-27
121
-86
125
337
213
35
-46
29
13
46
177
196
-47
-133
-16
152
79
154
20
39
57
-96
64
120
39
-27
-27
75
36
31
-11
27
8
82
128
-38
-11
289
204
-67
-106
-38
83
-33
-70
114
205
147
-42
-164
-3
103
20
-70
41
186
125
-142
-79
39
-14
66
-3
9
-7
-15
-23
-56
-144
-58
72
8
-127
-157
-68
19
74
-77
41
74
-96
-375
-198
78
111
168
-32
-22
-146
-358
-63
264
24
6
-29
-67
-69
-142
135
80
-65
-199
-173
-35
223
151
83
-169
-161
9
-10
148
29
-78
-93
1
49
188
82
115
-56
-175
-145
14
102
118
-3
44
48
-190
-194
-66
89
105
8
-39
-129
-217
-2
106
66
-83
-114
-77
-180
-64
157
-13
-108
-161
-42
-32
-41
46
-122
3
158
-36
-40
-26
-24
98
-80
-113
71
-27
-40
24
-50
38
37
-135
-94
-89
19
158
81
-56
-7
-46
-209
-60
117
110
46
43
-99
-254
-157
31
7
-30
38
62
39
6
53
125
-125
-290
-157
24
247
257
-92
-133
-206
-83
36
204
291
80
-120
-121
-107
-5
202
186
32
-77
4
44
-21
-12
342
217
50
2
-146
-47
-57
-36
217
110
35
-196
-140
97
272
112
30
67
-99
-142
150
113
77
-39
-157
-62
-33
105
147
-34
-35
-7
16
134
-74
-85
-277
-258
-116
124
216
159
-182
-357
-154
-137
120
283
-92
-87
-152
-323
-43
-123
30
187
-45
-63
-14
-28
-17
-21
61
31
-2
-33
-53
-16
-167
-25
111
-33
6
-4
72
132
-111
-127
86
-12
144
-9
-22
-113
-287
-43
165
239
164
-78
-179
115
-82
134
38
86
-29
-84
-71
107
-72
-47
48
22
152
-4
-8
7
-46
-25
-9
-28
60
-82
-100
-31
81
133
-20
-17
87
105
-23
20
115
114
-46
-59
178
55
-177
130
151
-30
22
125
220
104
-7
157
-6
41
148
127
80
53
85
111
118
159
185
184
26
-23
114
219
333
159
-40
35
-6
-37
169
229
274
83
-85
151
105
-92
-7
-66
-5
32
-3
-21
-69
-198
-64
96
160
247
-20
-54
-264
-248
-20
203
231
-19
-63
-103
-263
-76
65
212
192
-100
-33
-56
-117
-26
-99
-9
112
-100
-85
-17
-247
-32
97
30
101
-15
-282
-139
-50
-173
74
89
20
-162
-457
-2
270
-82
-87
-24
-76
-186
-269
-62
77
81
43
-1
-128
-228
-149
-62
3
204
38
-163
-190
-289
-136
-65
140
220
51
-29
-41
-89
-74
-12
149
27
60
55
-69
-138
-159
14
7
18
91
-10
-86
-162
8
69
134
140
-99
-234
-252
-145
165
216
205
2
-253
-333
-155
87
189
267
55
-85
-132
62
173
11
46
79
115
115
34
67
42
-97
-29
176
219
-12
-42
-48
95
138
103
225
130
-161
-187
1
183
275
8
-39
-60
-205
142
173
67
131
28
47
26
-183
101
13
113
190
11
28
14
-55
-141
84
131
-8
-133
-189
-54
153
-17
46
-38
-174
86
-3
5
47
-79
-187
-107
-85
26
49
-141
-116
-26
5
189
50
62
32
-82
-128
-211
-30
160
123
-48
-73
-112
-172
-244
54
245
168
-145
-31
-85
-224
-172
-140
6
101
30
-58
-61
-118
-39
-13
97
207
28
-70
-151
-310
-178
154
123
114
-30
-16
61
63
57
89
9
114
-111
-35
-125
-39
213
29
123
103
38
23
-50
-140
91
287
145
36
-177
-12
98
-175
96
227
27
120
-115
112
54
-114
-22
-61
20
77
-245
-220
194
276
46
-90
98
16
-61
41
230
139
-61
-204
-62
-84
69
52
-90
100
-134
-56
207
249
-111
-154
-103
74
-26
-89
186
240
30
-221
-44
69
-42
-110
49
28
82
-202
22
87
33
139
9
-66
14
7
150
77
120
18
-49
-62
-509
-167
315
264
165
-89
-11
54
-198
-115
312
140
-58
29
-63
53
-48
-149
-47
-139
-68
252
125
141
5
-124
-362
-132
73
124
202
175
-20
-142
-219
91
75
128
188
69
-46
-166
-199
-27
48
-34
-143
1
87
44
-33
9
53
-40
-51
132
69
-175
-108
44
267
146
48
82
151
-63
-157
110
49
131
-23
-69
-56
-125
-10
6
-2
-40
64
-13
104
-80
-228
-84
28
48
181
103
154
44
-132
-75
-77
142
90
-76
-78
12
-17
-16
94
108
30
93
-6
-10
-60
-69
48
89
-6
-42
-111
-267
-364
-158
287
349
145
248
103
-111
-118
10
67
61
115
207
-99
-243
88
2
40
52
-46
96
128
65
-42
12
90
-169
-348
-64
306
47
-152
140
78
61
4
76
-15
-188
80
83
-117
157
253
-55
-72
-42
71
-93
111
86
-9
-180
-22
137
-125
-258
50
155
-94
-149
-74
115
105
311
124
-53
-316
13
240
117
352
10
-383
-306
-314
138
177
-49
-118
-286
5
34
-42
156
107
-64
-263
-231
221
138
61
137
-29
-138
-315
-16
217
216
-13
117
-22
-320
-170
-34
332
263
4
-92
-258
-347
64
-67
61
-145
-216
-53
-126
-197
-5
56
121
35
-250
-53
31
296
188
132
-85
-137
-133
-139
-71
180
74
-55
-284
-224
-141
-137
39
58
29
-24
-183
-12
6
47
236
58
-304
-358
-278
-85
211
149
63
-45
-218
-165
-47
264
364
97
-294
-137
-58
-47
139
-119
-214
-19
-159
-51
105
-97
48
-156
-214
157
241
-27
-131
-186
15
146
68
-178
-155
54
74
63
-93
91
109
-261
-343
-92
258
176
-134
-152
-13
65
-158
-113
180
223
204
17
-201
-392
-243
-115
-78
143
172
197
156
-133
-3
-136
-153
5
-132
241
220
216
273
-236
-338
-203
81
319
102
60
227
-9
-107
-166
-136
-137
18
-262
18
264
-96
-241
-237
-135
-95
37
441
499
29
-243
-83
12
36
-170
-74
201
0
-90
106
71
50
24
6
314
105
-133
-1
-58
-242
-114
-85
498
107
-196
-228
-185
70
43
-31
17
134
151
-280
-251
-59
153
104
-178
27
178
-1
-91
118
197
193
-51
-162
-137
-62
189
325
313
-54
-120
-65
-14
-69
-166
61
100
0
-254
-134
20
-33
-220
-21
233
286
322
145
-53
-182
-280
-207
-116
27
164
-16
-289
-151
240
290
176
133
133
29
70
-1
64
-64
-10
88
70
18
3
-96
-198
156
-69
-215
105
242
-17
-129
-157
-73
40
-85
10
83
-18
111
24
31
263
178
53
40
-70
-170
145
155
171
-21
-327
-12
113
219
345
-103
-323
-34
41
109
288
119
-56
-475
-386
52
-14
202
242
-66
-290
-351
-134
259
337
292
166
-151
-170
-358
-350
136
303
0
-11
81
49
-170
-345
-71
158
118
68
120
57
-153
-270
-228
181
91
85
161
192
225
-72
-168
-41
-194
-93
136
140
359
-39
-121
-105
-180
-52
28
-34
-168
-78
-2
-34
-131
-54
-10
-180
-30
90
130
152
83
125
104
1
-90
13
201
116
85
154
64
-217
-298
-43
188
-88
-227
-160
-117
-126
-120
-128
-93
-120
-152
-8
68
-15
-74
-83
58
238
189
186
164
124
103
82
260
339
205
44
82
247
36
-176
-125
-113
-124
-92
-92
-210
-313
-249
-100
104
160
134
-42
-36
31
-212
-150
-84
-55
111
205
291
159
35
-82
-136
-112
107
166
154
104
78
1
-122
-196
-142
-123
-39
-64
1
12
-113
-143
-30
148
81
-28
72
84
33
-8
8
-9
-23
17
101
228
195
117
55
87
82
-57
-169
-118
-119
-65
43
94
44
-46
-195
-203
-9
50
-62
-66
-35
-59
-60
-52
3
-19
-62
-53
-39
-24
-10
-34
36
32
83
43
-17
-13
14
-13
54
49
3
-108
-172
-78
17
104
6
3
14
-52
-141
-129
-139
-123
-123
-58
49
19
-17
3
-37
-30
-79
-152
-84
-19
-51
-12
38
34
26
9
41
39
25
34
-74
-110
-107
-90
10
-7
-38
-67
-44
-27
-34
-70
-79
-10
-38
-39
-86
-133
-68
-32
-13
48
77
36
7
4
97
139
126
172
175
168
119
88
123
96
34
-27
-35
-14
7
67
44
21
15
42
36
46
33
-3
-15
-23
41
82
96
128
139
154
168
118
120
115
127
124
143
118
63
68
58
71
121
140
97
72
95
104
59
33
15
-27
-54
55
54
6
-46
-81
-109
-71
-1
36
39
-2
56
33
20
-1
-103
-155
-166
-186
-204
-216
-239
-186
-139
-127
-192
-298
-380
-350
-284
-270
-308
-340
-287
-252
-216
-188
-194
-105
-75
-75
-40
-90
-92
-133
-134
-96
-66
-80
-89
-51
28
176
242
339
404
468
548
580
652
634
603
576
587
582
545
521
436
324
297
350
310
272
193
165
225
242
263
262
272
326
343
326
319
309
273
241
205
125
74
0
-14
2
35
100
60
70
66
-2
-69
-175
-295
-396
-454
-536
-613
-750
-897
-968
-1020
-1007
-955
-973
-1014
-1047
-1093
-1040
-1082
-1096
-1114
-1165
-1088
-1059
-1215
-1300
-1437
-1550
-1460
-1180
-268
728
1558
2111
2317
2547
2697
2526
2324
1745
974
250
-481
-830
-969
-1044
-1098
-1122
-897
-432
-160
-8
-107
-334
-426
-372
-246
-44
201
525
1000
1606
2137
2366
2322
2131
1814
1393
958
609
260
42
87
270
556
790
979
1206
1301
1324
1125
700
250
-260
-692
-1007
-1178
-1097
-923
-616
-182
214
600
832
874
863
669
382
81
-319
-525
-663
-717
-639
-612
-551
-561
-560
-531
-644
-787
-1028
-1271
-1453
-1585
-1636
-1609
-1532
-1361
-1132
-994
-946
-1020
-1180
-1410
-1670
-1914
-2167
-2389
-2538
-2511
-2114
-1438
-189
1225
2461
3407
3722
3981
3985
3440
2868
1673
427
-483
-1490
-1935
-2157
-2257
-1931
-1731
-1207
-331
41
264
156
-156
-116
-119
-47
194
399
954
1558
2154
2748
2832
2597
2195
1541
876
7
-910
-1594
-2017
-1839
-1416
-933
-269
281
877
1496
1841
2046
1850
1475
1182
807
482
152
-108
-123
14
260
543
652
770
719
565
469
256
25
-230
-358
-259
-136
-17
80
87
128
124
43
-130
-418
-643
-727
-703
-538
-415
-258
-12
231
469
528
381
55
-424
-896
-1314
-1674
-1969
-2227
-2361
-2339
-2182
-1937
-1868
-1876
-1864
-1936
-1895
-1919
-1944
-1762
-1396
-799
260
1664
3021
3946
4200
4100
3816
3111
2324
1275
-91
-1132
-2051
-2541
-2594
-2570
-2278
-1931
-1511
-723
-157
67
180
-49
-71
137
356
654
871
1168
1672
1976
2207
2140
1614
1076
406
-175
-660
-1227
-1593
-1705
-1475
-819
-138
488
1068
1570
2052
2348
2333
2124
1772
1380
1031
560
126
-245
-457
-446
-250
60
247
396
535
642
703
635
489
317
165
218
339
352
343
224
122
94
-56
-291
-600
-893
-944
-838
-673
-389
-113
190
486
696
752
566
199
-205
-696
-1160
-1485
-1741
-1791
-1736
-1584
-1347
-1258
-1207
-1279
-1577
-1803
-2216
-2673
-2963
-3219
-3104
-2526
-1807
-442
1342
2987
4392
4895
4805
4618
3777
2869
1834
143
-1164
-2305
-3113
-3073
-3074
-2845
-2270
-1852
-952
-68
190
398
161
-47
216
327
517
701
816
1332
1763
1851
1849
1358
697
122
-529
-1039
-1524
-1920
-1875
-1477
-687
286
1068
1849
2628
3235
3514
3332
2831
2170
1491
878
256
-380
-905
-1114
-937
-541
-61
326
606
891
1120
1203
1100
878
633
448
410
465
490
420
347
316
230
38
-276
-646
-939
-1050
-977
-779
-481
-129
282
718
1096
1232
1052
713
301
-188
-745
-1261
-1670
-1922
-1975
-1905
-1809
-1738
-1788
-1857
-1930
-2133
-2421
-2770
-3118
-3224
-3147
-2927
-2277
-1515
-107
1863
3341
4436
4714
4306
4113
3259
2246
1129
-864
-2237
-3169
-3912
-3732
-3706
-3567
-2721
-2020
-866
182
279
457
399
276
711
808
705
879
969
1437
1908
1829
1675
1193
647
367
-45
-572
-1006
-1310
-1097
-501
226
968
1571
2185
2842
3268
3223
2707
1923
1159
475
-21
-531
-994
-1077
-817
-212
584
1210
1784
2158
2309
2447
2140
1543
892
125
-335
-578
-827
-862
-890
-800
-468
-353
-310
-340
-460
-373
-242
-57
163
296
509
802
988
1027
840
455
10
-477
-921
-1350
-1740
-1919
-1970
-1828
-1670
-1621
-1611
-1791
-1928
-2065
-2332
-2518
-2734
-2906
-2968
-2915
-2835
-2472
-1913
-1162
566
2280
3605
4565
4435
4357
4100
2976
2152
606
-1254
-2300
-3497
-4016
-3779
-3920
-3422
-2440
-1664
-274
544
712
1156
1136
1148
1511
1396
1364
1512
1445
1760
1852
1464
1076
515
-16
-425
-999
-1534
-1764
-1645
-1075
-231
685
1582
2372
3046
3482
3550
3181
2328
1355
463
-361
-944
-1391
-1558
-1214
-605
189
1053
1694
2295
2668
2670
2460
1817
946
195
-438
-806
-969
-1063
-907
-651
-340
-37
80
77
13
-34
-29
11
120
270
433
677
883
917
833
580
196
-247
-713
-1122
-1475
-1804
-1930
-1935
-1964
-1856
-1801
-1894
-1771
-1732
-1823
-1702
-1910
-2216
-2250
-2568
-2701
-2685
-2642
-2018
-757
1172
3108
4392
4800
4780
4473
3515
2478
1100
-947
-2488
-3755
-4470
-4197
-4070
-3735
-2764
-1817
-489
805
1082
1308
1262
956
1122
1116
882
913
896
1017
1389
1281
868
429
-170
-554
-773
-1127
-1310
-1170
-747
28
995
1789
2414
2910
3263
3436
3200
2474
1514
632
-147
-756
-1226
-1527
-1363
-740
116
1124
1972
2553
2978
3098
2899
2291
1288
269
-594
-1136
-1392
-1436
-1287
-954
-427
123
456
558
434
223
98
19
-9
-4
34
197
351
451
479
285
-36
-379
-763
-1038
-1262
-1452
-1444
-1369
-1286
-1144
-1169
-1307
-1425
-1666
-1746
-2020
-2336
-2654
-3068
-3120
-3273
-3450
-3294
-2904
-2046
-213
2163
4247
5578
5728
5476
5006
3683
2508
801
-1502
-2988
-4215
-4731
-4375
-4341
-3905
-2824
-1759
-157
1047
1257
1594
1609
1578
1916
1848
1541
1404
1143
1131
1200
681
77
-511
-973
-1059
-1102
-1279
-1285
-975
-365
506
1383
2066
2590
3053
3465
3620
3309
2486
1451
452
-437
-1164
-1767
-2029
-1720
-878
264
1423
2294
2901
3191
3097
2629
1704
497
-630
-1372
-1699
-1779
-1620
-1235
-711
-99
395
619
571
280
-21
-191
-243
-205
-105
15
264
532
664
679
482
199
-120
-387
-557
-709
-893
-1011
-1040
-1095
-1170
-1424
-1730
-1789
-2008
-1978
-2059
-2400
-2537
-2893
-2862
-2824
-3173
-2979
-2656
-1848
585
3133
5330
6490
6194
5853
4842
3188
2096
-31
-2310
-3609
-4787
-4785
-4335
-4284
-3598
-2709
-1554
160
948
1277
1699
1511
1693
2096
1853
1516
1053
492
408
151
-460
-918
-1370
-1443
-1121
-995
-845
-607
-432
116
857
1446
2013
2362
2660
3122
3246
2914
2095
906
-220
-1195
-1952
-2401
-2398
-1785
-504
959
2253
3242
3657
3560
3148
2348
1206
-111
-1194
-1719
-1904
-1690
-1191
-734
-167
388
770
926
816
605
298
120
202
261
269
356
394
401
347
231
98
-237
-478
-531
-615
-647
-714
-973
-1123
-1239
-1477
-1670
-1795
-1904
-2001
-2030
-2009
-2153
-2502
-2759
-2983
-3304
-3645
-3249
-2463
-388
2866
5355
6813
6747
5626
4555
2795
1513
213
-2126
-3484
-4247
-4504
-3815
-3694
-3707
-3199
-2578
-1062
265
850
1533
1614
1869
2660
2728
2234
1373
220
-321
-586
-898
-1123
-1414
-1358
-912
-456
-67
75
-152
-106
422
1094
1786
2396
2751
3256
3670
3442
2727
1392
-75
-1295
-2153
-2418
-2218
-1644
-434
1176
2555
3516
3866
3594
2920
2063
1161
242
-726
-1339
-1477
-1437
-1130
-619
-340
-1
509
823
1055
1013
875
655
353
371
403
232
175
45
-107
-122
-137
-188
-436
-541
-485
-533
-521
-615
-942
-1335
-1685
-1886
-2058
-2079
-2027
-1816
-1698
-1700
-2080
-2768
-3268
-3787
-4198
-3844
-3116
-1562
1530
4772
7030
7377
6167
4558
2571
1243
589
-1007
-2529
-3694
-4482
-4195
-3983
-4106
-4341
-4241
-2860
-1012
632
2231
2559
2579
3011
3037
2683
1600
59
-909
-1276
-1034
-613
-777
-814
-867
-882
-515
-361
-578
-678
-352
663
1991
3192
3957
4091
4097
3748
2874
1687
202
-1278
-2165
-2421
-2128
-1419
-513
640
1849
2873
3535
3659
3325
2796
2042
1325
524
-377
-1043
-1441
-1562
-1280
-735
-247
166
528
805
835
741
594
301
219
361
493
459
313
60
-208
-336
-271
-321
-407
-345
-331
-369
-474
-892
-1452
-1987
-2294
-2297
-2097
-1752
-1594
-1633
-1881
-2244
-2838
-3432
-3834
-4057
-3922
-3047
-1615
1214
4663
6920
7470
6337
4191
2301
1049
802
315
-936
-2120
-3231
-3882
-4093
-4663
-5301
-5373
-4316
-2097
390
2451
3301
3037
2840
2645
2189
1470
411
-376
-472
-91
412
313
-371
-1231
-1923
-1937
-1596
-1322
-1017
-411
692
2120
3287
3898
3847
3515
3150
2654
2102
1266
94
-991
-1760
-2162
-2200
-1791
-884
240
1637
3028
3695
3692
3188
2173
1109
250
-262
-648
-895
-746
-611
-647
-497
-454
-550
-355
62
592
965
1259
1285
936
609
303
-173
-527
-602
-430
-115
152
293
6
-535
-966
-1325
-1566
-1605
-1651
-1512
-1386
-1181
-1157
-1357
-1753
-2252
-2846
-3327
-3644
-3664
-3807
-3707
-2830
-1435
1248
4562
6660
6781
5242
3253
2128
1672
2209
2078
651
-905
-2576
-3821
-4270
-5137
-5899
-5950
-4852
-2251
359
1986
2332
1507
1231
1635
2044
2423
2101
1659
1580
1503
1415
502
-1053
-2361
-3174
-2765
-1742
-1167
-763
-649
-320
660
1581
2470
3002
3389
4108
4456
4285
3434
1533
-392
-1877
-2786
-2713
-2158
-1135
128
1150
2150
2538
2157
1751
1234
1084
1366
1639
1802
1287
419
-337
-1248
-1662
-1538
-1104
-253
542
1127
1214
597
36
-465
-696
-269
209
739
1091
1050
877
324
-437
-1024
-1500
-1489
-1251
-1022
-863
-1154
-1625
-1940
-2188
-2131
-2074
-2066
-1910
-2154
-2434
-2841
-3465
-3748
-3682
-2975
-1569
656
3986
6030
6096
4806
2516
1227
1250
2283
3347
2643
1038
-1035
-3437
-4327
-5096
-5687
-5341
-4659
-2724
-398
820
955
-323
-968
-204
1142
2961
3799
3707
3410
2558
1882
965
-308
-1160
-1719
-1336
-582
-585
-1110
-2255
-3133
-2692
-1306
711
2597
3995
4991
5221
4862
3767
1955
362
-624
-862
-405
166
385
118
-361
-576
-524
-112
498
1071
1636
2034
2095
1749
953
46
-500
-529
-39
524
849
847
408
-119
-636
-1163
-1316
-1156
-755
-81
382
602
571
352
328
376
466
410
146
-224
-683
-1143
-1431
-1788
-2081
-2369
-2393
-2324
-2385
-2371
-2670
-2939
-2968
-3086
-2924
-2942
-2752
-1999
-897
2180
5069
5913
5291
3023
1460
1565
2397
4165
3882
2191
190
-2679
-3824
-4084
-4402
-3921
-3948
-3131
-1851
-1239
-959
-2156
-2750
-1568
246
2802
4052
3799
3121
1890
1487
1603
1785
2285
1974
1485
934
-333
-1759
-3415
-4575
-4269
-2792
-620
1148
1930
2226
2068
1934
2153
2283
2579
2934
2894
2547
1680
643
-160
-678
-471
123
758
1227
867
310
-65
-305
-72
149
355
614
609
641
456
229
428
624
835
787
274
-410
-1163
-1607
-1597
-1243
-497
134
411
439
298
206
146
183
262
323
159
-330
-1147
-2087
-2743
-3027
-3053
-2976
-2784
-2675
-2946
-3526
-3863
-4191
-3829
-2915
-1328
1839
4789
5760
4748
2457
1491
2331
4064
5933
5420
3269
637
-2309
-3611
-3563
-3086
-2462
-2689
-2661
-2704
-3318
-3929
-4886
-4378
-1812
908
3089
3369
2269
1172
274
676
1930
3379
4814
4786
3732
2246
399
-1007
-2166
-2549
-1947
-1206
-718
-1286
-2296
-2398
-1765
-521
868
1870
2739
3109
2873
2293
1746
1829
2203
2527
2748
2566
1977
856
-377
-811
-368
568
1131
829
-85
-1070
-1520
-1506
-1131
-143
904
1586
1571
900
98
-603
-700
-318
112
559
429
-357
-1237
-1819
-1670
-994
-99
707
963
809
107
-787
-1417
-1839
-1800
-1689
-1812
-2120
-2827
-3470
-3985
-4282
-3951
-3844
-3455
-2841
-1583
1151
3239
3425
2587
1431
2232
4120
6020
7087
5460
2851
282
-1866
-1795
-936
-488
-788
-2369
-3298
-4165
-5166
-5713
-5967
-4292
-1281
613
1368
529
-341
-197
420
2135
3692
4505
4686
3351
2143
1763
1536
1683
1372
1028
838
-94
-1386
-3085
-3841
-2766
-1472
-531
-438
-1107
-1331
-1328
-683
632
2083
3570
4000
3560
3239
2658
2142
1733
1538
2029
2421
2354
1593
105
-903
-1314
-1275
-967
-830
-570
-617
-932
-997
-1032
-769
-248
242
781
880
627
170
-484
-742
-791
-705
-441
-224
61
110
-98
-227
-340
-390
-616
-1126
-1569
-1950
-2319
-2792
-3365
-3852
-4022
-4015
-3585
-3159
-1955
306
1701
1522
525
225
1842
4183
6274
6881
5456
3671
1699
418
602
1342
1699
833
-850
-2181
-3559
-4645
-5603
-5827
-4371
-2704
-2195
-2811
-3620
-3044
-1432
455
2314
3359
3923
3682
2603
2099
2455
3385
4207
4188
3726
2657
1063
-522
-1761
-1490
-427
-156
-935
-2505
-3779
-4180
-4105
-3299
-2065
-508
877
1235
1344
1859
2583
3442
4007
4405
4483
3846
3055
2322
1990
2121
1878
1101
28
-892
-1332
-1730
-1923
-1796
-1806
-1928
-2062
-1939
-1385
-809
-327
20
120
128
-240
-744
-795
-424
179
360
-27
-339
-547
-478
-348
-426
-515
-1023
-1713
-2506
-3302
-3619
-3917
-3845
-3559
-2500
94
1396
679
-1119
-2187
-450
2279
5089
6291
4769
3167
1515
919
2283
3679
4311
3018
835
-211
-1482
-2169
-2880
-3428
-2156
-1447
-2344
-4160
-6185
-5828
-4182
-2286
-70
747
1024
715
-54
722
2259
3868
4998
4729
4604
4142
3019
2233
1511
2063
2915
2225
611
-1370
-2622
-2979
-3502
-3589
-3580
-3544
-3446
-3876
-3576
-2080
-232
1367
2187
2707
3263
3434
3727
4147
4611
4686
3924
2822
2015
1601
1575
1153
378
-353
-1108
-1985
-2831
-2937
-2315
-1807
-1643
-1719
-1863
-1836
-1633
-1252
-821
-347
-64
-345
-1025
-1359
-1161
-780
-293
-59
-234
-671
-1112
-1230
-1244
-1387
-1575
-2194
-2523
-1213
504
980
-138
-1606
-1360
284
2259
3598
2705
1362
383
53
1133
2734
3922
3700
1886
672
-57
-422
-458
-838
-360
351
-254
-1874
-3685
-4146
-3116
-2287
-1545
-1338
-1569
-1754
-2215
-1963
-540
1084
2090
2157
2081
2458
2716
2874
2945
3450
4217
3918
2452
972
439
567
391
-227
-1087
-1944
-2751
-3814
-4346
-3800
-2672
-1740
-1607
-1724
-1456
-829
510
2178
3576
4454
4075
3248
2833
3071
3723
3661
3098
2377
1342
397
-449
-922
-891
-929
-1134
-1747
-2501
-2786
-2714
-2246
-1646
-1274
-1249
-1549
-1708
-1459
-1013
-485
-377
-673
-1267
-1838
-1977
-1843
-1379
-1164
-1326
-1510
-1624
-1613
-498
934
1593
660
-638
-648
797
2517
3851
3255
1787
500
-458
-128
1060
2472
2941
1805
473
-334
-949
-904
-861
-253
565
183
-1307
-2819
-3081
-1964
-1089
-650
-464
-650
-989
-1578
-1679
-770
543
1270
1022
686
840
1163
1502
2061
3050
3992
3827
2698
1484
1242
1693
1729
1328
660
-374
-1495
-2702
-3210
-2602
-1796
-1412
-1897
-2636
-2857
-2627
-1649
26
1425
2100
1879
1574
2020
3012
3996
4303
3864
3331
2626
1742
1058
722
678
442
-215
-1097
-1922
-2446
-2473
-2266
-2137
-2210
-2536
-2859
-2880
-2527
-1790
-1039
-600
-526
-797
-1222
-1423
-1403
-1364
-1414
-1685
-1775
-1772
-1601
-393
1011
1397
588
-812
-633
863
2542
3975
3658
2414
1206
-38
194
1385
2643
2940
1398
-43
-604
-836
-577
-598
-267
222
-459
-1937
-3128
-2820
-1472
-664
-524
-755
-1006
-1225
-1488
-960
303
1495
1774
899
319
475
902
1479
1948
2662
3162
2476
1417
857
1396
2483
2575
1940
1019
-31
-885
-1663
-1735
-1082
-686
-1015
-2066
-2943
-2959
-2426
-1418
-385
64
-183
-795
-768
205
1792
3144
3413
3024
2663
2465
2552
2632
2800
2666
1948
944
-88
-724
-812
-894
-1138
-1714
-2498
-3074
-3403
-3496
-3191
-2887
-2692
-2591
-2577
-2234
-1933
-1510
-1012
-927
-1080
-1420
-1619
-1431
-701
1204
1961
1194
-233
-958
370
2039
3281
3657
2367
1496
672
332
1601
2756
3205
2080
97
-538
-660
-472
-119
-267
-62
-561
-2049
-3253
-3318
-1993
-875
-772
-991
-1427
-1663
-1856
-1448
14
1389
1897
1095
131
541
1481
2375
2918
2962
3032
2391
1280
863
1263
2286
2567
1692
757
-34
-507
-694
-626
-74
95
-601
-1827
-2789
-2657
-1894
-909
-169
-139
-565
-1294
-1493
-715
504
1659
1686
980
729
979
1740
2413
2678
2709
2282
1781
1431
1048
1029
1006
562
-239
-1272
-1991
-2376
-2554
-2530
-2755
-3139
-3556
-3946
-3916
-3707
-3198
-2665
-2519
-2487
-2581
-2276
-1717
-344
1655
2265
1506
97
-165
1636
3228
4460
4131
2317
1285
409
831
2425
3400
3481
1772
-212
-596
-753
-355
-69
-53
4
-985
-2480
-3507
-3163
-1651
-1053
-1359
-2034
-2581
-2337
-2016
-1011
448
1266
1432
540
-9
818
1817
2877
3440
3380
3306
2482
1688
1722
2403
3225
2846
1450
170
-605
-629
-339
3
149
-406
-1287
-2169
-2335
-1742
-1181
-736
-868
-1343
-1494
-1463
-869
101
982
1496
1050
332
236
624
1407
2009
2037
1623
1120
1002
1197
1436
1618
1425
798
-47
-639
-943
-1057
-1244
-1730
-2465
-3111
-3580
-3779
-3643
-3583
-3504
-3676
-3787
-3753
-3469
-3181
-1962
-46
991
631
-597
-809
1083
3080
4808
5186
3683
2477
1427
1691
3156
4119
3853
2074
98
-111
85
211
-63
-313
-430
-1234
-2478
-3545
-3331
-1967
-1290
-1353
-1935
-2721
-2873
-2829
-1792
-181
489
351
-360
-452
777
1995
2722
3047
3121
3296
3012
2687
2807
3261
3693
3325
2499
1660
998
716
672
777
479
-645
-1792
-2445
-2264
-1471
-1009
-1053
-1583
-2021
-1854
-1423
-823
-235
-99
-190
-222
80
614
1167
1510
1567
1327
964
902
1042
1235
1445
1337
905
435
-56
-324
-339
-439
-564
-1084
-1723
-2292
-2837
-3135
-3180
-3362
-3561
-4068
-4322
-4111
-3861
-2291
-1118
-931
-1337
-1903
-762
1182
2246
3585
3072
2473
2339
2148
3365
4558
4925
4337
2410
1441
1427
1390
1405
618
89
-885
-2059
-2654
-2906
-2205
-1874
-2680
-3087
-3408
-3132
-2679
-2529
-1505
-772
-726
-947
-1286
-418
1024
2021
2574
2388
2353
2402
2449
3177
3854
4220
3852
2849
2276
1971
1946
2126
2074
1873
1052
-94
-750
-972
-664
-513
-910
-1698
-2696
-3144
-2876
-2154
-1223
-617
-663
-986
-1046
-476
405
1126
1407
1339
1141
1056
1142
1384
1570
1666
1373
698
11
-325
-288
-114
-269
-886
-1608
-2341
-2620
-2666
-2507
-2554
-2789
-3334
-3546
-3569
-3157
-1781
-986
-1268
-2181
-2752
-1559
203
1447
2446
1910
1471
1193
1526
3019
4502
5064
4282
2622
2024
2105
2290
2197
1699
1437
451
-839
-1930
-2491
-1987
-1777
-2249
-2779
-3606
-4020
-4154
-3652
-2225
-1323
-1316
-1895
-2189
-1369
-161
970
1777
2135
2472
2439
2420
2894
3494
4060
3897
3413
3045
2503
2121
2032
2179
2358
1822
920
-14
-693
-674
-471
-382
-692
-1360
-1822
-1997
-1742
-1315
-1159
-1265
-1552
-1509
-1173
-654
-92
236
450
635
793
1043
1124
1220
1446
1468
1274
818
340
134
-12
-216
-533
-1072
-1559
-2137
-2566
-2777
-2825
-3016
-3220
-3402
-3338
-2243
-1445
-1314
-1647
-1947
-967
298
1130
1960
1533
1074
730
1034
2348
3405
3569
2732
1642
1719
2254
2693
2487
1732
1328
498
-235
-582
-858
-720
-1057
-1855
-2222
-2578
-2659
-2840
-2948
-2512
-2320
-2489
-2825
-2778
-1954
-1106
-352
161
387
780
1051
1422
2213
2865
3318
3151
2835
2998
3164
3348
3287
3028
2715
2060
1534
1055
607
470
251
5
-491
-1170
-1609
-1861
-1681
-1280
-1191
-1291
-1643
-1620
-1094
-518
86
265
177
120
110
434
756
976
1083
926
720
402
212
244
163
88
-230
-858
-1338
-1852
-1964
-2041
-2227
-2571
-2872
-3029
-2863
-1909
-1225
-1186
-1654
-2167
-1596
-354
698
1745
1487
1058
699
849
1953
3140
3641
3219
2091
1709
1807
2037
2090
1542
1176
439
-385
-841
-1316
-1264
-1267
-1613
-1675
-2029
-2440
-2863
-3098
-2448
-1765
-1479
-1669
-2071
-1877
-1417
-725
121
583
996
921
652
934
1414
2165
2476
2351
2331
2167
2086
2166
2347
2776
2746
2284
1698
1122
1011
1041
1040
836
336
-231
-860
-1230
-1092
-828
-575
-709
-990
-1140
-1259
-1067
-673
-291
91
196
148
84
161
532
816
929
763
527
311
57
-162
-306
-591
-889
-1328
-1739
-2036
-2140
-2294
-2333
-2331
-2378
-1894
-1485
-1374
-1444
-1665
-1255
-264
471
1350
1418
1137
796
679
1401
2431
3175
3150
2318
1709
1509
1604
1767
1425
1173
639
-39
-375
-781
-1040
-1270
-1738
-1816
-1897
-2057
-2377
-2874
-2783
-2353
-1814
-1438
-1392
-1335
-1331
-1181
-623
-8
731
1228
1177
1180
1143
1384
1791
2076
2351
2302
2010
1754
1608
1753
1794
1709
1593
1293
1106
881
688
515
277
157
54
-126
-262
-430
-429
-393
-263
-113
-231
-371
-453
-428
-263
-165
-74
-198
-436
-432
-336
-218
-219
-253
-255
-306
-398
-520
-756
-804
-908
-918
-1099
-1426
-1708
-1915
-1907
-1771
-1221
-718
-639
-878
-1248
-1142
-427
244
1108
1369
1172
853
549
949
1772
2414
2623
2273
1931
1703
1388
1153
810
753
697
335
26
-516
-1040
-1514
-2009
-1896
-1554
-1386
-1559
-2167
-2496
-2479
-2198
-1701
-1290
-872
-755
-863
-758
-391
299
961
1203
1322
1282
1374
1522
1580
1708
1734
1801
1991
2057
2061
1746
1290
1036
904
1013
1066
814
401
-39
-295
-345
-354
-259
-211
-128
-8
31
-23
-266
-428
-350
-145
198
460
442
94
-355
-530
-406
-181
-40
-130
-464
-888
-1230
-1429
-1477
-1337
-1306
-1422
-1667
-1948
-2059
-2046
-1911
-1267
-473
44
94
-347
-604
-291
309
1093
1691
1808
1653
1180
1010
1308
1810
2063
1954
1799
1752
1616
1214
564
89
-115
-200
-157
-196
-392
-805
-1447
-1924
-1988
-1744
-1458
-1405
-1556
-1731
-1873
-1904
-1747
-1346
-928
-632
-380
-115
172
474
576
624
780
1028
1365
1558
1569
1529
1479
1478
1524
1540
1557
1525
1467
1302
1049
776
499
267
86
-36
-83
-119
-193
-314
-454
-484
-406
-237
-75
0
22
-25
-50
-16
53
106
61
-40
-121
-166
-273
-400
-589
-678
-701
-817
-1044
-1339
-1632
-1755
-1895
-1917
-1909
-1848
-1826
-1687
-1134
-594
-231
-167
-352
-179
330
948
1702
1969
2048
1917
1788
1976
2287
2459
2437
2206
2109
1997
1782
1345
691
164
-321
-612
-622
-716
-941
-1424
-1951
-2189
-2191
-2070
-1900
-1808
-1684
-1662
-1574
-1418
-1181
-846
-699
-568
-233
148
576
869
889
941
893
880
995
1143
1344
1461
1510
1532
1430
1246
962
817
834
833
820
601
292
17
-277
-376
-331
-225
-144
-269
-445
-475
-349
-62
94
169
66
-107
-127
-71
71
100
-89
-293
-442
-488
-426
-447
-498
-651
-874
-1106
-1350
-1590
-1707
-1820
-1838
-1821
-1830
-1850
-1699
-1252
-753
-401
-321
-301
-185
82
516
1164
1711
2033
1950
1803
1883
2175
2450
2512
2467
2414
2293
2085
1728
1357
962
426
-81
-400
-565
-702
-1026
-1372
-1629
-1814
-1962
-2061
-2080
-1968
-1858
-1735
-1594
-1351
-1083
-888
-664
-365
46
446
713
925
1104
1214
1286
1266
1232
1199
1165
1219
1371
1537
1551
1344
1034
728
551
479
474
460
336
109
-149
-363
-439
-483
-493
-454
-326
-192
-104
-64
-40
-56
-120
-170
-150
-118
-139
-243
-319
-271
-229
-271
-396
-611
-830
-1120
-1371
-1530
-1588
-1600
-1727
-1827
-1903
-1897
-1890
-1750
-1367
-860
-522
-290
-195
40
261
466
803
1201
1602
1783
1770
1878
2057
2181
2147
2029
2052
2097
2066
1885
1575
1257
786
313
-21
-232
-357
-613
-951
-1161
-1315
-1443
-1565
-1680
-1689
-1716
-1735
-1677
-1436
-1110
-819
-612
-328
-50
210
325
371
547
786
1011
1135
1141
1164
1144
1183
1347
1522
1642
1511
1179
902
697
608
530
381
214
-20
-230
-317
-320
-295
-385
-470
-420
-304
-155
-114
-123
-143
-211
-287
-338
-332
-325
-418
-508
-583
-572
-634
-802
-925
-1013
-1090
-1207
-1446
-1570
-1614
-1665
-1648
-1697
-1673
-1663
-1579
-1321
-1007
-678
-428
-252
-4
168
350
612
876
1243
1462
1593
1779
1907
1996
1965
1909
1965
1988
1882
1662
1368
1163
864
538
245
-10
-209
-475
-687
-741
-769
-842
-1005
-1214
-1251
-1245
-1179
-1101
-1004
-837
-716
-571
-333
-60
204
350
387
473
568
704
849
975
1079
1042
980
963
1073
1278
1388
1311
1156
915
724
571
478
461
375
264
147
47
-31
-187
-324
-336
-258
-127
-110
-178
-262
-356
-363
-342
-320
-348
-534
-724
-809
-781
-751
-824
-957
-1059
-1146
-1249
-1421
-1577
-1721
-1826
-1854
-1796
-1691
-1638
-1530
-1303
-1004
-662
-395
-209
29
203
349
465
581
806
1023
1252
1489
1678
1757
1666
1554
1545
1607
1621
1444
1189
980
733
505
262
35
-123
-327
-525
-622
-696
-766
-896
-1038
-1068
-1035
-962
-896
-787
-628
-483
-347
-170
58
324
498
603
706
767
811
800
849
977
1071
1110
1071
1059
1128
1193
1227
1210
1066
876
627
442
346
253
156
52
-8
5
-16
-70
-148
-192
-158
-94
-18
-6
-83
-214
-332
-405
-454
-532
-597
-658
-705
-789
-917
-1031
-1098
-1145
-1192
-1304
-1454
-1608
-1730
-1760
-1688
-1589
-1492
-1363
-1180
-947
-716
-475
-253
-14
186
321
432
538
664
806
998
1248
1472
1586
1569
1502
1486
1477
1464
1368
1163
930
658
446
300
160
3
-220
-401
-491
-548
-578
-665
-805
-923
-1036
-1052
-991
-870
-722
-604
-459
-285
-104
99
273
413
543
600
664
680
726
837
937
1061
1158
1219
1282
1290
1276
1254
1163
1071
907
731
564
389
256
143
84
57
13
-33
-80
-140
-185
-244
-266
-285
-334
-381
-471
-515
-534
-567
-582
-603
-603
-630
-681
-785
-907
-1032
-1151
-1270
-1371
-1447
-1483
-1518
-1564
-1609
-1616
-1553
-1412
-1187
-982
-804
-671
-515
-291
-41
198
388
526
646
769
890
1026
1181
1326
1421
1450
1435
1402
1370
1301
1170
979
752
508
260
21
-168
-311
-382
-451
-509
-583
-680
-770
-870
-942
-962
-921
-850
-782
-666
-472
-194
105
318
439
508
583
675
762
851
943
1012
1050
1071
1103
1207
1323
1397
1418
1380
1289
1142
974
806
667
524
364
232
156
103
74
39
4
-9
-71
-164
-247
-301
-351
-397
-482
-547
-582
-603
-616
-636
-634
-625
-623
-683
-779
-876
-954
-1048
-1161
-1262
-1305
-1314
-1347
-1379
-1393
-1347
-1251
-1146
-1057
-959
-820
-646
-470
-289
-137
2
122
233
358
522
685
823
920
977
1040
1095
1151
1180
1140
1048
892
728
570
432
289
138
-8
-118
-214
-296
-386
-468
-544
-632
-724
-820
-864
-834
-734
-603
-444
-292
-145
12
178
341
488
610
688
743
810
883
945
1017
1113
1218
1314
1382
1398
1387
1341
1269
1150
972
795
625
475
366
300
258
228
175
124
107
91
71
11
-66
-164
-250
-335
-433
-519
-595
-642
-652
-642
-637
-634
-671
-745
-833
-904
-979
-1089
-1179
-1248
-1298
-1339
-1397
-1430
-1414
-1349
-1245
-1125
-1005
-898
-798
-686
-555
-408
-271
-139
-6
140
281
414
542
684
808
879
915
924
937
937
900
830
725
609
491
351
225
89
-25
-106
-175
-237
-296
-387
-485
-565
-626
-653
-664
-658
-598
-493
-354
-228
-101
31
163
294
430
584
715
815
881
921
960
1029
1135
1261
1380
1445
1427
1354
1277
1200
1125
1023
889
748
592
449
311
215
176
190
236
254
204
86
-35
-123
-158
-170
-212
-304
-417
-510
-559
-583
-616
-640
-646
-642
-664
-735
-834
-922
-991
-1021
-1039
-1112
-1214
-1316
-1377
-1382
-1352
-1297
-1269
-1223
-1140
-1016
-867
-702
-531
-381
-274
-206
-110
11
152
266
347
423
492
591
704
792
821
794
708
633
577
531
461
347
232
145
89
35
-31
-102
-165
-247
-306
-346
-376
-397
-405
-370
-311
-240
-176
-108
-24
104
227
353
485
591
707
768
815
898
1020
1154
1225
1239
1246
1256
1272
1280
1248
1208
1136
1039
925
802
692
583
481
394
330
286
243
191
153
95
29
-40
-101
-134
-170
-222
-311
-433
-553
-621
-640
-626
-653
-724
-790
-871
-939
-988
-993
-979
-1011
-1071
-1151
-1204
-1198
-1190
-1168
-1154
-1123
-1080
-1027
-930
-790
-651
-567
-526
-485
-392
-302
-210
-137
-61
47
153
273
357
425
460
461
456
460
453
441
401
351
317
266
212
140
88
57
1
-41
-46
-49
-51
-70
-88
-85
-68
-28
-14
-11
-4
5
44
117
233
351
443
503
589
683
763
819
857
900
931
954
978
1005
1023
1046
1039
980
922
851
780
721
676
629
568
503
444
396
348
281
190
109
39
16
-4
-57
-140
-251
-343
-399
-436
-488
-563
-663
-756
-812
-821
-796
-783
-809
-884
-950
-984
-998
-1014
-1041
-1057
-1050
-1012
-957
-904
-859
-826
-792
-747
-693
-641
-601
-554
-499
-430
-360
-281
-201
-133
-69
-24
14
40
83
125
167
202
233
266
275
290
304
327
319
320
325
346
338
285
240
195
164
137
112
85
77
62
53
62
117
187
234
281
314
345
366
389
418
466
512
553
579
632
711
792
861
880
874
860
863
880
895
884
847
801
773
760
727
679
606
524
427
361
308
244
177
76
-7
-82
-135
-193
-260
-344
-436
-537
-605
-652
-705
-730
-775
-821
-857
-872
-878
-871
-852
-842
-836
-813
-770
-718
-689
-676
-662
-659
-664
-671
-685
-669
-640
-613
-586
-567
-529
-478
-454
-440
-431
-418
-393
-356
-303
-251
-211
-188
-159
-103
-15
76
152
210
257
328
401
464
522
554
575
570
561
540
499
421
354
315
301
304
282
261
233
215
205
208
213
223
242
265
274
290
338
408
472
525
574
626
703
785
860
896
895
895
910
926
923
906
845
777
713
687
670
599
503
382
266
172
104
27
-70
-170
-267
-375
-477
-545
-583
-598
-636
-682
-728
-783
-841
-873
-872
-834
-776
-728
-684
-658
-602
-559
-533
-497
-469
-451
-449
-461
-473
-487
-504
-530
-562
-587
-615
-648
-664
-665
-683
-704
-715
-691
-637
-575
-533
-490
-430
-361
-294
-232
-159
-75
26
146
257
350
424
465
502
556
604
617
601
587
566
577
573
548
489
414
347
287
228
188
144
91
53
44
72
128
186
225
259
314
388
468
561
624
684
742
802
854
897
931
933
907
877
841
815
765
696
622
532
452
372
273
183
100
5
-77
-153
-221
-293
-368
-439
-488
-529
-568
-598
-654
-690
-688
-666
-641
-611
-579
-568
-562
-528
-487
-441
-405
-382
-369
-372
-361
-325
-315
-321
-338
-380
-428
-498
-549
-578
-599
-588
-584
-603
-616
-639
-649
-627
-597
-544
-501
-459
-406
-330
-248
-151
-61
27
120
203
267
318
355
392
437
472
507
520
514
515
514
513
503
486
451
404
358
306
261
216
179
132
96
85
94
111
141
193
256
329
391
452
508
547
587
615
621
641
668
694
708
685
665
616
561
514
457
396
320
234
150
52
-36
-108
-152
-182
-215
-254
-298
-350
-386
-412
-425
-417
-430
-449
-478
-504
-498
-476
-447
-424
-408
-379
-350
-320
-297
-283
-285
-290
-287
-289
-279
-302
-336
-366
-390
-399
-420
-446
-476
-499
-511
-500
-481
-466
-458
-442
-400
-356
-325
-293
-274
-249
-188
-128
-66
-3
55
97
147
214
283
347
369
367
352
319
309
300
307
312
297
298
291
309
341
345
342
336
331
321
296
270
259
270
279
278
310
338
392
462
515
548
561
550
537
529
529
522
496
455
420
395
393
378
367
339
278
220
144
71
8
-45
-94
-137
-181
-214
-235
-232
-209
-200
-203
-213
-232
-267
-302
-332
-347
-354
-360
-373
-380
-385
-379
-356
-312
-265
-245
-268
-311
-346
-357
-364
-395
-424
-445
-463
-475
-476
-463
-431
-424
-416
-395
-378
-361
-347
-334
-300
-265
-239
-213
-185
-145
-108
-64
-24
12
44
77
101
111
111
119
121
133
139
151
161
154
169
182
180
193
211
238
245
239
235
234
237
250
264
262
278
279
281
288
293
309
328
344
359
380
381
375
370
362
361
364
361
343
307
263
225
199
176
129
78
44
37
26
2
-22
-33
-38
-53
-55
-53
-64
-90
-114
-131
-150
-144
-144
-154
-159
-181
-183
-199
-208
-191
-169
-170
-200
-228
-248
-264
-261
-251
-245
-243
-271
-309
-330
-361
-386
-404
-405
-392
-385
-377
-358
-327
-287
-257
-219
-190
-171
-160
-155
-134
-109
-93
-78
-68
-56
-29
-3
24
47
67
85
101
110
108
89
93
115
142
183
210
231
254
271
282
276
266
245
225
216
209
213
228
226
219
224
245
260
274
269
248
230
208
210
213
214
215
207
188
191
197
198
191
155
115
98
67
53
25
5
-9
-5
10
13
20
20
23
20
16
18
13
-2
-27
-43
-54
-49
-52
-46
-35
-39
-49
-56
-54
-73
-101
-126
-150
-149
-142
-139
-126
-117
-105
-91
-95
-100
-114
-138
-162
-201
-225
-225
-213
-199
-163
-141
-102
-73
-59
-41
-44
-55
-76
-103
-114
-118
-120
-104
-81
-51
-21
2
28
53
72
98
93
82
72
65
76
96
113
124
128
128
134
155
166
183
170
155
136
130
124
111
92
92
90
97
115
122
126
107
116
115
111
89
69
50
38
37
52
58
54
37
38
29
15
-1
-16
-35
-42
-49
-48
-52
-71
-75
-72
-62
-48
-32
-13
-10
-7
-26
-24
-22
-29
-21
-22
-26
-42
-58
-70
-72
-55
-46
-39
-41
-51
-50
-51
-50
-60
-71
-100
-114
-127
-120
-129
-148
-160
-167
-165
-172
-165
-165
-163
-162
-165
-141
-122
-102
-85
-69
-62
-46
-40
-35
-24
-32
-17
-11
-9
-3
9
16
24
29
31
43
45
51
55
57
53
40
42
43
32
27
43
51
55
51
45
51
62
59
63
59
46
40
27
34
51
77
85
84
72
70
57
44
40
32
28
19
4
-15
-17
-22
-11
-13
-14
-16
-23
-27
-23
-21
-20
-12
-20
-5
17
42
56
60
64
69
75
90
107
103
98
97
92
81
71
65
70
74
77
84
89
97
99
95
84
67
50
28
8
5
11
11
18
14
5
-2
-7
-4
3
9
10
-3
-20
-28
-17
-6
1
-1
-8
-16
-23
-25
-29
-45
-63
-64
-61
-56
-52
-53
-55
-49
-62
-75
-84
-93
-94
-88
-74
-77
-74
-90
-88
-84
-77
-77
-75
-77
-81
-81
-80
-63
-59
-54
-64
-66
-79
-71
-55
-50
-51
-56
-76
-94
-92
-94
-80
-80
-86
-84
-85
-77
-68
-48
-34
-13
-3
-1
4
2
22
35
55
81
106
117
132
157
176
197
196
195
184
170
163
158
175
186
187
185
186
197
207
209
202
190
174
168
162
154
151
143
128
122
120
120
115
107
84
61
40
19
8
-6
-10
-22
-36
-51
-68
-74
-80
-78
-80
-85
-100
-130
-151
-163
-173
-166
-163
-170
-168
-171
-175
-179
-180
-181
-183
-181
-193
-201
-207
-207
-209
-202
-194
-185
-169
-156
-143
-131
-117
-129
-128
-124
-113
-110
-106
-99
-99
-97
-88
-85
-87
-91
-96
-105
-103
-95
-87
-75
-65
-48
-33
-27
-23
-12
3
30
44
50
64
67
62
67
79
100
121
142
156
173
196
210
213
222
239
256
266
265
264
274
290
286
288
299
291
274
260
253
242
234
218
194
179
165
156
137
115
103
90
76
62
46
38
25
7
-10
-26
-42
-59
-79
-87
-92
-106
-115
-118
-123
-125
-133
-147
-148
-149
-156
-167
-180
-188
-193
-194
-195
-199
-204
-209
-213
-215
-215
-222
-226
-233
-235
-233
-225
-218
-207
-191
-173
-155
-139
-124
-115
-112
-113
-104
-98
-93
-89
-83
-75
-64
-56
-59
-57
-55
-53
-51
-55
-45
-40
-29
-19
-8
9
28
52
68
91
97
110
117
125
141
156
170
179
189
195
214
229
244
255
273
291
288
282
276
275
268
259
249
232
217
205
192
181
172
158
151
129
112
100
86
78
63
61
48
40
20
11
8
-3
-7
-17
-20
-19
-23
-31
-37
-53
-67
-74
-75
-74
-76
-79
-87
-96
-101
-111
-121
-123
-127
-137
-140
-144
-149
-147
-150
-156
-159
-154
-150
-142
-139
-145
-147
-149
-144
-134
-127
-120
-124
-121
-109
-94
-93
-101
-100
-97
-90
-91
-88
-88
-82
-80
-74
-70
-64
-69
-70
-65
-59
-48
-34
-16
1
20
36
53
69
96
119
135
147
151
159
168
175
173
173
181
184
184
182
179
177
173
166
163
152
131
115
105
97
89
83
78
67
62
57
49
36
20
15
7
7
3
-8
-15
-21
-19
-22
-25
-34
-47
-53
-54
-52
-51
-58
-57
-65
-67
-64
-59
-61
-74
-83
-100
-102
-98
-97
-96
-98
-109
-115
-111
-102
-99
-102
-114
-127
-130
-129
-126
-122
-118
-116
-105
-98
-90
-83
-75
-67
-62
-63
-60
-56
-46
-33
-31
-27
-24
-19
-12
-3
7
20
24
24
33
45
58
64
76
92
112
128
130
134
141
157
166
177
185
188
201
209
214
215
212
198
181
172
166
163
150
138
126
119
105
90
82
79
75
63
52
42
32
29
22
23
15
2
-4
-10
-9
-16
-19
-20
-28
-35
-48
-63
-66
-57
-54
-59
-72
-78
-89
-95
-98
-103
-107
-120
-127
-138
-139
-146
-153
-167
-173
-166
-161
-164
-164
-160
-159
-155
-159
-157
-153
-142
-135
-137
-132
-127
-114
-102
-91
-84
-76
-60
-55
-41
-32
-25
-10
-3
5
9
19
26
39
52
67
83
87
89
92
102
114
120
123
137
148
165
171
171
183
190
200
200
199
195
188
184
178
182
182
174
159
154
144
138
127
112
102
89
82
64
57
46
28
17
12
9
6
-2
-13
-24
-35
-51
-62
-67
-76
-78
-88
-87
-88
-88
-93
-98
-101
-104
-102
-107
-110
-109
-108
-105
-102
-102
-98
-101
-104
-106
-101
-94
-99
-105
-113
-115
-127
-133
-131
-130
-132
-136
-133
-139
-144
-143
-141
-138
-132
-130
-122
-113
-102
-93
-82
-73
-66
-51
-36
-23
-12
3
16
28
46
55
68
79
83
99
108
115
125
133
147
154
162
165
163
165
168
173
176
171
166
163
161
154
149
140
129
129
122
114
108
98
91
79
72
65
55
50
40
29
18
10
8
10
8
0
-5
-8
-9
-9
-13
-21
-30
-39
-38
-43
-48
-53
-63
-61
-67
-72
-75
-85
-96
-102
-100
-102
-109
-113
-117
-118
-112
-111
-119
-127
-130
-124
-129
-141
-142
-144
-143
-147
-150
-149
-144
-148
-150
-150
-147
-138
-133
-125
-120
-114
-108
-106
-95
-76
-58
-45
-33
-23
-14
2
16
30
49
64
77
90
97
111
129
142
158
167
170
173
178
186
191
199
196
196
194
193
199
195
199
193
184
183
188
187
180
171
158
146
131
119
107
95
81
66
56
49
40
35
29
18
9
-4
-7
-10
-15
-17
-23
-36
-42
-50
-55
-56
-57
-56
-60
-62
-75
-78
-85
-83
-84
-90
-91
-105
-108
-118
-122
-124
-128
-134
-144
-147
-151
-151
-149
-152
-154
-157
-158
-157
-153
-153
-158
-160
-166
-164
-161
-158
-151
-154
-146
-138
-131
-116
-100
-78
-58
-34
-16
-10
3
25
46
64
83
98
112
131
141
151
167
178
183
189
193
195
202
201
197
193
194
190
183
177
174
175
173
166
160
163
164
167
159
150
142
137
136
128
119
108
101
97
87
81
70
56
52
46
33
23
13
5
-6
-9
-19
-26
-31
-38
-44
-49
-51
-63
-71
-78
-85
-87
-94
-103
-110
-119
-122
-121
-123
-133
-138
-137
-145
-146
-150
-161
-164
-169
-172
-180
-186
-182
-181
-181
-186
-187
-189
-188
-184
-184
-180
-183
-176
-168
-157
-138
-136
-128
-115
-100
-89
-81
-68
-55
-34
-13
10
32
46
58
72
86
100
117
131
142
157
168
171
174
173
172
168
168
160
159
165
164
168
167
162
156
157
154
151
146
146
138
133
135
130
125
117
112
104
101
87
74
71
65
62
56
47
42
36
26
18
10
0
-9
-17
-23
-27
-34
-42
-44
-48
-52
-56
-62
-71
-84
-96
-103
-95
-96
-102
-106
-120
-123
-129
-137
-143
-148
-150
-157
-162
-168
-167
-166
-167
-167
-169
-165
-161
-158
-146
-141
-136
-130
-127
-120
-120
-105
-91
-86
-79
-71
-59
-42
-25
-10
5
18
32
43
56
71
87
99
109
116
123
133
141
151
152
158
157
161
170
170
171
171
171
169
172
174
173
170
162
156
154
156
155
150
141
138
131
125
127
124
122
116
111
101
95
90
75
63
50
43
37
32
23
20
14
8
6
-5
-10
-18
-29
-42
-58
-68
-73
-84
-98
-113
-122
-134
-146
-164
-178
-184
-187
-187
-193
-199
-208
-211
-212
-216
-215
-219
-228
-233
-238
-238
-232
-225
-223
-221
-217
-205
-193
-185
-174
-163
-152
-139
-120
-113
-99
-86
-74
-52
-39
-23
-10
0
14
33
48
63
81
90
96
108
118
126
135
147
156
164
174
178
187
190
190
188
189
192
187
194
191
192
192
192
193
188
184
178
173
173
171
166
162
159
155
148
143
133
125
120
114
109
109
106
98
92
82
77
68
66
63
51
43
30
21
11
4
-9
-21
-30
-39
-50
-58
-68
-77
-89
-100
-110
-123
-129
-141
-156
-165
-168
-175
-178
-182
-191
-198
-202
-206
-202
-197
-190
-186
-188
-181
-182
-177
-168
-167
-160
-155
-154
-150
-136
-133
-119
-101
-89
-68
-55
-45
-33
-26
-13
-7
-6
3
10
15
26
31
31
41
44
48
54
63
69
73
84
93
100
105
107
107
107
103
97
99
91
93
97
96
103
102
105
110
106
110
115
116
120
128
136
132
126
115
104
104
98
92
87
81
79
76
77
67
64
61
56
51
33
30
21
15
6
-5
-15
-26
-37
-50
-63
-77
-90
-97
-102
-111
-119
-127
-138
-153
-155
-157
-160
-165
-171
-172
-172
-171
-171
-169
-173
-163
-162
-159
-151
-142
-131
-122
-118
-115
-113
-103
-95
-90
-72
-65
-60
-51
-40
-33
-22
-11
1
14
28
44
51
60
61
54
64
72
76
81
81
85
88
85
83
87
94
105
115
114
124
133
134
135
131
134
131
128
126
124
126
124
120
115
117
121
119
116
119
124
130
134
132
130
122
116
108
100
92
87
81
73
63
58
51
36
29
18
7
4
0
-14
-27
-40
-52
-59
-73
-84
-98
-110
-112
-118
-132
-138
-144
-151
-158
-157
-166
-171
-179
-185
-181
-183
-182
-180
-178
-177
-172
-162
-155
-149
-145
-144
-138
-128
-122
-114
-106
-97
-90
-81
-76
-70
-55
-49
-36
-25
-15
-6
2
4
9
16
25
34
37
42
49
54
62
73
78
79
81
84
89
90
92
94
97
99
106
106
102
111
113
112
120
126
127
137
138
139
141
145
151
148
152
153
147
140
134
131
126
124
112
104
103
96
96
93
91
90
78
71
61
49
41
31
15
-1
-15
-31
-42
-54
-67
-77
-87
-101
-110
-115
-113
-115
-120
-120
-125
-128
-133
-132
-135
-137
-141
-146
-142
-144
-144
-150
-156
-151
-145
-137
-129
-120
-113
-102
-97
-88
-81
-78
-69
-64
-63
-63
-58
-53
-46
-43
-40
-37
-37
-28
-24
-17
-9
-5
1
6
15
22
31
33
37
44
48
47
51
55
55
62
71
75
86
90
88
87
97
104
110
117
122
130
130
126
124
130
125
130
131
125
121
114
111
108
106
103
99
95
95
92
87
76
67
57
47
36
24
18
3
-5
-13
-25
-35
-40
-49
-59
-63
-68
-70
-83
-94
-99
-104
-106
-109
-114
-113
-114
-112
-115
-118
-114
-109
-102
-97
-90
-84
-80
-81
-81
-75
-72
-73
-66
-69
-63
-58
-59
-53
-55
-46
-40
-37
-33
-28
-22
-14
-7
-4
-12
-12
-6
-6
1
1
3
6
12
15
14
18
19
23
22
27
37
39
45
53
57
62
58
66
68
66
82
94
100
103
103
107
110
107
108
115
118
119
117
113
107
102
99
93
85
77
67
58
49
44
45
42
40
38
36
34
22
17
9
0
-3
-14
-25
-38
-46
-56
-65
-73
-77
-81
-82
-79
-83
-84
-88
-83
-82
-81
-82
-86
-90
-94
-92
-87
-81
-79
-82
-81
-81
-78
-76
-72
-64
-57
-54
-52
-47
-41
-43
-42
-30
-31
-29
-27
-29
-26
-22
-14
-8
-9
-5
-3
-8
-11
-9
-12
-11
-10
-10
-1
1
3
8
12
13
17
20
23
28
31
41
47
49
53
51
55
60
65
69
71
72
73
79
85
86
93
95
96
97
97
95
99
99
95
89
86
81
76
73
70
70
64
55
50
36
34
37
28
20
19
17
8
4
3
-2
-9
-10
-12
-12
-14
-20
-22
-27
-29
-42
-44
-42
-45
-51
-54
-53
-60
-60
-59
-60
-61
-63
-64
-66
-73
-74
-77
-80
-79
-80
-76
-75
-77
-79
-78
-72
-72
-74
-70
-67
-68
-66
-66
-67
-66
-66
-61
-49
-42
-41
-35
-34
-30
-28
-30
-27
-23
-18
-11
-6
-1
3
9
16
25
31
37
42
44
42
42
50
55
63
65
67
68
71
71
74
76
71
71
70
65
60
60
63
56
58
59
59
59
54
59
58
54
56
52
50
47
42
36
36
26
21
15
14
8
-3
-1
-6
-6
-11
-16
-21
-28
-30
-30
-30
-36
-38
-42
-43
-52
-56
-57
-59
-60
-65
-64
-67
-66
-63
-60
-57
-51
-47
-44
-43
-41
-36
-33
-33
-35
-32
-36
-36
-30
-30
-29
-29
-27
-27
-31
-30
-30
-27
-24
-22
-19
-18
-18
-12
-9
-3
7
9
9
10
13
16
20
25
32
37
40
39
35
42
46
45
48
54
57
54
50
56
60
59
51
50
52
46
44
41
42
48
45
47
60
52
50
47
47
47
41
41
42
37
28
22
18
17
17
17
15
19
18
20
21
18
18
19
17
11
6
3
4
0
-2
-1
1
-4
-7
-7
-11
-10
-14
-13
-15
-19
-22
-19
-19
-20
-19
-16
-18
-15
-18
-22
-21
-24
-24
-30
-36
-39
-33
-34
-33
-28
-26
-27
-27
-31
-31
-35
-35
-33
-32
-31
-28
-27
-24
-20
-24
-22
-21
-20
-21
-20
-18
-17
-15
-14
-17
-18
-18
-12
-13
-13
-6
-5
-1
6
8
13
15
16
16
15
19
16
20
23
22
26
25
25
22
19
18
15
12
11
9
11
10
11
13
12
14
13
15
11
13
8
6
7
3
0
4
5
5
8
5
4
2
5
4
-1
1
-1
-1
-2
-5
2
7
9
11
13
12
12
15
17
14
8
10
8
11
9
8
10
10
10
7
7
6
8
3
3
3
0
-1
-7
-8
-7
-11
-11
-12
-13
-14
-16
-17
-14
-16
-19
-20
-18
-16
-19
-17
-16
-13
-13
-13
-13
-11
-11
-14
-19
-23
-25
-28
-27
-28
-26
-25
-28
-28
-28
-28
-29
-30
-32
-30
-26
-24
-27
-23
-26
-28
-32
-31
-25
-28
-24
-25
-23
-23
-22
-21
-19
-17
-16
-13
-12
-9
-8
-7
-3
3
2
2
3
4
8
7
9
10
11
11
9
11
12
11
13
13
15
15
17
19
18
23
24
22
24
25
27
29
26
28
30
30
28
30
31
30
30
28
26
28
24
22
22
21
21
21
20
22
22
21
20
18
19
16
16
15
15
11
10
9
7
6
6
6
8
5
3
2
3
2
1
0
-1
0
1
-2
0
-2
-2
-1
-4
-3
-3
-4
-3
-5
-6
-6
-5
-6
-8
-7
-8
-8
-6
-4
-2
-2
-4
-2
-3
-6
-6
-6
-5
-5
-5
-6
-4
-5
-5
-8
-9
-8
-7
-9
-9
-7
-7
-6
-8
-10
-9
-10
-11
-11
-10
-11
-11
-11
-13
-13
-14
-15
-13
-14
-14
-12
-12
-10
-7
-8
-7
-7
-6
-7
-7
-7
-6
-5
-5
-4
-4
-4
-3
-3
-2
-3
-1
-2
0
-1
-1
1
1
3
4
3
4
4
3
3
3
1
3
4
5
5
7
8
9
7
5
9
11
11
11
13
14
17
15
16
16
14
13
13
14
15
15
17
16
14
13
13
12
11
11
8
7
8
8
9
7
4
6
6
4
3
2
3
2
0
-2
-2
-4
-5
-7
-8
-9
-10
-12
-14
-14
-14
-14
-14
-13
-15
-14
-12
-11
-9
-12
-13
-14
-14
-15
-15
-14
-12
-12
-12
-12
-11
-12
-11
-12
-12
-11
-11
-9
-8
-8
-6
-7
-7
-8
-9
-9
-7
-7
-7
-7
-7
-6
-7
-5
-4
-6
-4
-3
-2
-4
-4
-1
-1
1
1
1
4
3
4
4
5
4
5
4
5
6
5
6
7
8
9
9
10
10
11
10
9
11
13
12
12
10
11
12
11
10
11
12
11
9
8
8
8
7
6
6
5
5
6
5
6
6
4
3
3
3
1
2
2
2
2
1
1
2
0
0
-2
-1
-1
-2
-2
-3
-1
-2
-1
-1
-1
-1
-1
-2
-1
0
-1
-2
-3
-2
-1
-3
-2
-3
-2
-2
-3
-2
-4
-2
-2
-3
-2
-2
-3
-4
-4
-3
-3
-4
-5
-5
-6
-7
-7
-8
-8
-7
-7
-7
-6
-6
-5
-4
-3
-2
-2
-2
-2
-1
-1
0
1
1
2
2
1
3
2
3
2
3
3
3
2
4
5
5
6
8
7
8
9
9
9
11
11
9
8
10
10
9
8
7
7
6
5
4
4
4
3
1
1
1
-1
-2
-2
-1
-2
-2
-3
-3
-3
-4
-5
-5
-4
-5
-6
-7
-8
-8
-9
-9
-8
-7
-7
-6
-7
-8
-8
-8
-8
-7
-7
-8
-7
-8
-8
-10
-9
-10
-9
-10
-10
-10
-9
-10
-9
-10
-9
-9
-10
-9
-9
-10
-7
-7
-7
-5
-5
-4
-4
-3
-3
-4
-5
-4
-5
-4
-3
-2
-1
-1
0
1
1
3
4
5
4
6
7
6
6
6
8
8
9
8
9
8
8
8
8
7
6
7
7
7
7
7
9
9
10
8
9
9
10
9
7
6
6
6
7
5
6
6
7
6
4
4
3
2
3
3
3
4
3
4
3
3
2
1
2
2
0
-1
-1
-2
-3
-3
-3
-3
-3
-3
-3
-2
-3
-2
-4
-5
-4
-4
-4
-2
-3
-4
-4
-3
-4
-4
-5
-5
-6
-6
-6
-7
-7
-5
-6
-5
-5
-4
-3
-3
-2
-3
-2
-3
-3
-3
-4
-5
-4
-3
-1
0
1
2
3
3
3
3
3
3
4
4
4
4
5
6
5
6
6
7
7
5
6
6
5
4
4
4
4
