-3
-1
-1
-1
-1
-1
-1
-1
0
1
1
0
1
1
0
1
2
2
1
2
2
1
1
2
3
2
4
2
2
2
2
2
3
2
2
1
1
2
2
2
1
1
2
2
2
4
4
3
4
4
3
3
3
2
2
2
2
2
2
2
2
2
1
1
2
-1
-2
-2
-3
-3
-3
-3
-3
-3
-3
-3
-3
-3
-3
-2
-2
-1
-2
-2
-1
1
-1
-1
0
0
1
0
-1
0
1
0
0
-1
-2
-2
-2
-2
-3
-3
-3
-2
-2
-2
-1
-1
0
0
0
1
1
1
1
2
2
0
2
2
2
2
1
2
3
3
4
5
4
2
3
3
2
3
2
1
0
1
0
0
1
0
1
0
0
0
1
0
0
1
0
1
2
2
0
2
2
2
0
2
1
1
1
0
0
-1
-1
-1
-1
-3
-2
-2
-3
-3
-2
-3
-3
-3
-3
-3
-3
-3
-2
-4
-2
-2
-2
-1
-1
0
-1
-1
0
1
1
2
1
1
0
0
-1
-1
0
1
0
0
0
0
1
0
0
-2
-2
-3
-3
-3
-2
-2
-2
-2
-2
-2
-1
-1
0
1
1
1
2
1
1
1
0
0
1
0
0
0
0
0
-1
-1
-2
-1
0
-2
-3
-2
-3
-4
-4
-4
-3
-2
-2
0
0
0
-1
1
1
2
2
2
2
2
2
3
2
1
2
2
1
1
1
1
0
0
-1
0
-1
-1
0
0
1
2
2
2
2
2
4
4
5
5
4
5
4
5
5
3
4
4
4
5
5
6
5
4
4
3
2
2
0
0
-2
-2
-1
-2
-3
-1
-2
-2
0
0
-2
-2
-2
-2
-2
-3
-2
-3
-3
-3
-4
-4
-5
-4
-3
-4
-4
-3
-5
-5
-7
-6
-7
-8
-8
-8
-9
-8
-7
-8
-7
-7
-6
-6
-5
-5
-5
-3
-5
-3
-2
-2
-1
0
0
1
2
4
3
4
4
4
4
4
3
3
3
3
3
4
4
4
5
5
6
5
6
7
6
7
8
8
8
9
9
9
9
10
9
9
10
10
9
8
8
6
5
5
4
3
2
1
1
0
0
0
0
-1
-2
-2
0
-2
-2
-1
-2
-3
-2
-2
-4
-5
-3
-4
-4
-3
-3
-4
-4
-4
-6
-7
-7
-8
-8
-10
-9
-9
-10
-10
-9
-8
-9
-8
-9
-7
-7
-6
-6
-5
-4
-3
-2
-1
0
-1
0
2
1
2
2
3
2
3
5
2
0
2
1
0
2
2
1
-1
2
3
1
3
3
4
3
3
5
5
6
6
7
7
8
8
8
9
8
9
10
8
7
7
6
5
4
4
2
0
0
-1
-2
-1
-3
-1
-3
-2
-1
-1
0
-2
-2
-3
-1
-1
-2
-1
0
-2
0
-2
-2
1
0
-1
-3
-1
-4
-3
-3
-5
-6
-10
-10
-9
-10
-9
-8
-7
-10
-7
-5
-6
-3
-4
-3
-3
-6
-1
0
1
2
1
2
0
3
4
6
10
3
3
5
3
4
4
3
3
-1
-1
3
6
10
8
3
-1
-3
-3
-4
0
1
1
-1
-5
-2
1
6
10
11
10
12
9
4
-3
4
4
-4
-3
5
3
1
4
4
0
-5
-2
0
-1
1
3
1
1
1
4
3
3
5
4
14
8
7
5
-2
4
1
7
7
6
7
3
3
6
8
-2
-5
-10
-12
-8
-10
-9
-11
-7
-11
-15
0
-4
-10
-3
-5
-8
-6
-5
0
-7
-3
-1
-4
-2
-2
2
3
4
-3
-6
3
0
-2
-1
2
6
-2
3
12
11
7
1
-10
-8
-7
-8
-5
0
-2
-7
-4
-5
2
0
5
11
-3
2
4
-11
2
2
-6
-1
-6
-7
-4
-6
-3
1
-8
-10
-15
-19
-11
-11
-13
-11
-2
-6
-15
-9
2
-5
-6
2
1
4
-4
2
5
3
5
9
10
4
11
18
16
7
7
6
9
3
1
9
-3
-12
-11
-4
3
3
8
4
-3
-2
3
5
11
8
2
4
-5
-4
2
5
9
-2
0
2
3
-2
-4
2
6
-5
0
4
1
-4
-5
-1
0
5
7
-2
-3
-7
-19
-1
0
-1
1
-3
6
2
-5
6
17
22
13
20
25
9
9
-1
-3
4
-10
-3
-7
-6
-8
-8
-1
-10
-10
-11
-15
-21
-17
-14
-11
-13
-19
-15
-14
-14
-4
-3
-2
-2
0
5
4
11
17
26
24
22
21
33
24
21
25
10
9
-1
0
-6
4
12
7
9
18
5
5
3
5
12
5
11
13
5
-4
8
4
3
5
-2
9
-2
11
-20
-3
-25
3
-27
37
-29
-3
-13
10
2
19
287
-59
-6
32
-90
-69
28
-132
212
-68
-158
101
-137
-35
113
-34
3
118
-101
1
-10
-51
-32
34
-44
50
1
16
77
27
41
24
90
16
73
69
-21
25
31
-42
55
-3
29
76
-33
6
37
-105
85
-32
-68
78
-66
-14
-20
-63
-17
20
-27
21
21
-38
9
-34
-41
39
-6
7
46
12
53
29
46
42
59
-4
88
-16
36
21
-8
10
16
-49
14
-38
-35
59
-76
25
10
-57
-24
-16
-90
30
-58
-24
17
-68
0
16
-6
-30
64
-7
-8
86
-40
74
43
10
64
84
20
101
125
-18
67
-75
39
-20
73
90
184
23
0
55
36
169
152
-146
-120
-93
-254
-146
-204
69
-53
-158
91
-171
-240
-2
-119
-86
39
-6
441
-142
-89
111
-192
122
417
123
244
267
92
114
-83
157
95
51
-60
239
-26
-72
29
18
-224
-80
-28
-164
25
-227
31
-252
-169
-183
-332
-253
-164
-164
-155
-66
-54
-135
-141
-91
5
-93
13
103
57
80
73
152
-45
93
79
37
-57
118
-5
-42
46
-131
84
-59
-155
-55
-161
-283
-38
-250
-176
-71
-204
-216
-144
-180
-94
40
-130
91
-21
-81
-63
57
12
64
18
71
90
34
11
2
122
-166
-14
-7
-106
-25
-63
-104
56
-201
22
65
-143
26
-20
3
-69
-136
-49
70
-227
17
-8
72
-45
95
1
22
66
-56
229
-65
195
193
110
-92
152
120
58
132
56
325
63
90
61
99
-18
35
166
23
14
29
-74
-118
-11
1
137
269
-172
176
112
165
188
312
289
201
74
16
199
-133
117
211
112
-190
271
45
-197
44
-11
-159
-97
-58
-9
83
-172
96
82
-144
62
266
74
118
167
76
59
87
19
140
59
30
-18
75
-121
1
-11
-107
-27
-64
-59
-144
-21
-173
-92
-234
-69
-266
-24
-107
67
-91
3
121
85
22
-41
171
-66
-44
50
67
-18
-18
-25
125
-91
-51
-17
-45
-187
-18
-143
-23
-284
-226
-32
-89
-64
14
-4
-89
64
-29
123
136
-10
30
92
-129
-145
-199
-57
-65
-48
106
237
123
-23
22
161
54
-199
25
-43
-193
-134
-13
97
-91
-186
166
243
-28
65
238
15
-140
-92
222
-54
-279
-95
-38
-96
-191
20
125
-34
-113
168
162
-12
-161
-174
-51
-91
-53
52
94
1
1
93
246
179
38
31
124
-21
-62
-98
-150
-140
-77
-43
98
102
-10
-11
71
117
93
72
22
115
35
35
102
22
-53
-6
123
149
160
85
16
31
120
77
-39
6
-74
-95
-67
37
89
-71
-73
58
86
36
3
-31
-6
53
43
30
61
-84
-117
-7
130
-9
-68
-81
-21
-50
-45
39
90
-145
-274
-35
58
-17
-216
-142
13
4
-52
34
144
-33
-199
39
170
16
-59
-56
53
-65
-105
66
86
-75
-111
89
173
58
-115
-119
-133
-147
-201
-94
-137
-194
-129
-86
13
-42
-38
-64
-37
-35
-42
9
45
-69
-33
-27
-63
-73
-158
-8
91
119
127
76
66
-8
-51
6
37
-66
-73
-30
-9
-30
58
59
30
-58
52
105
26
29
-2
-5
-26
4
61
1
8
127
38
39
31
58
-3
-35
-71
-55
-16
-50
-73
-29
59
-18
13
2
111
101
53
80
107
119
55
132
75
67
77
33
135
133
87
122
80
37
56
86
112
58
-39
-25
-53
-56
-5
81
20
-20
108
104
69
1
38
-25
-77
-24
134
120
19
13
21
-51
-35
-3
-45
-62
-29
21
27
-39
-39
-3
-98
-33
-9
36
14
-52
-97
-27
24
37
46
-20
-70
-81
-64
-89
-121
-56
-36
-1
-87
-30
13
-10
-40
13
49
74
37
22
25
16
-8
-57
-81
-12
81
34
34
-74
-42
-134
-26
29
20
-11
-32
15
36
-67
-56
26
-56
-37
-42
-9
-20
-51
-57
0
-56
-34
-45
-4
-44
34
82
69
28
47
5
2
-22
28
72
60
73
-26
14
-38
17
-5
30
19
44
2
4
132
92
53
-43
-86
-59
18
13
30
-75
-134
-146
-79
65
132
156
72
-3
-26
26
36
56
-9
24
-23
-14
6
7
-10
-44
27
75
65
76
18
4
2
-10
-7
-41
-118
-84
-66
-107
-2
76
52
58
-7
-65
-74
-175
-104
-42
-57
29
85
-56
-104
-36
5
189
76
-5
35
-30
-38
81
58
39
-21
-167
-44
-32
-20
110
21
-62
-24
-140
-27
142
33
10
-112
-182
-131
-190
-225
90
18
-168
-102
-123
67
197
91
57
-68
-221
-241
-181
-73
112
91
-85
-217
-180
-118
118
65
209
235
-2
-157
-329
-319
-202
-151
51
64
-39
-113
-328
-376
-283
-154
-38
24
44
-68
-312
-397
-448
-408
-278
27
153
190
48
-34
-240
-221
-228
-66
184
370
584
461
390
292
211
344
512
833
1054
1130
1120
824
643
364
178
134
186
440
509
520
432
165
-13
-184
-211
-201
-69
-4
-1
-50
-167
-248
-332
-300
-241
-98
81
215
291
297
266
259
226
240
246
276
345
377
431
395
340
301
201
145
134
118
29
33
-20
-78
-173
-263
-315
-365
-330
-311
-233
-226
-211
-210
-280
-348
-407
-449
-387
-358
-288
-225
-157
-135
-149
-116
-132
-124
-169
-139
-119
-96
-91
-75
-77
-106
-139
-142
-101
-123
-96
-109
-91
-80
-166
-157
-201
-264
-301
-326
-270
-222
-160
-128
-145
-111
-115
-77
-69
-22
36
23
148
197
251
221
208
162
167
108
117
139
125
98
-15
-62
-167
-157
-203
-201
-188
-204
-214
-212
-243
-256
-253
-258
-208
-206
-129
-99
-46
-31
-113
-93
-157
-30
66
131
273
240
273
283
261
117
35
32
17
128
158
285
273
107
-131
-199
-216
-89
216
366
583
488
195
-143
-433
-522
-265
55
261
326
159
-18
-338
-399
-362
-56
139
255
305
52
-136
-363
-268
-15
392
636
703
345
-118
-393
-451
-179
130
241
357
80
-276
-362
-509
-140
123
394
433
197
-91
-458
-421
-221
76
358
245
-58
-269
-357
-71
297
364
413
180
-57
-198
-252
-122
16
103
76
-43
-173
-216
-168
-36
32
160
79
-102
-367
-416
-281
-133
56
112
57
-94
-93
-89
-5
158
223
263
133
29
111
111
213
323
295
287
151
58
54
66
189
242
200
102
18
-117
-105
-40
89
259
173
41
-96
-154
-101
60
203
316
180
-59
-185
-183
24
290
339
258
65
-117
-150
-168
33
154
136
-66
-231
-307
-315
-212
-177
-124
-170
-283
-294
-330
-352
-322
-302
-343
-445
-508
-470
-423
-420
-407
-337
-298
-375
-395
-390
-409
-348
-339
-343
-359
-522
-522
-486
-425
-288
-107
73
153
249
371
552
692
748
718
656
601
564
540
630
639
607
548
404
333
233
197
230
277
353
411
426
406
424
464
562
685
741
740
724
725
715
706
696
658
635
558
541
552
460
375
298
319
286
272
211
192
66
-89
-251
-360
-350
-433
-501
-565
-651
-688
-669
-666
-526
-588
-599
-639
-802
-865
-848
-896
-865
-867
-907
-995
-1239
-1475
-1578
-1632
-1624
-1425
-1203
-868
-535
-85
304
601
728
661
551
403
374
515
683
877
1035
1022
953
812
609
432
244
108
-26
-200
-365
-565
-753
-826
-758
-577
-393
-267
-200
-200
-206
-127
35
241
452
606
744
797
831
837
868
920
996
1105
1160
1185
1046
840
583
360
230
154
161
128
111
18
-75
-139
-186
-178
-164
-186
-273
-366
-475
-491
-443
-308
-92
81
187
237
177
130
48
-28
-23
30
102
172
207
208
140
-14
-88
-193
-217
-221
-186
-197
-223
-252
-316
-339
-407
-397
-412
-379
-349
-360
-408
-472
-522
-587
-615
-641
-684
-699
-709
-696
-652
-588
-493
-377
-271
-214
-150
-115
-113
-92
-64
16
88
157
208
246
272
267
304
342
361
391
453
520
588
596
561
490
362
238
127
47
-26
-33
-1
82
168
222
236
159
47
-44
-78
-96
-22
49
135
215
226
255
261
265
279
300
299
275
250
195
175
163
195
243
263
269
258
238
172
148
146
168
197
216
235
245
271
279
287
259
206
181
155
163
162
149
125
89
25
-62
-91
-141
-197
-246
-294
-294
-320
-329
-303
-272
-216
-198
-216
-292
-405
-496
-557
-554
-557
-574
-648
-767
-913
-1053
-1118
-1131
-1069
-963
-801
-605
-470
-418
-448
-520
-549
-507
-357
-119
112
286
353
345
330
357
436
539
657
773
860
886
873
794
710
590
505
468
388
281
135
-3
-86
-113
-43
26
13
-95
-251
-372
-395
-297
-141
18
104
107
50
-29
-93
-66
8
148
305
388
430
392
326
312
364
452
541
581
565
528
554
659
765
816
706
509
267
91
134
318
557
690
582
302
-34
-277
-253
-4
360
606
613
342
-64
-459
-623
-530
-262
-46
17
-43
-263
-421
-529
-557
-554
-603
-743
-859
-992
-1089
-1234
-1445
-1680
-1822
-1914
-1864
-1674
-1387
-994
-629
-432
-458
-674
-898
-807
-379
341
1063
1461
1430
1115
803
752
959
1216
1384
1339
1153
972
821
669
408
67
-294
-590
-739
-794
-795
-805
-879
-975
-1095
-1236
-1333
-1316
-1103
-728
-340
-37
106
136
233
439
729
980
1120
1219
1324
1467
1588
1589
1403
1153
952
916
1011
1097
1097
960
759
571
451
337
179
3
-133
-164
-103
-11
40
47
-5
-73
-122
-113
-27
148
364
568
652
587
443
297
213
181
172
132
68
-11
-108
-243
-517
-864
-1195
-1442
-1552
-1615
-1746
-2028
-2405
-2743
-2953
-2979
-2884
-2585
-2029
-1364
-680
-297
-373
-691
-881
-554
415
1428
2198
2326
1943
1534
1354
1528
1877
2013
1968
1761
1529
1340
971
378
-327
-958
-1243
-1217
-1016
-860
-1004
-1323
-1750
-2103
-2174
-1918
-1443
-911
-532
-270
-112
75
414
757
1083
1376
1691
2115
2571
2913
2950
2642
2208
1890
1818
1933
1987
1879
1617
1315
1049
751
401
5
-407
-653
-684
-585
-448
-487
-651
-888
-1055
-972
-717
-342
53
315
463
486
416
344
247
241
293
388
495
519
385
66
-341
-730
-1051
-1205
-1309
-1483
-1736
-2082
-2458
-2866
-3162
-3320
-3308
-3157
-2847
-2272
-1492
-759
-353
-478
-817
-794
-162
1135
2387
3029
2933
2315
1775
1705
2048
2672
3037
2997
2706
2206
1729
1118
326
-443
-971
-1084
-897
-820
-997
-1567
-2313
-2862
-3027
-2662
-2034
-1478
-1189
-1252
-1360
-1307
-1062
-577
2
620
1248
1751
2156
2298
2180
2003
1868
1957
2233
2527
2664
2488
2094
1638
1183
859
646
520
412
177
-116
-496
-916
-1194
-1325
-1247
-1027
-802
-623
-615
-650
-628
-517
-310
-60
236
451
547
545
410
232
132
62
75
48
-44
-253
-707
-1259
-1773
-2130
-2291
-2445
-2618
-2891
-3184
-3276
-3089
-2406
-1615
-1181
-1293
-1620
-1556
-822
400
1591
2095
2038
1715
1521
1801
2536
3378
3764
3540
3090
2735
2499
2237
1695
1132
818
755
628
82
-725
-1547
-2257
-2547
-2346
-1815
-1401
-1495
-2064
-2645
-2717
-2210
-1535
-990
-530
-106
221
423
570
821
1143
1574
2042
2417
2660
2523
2098
1668
1575
1897
2209
2173
1766
1167
682
339
149
65
-82
-314
-569
-714
-733
-814
-980
-1057
-966
-647
-305
-175
-259
-382
-344
-200
30
321
450
347
124
-41
-81
-153
-312
-575
-801
-899
-1087
-1427
-1912
-2420
-2778
-2931
-2905
-2530
-1792
-1178
-1221
-1856
-2330
-2116
-1265
36
1291
1739
1368
651
298
829
2077
3315
3681
3217
2698
2346
2121
2066
2054
2057
1869
1529
981
259
-349
-914
-1359
-1355
-908
-642
-1108
-2039
-2711
-2814
-2329
-1600
-1084
-923
-988
-1133
-1110
-675
103
786
1105
1279
1454
1629
1653
1526
1458
1698
2248
2621
2561
2133
1531
993
770
1013
1320
1200
712
70
-444
-568
-415
-338
-501
-664
-703
-784
-778
-632
-479
-413
-388
-335
-373
-468
-490
-478
-390
-183
-116
-350
-716
-1017
-1099
-1138
-1100
-1280
-1571
-1977
-2366
-2646
-2681
-2598
-2262
-1534
-1184
-1462
-2096
-2134
-1470
-356
785
1533
1079
374
-23
475
1726
3111
3725
3132
2153
1760
1951
2401
2894
2866
2499
1795
1160
551
114
7
-89
-290
-405
-632
-1256
-2024
-2460
-2197
-1765
-1384
-1453
-1867
-2123
-1947
-1404
-732
-171
50
-60
-87
274
831
1415
1679
1630
1481
1560
1906
2104
2222
2273
2022
1626
1356
1322
1238
931
785
624
407
287
190
-15
-314
-400
-309
-397
-432
-487
-609
-661
-559
-368
-373
-591
-743
-899
-890
-767
-768
-761
-1012
-1224
-1409
-1432
-1489
-1690
-2018
-2144
-2398
-2409
-2471
-2597
-2235
-1501
-1231
-1749
-2264
-1893
-1013
-173
927
1180
604
-50
145
1196
2659
3642
3529
2308
1680
2135
2933
3599
3546
2954
2159
1618
1427
1279
1254
1134
441
-289
-548
-669
-1044
-1492
-1544
-1502
-1694
-2088
-2565
-2628
-2100
-1473
-1117
-1105
-1260
-1429
-1230
-432
408
704
542
288
290
687
1390
1914
1997
1839
1628
1469
1433
1583
1755
1715
1471
1177
859
718
689
844
999
895
449
6
-91
126
363
433
289
-109
-448
-591
-427
-329
-369
-611
-865
-1011
-946
-957
-1161
-1296
-1499
-1583
-1842
-2021
-2130
-2318
-2584
-2532
-2577
-2429
-1822
-1462
-1681
-2225
-2144
-1290
-481
130
758
389
-99
-79
700
1898
2644
2724
2144
1594
1968
2855
3358
3356
2680
2077
1772
1883
1888
1698
1445
840
68
-299
-279
-288
-623
-1061
-1228
-1580
-1872
-2135
-2182
-1819
-1557
-1654
-1892
-1938
-1642
-1177
-628
-201
-243
-474
-448
55
635
1019
1153
1129
1198
1458
1664
1857
1824
1728
1645
1544
1584
1576
1426
1297
1188
1182
1118
827
639
592
705
657
409
146
-89
-203
-170
-163
-242
-577
-945
-1050
-1008
-869
-993
-1360
-1633
-1702
-1558
-1475
-1657
-1964
-2257
-2532
-2529
-2270
-2203
-2261
-1872
-1500
-1600
-1939
-1845
-952
-291
226
511
195
-318
-73
797
1975
2569
2468
1753
1271
1799
2872
3557
3289
2560
1982
1843
1920
2065
1847
1622
978
252
-61
0
-17
-465
-976
-1210
-1445
-1822
-2043
-1947
-1660
-1786
-2177
-2404
-2252
-1771
-1318
-956
-814
-973
-1125
-772
-127
470
594
560
782
1024
1420
1793
1879
1785
1583
1687
2004
2024
2144
1923
1664
1470
1408
1425
1239
1155
1190
995
691
336
142
128
17
1
-295
-641
-945
-1124
-1078
-1048
-1183
-1459
-1778
-1787
-1655
-1665
-1685
-1973
-2207
-2238
-2358
-2188
-2166
-2379
-2293
-1696
-1132
-1218
-1746
-1634
-907
-278
169
318
142
-177
128
1006
1968
2244
1836
1195
1319
2189
3265
3496
2812
2103
1820
1918
2213
2377
2127
1568
798
252
50
221
94
-437
-937
-1214
-1501
-1881
-2071
-1966
-1911
-2171
-2497
-2542
-2290
-1965
-1697
-1514
-1464
-1507
-1412
-906
-240
131
146
143
431
897
1417
1793
1829
1719
1669
1853
2238
2497
2475
2188
1892
1873
1929
2010
1941
1661
1324
1053
953
912
811
623
226
-218
-445
-557
-601
-716
-913
-1122
-1573
-1731
-1832
-1740
-1616
-1783
-1943
-2255
-2401
-2340
-2384
-2289
-2181
-2351
-1884
-1471
-1271
-1642
-1871
-1394
-608
-87
252
125
-164
-257
156
1219
1875
1962
1440
1177
1596
2424
2941
2925
2295
2021
1980
2141
2327
2213
1889
1261
757
498
493
539
219
-398
-841
-1206
-1483
-1685
-1745
-1628
-1765
-2160
-2505
-2486
-2202
-1923
-1685
-1546
-1654
-1754
-1563
-1010
-300
-81
-70
-44
254
743
1236
1584
1619
1501
1568
1850
2315
2540
2366
2111
1876
1971
2102
2223
2033
1618
1281
1153
1167
1215
1022
610
170
-157
-255
-398
-538
-825
-1154
-1440
-1642
-1634
-1717
-1756
-1876
-2198
-2370
-2498
-2386
-2358
-2344
-2271
-2456
-2482
-1968
-1471
-1401
-1716
-1734
-1150
-594
-77
84
111
-111
-75
460
1387
1866
1771
1371
1354
1918
2571
3014
2729
2338
2089
2191
2368
2526
2271
1829
1217
910
753
797
707
174
-416
-921
-1129
-1340
-1455
-1496
-1492
-1766
-2193
-2395
-2250
-1974
-1786
-1665
-1705
-1842
-1839
-1475
-770
-266
-202
-317
-253
137
706
1192
1506
1435
1340
1485
1881
2410
2544
2359
2078
1912
2059
2260
2306
2114
1696
1491
1316
1272
1215
922
569
214
-56
-220
-446
-693
-958
-1242
-1384
-1551
-1732
-1872
-2088
-2067
-2246
-2268
-2338
-2458
-2511
-2581
-2448
-2458
-2209
-1647
-1492
-1851
-1857
-1681
-877
-453
-131
-66
-251
-259
70
785
1536
1755
1275
1115
1319
2168
2618
2773
2428
2135
2121
2333
2460
2497
2107
1549
1187
880
961
798
578
-23
-537
-858
-1065
-1179
-1269
-1428
-1653
-1992
-2303
-2219
-2039
-1845
-1822
-1854
-1939
-1962
-1665
-1139
-571
-342
-477
-549
-207
364
1010
1349
1441
1266
1310
1654
2121
2543
2578
2362
2151
2159
2346
2496
2376
2085
1773
1687
1629
1553
1373
988
588
299
76
-69
-281
-552
-920
-1167
-1415
-1632
-1761
-1954
-2103
-2141
-2338
-2419
-2533
-2709
-2633
-2699
-2571
-2467
-1987
-1677
-1932
-2143
-1819
-1251
-629
-386
-256
-320
-454
-44
406
1176
1576
1321
987
1270
1851
2510
2560
2352
2016
1964
2288
2391
2475
2207
1703
1248
1050
958
1035
728
248
-360
-701
-834
-988
-1037
-1277
-1536
-1858
-2163
-2211
-1972
-1866
-1848
-1956
-2004
-2011
-1755
-1329
-935
-643
-700
-737
-419
160
696
1057
1105
1069
1084
1474
1948
2343
2526
2366
2156
2181
2380
2629
2650
2406
2112
1862
1795
1675
1601
1353
1020
705
484
204
-37
-369
-674
-920
-1148
-1373
-1617
-1784
-2029
-2169
-2348
-2467
-2593
-2709
-2733
-2754
-2749
-2596
-2251
-1871
-2101
-2300
-2068
-1487
-822
-518
-476
-518
-636
-271
278
911
1422
1194
795
945
1575
2261
2439
2191
1951
1826
2087
2301
2357
2261
1768
1339
1155
1075
1125
913
472
-32
-436
-536
-722
-837
-1026
-1387
-1691
-1940
-2000
-1800
-1716
-1768
-1914
-2059
-1988
-1811
-1417
-1070
-845
-776
-886
-688
-194
364
782
869
924
971
1217
1724
2014
2267
2252
2083
2136
2315
2581
2684
2468
2223
2026
1952
1952
1783
1593
1274
922
736
488
272
-59
-393
-663
-920
-1144
-1408
-1670
-1922
-2090
-2258
-2424
-2561
-2590
-2890
-2802
-2840
-2720
-2339
-1990
-2119
-2379
-2326
-1707
-1044
-678
-416
-592
-649
-360
241
874
1355
1300
994
962
1595
2261
2476
2380
1949
1932
2070
2312
2395
2253
1831
1340
1069
1043
1042
856
493
-91
-433
-681
-805
-937
-1063
-1346
-1663
-1931
-1998
-1905
-1788
-1807
-1958
-2013
-2044
-1862
-1533
-1165
-1024
-925
-920
-763
-315
166
573
727
708
806
1033
1457
1839
2063
2245
2041
2031
2250
2444
2606
2503
2318
2134
2027
2087
1981
1774
1570
1248
1034
773
554
285
-68
-436
-637
-933
-1155
-1409
-1648
-1818
-2170
-2286
-2451
-2585
-2787
-2734
-2810
-2717
-2470
-2058
-2117
-2430
-2336
-1902
-1254
-780
-484
-604
-677
-550
146
667
1156
1308
1075
1028
1391
2117
2451
2401
2030
2001
2033
2287
2348
2283
1951
1495
1228
1137
1104
891
605
61
-259
-601
-633
-885
-1037
-1267
-1612
-1837
-1953
-1857
-1793
-1799
-1950
-1984
-2066
-1858
-1644
-1358
-1154
-1124
-987
-821
-513
-117
155
437
569
625
1026
1272
1576
1764
1898
1980
1968
2142
2399
2431
2372
2330
2248
2185
2097
2052
1825
1577
1443
1247
982
678
382
135
-179
-388
-553
-950
-1286
-1581
-1770
-1906
-2156
-2220
-2459
-2709
-2774
-2768
-2725
-2463
-2199
-2111
-2485
-2515
-2122
-1502
-976
-668
-699
-771
-708
-126
563
1007
1235
1052
879
1236
1921
2419
2414
2106
1950
1995
2237
2371
2330
2076
1617
1239
1221
1176
1074
771
261
-166
-455
-568
-702
-913
-1128
-1486
-1809
-1909
-1898
-1771
-1779
-1904
-1999
-2008
-1913
-1658
-1461
-1242
-1178
-1003
-768
-534
-201
33
221
476
669
937
1329
1423
1579
1706
1883
2050
2128
2322
2353
2217
2185
2201
2183
2148
2034
1908
1633
1431
1315
1096
798
498
216
-9
-312
-452
-766
-1126
-1435
-1684
-1732
-1999
-2188
-2322
-2664
-2744
-2750
-2828
-2521
-2335
-2075
-2333
-2559
-2262
-1718
-1182
-689
-711
-756
-774
-384
373
909
1209
1182
915
1096
1714
2302
2554
2237
1973
1956
2093
2350
2348
2140
1776
1247
1169
1132
1054
831
343
-84
-393
-594
-693
-933
-1180
-1434
-1766
-1876
-1901
-1832
-1807
-1971
-2050
-2067
-2010
-1773
-1589
-1399
-1272
-1149
-972
-707
-405
-72
112
348
537
696
1072
1298
1419
1617
1773
1896
2045
2140
2328
2233
2150
2135
2123
2146
2054
1887
1661
1424
1350
1256
985
721
392
141
-126
-349
-477
-846
-1163
-1471
-1643
-1650
-2009
-2057
-2375
-2609
-2460
-2529
-2454
-2046
-1993
-2048
-2355
-2220
-1593
-1128
-661
-549
-684
-662
-301
308
921
1182
1224
1020
975
1625
2236
2488
2303
1913
1898
2087
2255
2389
2142
1751
1308
995
1095
978
811
418
-122
-433
-635
-813
-959
-1211
-1461
-1708
-2000
-1987
-1997
-1967
-2018
-2140
-2132
-2084
-1930
-1712
-1535
-1398
-1266
-1068
-834
-559
-236
28
204
446
620
946
1198
1343
1555
1764
1815
1924
2074
2185
2252
2149
2191
2157
2123
2094
1974
1748
1539
1411
1365
1106
807
590
250
8
-239
-423
-698
-1039
-1368
-1518
-1655
-1866
-2038
-2338
-2475
-2563
-2491
-2514
-2346
-1973
-1894
-2288
-2204
-1849
-1280
-766
-584
-475
-581
-496
119
722
1095
1340
1173
1060
1359
1985
2492
2368
2038
1900
1961
2242
2333
2226
1971
1449
1113
1104
1050
964
567
109
-301
-588
-658
-845
-1068
-1282
-1585
-1855
-1956
-2024
-1907
-1941
-2003
-2025
-2080
-1989
-1827
-1623
-1380
-1305
-1144
-872
-711
-407
-79
92
387
535
775
1121
1152
1403
1632
1734
1826
1972
2085
2201
2039
2110
2099
2010
2022
1887
1782
1518
1384
1321
1114
755
578
275
32
-212
-444
-634
-1032
-1300
-1524
-1594
-1835
-1958
-2241
-2451
-2593
-2495
-2436
-2486
-1976
-1824
-2116
-2277
-1826
-1419
-792
-653
-429
-536
-568
28
598
1082
1282
1339
1075
1297
1791
2502
2544
2225
1990
1991
2238
2353
2359
2148
1748
1251
1222
1164
1113
794
292
-130
-492
-562
-686
-909
-1209
-1501
-1837
-1922
-1970
-1877
-1856
-2021
-2057
-2130
-2045
-1896
-1676
-1476
-1343
-1274
-996
-787
-588
-213
-19
233
438
566
918
1050
1178
1485
1637
1664
1827
1923
2072
1999
1923
2028
1894
1915
1831
1726
1519
1293
1203
1141
806
575
368
46
-158
-447
-582
-842
-1209
-1412
-1571
-1781
-1909
-2119
-2345
-2422
-2487
-2339
-2494
-2060
-1750
-2110
-2162
-1902
-1481
-935
-650
-564
-463
-613
22
503
880
1280
1319
1157
1304
1735
2359
2586
2224
2155
2027
2309
2421
2356
2259
1890
1479
1350
1319
1190
1003
449
73
-376
-503
-540
-836
-1002
-1312
-1679
-1845
-1914
-1905
-1818
-2037
-2070
-2080
-2071
-1879
-1745
-1567
-1476
-1393
-1152
-886
-723
-317
-131
63
299
389
756
907
1097
1421
1606
1601
1704
1754
1889
1859
1837
1922
1819
1849
1803
1726
1492
1241
1116
1073
817
617
425
178
-89
-322
-549
-806
-1194
-1419
-1489
-1672
-1852
-2005
-2200
-2365
-2273
-2361
-2047
-1749
-1912
-2190
-1986
-1771
-1200
-878
-745
-592
-781
-230
221
577
807
1091
951
1123
1465
2053
2356
2140
2077
1856
2110
2210
2236
2094
1906
1503
1377
1252
1186
1119
681
433
-28
-199
-348
-488
-681
-925
-1252
-1448
-1553
-1601
-1494
-1740
-1774
-1936
-1952
-1775
-1630
-1470
-1443
-1333
-1168
-1005
-824
-449
-375
-112
39
92
397
524
756
929
1136
1214
1318
1288
1523
1600
1660
1659
1550
1558
1543
1672
1577
1379
1183
1137
979
866
660
479
207
-36
-188
-394
-650
-903
-1217
-1365
-1683
-1816
-1991
-2062
-2240
-2194
-1842
-1963
-2222
-2233
-1878
-1645
-1234
-1231
-987
-1203
-911
-317
137
406
602
679
615
1030
1444
2017
1912
1890
1842
1995
2194
2240
2265
2068
1776
1505
1599
1469
1433
1133
807
491
163
100
-81
-221
-483
-744
-1019
-1106
-1197
-1176
-1287
-1462
-1492
-1656
-1618
-1555
-1387
-1349
-1349
-1334
-1214
-1046
-779
-516
-455
-315
-303
-74
108
247
392
538
641
780
919
1022
1102
1098
1263
1328
1321
1316
1351
1352
1303
1236
1166
1023
905
790
692
586
341
156
-42
-288
-442
-535
-825
-1056
-1470
-1552
-1780
-1827
-1952
-1923
-1762
-1965
-2194
-2137
-1836
-1655
-1234
-1293
-1071
-1328
-919
-457
-34
168
489
474
475
966
1285
1839
1662
1737
1660
1888
2073
2179
2151
2006
1745
1500
1609
1460
1493
1156
876
609
363
278
114
-36
-274
-501
-759
-786
-906
-870
-1010
-1190
-1218
-1352
-1298
-1266
-1228
-1282
-1251
-1206
-1101
-1041
-836
-645
-586
-414
-325
-160
-54
14
166
296
377
522
681
778
839
841
1041
1141
1152
1231
1193
1170
1148
1243
1285
1158
926
849
701
684
606
459
249
-109
-251
-361
-443
-722
-984
-1312
-1479
-1697
-1690
-1819
-1986
-1753
-1824
-2043
-2128
-1795
-1700
-1251
-1289
-1052
-1073
-997
-382
-150
242
337
615
491
948
1252
1723
1780
1600
1740
1717
2078
2005
2068
1888
1768
1512
1498
1440
1253
1105
773
601
279
160
-18
-152
-309
-493
-741
-885
-985
-1031
-978
-1107
-1168
-1297
-1354
-1276
-1214
-1094
-1042
-1134
-1121
-960
-725
-447
-371
-364
-362
-318
0
198
265
300
366
406
581
787
907
875
862
993
1026
1113
1187
1164
1089
1068
1063
1029
886
758
708
643
529
272
122
-43
-298
-324
-471
-768
-1029
-1227
-1469
-1525
-1715
-1762
-1928
-2043
-1846
-1821
-1982
-1973
-1759
-1620
-1267
-1133
-786
-838
-769
-381
65
369
626
756
753
994
1268
1817
1891
1812
1800
1783
1813
1917
2022
1973
1682
1347
1276
1220
1131
971
676
384
95
-64
-43
-166
-383
-638
-862
-947
-927
-925
-909
-1091
-1198
-1247
-1180
-942
-929
-968
-961
-893
-822
-624
-486
-325
-374
-304
-117
7
140
245
373
429
457
620
816
756
826
939
1004
1069
1097
1149
1120
1063
1089
1120
999
896
807
765
677
528
407
156
-93
-180
-303
-419
-656
-906
-1120
-1379
-1512
-1492
-1575
-1798
-1888
-2033
-1903
-1835
-1650
-1630
-1632
-1584
-1296
-990
-724
-530
-477
-260
-31
334
690
915
1021
1058
1257
1514
1773
1822
1822
1716
1670
1767
1768
1725
1533
1369
1172
1028
891
729
558
365
141
-97
-240
-378
-486
-588
-726
-849
-933
-1032
-1040
-1093
-1006
-970
-994
-1020
-1005
-966
-812
-655
-597
-546
-562
-380
-266
-67
51
186
135
190
298
483
665
695
802
741
812
870
1002
1016
1017
919
908
953
986
983
842
704
554
527
517
436
235
-17
-208
-341
-417
-521
-735
-971
-1156
-1308
-1374
-1365
-1581
-1670
-1775
-1792
-1690
-1581
-1386
-1388
-1327
-1290
-1002
-807
-502
-313
-237
-87
20
410
591
858
943
1124
1146
1312
1434
1566
1578
1485
1542
1441
1465
1326
1281
1068
947
769
670
550
374
257
30
-96
-261
-327
-426
-500
-599
-664
-791
-862
-829
-766
-760
-807
-898
-958
-821
-671
-620
-591
-623
-655
-484
-338
-189
-101
-90
-56
42
193
405
509
576
618
619
732
846
956
1001
1022
1013
979
980
1053
1077
980
876
712
607
589
586
497
234
35
-164
-276
-327
-414
-644
-858
-1164
-1228
-1294
-1365
-1414
-1529
-1614
-1693
-1585
-1570
-1371
-1418
-1204
-1201
-998
-849
-674
-473
-349
-91
28
231
360
636
757
973
1033
1131
1256
1286
1389
1377
1409
1375
1310
1229
1179
1076
970
855
713
610
399
290
134
-2
-109
-240
-356
-466
-555
-624
-667
-800
-787
-822
-772
-808
-885
-840
-798
-790
-659
-575
-568
-503
-437
-265
-164
-86
38
85
135
283
422
517
573
599
668
716
808
893
932
946
925
915
933
909
934
872
772
668
554
453
447
392
278
130
-76
-178
-335
-365
-445
-664
-842
-984
-1048
-1114
-1128
-1231
-1272
-1349
-1333
-1312
-1268
-1167
-1120
-1038
-1020
-801
-773
-498
-463
-192
-190
-19
112
287
490
544
729
684
852
744
981
955
1083
988
943
932
879
910
799
817
572
509
360
311
211
105
65
-121
-226
-369
-341
-400
-503
-563
-586
-656
-716
-659
-648
-666
-696
-595
-525
-541
-473
-370
-330
-243
-140
-42
-18
33
193
331
348
441
493
553
611
665
807
777
769
781
814
774
803
830
788
697
624
639
550
451
377
307
220
119
51
-73
-203
-285
-389
-470
-617
-705
-802
-874
-944
-976
-974
-1126
-1048
-1111
-1003
-1019
-920
-932
-839
-827
-638
-482
-481
-364
-339
-163
-113
175
148
303
244
459
466
548
640
668
650
625
682
664
687
608
613
563
497
493
420
291
247
200
152
14
-32
-109
-119
-214
-288
-340
-344
-429
-444
-390
-427
-450
-419
-361
-360
-368
-310
-182
-190
-115
-8
47
31
192
291
371
383
490
547
549
657
733
802
738
772
775
802
794
852
799
679
612
594
604
548
481
382
236
148
156
124
36
-67
-191
-267
-339
-388
-409
-524
-652
-708
-739
-786
-769
-773
-803
-857
-849
-803
-752
-741
-664
-619
-588
-585
-534
-459
-385
-311
-278
-267
-199
-125
-74
-13
48
62
91
103
177
187
216
225
228
224
225
230
174
202
133
117
113
94
30
3
-14
-96
-102
-109
-122
-185
-216
-197
-209
-176
-150
-158
-186
-185
-135
-107
-53
-39
-16
7
57
135
190
240
289
318
329
416
507
566
605
619
618
619
666
729
752
729
693
639
595
625
617
548
470
407
369
340
299
266
190
75
19
11
-40
-112
-145
-217
-291
-371
-365
-387
-434
-463
-490
-511
-519
-508
-525
-527
-515
-490
-508
-469
-431
-384
-390
-353
-359
-330
-312
-280
-208
-212
-174
-147
-132
-178
-111
-113
-84
-98
-84
-66
-69
-101
-101
-49
-89
-95
-111
-90
-143
-146
-143
-150
-200
-215
-176
-178
-198
-173
-120
-162
-123
-95
-85
-107
-71
-4
19
31
57
112
119
192
248
268
266
292
364
428
480
503
516
481
504
550
573
560
554
551
532
522
503
489
448
426
397
378
336
337
332
284
254
218
164
106
128
124
91
32
9
1
-40
-60
-88
-129
-182
-189
-174
-186
-246
-283
-263
-275
-294
-305
-282
-285
-287
-287
-292
-286
-258
-225
-222
-213
-222
-231
-254
-238
-215
-216
-238
-242
-236
-224
-211
-230
-224
-274
-292
-269
-244
-267
-253
-261
-294
-281
-261
-225
-252
-252
-255
-234
-215
-185
-190
-189
-175
-154
-106
-79
-41
-26
-12
15
83
121
130
153
183
220
234
269
308
313
322
318
372
366
347
383
416
385
352
371
354
342
338
350
327
283
277
304
301
291
272
242
219
243
262
225
180
159
161
158
165
148
104
42
56
64
59
40
19
11
1
-14
1
-7
-24
-25
-8
-22
-21
-19
-50
-56
-70
-43
-81
-92
-112
-95
-142
-163
-164
-163
-185
-209
-195
-222
-231
-249
-240
-270
-291
-302
-299
-324
-346
-351
-350
-373
-391
-381
-384
-394
-389
-357
-338
-329
-324
-305
-282
-243
-208
-171
-154
-123
-72
-49
-25
12
45
46
76
124
148
150
142
155
155
150
163
175
171
157
155
158
149
162
163
175
176
183
188
196
210
203
193
197
206
203
215
213
196
176
181
173
156
137
127
136
138
135
128
121
100
102
118
138
130
89
85
115
109
103
103
94
90
79
81
79
49
16
-6
-24
-18
-13
-31
-46
-73
-89
-110
-123
-118
-122
-139
-146
-156
-164
-173
-190
-206
-231
-236
-241
-231
-235
-239
-241
-250
-244
-212
-198
-188
-161
-148
-134
-112
-88
-79
-62
-33
31
54
46
57
41
33
48
71
73
58
41
60
67
51
55
49
53
57
63
78
67
57
53
67
70
62
71
74
78
77
81
77
73
70
76
77
62
55
55
55
61
56
47
40
19
32
55
64
63
48
29
33
37
48
47
37
32
26
22
13
29
31
24
1
-14
-8
-14
-15
-16
-21
-37
-46
-50
-43
-44
-36
-45
-75
-79
-84
-81
-97
-107
-120
-124
-119
-116
-109
-92
-84
-91
-98
-86
-67
-50
-37
-39
-23
-2
20
27
45
57
57
59
72
79
86
106
113
115
96
89
82
82
86
75
64
52
46
43
35
36
30
30
17
3
-14
-28
-18
-38
-48
-51
-53
-50
-60
-56
-53
-56
-56
-60
-62
-61
-66
-58
-49
-47
-38
-32
-21
-15
-16
-6
1
0
12
19
23
17
16
14
11
10
10
14
20
24
13
2
-8
-1
4
-3
-14
-18
-22
-22
-25
-33
-47
-68
-65
-62
-52
-38
-49
-65
-83
-82
-69
-50
-46
-44
-44
-41
-27
-14
-11
-13
-9
6
26
35
39
43
57
63
64
75
98
114
129
136
131
121
116
123
128
129
111
100
98
97
85
79
61
47
42
36
19
10
-7
-29
-32
-40
-55
-66
-62
-69
-72
-77
-84
-83
-77
-54
-45
-47
-45
-47
-38
-30
-24
-16
-9
0
17
31
20
14
1
7
14
19
9
0
-6
-11
-5
-22
-38
-62
-77
-74
-81
-99
-107
-118
-127
-122
-106
-102
-101
-104
-102
-112
-112
-85
-86
-75
-66
-55
-43
-37
-19
-4
0
-6
-19
-19
9
25
32
26
35
46
53
62
71
79
90
112
118
127
133
137
130
138
151
163
168
159
136
116
132
139
141
136
124
124
123
110
95
73
47
37
36
37
17
-3
-20
-28
-31
-23
-26
-36
-30
-33
-33
-28
-22
-28
-23
-10
4
13
22
29
27
30
41
54
49
44
50
67
71
60
48
32
25
27
21
5
-16
-39
-57
-68
-70
-87
-112
-116
-119
-127
-130
-136
-149
-167
-169
-158
-158
-154
-152
-152
-157
-148
-139
-122
-119
-129
-118
-97
-87
-82
-71
-65
-64
-48
-19
-2
4
9
17
30
46
68
92
109
120
133
133
145
161
171
163
149
148
154
168
168
148
120
100
96
104
90
67
42
28
19
9
-3
-14
-34
-49
-46
-50
-40
-43
-53
-63
-59
-41
-35
-33
-28
-30
-25
-11
-5
7
19
37
48
54
54
54
59
69
77
72
63
66
59
51
59
52
36
18
3
-9
-14
-23
-39
-61
-77
-86
-93
-104
-113
-124
-144
-152
-157
-161
-168
-160
-164
-168
-160
-163
-170
-165
-161
-148
-150
-141
-121
-118
-103
-91
-78
-56
-43
-42
-15
10
32
40
49
64
82
115
139
154
160
160
158
165
180
194
193
186
165
149
147
142
143
129
113
95
73
61
62
57
39
16
-2
-8
-6
-9
-19
-35
-52
-55
-54
-46
-45
-44
-39
-34
-24
-20
-23
-15
1
10
14
5
10
21
23
29
29
26
30
32
31
25
25
24
13
4
-1
-4
-5
-11
-14
-22
-35
-45
-59
-60
-66
-84
-102
-112
-112
-120
-121
-124
-140
-158
-165
-158
-150
-149
-151
-149
-150
-142
-128
-124
-119
-112
-104
-99
-89
-73
-56
-37
-26
-10
10
31
44
50
68
81
103
121
124
128
139
149
153
156
169
167
164
163
154
142
133
128
105
105
109
113
104
86
69
57
54
56
55
46
39
37
34
33
26
25
27
20
23
21
28
27
26
20
6
9
17
26
23
20
13
4
-5
-4
5
10
12
3
1
-3
0
2
-6
-10
-13
-21
-28
-38
-46
-52
-56
-55
-72
-77
-79
-84
-92
-94
-102
-115
-122
-126
-130
-131
-123
-127
-133
-138
-128
-121
-109
-95
-88
-85
-79
-62
-56
-37
-28
-19
0
15
23
38
52
61
71
73
88
92
100
102
96
94
99
104
107
109
108
106
98
92
75
77
75
70
72
56
37
26
29
27
18
13
6
3
3
2
-4
-15
-25
-24
-18
-10
-4
-2
-10
-17
-21
-17
-17
-24
-12
-4
-5
-9
-14
-20
-16
-11
-8
-3
3
11
12
12
4
-2
-3
-8
-9
-14
-16
-20
-30
-42
-56
-65
-67
-69
-69
-72
-80
-83
-85
-89
-88
-92
-96
-96
-93
-84
-78
-71
-67
-73
-69
-56
-46
-30
-24
-19
-17
-12
0
17
40
53
52
52
62
70
80
86
88
86
88
100
106
108
113
107
99
104
113
114
111
110
105
91
86
83
77
73
69
67
55
38
33
29
27
23
17
14
11
9
10
11
5
-2
-4
1
4
7
7
3
-7
-11
-5
-6
-8
-8
-12
-16
-16
-24
-27
-26
-35
-28
-29
-28
-30
-35
-40
-49
-59
-59
-58
-67
-70
-77
-80
-89
-93
-99
-101
-101
-100
-96
-98
-101
-103
-96
-99
-96
-88
-84
-81
-76
-71
-64
-54
-44
-35
-31
-21
-9
3
16
24
30
40
46
54
69
74
70
66
65
62
74
86
85
84
83
83
86
90
91
86
81
77
71
70
69
61
49
40
39
42
46
53
47
43
41
35
38
40
50
48
41
37
37
43
44
46
43
42
41
46
49
45
39
36
26
25
23
12
10
4
-4
-12
-18
-20
-24
-26
-40
-60
-68
-77
-80
-79
-86
-100
-115
-115
-111
-110
-108
-109
-114
-113
-107
-111
-118
-121
-129
-122
-124
-119
-110
-103
-97
-93
-87
-83
-81
-73
-59
-49
-41
-33
-23
-14
0
11
22
32
37
39
52
64
65
69
73
75
82
91
97
103
103
104
105
101
99
97
97
90
87
89
82
76
76
88
88
85
84
78
77
76
77
77
74
63
59
57
55
55
46
45
41
38
42
38
37
36
27
17
8
0
-3
-6
-9
-21
-37
-45
-50
-55
-59
-69
-78
-86
-93
-99
-107
-116
-128
-142
-150
-154
-154
-161
-167
-175
-181
-182
-186
-183
-183
-181
-185
-181
-177
-172
-167
-154
-143
-139
-134
-133
-126
-114
-98
-92
-84
-76
-63
-41
-19
-9
-2
7
22
40
56
70
80
86
93
106
110
121
128
132
137
139
143
145
145
149
152
150
155
156
154
156
156
156
155
160
164
168
172
169
164
160
165
165
161
162
155
150
148
143
144
141
140
130
124
124
118
109
99
91
81
72
61
52
38
26
18
8
-4
-18
-35
-50
-53
-62
-79
-89
-104
-115
-124
-132
-143
-152
-158
-165
-167
-173
-178
-183
-186
-186
-191
-195
-196
-194
-198
-200
-202
-200
-197
-190
-184
-180
-170
-165
-154
-144
-125
-109
-102
-91
-82
-68
-54
-41
-36
-30
-17
-1
9
20
28
30
32
36
38
42
47
52
58
63
68
71
72
76
79
85
87
90
93
100
107
111
113
119
124
124
127
128
130
129
134
134
127
122
115
118
119
120
123
119
116
115
115
114
112
101
88
76
73
72
63
54
39
30
20
14
3
-6
-13
-29
-39
-43
-45
-51
-60
-72
-82
-86
-86
-92
-103
-105
-107
-110
-115
-121
-123
-119
-115
-119
-117
-109
-110
-113
-111
-113
-110
-102
-94
-90
-88
-82
-78
-71
-66
-62
-48
-42
-40
-33
-20
-15
-18
-20
-22
-24
-22
-10
-6
-8
-16
-8
2
8
15
18
26
23
31
42
39
48
50
53
64
69
70
78
84
93
100
108
101
103
107
104
104
106
102
106
112
103
101
97
98
101
99
93
87
86
86
78
73
71
63
60
52
48
50
41
29
17
9
2
-9
-20
-28
-35
-42
-50
-58
-66
-76
-85
-92
-97
-99
-102
-101
-101
-107
-108
-114
-119
-113
-117
-120
-116
-116
-116
-111
-111
-106
-100
-96
-89
-86
-75
-76
-74
-64
-63
-58
-53
-55
-51
-40
-38
-39
-31
-24
-19
-14
-13
-7
0
4
14
24
28
29
31
28
25
28
32
42
42
56
68
71
74
79
88
95
99
98
101
101
111
109
107
109
111
118
117
124
123
125
124
128
127
123
120
121
122
115
111
108
97
86
79
74
66
59
51
35
28
13
8
4
-13
-23
-33
-48
-54
-61
-67
-72
-77
-88
-90
-96
-101
-103
-98
-102
-111
-114
-117
-126
-138
-136
-129
-127
-133
-135
-133
-130
-129
-120
-118
-113
-112
-115
-115
-111
-103
-91
-84
-80
-73
-67
-69
-68
-57
-52
-53
-49
-48
-48
-43
-35
-32
-29
-19
-11
-1
6
3
6
8
15
27
34
40
44
50
52
61
65
64
67
70
73
78
82
84
81
81
80
87
89
89
91
90
93
88
90
88
82
78
74
70
61
58
57
49
41
36
25
23
22
12
4
-7
-17
-18
-23
-28
-31
-32
-31
-27
-33
-37
-38
-44
-51
-50
-46
-53
-59
-66
-76
-77
-71
-66
-66
-73
-73
-77
-85
-83
-84
-83
-75
-79
-73
-66
-64
-53
-47
-40
-37
-33
-27
-22
-26
-23
-27
-28
-25
-28
-24
-25
-20
-21
-17
-8
-7
-2
4
11
16
28
34
39
37
40
48
55
60
66
73
75
77
86
92
98
103
99
98
99
101
97
100
103
106
107
109
110
109
107
107
103
104
102
102
100
95
86
81
80
71
71
69
62
55
52
42
35
27
18
17
13
13
14
7
3
-4
-9
-16
-21
-20
-23
-26
-32
-35
-36
-39
-49
-52
-52
-50
-58
-63
-67
-76
-79
-81
-81
-81
-80
-84
-86
-85
-84
-87
-78
-73
-70
-65
-72
-68
-71
-74
-74
-71
-71
-65
-59
-61
-61
-60
-54
-51
-48
-39
-36
-31
-26
-22
-16
-6
-1
1
8
9
17
24
33
36
40
42
46
51
49
51
54
52
55
61
61
65
70
69
75
80
80
85
83
82
78
73
70
70
71
68
68
69
68
68
71
67
66
64
58
59
52
51
50
43
47
45
40
40
36
35
28
24
22
19
10
0
-2
-7
-14
-18
-27
-32
-33
-40
-37
-34
-37
-41
-48
-57
-60
-61
-63
-62
-65
-63
-61
-63
-62
-69
-68
-69
-75
-75
-79
-81
-78
-79
-75
-76
-75
-70
-74
-72
-67
-60
-50
-45
-41
-37
-32
-33
-30
-21
-18
-17
-14
-13
-11
-8
-5
-3
0
4
8
10
14
16
16
13
9
11
13
18
22
27
32
34
39
39
40
47
47
49
45
48
52
51
54
51
51
52
60
62
55
51
44
38
39
44
42
42
42
47
47
50
48
45
40
35
33
27
21
14
7
2
-4
-9
-13
-16
-21
-28
-28
-26
-28
-32
-37
-43
-50
-54
-52
-53
-55
-59
-62
-67
-68
-70
-75
-76
-81
-83
-80
-85
-83
-83
-83
-80
-77
-75
-76
-76
-75
-75
-74
-69
-63
-57
-55
-57
-53
-45
-36
-26
-20
-18
-19
-18
-8
-2
2
9
13
19
27
35
36
38
40
47
54
58
63
64
67
65
65
64
68
71
72
72
70
67
70
68
69
71
72
77
79
82
81
79
72
71
74
71
69
64
57
53
49
47
49
44
41
32
22
20
19
18
13
9
3
0
0
-2
-1
-4
-4
-5
-7
-10
-16
-21
-26
-31
-36
-38
-41
-46
-48
-48
-46
-45
-45
-46
-48
-48
-50
-53
-48
-49
-47
-48
-50
-48
-44
-44
-45
-46
-45
-46
-42
-33
-34
-32
-28
-29
-27
-22
-20
-17
-16
-14
-15
-16
-14
-15
-10
-10
-6
-2
1
7
12
16
18
21
26
29
31
30
28
32
34
38
43
47
46
50
48
47
49
51
48
45
46
44
42
40
40
38
36
30
27
26
20
14
11
12
12
18
17
17
16
15
15
14
17
15
11
7
7
7
5
7
2
2
0
-1
-1
-3
-5
-11
-11
-12
-15
-19
-22
-24
-26
-29
-31
-35
-40
-40
-42
-44
-46
-48
-46
-47
-46
-43
-43
-44
-43
-42
-43
-43
-44
-47
-43
-42
-36
-33
-33
-30
-31
-29
-27
-27
-24
-23
-22
-18
-15
-14
-11
-6
-3
-2
6
8
10
12
14
13
15
18
16
18
19
16
16
19
17
16
17
11
12
14
10
9
9
10
9
10
7
6
7
3
4
4
5
4
3
4
-1
-4
-8
-10
-10
-8
-11
-12
-10
-11
-13
-14
-14
-11
-8
-9
-9
-7
-5
-3
-2
-1
-1
-3
-5
-3
-4
-5
-8
-7
-7
-8
-6
-7
-6
-6
-6
-7
-9
-11
-13
-11
-13
-11
-12
-13
-13
-13
-14
-14
-12
-11
-12
-10
-9
-6
-5
-5
-3
-1
1
3
4
6
8
10
8
11
15
15
19
21
24
27
27
30
31
33
34
34
34
34
33
34
34
33
31
29
29
28
27
24
22
20
18
17
17
17
15
12
8
7
5
5
4
3
5
4
2
1
0
1
0
-1
0
2
4
4
4
4
4
5
5
3
3
2
2
1
0
0
-3
-2
-4
-4
-4
-6
-6
-7
-6
-6
-7
-8
-9
-12
-15
-16
-15
-18
-19
-22
-23
-25
-26
-27
-26
-25
-26
-26
-25
-24
-24
-23
-23
-20
-19
-20
-19
-17
-17
-16
-13
-10
-8
-7
-5
-2
0
2
2
4
6
7
10
10
11
12
12
14
14
16
16
16
16
16
15
16
17
18
17
16
15
14
14
13
12
12
10
10
8
8
9
8
8
8
7
9
9
10
10
10
9
9
9
11
11
10
10
11
13
14
16
16
16
15
16
16
14
16
16
15
14
14
13
11
10
9
5
2
0
-2
-4
-8
-10
-12
-14
-16
-17
-19
-21
-23
-23
-25
-24
-24
-25
-25
-25
-25
-23
-22
-21
-20
-19
-17
-17
-16
-14
-13
-12
-9
-7
-4
-2
-1
0
0
1
3
5
3
4
2
2
2
3
3
3
2
2
1
1
1
-1
-1
-2
-1
-3
-4
-3
-3
-4
-5
-4
-4
-4
-4
-4
-4
-2
-1
0
0
1
2
2
3
4
5
6
6
6
6
6
7
9
10
9
10
10
10
11
10
10
9
8
8
7
6
3
3
1
1
0
0
-2
-3
-3
-4
-5
-6
-6
-7
-8
-8
-9
-10
-10
-10
-10
-10
-11
-9
-9
-8
-7
-7
-6
-6
-5
-5
-4
-3
-3
-2
-1
0
-1
1
1
1
1
1
1
0
2
2
2
1
0
0
0
0
-2
-1
-2
-2
-2
-3
-3
-3
-3
-2
-2
-2
-1
-1
-1
0
1
3
3
3
4
5
5
7
7
7
7
8
9
10
9
9
9
9
10
11
10
11
10
10
11
10
9
10
8
8
8
6
5
4
4
3
3
1
1
0
0
-3
-3
-5
-6
-6
-7
-9
-9
-9
-9
-10
-12
-12
-12
-13
-11
-12
-12
-11
-11
-10
-9
-11
-11
-9
-9
-6
-7
-6
-5
