-3
-4
-1
-3
-3
-3
-3
-2
-2
-2
-3
-2
-1
-2
0
-1
-1
-1
-2
0
0
0
0
-1
-1
-1
0
0
0
0
-1
0
0
1
1
1
1
1
1
1
2
0
0
0
1
1
0
0
-1
0
-1
0
0
2
2
2
1
-1
0
0
0
1
0
1
1
0
0
-1
-1
-1
0
-1
-1
-1
-2
-1
-2
-1
-1
-2
-1
-1
-2
-2
-2
-2
-2
-2
-1
-1
-1
-2
-1
-2
-2
-2
-1
-1
-1
-2
-3
-2
-2
-1
-1
0
0
-1
0
-1
0
-1
-1
0
0
1
2
2
2
1
1
1
1
0
0
0
-1
0
0
1
1
1
1
2
2
2
1
2
1
2
2
1
2
2
2
1
1
1
2
2
2
2
1
1
0
0
-1
0
0
-1
0
-1
0
0
0
-1
-1
-1
-2
-1
0
1
1
1
1
1
1
1
1
1
1
0
0
0
-1
-1
0
0
0
0
1
0
0
0
1
2
1
0
1
0
0
0
1
1
0
0
1
0
1
1
1
0
1
0
0
0
0
0
-1
0
-1
-2
-1
-1
-1
-1
-1
-2
-1
-1
-1
-1
-2
-1
-1
-1
-2
0
0
-1
0
1
1
0
1
1
0
0
0
1
1
1
1
1
0
1
1
2
2
2
3
3
3
3
2
3
1
1
1
1
2
1
0
1
1
3
2
2
3
2
1
2
2
2
1
1
0
0
0
0
-1
1
-1
0
0
0
1
1
0
-1
0
0
-1
-1
-2
-2
-1
-3
-1
-1
-2
-1
-2
-3
-3
-2
-2
-2
-2
-1
-2
-1
-2
-1
-1
-1
-1
-1
-2
-2
-2
-2
-2
-2
-2
-2
-1
-1
-2
0
-2
-3
-3
-3
-4
-4
-4
-4
-5
-3
-4
-3
-4
-3
-2
-2
-3
-2
-2
-1
-1
-1
-1
-1
0
0
0
-1
0
1
0
2
3
3
2
2
3
3
2
2
2
2
2
3
2
2
2
1
1
1
1
2
3
2
2
0
2
2
1
0
0
0
1
1
1
2
1
1
3
2
1
2
3
1
2
2
1
0
1
1
0
1
1
1
0
0
1
2
1
0
2
2
1
2
0
0
1
2
2
1
1
1
0
1
2
2
0
1
2
1
0
1
1
1
2
1
-1
-1
-2
-1
0
-2
-1
-2
-1
-1
-1
-1
-2
0
0
0
0
0
0
-1
-2
-1
0
0
0
0
-1
-1
-1
-1
-1
-2
-2
1
0
1
2
2
3
3
4
4
2
4
2
2
3
2
3
3
2
2
4
2
1
4
4
2
3
3
4
1
2
5
2
3
3
3
3
1
0
0
-2
0
1
1
-3
-2
1
-3
-6
-3
1
-4
-5
-1
-1
-7
-6
-4
-5
-4
-2
-5
-5
-6
-6
-5
-6
-4
-1
-1
-9
-4
-5
-9
-6
-8
-4
-3
-7
-7
-6
-6
-7
-3
-2
-7
-4
-3
-8
-7
-2
-4
-5
1
5
1
-7
-2
0
-6
-7
4
4
0
-1
-1
1
-1
0
8
10
-1
5
0
0
2
1
17
8
3
11
10
5
7
8
13
9
4
8
9
6
2
8
9
7
6
10
14
1
9
4
7
10
10
13
9
3
11
0
-3
14
3
7
1
1
2
-1
-2
1
-3
4
2
-9
-3
-4
3
-4
-12
8
6
-8
4
8
-8
-5
-5
2
-7
-6
9
-4
-16
-8
1
-10
-9
-7
2
-9
-24
-8
10
-14
-20
15
12
-28
-14
23
-3
-39
20
20
-33
-8
25
-3
-18
-6
21
-1
-33
-1
22
-14
-30
0
26
-13
-25
19
21
-27
-15
26
9
-23
15
17
-15
9
-11
19
10
-18
22
1
-16
12
-6
14
-1
-8
25
-5
-7
6
24
-7
-1
19
2
-2
11
8
18
-4
5
24
-8
-2
23
2
4
3
0
34
-19
5
26
-15
5
9
-8
27
4
1
5
17
-2
-3
41
6
6
9
10
3
-14
1
34
2
-17
12
18
-5
-18
12
50
-17
-38
62
13
-45
18
34
-11
-18
29
2
-10
-3
-4
-24
-23
-5
-27
1
-5
-37
0
-17
-54
-13
6
-21
-31
-4
4
-57
-44
-2
-5
-55
5
9
-16
-27
-35
11
-40
-14
-10
-25
-14
-30
-35
-7
-35
-7
5
-23
-17
-20
-4
-32
4
6
13
-9
12
-15
-6
0
-26
40
22
-28
25
27
-30
-22
8
18
0
-14
20
44
-21
0
28
29
35
-22
85
85
-41
49
71
10
57
57
57
53
40
47
20
58
39
17
75
34
-33
47
33
-22
28
47
55
-10
-8
68
-8
-8
26
18
-8
16
15
7
8
37
-14
-38
10
-9
-85
64
-4
-126
22
-30
-118
12
-101
-10
3
-113
-11
-27
-100
-24
-32
-44
-12
-50
-23
-53
-53
-36
-4
-62
-37
32
3
-93
-12
21
-65
-21
-26
37
-38
-54
24
-51
-3
10
-78
39
-5
-65
22
8
1
-46
-27
74
-71
-49
90
33
-30
-9
87
-24
-47
-6
79
-35
4
33
29
-38
-14
46
0
9
11
51
34
19
10
47
-15
3
58
4
72
-25
51
63
-4
-23
90
8
0
14
-3
53
-77
2
57
-53
-24
54
-63
22
-41
-8
47
-62
76
-61
29
-3
-73
42
-5
-5
11
15
89
-41
-47
121
-95
109
-46
-2
106
-59
2
-15
-10
18
-43
-53
37
-27
-26
-106
111
-59
-36
35
-86
112
-113
-28
160
-130
71
49
-108
87
-149
55
29
-148
183
-79
-36
28
-72
-42
36
-13
-80
56
24
-142
-44
-28
-53
61
-73
69
37
-60
-23
-46
62
-45
10
26
41
-141
-23
-36
-34
-25
5
-27
-18
29
-113
28
13
-58
32
42
-77
72
-6
-81
171
-87
21
38
90
-68
94
37
15
38
-1
85
133
-49
65
229
-131
96
94
13
92
91
58
106
49
-48
73
104
53
111
124
144
14
87
7
114
-28
55
254
-93
37
176
-161
30
58
-77
207
-60
-20
112
-85
-108
32
-23
-98
52
-61
-69
40
-153
28
3
-35
61
-122
28
-48
-130
57
-14
69
-35
-77
173
-126
-108
197
-75
-55
134
-126
4
28
-218
82
26
-180
22
-16
-78
-58
12
-72
37
-20
-133
58
-25
-82
40
-25
33
29
-109
53
-18
-94
9
11
29
-47
-21
-22
17
-63
7
63
-11
-56
107
-82
-2
166
-138
45
109
-206
24
33
-121
21
-38
31
-14
-74
-30
-33
-35
13
-54
134
29
-78
93
-201
-5
58
-157
101
2
-176
77
-122
-154
81
-24
-127
20
-37
28
-193
48
73
-93
-36
179
-184
52
-66
-40
63
-31
134
-52
78
-31
-122
124
-32
-54
339
-169
80
94
-226
141
-60
-13
210
-7
-48
90
2
-55
127
75
-54
6
91
-95
-17
179
-71
39
148
-78
-28
273
-213
84
80
-135
147
-46
-65
134
-90
-118
94
-24
-36
30
28
-36
-66
-14
-34
8
-55
-38
22
35
-148
39
120
-167
-7
202
-140
50
47
33
-60
71
-47
54
-68
-10
-18
34
-67
46
-18
-68
77
-52
38
30
62
13
-36
64
71
-81
106
92
-100
202
12
-110
196
73
-184
118
101
-168
125
-121
0
102
-139
-76
265
-159
-61
264
-187
-10
135
-221
67
68
-227
93
25
-312
-40
0
-129
-32
74
-176
62
-82
-275
289
-207
-144
271
-221
-78
115
-115
0
39
-98
33
144
-110
7
219
-306
196
40
-147
237
-59
29
182
-212
118
117
-161
65
100
-4
-11
96
-95
168
-34
-149
316
-50
-72
267
-49
-65
254
-71
54
93
64
-3
-26
58
85
-56
103
33
56
87
-108
104
117
-171
99
181
-199
110
95
-211
182
-6
-180
377
-189
-48
417
-303
154
185
-229
187
-38
32
136
-75
-11
341
-213
-32
359
-227
152
-9
25
213
-141
-69
387
-354
42
164
-42
-204
111
-13
-307
339
-401
123
-61
-177
-156
153
-421
204
-23
-397
216
-54
-499
390
-232
-405
541
-563
-108
297
-614
94
100
-355
85
-23
-234
144
-223
-254
279
-294
-190
233
-162
-168
-11
-45
-53
-79
-92
131
-131
-135
66
-111
-45
-73
71
-81
-64
213
-152
-120
369
-357
188
249
-422
480
-228
31
118
-182
226
12
-72
258
-31
-35
148
-215
347
-245
73
357
-444
294
208
-536
458
88
-405
519
-161
79
96
31
-84
152
141
-358
399
100
-504
474
47
-328
464
-245
235
35
-112
210
49
77
-240
506
-164
-193
472
-215
-43
477
-423
306
105
-239
225
-97
104
-95
271
-378
319
-78
-292
217
123
-503
762
-538
225
263
-458
250
97
-229
141
261
-437
404
-160
-129
147
49
-335
477
-348
-11
131
-164
-178
184
-221
98
-214
86
24
-352
130
25
-261
152
-24
-98
278
-465
422
-158
-157
163
-7
36
-321
253
-18
-419
263
-40
-292
421
-509
163
61
-216
-118
366
-425
25
95
-397
294
-173
-435
752
-651
-71
639
-830
440
-67
-269
215
-175
-117
82
-20
-330
347
-50
-337
369
-222
-66
231
-330
311
-34
-186
178
-50
91
-276
506
-215
-141
631
-584
361
99
-376
480
-232
-30
491
-482
435
-31
-108
215
-13
200
-196
351
56
-170
266
-7
-183
537
-310
77
471
-420
232
167
-354
291
168
-639
666
-151
-618
681
-145
-514
659
-348
-90
275
-337
64
338
-438
217
240
-444
98
244
-247
87
235
-200
143
34
-186
316
-85
-177
436
-64
-362
576
-236
-133
181
25
51
60
-39
183
-29
-117
107
261
-260
-37
522
-400
-60
465
-376
171
-44
205
-65
-47
215
-118
-131
241
-374
286
-62
-382
522
-347
-274
562
-708
298
150
-722
607
-144
-726
872
-669
-183
684
-934
507
59
-563
551
-353
-210
398
-515
399
-284
53
-38
-234
170
-194
85
-80
-25
215
-408
17
346
-503
154
106
102
-473
467
-229
-227
250
-161
-170
460
-687
511
21
-759
738
-244
-427
685
-411
13
567
-993
753
-39
-647
708
-244
-180
558
-730
658
-98
-499
788
-377
-158
735
-673
384
194
-671
741
-189
-232
447
-96
187
-264
354
35
-429
729
-524
267
107
-412
740
-790
350
372
-678
549
-100
-250
450
-542
479
-315
115
84
-214
340
-379
301
-179
138
24
-149
151
156
-494
501
-217
-247
532
-485
226
286
-514
386
117
-514
549
-193
-182
620
-727
300
359
-693
334
353
-920
873
-402
-338
580
-399
-150
399
-433
288
-170
-2
-22
121
-269
214
116
-518
619
-445
-129
526
-352
-116
515
-533
258
-165
-35
145
-183
26
230
-361
204
21
-346
550
-383
55
343
-419
286
38
-460
602
-591
225
176
-488
639
-364
-124
482
-676
364
88
-537
618
-370
5
153
-343
264
-28
-334
590
-439
122
149
-145
-35
162
-127
29
65
-30
-44
281
-246
221
-67
70
-119
188
-101
124
-86
117
29
-249
159
31
-38
200
-183
151
253
-671
581
-51
-463
663
-571
287
55
-275
268
38
-321
383
-57
-341
552
-186
-59
21
298
-407
326
10
-176
222
-35
-132
248
-96
-17
313
-488
574
-400
109
196
-89
-114
295
-7
-394
449
-255
-70
233
-109
21
58
-328
365
-384
-11
210
-285
91
-120
30
-10
-202
349
-447
268
44
-416
421
-221
-285
470
-498
252
-49
-71
253
-469
417
-164
-227
580
-537
354
144
-659
621
-187
-273
509
-144
-342
410
-287
23
81
-59
19
18
-85
-132
214
-5
-199
365
-97
-430
594
-488
29
334
-373
201
-75
-101
149
-272
227
-41
-203
399
-414
31
413
-606
424
-114
-153
597
-992
848
-99
-658
509
-48
-405
469
-594
426
-68
-229
110
134
-319
245
-103
-129
310
-295
60
103
-271
135
22
-278
230
-34
-220
304
-301
131
43
-289
221
-167
219
-428
292
-105
-162
55
-30
-61
259
-585
552
-9
-717
862
-447
-117
200
19
-356
151
53
-235
125
-164
145
-93
-98
307
-238
138
4
-364
558
-523
268
14
-144
34
34
-43
-73
219
-122
153
11
-197
319
-123
-315
669
-746
567
-278
98
183
-162
-82
472
-426
31
370
-134
160
-147
24
92
52
-343
877
-698
548
-156
87
144
-97
301
1
129
-17
139
86
93
-239
554
-594
370
102
-287
563
-211
19
271
-119
-93
447
-348
429
-141
-200
421
-295
62
326
-248
5
535
-637
462
-101
91
-77
-44
353
-657
754
-703
304
310
-817
899
-259
-374
828
-733
85
457
-950
736
-337
-239
615
-879
493
-257
150
-499
690
-714
398
-100
-76
-150
26
-196
-5
204
-481
537
-387
67
4
-38
-62
-22
296
-346
-93
372
-658
395
110
-701
971
-664
-4
594
-907
938
-700
186
517
-976
1110
-692
-135
748
-859
156
860
-1002
608
182
-291
-123
668
-608
173
548
-846
921
-348
-425
722
-227
-475
939
-683
652
-710
737
-574
203
239
-400
191
356
-853
801
-220
-547
1122
-1111
597
106
-464
520
-19
-820
1306
-1364
581
245
-619
646
43
-831
1178
-692
-449
1307
-1161
303
679
-985
296
686
-1444
1423
-648
-454
1087
-725
-141
663
-485
-44
212
-40
-248
153
-106
-217
512
-653
186
385
-729
436
-171
-38
5
-199
62
-82
-263
372
-390
104
-195
-391
847
-888
206
707
-991
351
224
-848
985
-831
1
709
-1080
815
-224
-343
322
-83
-408
833
-725
327
133
-507
187
73
-391
421
-285
37
291
-554
442
13
-412
474
-187
-119
636
-945
765
-75
-680
703
-139
-213
573
-286
128
54
-198
255
-138
2
164
-33
-129
170
-122
-117
276
-233
150
146
-211
228
5
-287
462
-568
438
-191
-193
363
-393
394
-63
-431
752
-810
412
152
-480
587
-98
-569
713
-716
335
-52
132
94
-81
145
-436
395
-102
-489
907
-451
-261
685
-917
505
-62
-416
564
-150
-188
229
-27
103
-565
826
-638
-48
555
-648
477
26
-606
747
-683
133
353
-376
329
-14
-6
-167
223
-308
269
-156
95
35
204
-329
217
65
-323
179
38
-194
382
-289
40
431
-664
355
352
-649
580
-40
-367
464
-301
-279
595
-559
27
719
-1098
673
37
-370
413
-269
387
-124
-608
1250
-1091
440
313
-719
1176
-1216
558
631
-1314
1253
-777
244
481
-1054
1034
-489
-349
538
-336
251
-203
216
137
-413
237
-230
239
-232
-76
535
-408
-287
509
-435
-44
331
-111
12
244
-304
116
336
-805
439
549
-1403
1119
65
-1170
1377
-810
-33
839
-1110
708
322
-955
706
76
-648
482
-71
-521
748
-470
-528
1141
-1110
-31
963
-1301
553
159
-732
699
-600
-63
629
-988
469
194
-692
700
-444
161
33
-177
207
-7
7
-122
335
-63
-270
550
-437
55
242
-363
429
-121
-77
378
-277
201
-189
235
-194
-25
227
-175
216
-262
318
-140
-41
23
391
-376
156
361
-262
27
150
46
6
-91
303
48
4
-32
286
-132
-143
355
-204
241
-41
-72
257
-212
-119
230
-88
-27
87
-7
74
-210
-9
-104
71
-80
-77
202
-187
-69
-1
-159
43
-87
35
147
-338
282
-111
-219
39
0
94
-217
-88
402
-468
-120
283
-392
175
-145
-262
564
-697
156
197
-516
251
-82
-245
339
-296
-18
233
-357
227
-118
-61
5
-71
66
97
-90
-14
231
-202
-129
395
-221
15
205
-167
104
-33
-282
261
-5
-187
279
162
-165
47
282
-130
133
85
-93
287
-59
-142
389
-142
-161
309
-102
127
216
-95
170
187
-226
129
230
-399
240
252
-418
461
-73
-230
302
-249
-22
308
-203
-81
336
-374
-107
219
-377
107
183
-385
461
-221
-227
360
-296
14
80
-67
-40
-13
-150
42
-105
-189
189
-117
-114
146
-135
-78
12
-151
79
-39
-66
-28
155
-198
11
81
-161
189
-59
69
189
-178
-1
61
-20
-14
149
149
-80
112
89
-133
200
28
83
201
-63
222
-13
7
239
-133
199
99
106
28
40
272
-124
118
200
-155
206
-16
106
111
-64
101
-94
90
-56
34
166
-189
56
-7
-101
-22
-135
51
-258
-35
-235
-70
-229
-244
-145
-8
-348
-138
-89
-434
-145
-228
-324
-55
-244
-286
-86
-336
-159
-90
-260
-44
-84
-199
78
-195
-106
-28
-89
-38
71
-39
196
-76
90
181
44
240
252
334
295
398
367
320
406
399
339
640
380
454
491
312
326
360
372
338
299
341
177
224
111
110
143
124
27
42
33
-228
-96
-233
-151
-212
-294
-172
-394
-418
-365
-472
-534
-460
-588
-599
-633
-708
-763
-840
-922
-910
-923
-986
-731
-766
-437
-364
-600
-522
-563
-569
-205
159
228
364
295
219
284
408
450
783
1058
726
1162
1047
671
648
451
428
706
712
571
618
144
-60
-86
-117
-73
-85
19
83
-271
-272
-321
-561
-346
-328
36
352
116
140
100
74
374
597
900
891
817
814
820
853
816
1031
979
999
1083
963
904
596
541
484
408
473
277
101
-108
-390
-445
-520
-599
-650
-705
-755
-878
-1053
-1055
-1177
-1336
-1201
-1134
-1369
-1335
-1281
-1608
-1365
-1452
-1417
-1391
-1453
-1190
-1183
-612
-370
-372
-613
-818
-572
-329
252
733
589
659
501
334
507
753
1142
1267
1352
1364
1279
1105
772
534
584
1009
1031
1020
540
32
-233
-413
-330
-217
-106
-202
-383
-720
-848
-884
-814
-897
-638
-115
-130
38
-393
-483
-382
-35
423
666
753
622
659
445
647
956
1153
1397
1309
1206
1258
1016
889
849
938
1062
1011
712
468
349
7
252
152
157
189
-153
-315
-396
-566
-621
-474
-640
-571
-590
-829
-799
-939
-1025
-874
-842
-990
-1018
-1115
-1411
-1171
-1318
-1493
-1122
-1431
-1163
-888
-699
-419
-615
-1054
-730
-511
-147
508
394
313
348
-15
382
758
1089
1453
1343
1363
1264
1344
1120
1027
985
1131
1225
1066
672
158
-34
-218
-110
58
-113
-227
-541
-1168
-1017
-1058
-990
-812
-1048
-728
-630
-655
-749
-799
-496
-307
198
374
437
351
263
435
684
1208
1361
1300
1279
1075
1289
1433
1359
1483
1180
1253
1053
854
805
526
490
453
321
297
19
-317
-359
-483
-298
-402
-662
-773
-1103
-1100
-1107
-1050
-1135
-1283
-1377
-1510
-1463
-1542
-1572
-1588
-1620
-1655
-1570
-1522
-1469
-1193
-756
-533
-571
-907
-821
-496
33
738
820
828
592
365
632
1161
1655
1998
1793
1602
1537
1418
1553
1370
1279
1423
1367
1241
715
138
-40
-217
-101
14
-45
-363
-904
-1311
-1372
-998
-797
-823
-947
-1021
-857
-869
-819
-682
-320
-70
152
504
407
389
575
629
949
1455
1596
1466
1279
1169
1328
1398
1494
1532
1197
1038
877
567
534
420
475
222
97
-75
-422
-580
-630
-568
-534
-517
-868
-1023
-1249
-1181
-1087
-1104
-1063
-1308
-1430
-1508
-1389
-1462
-1378
-1433
-1561
-1467
-1386
-1223
-926
-496
-382
-698
-1175
-986
-487
32
689
787
353
247
-24
280
1122
1667
2084
1625
1250
1244
1235
1351
1601
1558
1678
1551
1072
701
218
307
394
473
587
119
-303
-791
-1144
-848
-386
-417
-485
-993
-1228
-945
-1011
-717
-470
-329
-221
-167
-364
-127
-24
217
555
907
1178
794
632
554
816
1349
1395
1477
1051
426
397
339
705
764
517
296
-226
-427
-340
-450
-139
-210
-486
-594
-996
-1017
-1055
-955
-734
-759
-871
-1171
-1436
-1476
-1241
-1028
-1021
-1167
-1449
-1709
-1562
-1538
-1358
-811
-433
-392
-819
-1289
-1111
-557
-77
632
737
556
71
-299
197
1067
1939
2162
1676
1377
1352
1290
1862
2040
2178
2234
1713
1298
955
743
943
1076
853
809
314
-205
-651
-878
-422
-74
-228
-773
-1396
-1517
-1270
-1065
-616
-551
-614
-916
-1070
-661
-295
201
229
403
510
328
411
465
835
1312
1304
1517
1239
621
573
594
1113
1455
1053
660
-2
-381
-176
134
484
243
-420
-822
-1090
-786
-580
-487
-534
-955
-1146
-1253
-1123
-1040
-904
-981
-979
-1022
-1300
-1306
-1343
-1309
-1071
-1114
-1051
-908
-931
-754
-986
-1129
-909
-680
-163
98
29
-186
-337
-282
245
825
1423
1364
963
728
877
1575
1900
2133
1955
1621
1413
1279
1339
1579
1611
1310
1035
691
545
326
270
152
199
69
-273
-651
-996
-897
-761
-502
-506
-660
-914
-1115
-976
-589
-140
58
54
-208
-271
-129
240
788
956
1007
853
479
473
609
958
1260
999
743
299
32
242
397
480
420
-64
-486
-615
-606
-351
-157
-419
-684
-954
-997
-785
-506
-487
-598
-662
-896
-822
-824
-770
-692
-726
-815
-1028
-1112
-1128
-1104
-736
-569
-636
-927
-1541
-1284
-817
-541
14
-383
-829
-981
-993
-48
638
915
802
157
144
721
1297
2056
2047
1609
1352
1075
1471
1941
2092
2053
1644
1172
1015
978
1213
1200
939
714
230
-4
-259
-353
-142
-126
-323
-494
-859
-966
-859
-775
-303
-340
-528
-602
-823
-649
-336
-7
280
161
-34
-208
-261
131
409
610
522
85
-230
-395
-68
334
449
217
-187
-476
-424
-77
282
518
148
-273
-552
-299
108
272
357
81
-373
-336
-199
14
145
-152
-277
-460
-625
-471
-498
-674
-771
-946
-997
-1082
-1031
-1000
-1040
-1177
-1313
-1256
-1114
-1052
-845
-680
-760
-685
-598
-440
43
348
524
585
554
835
1078
1321
1561
1540
1490
1541
1486
1650
1679
1573
1513
1324
1260
1168
1051
811
645
404
258
132
-63
-283
-432
-425
-443
-580
-704
-864
-960
-848
-765
-657
-703
-805
-907
-867
-645
-481
-375
-397
-424
-442
-391
-208
-93
-30
37
3
78
188
247
359
353
458
525
554
647
660
629
663
707
704
767
787
683
553
546
528
388
371
361
271
135
-17
-107
-273
-398
-389
-494
-653
-765
-817
-947
-1020
-1046
-1062
-1050
-1052
-1034
-1018
-1005
-939
-850
-814
-616
-502
-433
-312
-167
-1
162
260
357
480
551
777
904
933
976
927
930
1025
1071
1064
1027
853
692
593
536
446
338
118
-54
-156
-293
-402
-516
-642
-706
-763
-775
-858
-917
-899
-978
-907
-867
-881
-856
-897
-821
-747
-698
-550
-485
-450
-395
-287
-143
-43
65
202
268
399
529
587
721
793
871
960
1051
1072
1104
1136
1128
1124
1093
1035
974
961
926
878
737
605
457
337
341
256
164
-11
-199
-273
-392
-470
-505
-610
-665
-744
-787
-789
-804
-819
-796
-712
-673
-570
-512
-477
-371
-292
-208
-115
-38
80
169
229
291
264
323
372
408
482
486
478
410
319
239
200
213
121
91
-87
-208
-242
-377
-363
-416
-504
-568
-658
-723
-735
-754
-723
-697
-770
-803
-791
-789
-748
-694
-679
-617
-623
-543
-482
-400
-285
-268
-169
-94
-21
108
215
292
388
447
492
583
665
703
807
912
901
958
883
841
921
980
1027
1001
905
777
683
647
654
671
598
430
283
175
150
131
79
10
-76
-144
-221
-252
-281
-311
-300
-309
-289
-257
-230
-225
-235
-175
-89
11
61
90
137
122
150
242
282
338
348
336
330
315
337
320
275
200
167
90
-5
-46
-143
-247
-332
-393
-460
-521
-538
-623
-711
-779
-806
-828
-822
-813
-891
-915
-935
-929
-862
-801
-809
-808
-810
-756
-631
-563
-481
-469
-492
-382
-309
-182
-58
-4
25
70
139
215
331
416
467
509
544
513
568
612
668
763
730
732
621
601
612
621
692
660
636
516
407
385
392
409
433
343
276
207
138
128
128
139
120
130
43
-2
33
32
102
160
139
139
116
114
191
222
240
244
231
196
245
315
301
295
257
210
197
173
184
171
101
5
-68
-114
-205
-216
-228
-309
-344
-431
-502
-532
-568
-501
-508
-576
-629
-738
-740
-698
-662
-639
-677
-709
-711
-711
-623
-529
-503
-491
-469
-397
-364
-261
-210
-186
-116
-82
13
73
104
146
163
215
281
304
351
367
357
379
383
403
408
403
369
332
366
366
370
337
286
270
240
251
261
223
193
157
123
128
133
146
138
104
79
57
76
74
104
109
94
98
64
99
138
121
144
132
145
160
149
168
138
140
163
141
141
117
85
31
14
-1
-9
3
-50
-73
-104
-124
-135
-164
-178
-173
-173
-191
-197
-270
-285
-307
-327
-291
-283
-319
-339
-377
-391
-331
-330
-281
-279
-295
-280
-264
-213
-143
-97
-108
-96
-68
-20
42
63
81
90
107
130
173
212
243
244
232
200
186
232
212
221
234
219
184
155
155
147
191
168
140
146
77
86
95
70
89
67
55
31
5
-21
-25
-2
9
35
28
-15
-17
-2
30
77
47
60
55
67
127
137
131
130
124
117
136
151
139
104
59
35
39
35
36
31
-26
-51
-84
-136
-115
-121
-125
-115
-149
-199
-255
-283
-288
-253
-234
-250
-285
-324
-359
-313
-298
-268
-262
-264
-248
-231
-205
-161
-119
-125
-52
-30
40
73
59
75
102
157
199
243
229
235
241
255
254
256
260
250
238
247
279
244
230
209
193
206
209
205
175
147
140
144
153
124
106
70
48
44
27
8
-24
-34
-37
-39
-45
-53
-93
-80
-73
-66
-42
-62
-68
-67
-41
-42
-35
-30
-58
-53
-43
-41
-43
-84
-114
-136
-134
-112
-134
-177
-231
-265
-254
-269
-255
-259
-315
-322
-338
-346
-344
-330
-342
-347
-344
-349
-317
-323
-329
-289
-267
-245
-204
-216
-191
-142
-139
-72
-39
-32
15
24
63
104
121
155
175
195
233
270
264
262
271
267
284
309
292
293
302
291
289
304
302
281
293
291
278
293
251
229
258
245
253
228
164
146
152
163
165
142
83
48
37
23
48
64
31
24
14
14
36
24
33
7
8
31
23
38
12
2
-27
-53
-62
-94
-120
-130
-140
-145
-177
-215
-259
-306
-313
-301
-299
-300
-335
-370
-386
-412
-368
-349
-338
-327
-351
-342
-349
-326
-279
-252
-224
-183
-164
-153
-114
-62
-9
47
91
109
122
137
173
212
264
300
288
284
292
289
321
355
317
339
301
272
281
254
275
280
269
240
228
191
189
217
188
190
183
145
135
135
135
145
123
106
92
79
87
67
78
62
42
44
16
18
12
21
83
31
8
22
11
27
30
98
93
55
43
52
53
54
91
77
17
19
14
-23
-14
-33
-50
-95
-99
-114
-140
-141
-187
-225
-242
-239
-222
-217
-252
-247
-276
-300
-291
-261
-229
-219
-229
-254
-234
-218
-154
-113
-90
-72
-97
-71
-49
-31
43
89
56
70
83
100
147
168
184
193
180
163
177
184
210
208
199
189
157
161
149
140
150
128
106
93
66
68
62
43
38
10
1
-15
-25
-42
-34
-44
-47
-50
-61
-57
-72
-89
-82
-69
-72
-45
-80
-81
-69
-67
-36
-37
-44
-27
-14
-37
-20
-17
-7
18
17
36
37
23
18
15
30
57
56
54
39
1
2
3
4
22
3
-20
-11
-9
-19
-21
-18
-32
-31
-44
-64
-62
-76
-58
-24
-41
-42
-64
-91
-74
-61
-38
-22
-38
-69
-78
-87
-59
-22
-8
-21
-13
-34
-30
-2
-7
0
-6
-2
-9
-25
-40
-51
-38
-16
-7
5
-15
-29
-34
-33
2
14
31
25
-5
-3
-25
-11
17
14
49
45
14
17
-5
1
21
16
0
-14
-27
-32
-18
-1
5
-5
-11
-5
-12
-6
-9
-40
-49
-40
-77
-82
-72
-91
-58
-35
-26
-12
-12
-48
-74
-9
32
58
46
61
74
51
120
1
-125
-100
13
62
116
207
112
-122
-162
-31
49
178
260
113
-50
-73
-93
-41
74
154
75
14
-18
-57
-154
-79
144
126
269
295
23
-146
-249
-232
-76
157
405
172
-117
-194
-360
-319
-8
277
229
107
-48
-274
-342
-136
16
96
117
-1
-121
-84
-17
9
99
139
59
-25
14
-5
-15
197
295
53
109
188
-34
-173
-17
181
65
79
363
87
-322
-298
-187
-239
-70
253
134
-168
-337
-379
-318
-108
137
148
8
-119
-255
-239
-16
131
109
39
-34
-127
-92
27
132
148
239
216
89
-14
35
137
253
183
56
-28
-50
-11
20
305
379
221
73
-46
-215
-75
81
97
-105
-20
-143
-329
-262
-19
-28
-23
193
300
62
-55
-82
-176
-262
-126
171
120
-64
-125
-119
-155
-119
98
135
54
6
84
18
-86
-175
-146
-234
-75
100
246
-16
-149
-240
-207
-130
189
207
9
-321
-234
-172
-147
-30
103
-15
-135
-94
6
-43
-142
-108
-46
-109
19
72
3
-120
-59
-38
-35
14
88
96
106
28
60
49
39
128
147
189
164
29
86
112
141
245
288
108
38
39
181
107
160
106
90
-25
-13
88
85
49
-2
-83
-62
19
-15
13
-23
-3
-99
-120
-114
-24
52
-58
-38
-53
8
-120
-19
38
-83
-181
14
-4
-104
-84
99
-94
-123
64
134
-43
-47
-25
-118
-115
-56
-48
-46
-123
-152
-74
-17
-29
-25
71
61
-87
0
49
-63
-184
16
15
-55
157
81
-109
-48
-57
43
79
49
51
-122
2
78
-39
110
124
-41
-25
45
101
63
97
170
29
47
127
68
19
150
235
171
-20
145
115
-85
93
306
115
-2
29
65
-114
-15
146
22
-243
-61
-38
-210
-49
42
-76
-95
-205
-167
-216
-254
100
-32
11
52
40
3
-94
-112
155
-26
103
-13
112
-55
-147
-118
-78
-38
53
-101
33
-114
-257
-51
-67
-49
-103
32
-116
-146
-52
11
-22
42
48
125
-97
68
60
-87
48
107
84
149
1
-63
115
40
145
195
54
47
-137
-52
47
9
160
20
-66
-112
-69
60
49
164
139
5
99
1
4
187
287
87
108
86
11
131
122
311
169
55
60
-80
63
76
99
56
48
98
-70
45
-65
-100
70
-66
15
22
2
-43
-280
-78
-107
-129
21
-27
-137
-210
-62
-108
-152
-110
-17
-101
-166
-283
-142
-273
-63
43
-92
-63
-96
-326
-227
-32
125
333
138
15
-5
-141
-172
-67
-43
57
-110
-172
62
1
-153
17
-79
-33
34
-166
-14
88
-217
-175
-118
-91
90
-255
36
-28
-146
252
204
-30
320
96
42
58
48
362
88
99
332
171
140
228
118
252
312
255
131
187
-23
99
234
-38
246
139
-29
50
-43
213
208
73
194
-4
-106
-19
-156
66
-226
-9
246
-226
-135
-4
-207
-16
-124
225
12
-142
-49
-171
-229
-192
40
-81
-50
-51
-39
-149
-139
-214
-261
15
249
-308
-42
63
-578
-489
227
-113
-64
272
-445
51
-513
-214
447
-487
238
253
-567
-52
115
-73
-30
270
202
-144
143
19
39
73
149
224
-74
150
240
-184
133
384
-201
55
546
-22
35
323
-133
200
206
111
114
165
-130
259
93
39
478
36
-74
452
-89
321
-8
81
172
-15
-151
264
332
-671
156
430
-643
504
204
-526
145
-272
-112
186
-156
403
-182
-429
376
-691
66
385
-679
96
219
-437
151
-232
-222
61
-433
104
-562
-52
144
-747
294
-30
-272
7
-121
-264
-563
135
215
-574
287
-181
-305
-256
56
163
-111
243
-62
-449
66
83
-404
592
-38
-379
396
-505
118
270
-389
555
12
-208
335
-69
-121
832
1
-256
675
-125
-467
615
-529
604
466
-447
748
88
-637
662
353
16
329
9
35
-192
174
91
315
328
68
-363
239
-120
-53
533
-474
543
72
-728
884
-874
403
661
-945
988
-478
-206
398
-886
858
-273
-339
941
-602
-290
182
-371
141
65
-139
175
-416
-426
271
-583
420
-106
-298
98
-815
170
-4
-548
454
-229
-351
331
-244
34
-126
-278
166
204
-625
734
-88
-892
698
-492
-49
520
-641
520
-469
-239
550
-568
218
437
-580
100
330
-316
16
358
-423
208
249
-332
613
-51
-270
705
-363
42
462
-443
751
-499
497
137
-381
618
-265
115
145
-162
567
-552
264
442
-770
368
103
-182
344
47
-118
352
-386
357
46
-272
448
-348
59
154
46
44
-167
423
-308
83
360
-324
21
-60
-133
123
-68
-150
291
-217
-269
190
-177
-173
162
-533
457
-273
-251
201
-409
-270
399
-519
265
231
-461
5
-148
-359
260
-34
-167
649
-654
29
-7
-466
334
274
-437
477
-157
-200
-296
149
29
-125
226
-46
311
-497
112
-45
-132
155
208
151
-287
-206
588
-822
628
22
-223
853
-821
530
167
-860
1046
-398
-222
857
-418
10
31
-71
13
703
-407
155
610
-850
290
438
-320
289
209
-223
430
-478
536
-284
163
193
106
-443
888
-613
47
48
212
219
-442
321
232
-754
622
-175
-394
675
-342
-165
76
-195
-49
-122
194
-267
83
115
-951
459
-225
-283
-2
20
33
-733
96
88
-445
-278
116
13
-526
-129
778
-1067
356
-343
-32
401
-459
278
400
-762
316
350
-834
1227
-541
-177
842
-336
-279
728
-525
368
339
-1107
1544
-461
-568
1210
-750
-165
945
-1098
558
387
-126
45
-315
528
-766
431
109
161
456
-651
258
46
-330
535
73
-337
775
-500
105
173
300
-511
533
-330
221
402
-391
293
-103
336
-305
383
-83
-113
190
-214
243
249
-739
799
-963
524
-503
-105
925
-1216
692
-715
-85
336
-1029
753
-186
-522
884
-1275
390
37
-672
583
226
-538
470
-339
-461
377
-313
9
706
-865
469
130
-812
625
-243
-159
360
-32
-248
453
-563
412
-304
-46
232
-283
394
-117
-238
407
-537
152
-90
-45
310
-342
516
-408
-59
398
-979
1048
-761
541
91
-400
489
-466
-88
286
-394
625
-160
-253
594
-564
393
-273
599
-308
51
153
-76
79
181
-386
769
-301
-375
710
-557
441
-139
-80
393
-315
208
93
-22
286
-37
-134
235
-132
305
-240
268
84
-251
-21
507
-269
172
271
-176
207
-368
50
266
-193
-41
525
-453
141
-363
82
-26
172
-232
331
34
-738
514
-230
-152
457
-64
-272
319
-105
-45
51
214
-405
378
-365
-20
556
-746
431
188
-433
17
67
55
-254
442
-634
721
-976
322
355
-968
753
-103
-323
284
-331
-51
204
-417
607
-753
775
-366
-256
-39
300
-54
162
159
-119
315
-556
506
366
-568
861
-357
-469
1151
-1088
734
170
-666
999
-757
32
766
-532
93
224
-163
185
-9
1
218
-309
344
-77
25
411
-79
-119
429
-330
307
15
-260
808
-703
247
327
-290
79
524
-508
388
-193
134
117
-457
453
-328
-31
77
-1
-37
204
-501
397
-229
-566
864
-603
-191
326
-559
257
-159
-554
871
-947
255
220
-121
118
-468
404
-478
-202
346
-321
34
-177
-481
276
-529
-165
395
-631
90
258
-439
-223
429
-942
394
-251
-174
330
-292
-40
306
-729
453
516
-940
1018
-329
-401
358
-154
125
130
76
102
-477
454
-137
28
379
-71
-43
-158
312
-245
386
-66
-52
548
-779
586
62
-154
362
-239
450
-235
87
133
-334
401
-287
406
81
-252
602
-914
805
-331
211
40
165
-90
-269
18
408
-689
485
-76
113
-331
631
-504
81
736
-1232
1068
-514
-134
463
-546
355
-144
-384
645
-763
584
46
-411
249
43
-522
-8
230
-567
169
121
-805
776
-777
28
251
-439
478
-204
-257
129
233
-786
104
456
-820
433
79
-898
1145
-804
-75
636
-790
658
-320
-150
358
-578
83
195
-281
414
-464
372
17
-321
475
116
-268
546
-331
94
247
-3
97
145
51
526
-561
297
631
-636
392
486
-709
885
-513
-57
1109
-1332
776
372
-951
1102
-362
-286
894
-835
307
80
-275
541
-327
63
328
-462
511
-71
-412
820
-734
378
-187
361
-276
212
-256
41
248
-652
636
-335
-190
407
-606
-115
475
-861
577
-339
-107
202
-563
116
55
-332
-135
-147
79
-238
-344
194
-142
-390
333
-225
-18
-53
-282
179
-315
32
262
-126
-280
296
-264
94
252
79
-266
238
-113
-321
507
-328
519
-219
-147
689
-531
210
374
-443
952
-290
262
275
-652
770
-919
578
612
-574
577
16
-251
428
-731
925
-210
-307
868
-454
36
318
-701
604
-332
-79
747
-608
583
-70
-289
374
-377
202
-226
215
172
-321
383
-418
94
77
-519
751
-141
-274
784
-948
4
296
-649
-43
580
-735
132
405
-1315
812
-28
-1091
1538
-590
-1249
2156
-1918
-161
1302
-1955
1193
-27
-1072
1273
-880
-85
271
-237
-310
417
9
-720
1213
-1335
314
268
-983
978
-353
-92
522
-541
272
-159
-86
456
-186
285
-240
121
-332
160
-25
51
281
-41
38
-164
106
-169
439
-68
-126
608
-607
217
320
-500
729
-265
-79
661
-717
583
16
-209
545
-542
627
-440
637
-607
363
202
-370
66
598
-1037
931
-181
-403
793
-228
-504
1001
-802
283
689
-1097
1237
-720
251
-61
91
66
-261
460
116
-541
793
-750
268
194
-727
874
-352
-270
331
-370
48
292
-542
567
-398
-14
451
-587
332
-79
-144
-283
364
-149
-253
498
-371
-292
832
-1288
777
278
-1080
926
1
-968
905
-676
-230
835
-596
-302
1030
-1137
195
657
-1146
893
-468
-155
535
-606
419
-35
-707
787
-891
623
79
-202
551
-670
73
324
-598
188
756
-1083
698
-34
-661
465
-153
-162
401
-293
492
-413
-53
228
-330
517
-444
474
-235
-80
322
-353
426
-99
-179
388
-436
271
-365
563
-553
309
295
-951
770
-244
-308
650
-445
88
304
-885
671
-345
354
-548
766
-768
193
472
-740
920
-639
350
143
-563
367
158
-843
978
-1148
900
-200
-385
799
-753
136
255
-601
312
155
-285
315
-378
251
-367
250
-45
351
-222
135
271
-437
-54
728
-654
435
336
-779
451
333
-743
832
-418
119
477
-865
740
-267
107
-232
440
-254
-181
422
-332
-324
1074
-1244
838
-59
-699
808
-637
144
149
-262
-44
327
-248
-40
290
-128
-491
731
-424
164
15
73
-386
308
-401
-157
616
-710
290
351
-978
736
-110
-1079
1448
-795
-190
967
-984
119
673
-1263
967
113
-764
876
-191
-710
858
-471
-479
1181
-913
-20
950
-1031
865
-172
-577
947
-840
187
291
-378
348
-436
374
-41
-614
1013
-716
409
214
-410
672
-654
194
330
-803
875
-394
-151
564
-459
145
116
-184
386
-233
78
149
-101
140
27
-204
183
101
-296
572
-564
439
-183
-33
57
-29
60
-193
78
294
-954
1045
-945
135
330
-728
933
-944
453
3
-785
891
-613
-58
393
-763
591
-715
352
-86
-419
617
-403
71
68
87
-102
93
-195
453
-533
306
136
-549
414
187
-625
892
-459
-103
734
-927
641
-66
-260
483
-282
167
158
-162
253
32
-37
315
-168
124
148
-187
227
-239
398
-538
536
-46
-248
357
-16
-459
862
-563
226
355
-743
890
-765
158
380
-603
563
-178
-390
985
-1222
966
-173
-435
929
-664
2
271
-476
5
556
-538
62
206
-415
386
-361
326
-188
205
-470
508
-313
-371
726
-709
19
518
-639
632
-500
3
554
-815
649
-194
-397
373
-453
84
53
-488
258
124
-574
801
-566
36
284
-494
229
-63
69
-149
292
-427
310
327
-833
816
89
-747
1360
-843
-93
1396
-1935
1297
47
-954
1361
-688
-43
653
-557
233
268
-407
481
-31
-217
554
-547
119
213
-330
302
20
-308
1013
-1043
742
146
-774
815
-291
-401
803
-578
173
251
-748
648
-707
281
63
-154
-302
459
-568
91
-131
-74
-255
167
-345
233
-78
-206
83
-428
409
-488
362
8
-257
299
-287
-185
416
-594
476
-55
-88
168
72
-452
368
-38
-270
372
-134
-90
238
-384
333
-56
-302
597
-474
287
-111
-6
49
-300
181
22
-113
210
18
165
-119
-69
166
-84
24
183
94
-178
469
-649
368
-85
-147
459
-47
33
194
-171
311
-340
694
-535
504
54
-507
690
-489
89
381
-319
315
-21
-27
-13
69
-47
-36
288
-454
333
91
-868
868
-631
-23
203
-336
442
-462
-26
472
-1056
843
-648
88
233
-676
557
-594
-91
604
-997
506
426
-943
859
-335
-246
775
-972
467
390
-1009
684
280
-816
703
-42
-606
898
-764
445
421
-769
543
32
-881
1129
-740
320
329
-636
671
-357
-49
284
-353
273
211
-585
826
-784
398
34
-301
433
-121
143
-90
-94
14
283
-556
591
-194
-83
318
-187
-244
846
-852
546
142
-475
434
-281
-48
106
129
-378
193
170
-606
660
-299
-435
769
-856
298
97
-696
734
-626
-102
319
-361
-246
446
-497
95
261
-365
346
-372
-80
190
-321
98
326
-407
493
-297
84
176
-318
326
-239
168
101
-105
193
90
-456
460
-137
-161
415
-179
184
266
-365
325
282
-496
653
-158
-45
573
-427
184
388
-554
523
118
-519
1050
-620
-26
806
-885
426
399
-760
942
-441
-591
1334
-1473
447
706
-1222
982
-180
-761
1081
-1036
272
520
-1100
1002
-719
-101
479
-532
248
-54
-296
326
-288
-157
551
-524
46
-15
61
-419
366
-455
74
200
-555
430
-190
-36
-308
395
-435
267
-129
-242
352
-541
152
321
-824
587
-218
-427
585
-554
245
25
-297
493
-553
415
-223
-461
701
-710
269
359
-824
694
-358
-118
532
-544
358
-65
-54
166
-68
192
-276
97
196
-426
664
-521
80
699
-961
945
-71
-657
1106
-771
187
637
-825
611
-46
-333
550
-41
-328
514
-345
116
339
-325
474
-211
-186
400
-240
-5
423
-459
436
-285
123
122
-420
503
23
-516
859
-643
-24
468
-893
865
-523
243
105
-548
631
-399
61
247
-221
177
-446
536
-393
-140
529
-735
600
-280
-17
390
-515
401
-100
-71
150
-57
-200
76
147
-323
150
256
-459
303
-96
-182
499
-768
506
-226
-20
75
101
-403
345
-245
-209
425
-396
407
-246
-42
403
-423
-181
775
-865
538
-73
7
110
-35
41
-71
206
-227
220
-37
6
260
-397
167
44
-237
118
182
-211
199
-184
26
-152
179
-30
-170
282
-268
161
-119
-35
205
-250
-127
499
-435
6
501
-540
95
247
-667
520
-55
-284
418
-186
-135
379
-590
337
219
-616
508
9
-328
240
-94
-226
144
-227
107
-38
115
-65
106
-208
-51
242
-363
354
-98
156
-227
236
-178
-198
473
-505
270
317
-406
179
302
-719
656
-204
-472
1126
-961
103
701
-953
301
320
-480
367
-10
53
16
85
-48
-57
265
-421
515
-173
-7
274
-229
-75
238
-149
-107
547
-491
204
249
-498
99
429
-626
310
279
-284
167
47
-51
45
-69
-93
416
-333
168
60
-433
283
-173
-188
447
-253
35
176
-295
188
26
-92
187
-53
7
-184
-6
115
-431
361
-195
-91
46
-46
-123
14
-105
87
-65
-143
406
-372
167
322
-582
366
189
-692
848
-250
-286
640
-653
147
202
-331
241
280
-357
172
164
-487
414
105
-369
542
-262
-130
300
-317
120
207
-236
200
88
-201
-20
128
-221
40
51
-77
-127
211
-364
102
113
-328
383
-264
65
153
-345
258
-246
-42
142
-300
250
-60
-77
78
80
-151
-32
227
84
-345
369
-29
-132
-155
116
-66
54
-41
155
183
-321
230
-108
-160
248
-173
-62
193
-273
7
-128
7
3
-162
188
131
-253
160
-15
25
-24
122
-48
-14
58
37
-125
269
-117
-40
86
-116
32
204
-326
250
10
-457
522
-308
1
220
-283
273
-103
140
-71
60
280
-402
321
-57
-144
95
115
11
11
121
-322
204
92
-318
470
-256
36
215
-517
435
-38
-357
445
-41
-66
144
101
10
-221
380
-420
185
235
-317
252
77
-198
106
-102
-129
389
-512
334
94
-370
94
-135
-303
162
-7
-173
134
198
-392
87
246
-374
471
-401
221
192
-243
14
92
-101
-176
123
-51
-95
385
-398
42
453
-639
252
16
-174
193
-138
28
189
-311
69
205
-237
263
103
-335
362
-136
-246
441
-353
104
81
-344
511
-463
93
138
-287
203
-116
-185
259
-232
11
-30
-10
187
-214
47
309
-319
-88
299
-347
289
1
-158
428
-505
43
328
-528
413
101
-383
404
-110
-124
267
-153
98
42
-181
245
22
-116
197
-88
-42
65
-121
271
-176
152
8
-189
251
-372
76
224
-280
142
98
-210
141
-84
-48
-5
143
-141
29
236
-173
111
-41
-96
294
-89
-53
420
-226
-91
246
-256
81
122
-165
169
103
-124
-190
401
-497
89
277
-247
219
34
-274
106
-15
-213
138
41
-32
-20
79
-46
-36
-56
-68
168
-102
138
134
-193
157
-83
-214
288
-127
-23
108
194
-255
47
147
-287
4
186
-225
230
-9
-124
10
43
-200
95
100
-86
139
-48
84
-164
176
-196
-34
87
34
-124
-12
148
-250
-102
144
-161
-26
205
-256
288
-173
-76
140
-253
198
-231
-1
105
-179
-17
63
-25
-96
-27
93
-106
-34
155
-372
227
85
-464
363
-135
-226
195
-151
4
103
-252
173
-68
-17
1
-137
64
-21
-15
29
116
-187
-71
-76
-6
-111
61
-4
62
-57
-145
53
-78
-97
84
-46
157
100
-144
87
-86
-61
-36
32
105
7
72
-67
57
-135
21
-14
18
171
106
-117
247
-135
-162
186
-105
27
183
-63
122
141
-165
164
-13
44
4
231
110
-27
195
-170
202
-8
-119
165
48
-11
268
-89
113
150
-228
53
58
89
-88
178
29
-21
13
-26
41
-68
-32
255
-62
37
178
-158
80
-63
44
109
37
-13
232
-102
86
38
-76
111
-124
-18
-22
-17
78
-181
87
-158
-96
-44
-156
48
-50
-56
-111
-105
-128
-162
-192
4
-118
-26
-87
-5
-17
-191
0
-123
-49
49
-19
48
15
-154
91
-243
-33
97
-222
106
-3
-91
33
-118
-81
-54
-178
-6
-24
-106
-9
-20
-198
-64
3
-176
27
91
-63
93
83
-66
58
18
45
143
-17
213
116
-57
271
38
-43
180
28
130
140
36
250
-72
-17
173
-97
50
129
8
9
64
72
-114
178
9
-88
185
-11
95
57
71
107
-30
92
3
117
32
41
172
-36
144
98
-147
146
57
-64
119
19
63
-44
-6
-17
4
-8
-30
114
-65
37
97
-180
28
30
-29
60
-42
100
-83
-52
13
-41
43
-49
14
66
-48
2
15
-62
2
-50
-14
-4
-43
14
-15
-25
25
-40
-55
43
8
-64
33
37
-95
-101
16
-99
-44
1
-80
-44
-92
1
-93
-94
82
-150
16
70
-112
17
-67
-36
17
-80
70
41
-34
2
33
95
-70
137
0
-68
152
18
4
129
8
5
-11
48
22
-66
56
-17
0
-50
15
28
-78
-2
4
-112
44
-85
-109
117
-34
-117
-4
-15
-84
-24
69
54
-4
-34
-46
56
-63
-26
86
-81
94
-49
-57
64
-24
-22
-29
223
-9
-55
147
-76
29
-34
27
89
-8
-5
-16
-3
18
-64
-32
84
28
-76
-63
107
-4
-98
54
75
-104
-27
19
3
60
-10
91
2
-3
80
-112
53
109
-64
51
116
-6
-49
19
12
63
-12
-42
167
35
-56
136
7
-107
-2
10
23
110
29
-6
79
-114
-18
16
-30
158
49
46
121
20
-93
-114
22
13
-5
115
127
-31
-3
-101
-70
-7
-22
64
91
131
-57
-47
-67
-133
-66
1
65
89
23
-13
-27
-71
-103
-60
49
40
40
96
-23
-53
-113
-104
-51
-13
-17
39
33
-53
-85
-87
-119
-70
19
-64
107
12
-125
24
-107
-123
-22
-21
4
96
4
9
1
-70
-97
-8
40
-17
103
-47
53
-41
-107
33
-35
-19
44
40
30
40
-24
-12
-24
4
-33
35
32
37
-3
28
24
-67
42
-12
72
73
45
137
-11
26
6
36
8
101
76
38
118
-1
16
82
43
21
118
58
95
33
32
115
-32
39
43
11
81
61
7
68
23
2
44
44
67
22
72
-17
100
-19
-18
79
-14
25
9
54
-5
11
15
14
-28
6
-33
-32
18
-31
15
11
-12
18
-5
-49
36
13
-27
58
9
-18
-46
23
-37
-6
5
-30
14
-11
1
8
-3
20
-19
-11
33
-1
4
-15
4
-22
-59
22
-10
-39
60
-34
10
-7
-31
4
-28
25
-46
20
-29
-14
2
-61
4
7
-60
-14
-8
-48
-41
-40
-30
-40
2
-57
-25
-11
-52
-21
-39
-16
-15
-2
-50
25
-2
-62
0
-12
-33
5
-28
21
-7
-6
-6
-8
78
-9
20
43
-20
6
-33
-32
5
-39
-23
3
-9
-12
-14
-22
2
2
-62
48
-21
-50
16
-42
-7
9
-26
-19
24
-26
21
40
16
19
46
-12
-5
60
-72
42
40
-50
60
-33
-10
31
9
23
24
-33
-18
-40
-37
-40
-56
-54
-29
-45
-38
-41
-47
-40
-74
-3
-37
-62
-20
-67
-44
-44
-28
-51
-4
-44
-41
-6
-80
-14
-63
-25
-9
-12
-13
-20
-29
-47
-26
-44
-1
-35
-4
-12
-41
-39
-13
-71
-18
21
-11
30
-6
39
-37
10
2
-16
53
41
27
42
19
1
-11
49
57
-6
80
65
33
18
27
16
7
24
21
53
80
35
49
53
-11
63
-5
63
108
0
37
42
0
-44
46
23
12
78
10
36
67
-7
-5
47
0
22
9
21
34
-13
10
-1
5
21
-11
26
19
9
-12
10
24
-36
14
17
-7
-7
-9
-23
26
-12
-40
27
1
-33
7
-21
-49
13
-40
-42
16
-32
-55
32
-52
-44
3
-57
8
-20
-46
16
-26
-34
-7
-24
-22
-15
-24
-59
-3
-24
-55
9
-23
-34
-26
-8
-36
-29
-14
-25
-30
21
-36
13
22
-43
16
-13
-17
1
13
-17
46
-29
-15
-4
-34
9
-14
23
13
5
24
11
-25
11
-13
-8
50
-19
24
7
-23
-2
4
-24
45
11
-1
83
-12
26
15
9
1
29
25
25
7
0
15
-39
22
-7
16
16
14
35
1
23
4
15
17
21
31
6
29
34
8
26
32
-10
64
9
18
4
-2
3
-18
-1
-16
-4
-27
35
-31
-24
29
-12
-10
32
14
-1
36
7
-6
21
6
-8
22
12
-12
19
4
-15
7
-16
-5
12
-35
28
-6
-21
-1
-36
-18
-25
-10
-24
10
-1
-26
15
-29
-18
-12
-20
-8
-8
-16
-28
0
-41
-37
-11
1
-22
-2
-2
-55
6
-35
-53
-6
-31
-54
12
-30
-34
-1
-34
-2
-3
-11
13
17
0
11
-12
0
4
-20
0
31
-1
6
23
-23
2
0
11
19
8
21
6
21
1
-2
29
6
30
32
24
57
35
39
32
49
29
18
53
23
31
39
23
31
13
15
18
20
30
12
26
29
9
16
18
6
26
16
10
19
14
-10
1
22
-41
25
-2
-12
21
-33
-8
9
-31
-31
10
-35
-26
-16
-21
-27
-12
-38
-28
-6
-52
-3
-18
-25
-10
-30
-15
-22
-5
-25
-2
-7
-11
-19
-13
-9
-17
-30
-6
-18
-36
-6
-16
-19
-1
0
-19
20
-15
3
9
-3
8
-9
14
-6
5
-2
16
9
10
11
29
14
8
29
12
12
38
8
23
38
-7
24
18
23
7
28
30
27
37
13
17
13
2
2
6
24
-1
14
6
-11
-13
-19
-16
-27
4
-22
-11
1
-33
-16
-9
-24
-15
-15
-4
-14
-16
-9
-29
-20
-32
-32
-28
-10
-24
-14
-6
-17
-22
-14
-9
-12
6
-5
9
5
-2
2
8
11
1
27
18
14
33
9
10
38
17
23
40
18
37
27
15
33
24
3
33
11
9
38
30
5
38
18
7
41
22
13
40
29
1
32
21
6
18
26
1
17
2
-6
-1
-11
-6
2
-12
-4
3
-22
-4
-18
-16
-16
-26
-2
0
-38
-5
-11
-38
-6
-20
-27
-4
-8
-21
-12
-12
-24
-40
-12
-33
-20
-8
-39
-12
-43
-32
-22
-40
-14
-28
-8
-15
-17
3
-28
5
-23
-3
9
-12
4
11
-19
0
10
-12
19
12
12
-4
15
2
-2
3
5
6
4
10
5
9
-4
0
-13
-6
-6
-9
21
-12
-1
-7
-23
2
-15
1
4
-15
-6
-11
-32
-9
-25
-17
-27
-5
-31
-22
-5
-51
-7
-43
-29
-15
-25
-25
-10
-23
-24
-20
-27
-28
-15
-10
-25
-3
-18
-9
-10
-26
-3
-6
-7
5
9
-12
2
-8
-8
2
1
6
16
-1
3
13
5
16
19
11
23
24
15
35
21
22
36
18
25
34
28
18
43
30
28
38
27
32
28
33
26
34
30
20
21
17
18
21
5
24
23
1
11
10
14
5
-6
23
0
21
-37
0
86
-21
-46
47
20
-31
-15
-14
77
-18
-54
50
6
-8
8
-20
6
65
-61
-12
66
11
-78
32
45
-30
13
4
32
20
-2
-19
69
-6
-4
39
26
31
11
22
19
37
-6
1
43
29
-9
27
44
-4
0
10
18
17
16
16
28
15
-13
17
17
-7
17
18
9
28
0
1
19
2
0
2
21
6
-11
-6
22
-15
-18
5
-22
-8
-20
-7
-13
-18
-31
-16
-23
-21
-9
-27
-15
-14
-29
-35
-7
-29
-28
-8
-27
-19
-23
-27
-29
-16
-30
-28
-9
-31
-21
-20
-32
-15
-28
-33
-23
-10
-30
-28
-16
-29
-14
-25
-14
-14
-17
-17
-10
-18
-8
-7
-20
1
-15
-14
-8
-5
-13
-13
-12
-17
-10
-13
-21
-14
-3
-28
-14
-18
-27
-3
-19
-23
-5
-19
-18
-21
-20
-1
-22
-9
-12
-12
-10
-21
-11
-9
-3
-16
-18
-1
-10
-28
-9
-14
-13
-19
-22
-7
-22
-9
-13
-27
-8
-12
-21
-6
-7
-6
-13
-9
-11
-14
0
-12
-5
0
-2
-6
3
-6
-2
-4
-4
3
3
5
4
6
-4
8
-1
-2
12
2
3
16
-4
10
13
8
15
13
9
14
27
15
21
20
21
15
20
11
30
33
6
27
21
16
13
24
16
14
29
18
17
21
18
14
18
22
19
18
20
29
10
21
31
8
25
22
18
29
21
25
24
16
25
20
14
29
18
18
26
13
18
21
8
23
22
17
18
25
19
13
32
14
14
28
17
12
37
12
13
32
3
13
31
11
16
28
3
23
23
7
18
17
6
18
18
12
17
14
7
14
11
6
20
11
14
3
15
10
-2
17
1
9
16
-5
2
10
3
-2
-3
10
-6
-9
0
-6
-3
-11
-5
-13
-8
-9
-16
-6
-8
-16
-12
-10
-18
-14
-20
-11
