-5
-6
-5
-6
-4
-4
-4
-5
-6
-6
-6
-6
-6
-6
-6
-7
-6
-4
-4
-5
-4
-4
-4
-5
-4
-4
-3
-2
-1
0
0
0
0
-1
-1
-1
0
-1
-1
-1
-1
-2
-1
-1
-1
-2
-3
-3
-4
-3
-4
-3
-2
-3
-3
-3
-4
-3
-4
-4
-4
-3
-2
-3
-3
-2
-4
-1
-1
-3
-3
-4
-2
-2
-2
0
0
0
1
0
1
0
-1
0
-1
0
0
2
2
3
3
3
3
3
4
4
3
4
4
4
4
3
2
2
1
1
0
0
-1
-2
-1
-1
0
0
0
-2
-1
-3
-3
-1
-1
-1
0
1
0
0
1
0
0
0
0
-1
-1
-1
-1
0
0
0
0
-1
0
-1
-1
-2
-2
-3
-2
-3
-2
-2
-2
-2
-1
-1
-3
-2
-1
-1
1
1
1
2
1
-1
-1
0
0
-2
-1
-3
-3
-3
-4
-4
-4
-5
-6
-5
-6
-5
-4
-4
-2
-2
0
0
0
0
3
3
3
3
2
3
2
3
4
3
1
2
1
2
0
0
2
1
2
2
1
2
2
1
3
3
4
5
4
4
5
5
7
6
7
7
6
6
7
6
7
8
5
6
4
4
5
2
2
3
1
1
1
0
2
1
1
3
1
0
2
0
3
3
2
4
2
2
5
3
4
3
1
3
3
1
3
-1
-1
0
-3
-2
-4
-6
-5
-6
-6
-4
-6
-4
-2
-3
-1
-1
-2
2
0
0
2
-1
0
2
-1
3
0
-1
3
-2
-1
0
-2
0
0
-2
1
-3
-4
0
-4
-3
0
-4
-2
-3
-6
-2
-4
-4
-4
-7
-4
-6
-7
-3
-2
-3
2
0
-1
1
-5
-1
-4
-4
0
-4
-4
-3
-12
-9
-6
-7
-3
-2
-6
-3
-8
-7
2
2
4
8
2
7
3
4
12
5
8
9
1
7
1
-5
2
-7
-5
1
-8
-1
-3
-8
-2
-3
-3
0
-3
-1
1
-9
1
2
-1
8
0
1
3
-1
5
9
7
11
11
-2
5
3
-5
3
-2
2
4
-9
2
2
-7
-1
-3
5
2
-4
4
8
4
6
9
8
10
0
16
16
16
27
23
11
11
8
8
9
4
11
7
-12
-14
-9
-15
-15
-6
-5
0
-16
-2
-12
-11
-2
-3
1
1
2
-5
-8
-15
-1
6
-8
12
8
-4
10
-16
13
20
-17
15
-7
-14
-3
-22
15
6
0
7
-4
-5
-2
11
10
22
15
12
-2
-9
-3
-13
3
11
-3
20
1
-8
-3
-12
13
-2
8
17
-6
-14
-21
-33
2
-19
-26
14
-6
-33
-6
-11
2
-12
7
27
-22
4
-2
-20
-4
-20
6
16
-15
0
9
-3
-21
1
26
16
-4
7
15
-18
-24
19
18
7
14
18
-3
16
0
23
50
4
26
14
3
-20
-9
23
-9
-18
24
-24
-19
-15
-23
9
16
-11
13
30
-45
-4
-1
-14
20
-1
21
8
-47
13
-37
-16
34
18
11
26
-4
-47
-7
-20
-21
35
23
16
2
-43
-12
-36
-2
19
45
61
-12
-17
5
-4
-26
25
86
-5
-9
25
-13
-16
18
65
17
-7
31
-16
-25
-6
11
14
-49
-31
-9
-34
-65
8
18
-25
-34
7
-10
-34
-10
43
4
-18
17
-4
-74
-25
-21
-6
7
-9
17
18
-33
-28
12
21
-13
6
64
-5
7
-13
-13
10
-23
4
60
27
30
17
20
-5
-16
19
42
-5
25
9
-39
-22
-31
-17
63
14
-1
62
-40
-2
-33
-13
43
-15
-38
44
-18
-50
-26
10
10
14
-10
7
26
-54
-22
-12
30
-36
-9
26
-2
-94
-3
-4
-76
-30
13
-6
-27
-37
16
-19
-108
58
26
-55
43
7
51
-26
-108
175
12
-68
170
41
25
38
-11
141
1
-35
150
40
-44
12
25
-31
-34
10
34
-40
-17
-12
1
-29
-62
22
8
-32
6
-1
-17
21
-97
-21
52
-39
-43
42
-109
-31
-40
-69
63
27
0
-4
20
-14
-83
67
78
0
80
11
62
-11
-19
163
19
56
168
5
40
39
-3
39
-35
41
1
2
-35
-57
69
-127
-67
99
-86
24
32
-35
25
-184
-77
106
-136
-31
130
-32
-114
-48
-47
0
-44
11
89
-37
-32
-72
45
-96
-56
131
-19
4
89
-30
-30
35
-84
95
6
-23
84
-7
-101
49
-38
-69
54
-8
69
-26
-21
-40
2
-105
-15
42
-22
-10
-13
-35
32
-50
22
104
-74
66
0
-10
-18
-42
-39
-3
-46
-16
-11
5
-64
-10
0
-12
12
51
13
20
-12
-59
-6
9
-93
100
-53
11
54
-106
95
36
-76
32
43
-14
-43
-9
34
-71
16
-56
-7
61
-42
80
83
-63
95
14
-26
151
-60
23
98
-169
14
74
-104
72
9
-117
61
10
-114
143
-66
33
-8
5
26
-90
-8
86
-121
78
74
11
74
-67
78
24
-65
105
33
-51
162
-142
125
-56
-63
139
-46
-29
189
-165
-64
15
-177
-50
69
7
50
52
-31
134
-162
73
200
-217
27
158
-126
-66
-59
4
-31
-162
65
50
-75
0
-28
-50
-38
13
-46
-19
25
-98
-79
99
37
-69
159
50
-31
-19
52
-56
-163
60
52
-193
-21
108
-201
-34
-56
123
-49
-87
52
66
-267
2
85
-187
68
-23
-89
207
-17
-46
282
-82
66
46
-12
138
-4
-73
102
-95
-86
59
4
8
95
9
8
52
-111
37
37
-46
94
3
-68
145
-81
14
107
-48
94
135
-21
52
128
-4
-83
26
28
-76
10
-45
44
-104
-54
64
17
-148
196
-15
-114
78
-92
-101
56
-136
72
90
-93
143
-10
102
-44
124
164
-6
78
93
-124
20
-126
-39
1
-154
93
-28
-146
22
31
-117
17
179
-51
-88
87
-120
1
-41
25
252
-64
-88
130
-31
-83
90
89
88
-133
63
-12
-129
-23
-37
164
58
-256
288
34
-396
204
-19
95
-26
-138
255
-285
-224
137
-34
56
142
127
90
-85
91
12
12
114
-18
153
19
24
-21
-18
-14
76
-47
-146
138
32
-142
-43
8
-57
-52
-165
10
-37
-122
-86
21
60
-213
112
-60
-43
-116
30
-15
-22
-39
149
64
-125
93
29
-63
1
173
-119
30
106
-223
-124
76
-101
-184
8
-81
-22
-145
-165
93
-20
-214
-39
58
-13
-182
148
35
-132
-9
-3
-71
-63
72
17
-14
-27
207
-183
-37
110
-116
108
49
-55
196
-157
-161
112
-238
131
-45
-18
165
-279
181
14
-74
8
-13
152
-79
-40
295
-13
5
71
63
58
-121
265
-34
7
71
15
149
-171
124
77
-104
-69
142
-104
39
158
-24
-82
191
-45
18
146
-106
261
-11
76
195
2
66
-9
-61
153
-48
43
191
-211
65
-57
-67
29
-207
240
-134
-99
177
-231
30
44
-289
283
-49
-139
258
43
-86
61
130
-142
93
82
-52
203
-188
30
160
-257
120
141
-215
140
97
-174
18
102
-189
-38
33
-213
148
-111
-48
111
-55
-69
42
60
2
0
125
26
-120
194
-193
90
53
-64
8
-47
27
164
-283
185
93
-240
36
119
-105
-70
124
-12
-159
112
22
187
-95
23
170
-96
-79
81
-10
19
134
-161
59
31
-124
125
239
-204
315
35
-196
311
-143
-109
313
-47
-10
143
-76
78
-22
-119
230
143
-5
58
37
-9
-66
123
-113
88
6
-96
21
-43
-127
169
7
-173
226
10
-6
-12
182
-111
-32
135
-68
53
53
-87
186
-24
-250
269
-62
-339
272
-127
-152
158
-317
58
10
-462
311
-8
-254
188
-43
-110
11
-15
-45
235
-20
-72
382
-265
-73
239
-67
-258
272
-85
-83
-2
-218
63
-47
-301
127
-15
-363
145
-272
-59
-26
-160
-53
-55
46
-239
256
-55
-83
137
-43
-24
85
-91
274
-110
-147
419
-410
44
125
-119
43
-22
-223
164
-217
-20
85
-99
43
-100
19
-17
1
-85
65
85
-286
149
79
-205
111
-1
97
-4
-114
269
20
-188
294
-122
9
-1
83
-64
17
19
-84
92
-153
68
100
-182
39
30
-166
10
46
-27
68
-84
-8
-57
13
-16
-81
198
-154
31
32
-109
110
-30
-51
281
-101
-73
260
-221
82
163
-65
53
75
-173
30
28
-130
229
-142
134
-18
-58
56
-10
86
26
13
23
1
-23
29
-102
204
-43
-35
154
50
-144
235
-90
105
111
-283
381
22
-306
378
40
-192
275
-196
200
-1
-69
115
171
-62
-38
143
-123
39
97
-181
140
54
-137
109
-69
224
-214
200
62
-209
286
-209
-80
147
-176
42
-8
-58
31
-44
-61
-65
135
-107
19
104
-84
-80
145
-247
51
193
-204
51
204
-244
71
-28
-94
85
-192
153
-128
29
-275
71
-25
-502
324
23
-408
229
-69
-376
-2
-208
89
-267
141
28
-166
82
-158
-68
244
-293
235
235
-444
447
-303
-167
448
-337
144
457
-596
393
25
-505
353
31
-173
251
-91
64
-57
35
-38
-47
137
-110
16
331
-420
261
173
-277
138
88
-11
137
-87
81
183
-283
280
42
-176
6
274
-18
-115
43
495
-535
106
272
-397
333
-201
-24
379
-502
171
178
-240
104
-69
184
-121
-240
508
-343
52
358
-430
292
-38
-198
430
-299
6
320
-318
236
-165
-116
210
-249
24
109
-41
-233
179
-121
-314
374
-247
38
-117
-65
51
-279
133
-48
-154
162
-176
90
-8
-149
122
-56
-246
133
37
-102
-281
259
-258
-18
-63
70
-68
84
-219
65
116
-466
489
-489
158
-52
-72
16
162
-326
386
-69
-117
112
60
17
-164
92
319
-378
65
507
-411
198
329
-264
259
-122
190
-11
-182
400
-275
172
-115
216
36
-61
77
361
-219
15
328
-151
-51
74
299
-176
95
193
-156
282
-31
-180
527
-287
-21
533
-484
210
321
-353
136
139
-83
-15
145
-225
411
-244
-72
445
-388
73
128
-198
229
-328
164
-28
-145
54
-105
234
-244
-82
345
-538
256
-101
-264
367
-603
137
384
-823
486
52
-555
285
-145
-72
62
-270
217
-135
-254
183
-235
159
-175
127
-64
-103
150
-211
3
180
-154
207
-315
411
-43
-327
439
-97
-239
339
-122
-55
272
-373
266
-67
-151
189
12
-90
411
-490
326
-40
-129
214
-133
311
-121
0
-5
126
-277
212
73
-106
154
42
-148
76
103
-142
25
162
-34
-292
512
-447
170
-20
-81
154
-296
209
-145
-3
-28
59
43
-172
87
156
-303
119
27
161
-323
278
48
-145
-25
31
84
-253
124
177
-256
182
67
-303
377
-389
168
57
-270
308
-263
-201
571
-601
87
369
-574
371
-191
5
61
-170
158
-162
-66
198
-375
216
-146
77
68
-234
244
-12
-190
41
215
-370
351
-323
126
120
-376
298
85
-559
652
-285
-202
528
-532
292
-80
-34
77
-46
157
-108
46
63
23
-53
139
-3
108
-54
-7
263
-350
210
86
-147
136
159
-98
101
-172
138
23
-194
40
336
-276
-139
621
-808
481
-74
-183
444
-312
147
245
-666
513
-34
-436
697
-560
364
-87
-184
332
-322
110
552
-789
621
23
-507
701
-409
-162
914
-978
389
513
-795
460
286
-475
270
355
-657
435
187
-673
822
-362
-207
660
-586
173
351
-614
497
50
-336
257
208
-354
-29
459
-490
63
264
-172
50
280
-437
439
-153
-260
631
-525
27
686
-936
574
208
-764
716
-361
-112
421
-535
324
20
-391
296
18
-243
74
322
-366
163
165
-177
150
128
-326
512
-229
-238
486
-404
54
227
-281
279
133
-619
741
-571
161
-27
155
-121
-35
240
-275
75
65
-157
11
110
-156
387
-554
299
421
-1033
784
42
-724
641
-24
-583
734
-617
426
-239
63
51
-58
228
-524
846
-684
-35
769
-985
329
729
-1393
1158
-431
-362
794
-741
398
120
-507
577
-455
189
-43
-223
332
-285
5
244
-382
199
-30
-464
702
-701
333
-73
124
-438
337
-148
-239
167
-131
205
-233
-16
270
-481
-85
632
-1043
805
-226
-334
668
-770
249
373
-771
161
755
-1326
1030
-281
-330
323
-184
-249
317
-260
-95
112
90
-288
104
121
-275
271
-359
369
-165
-23
56
16
-201
131
43
-85
-191
498
-691
292
-53
-109
-35
499
-842
737
-271
-524
744
-379
-214
719
-556
97
395
-580
361
148
-460
432
128
-780
977
-549
-306
735
-525
-8
172
-201
147
-273
204
129
-320
284
-139
-175
321
-207
13
271
-319
90
68
-195
118
133
-316
323
-254
172
-151
26
191
-396
381
-182
-170
331
-286
0
477
-685
410
131
-491
466
-159
24
167
-171
206
-22
-111
387
-570
669
-395
-51
581
-620
281
289
-482
514
-409
293
153
-659
885
-642
179
428
-608
376
137
-585
895
-844
698
-276
-96
481
-583
264
525
-1075
947
-192
-561
962
-831
558
-103
-389
801
-541
-183
840
-885
380
152
-274
413
-268
68
394
-657
570
-153
-191
419
-102
-122
447
-38
-395
566
-199
-373
789
-544
343
298
-783
972
-712
249
311
-661
1057
-757
24
678
-757
177
551
-671
437
239
-640
732
-311
-322
609
-117
-581
899
-608
-27
415
-443
88
384
-362
41
353
-310
-3
367
-372
224
123
-335
336
-188
-68
477
-629
292
443
-936
800
-242
-259
691
-842
619
-61
-419
431
-301
245
-327
325
61
-670
974
-758
-85
850
-1176
837
-112
-452
445
-240
-128
262
-124
-310
684
-601
151
310
-381
183
285
-783
900
-462
-336
944
-946
318
442
-828
489
395
-1240
1541
-961
-131
1008
-899
-35
758
-922
112
601
-937
657
-146
-416
590
-535
-49
626
-1164
1101
-617
-264
673
-965
716
-501
-176
588
-690
468
-184
-200
466
-774
549
-221
-432
888
-952
261
553
-1212
813
-104
-746
1071
-716
162
315
-659
273
-32
-211
30
303
-531
415
-175
-367
592
-614
580
-398
112
313
-558
313
-30
-299
484
-659
880
-623
92
495
-841
747
-421
166
214
-348
350
157
-636
800
-463
-3
244
-130
50
19
177
-269
343
-288
133
16
80
-333
664
-688
570
-267
-43
309
-401
354
-176
-14
166
-272
147
139
-389
385
-516
402
-92
-182
441
-428
318
-409
349
-360
170
292
-647
489
-77
-436
382
64
-503
631
-407
86
18
-356
295
-115
-239
264
341
-851
1053
-727
48
422
-418
-52
507
-803
601
-93
-535
659
-441
127
38
-190
249
-225
123
-59
-160
419
-555
293
46
-294
49
206
-139
-232
409
-174
-364
773
-881
698
-172
-446
695
-685
173
301
-636
538
-235
5
-148
124
200
-652
844
-287
-454
818
-826
337
191
-733
792
-538
167
130
-349
537
-653
439
-104
-238
655
-904
966
-518
-300
959
-970
497
300
-763
873
-445
11
525
-656
583
-160
-111
187
-173
379
-342
121
452
-815
773
-68
-538
787
-164
-423
997
-904
392
493
-919
541
470
-1181
1234
-227
-649
1062
-558
-169
641
-256
-65
628
-649
354
62
-375
70
589
-824
586
150
-680
783
-365
-162
403
-33
-610
830
-626
-48
444
-397
-164
675
-779
247
470
-981
1043
-631
50
142
-342
234
-117
-103
217
-323
369
-280
152
122
-445
538
-399
38
312
-366
291
-302
479
-580
529
-259
28
246
-400
466
-282
63
150
-265
72
255
-437
406
-239
83
-121
62
117
-265
517
-558
341
-261
181
-454
665
-718
221
280
-768
603
-441
93
29
-197
118
-285
156
-23
-498
824
-1015
319
553
-1433
1325
-574
-659
1194
-1094
72
826
-1206
742
105
-1144
1335
-774
-101
548
-346
-347
734
-718
212
487
-757
404
297
-969
837
-113
-714
849
-325
-206
368
-109
-628
1296
-1317
653
353
-931
765
-255
-685
1286
-1348
541
421
-849
913
-624
269
-149
130
-200
-50
280
-76
-358
746
-823
546
-81
-701
1346
-1089
486
595
-1198
1194
-608
-357
1176
-1423
1084
-3
-853
1104
-749
-10
628
-873
651
181
-902
1274
-1063
247
465
-768
570
-142
-117
343
-617
640
-333
-183
546
-637
593
-485
291
-252
234
-197
-134
359
-302
-199
858
-889
474
-47
-287
461
-437
204
381
-745
514
-67
-298
444
-154
-247
504
-263
-294
663
-383
-127
611
-459
-69
656
-1172
1159
-379
-329
569
7
-663
686
-276
-388
934
-769
-121
1103
-1404
537
417
-929
873
-191
-448
645
-281
-184
357
-250
141
-212
486
-775
715
-52
-608
1092
-650
-243
1109
-1341
866
56
-815
1214
-1021
479
-51
-286
474
-268
-89
706
-782
517
-59
-195
-100
505
-621
729
-293
-227
712
-637
-178
1027
-1298
977
38
-846
1149
-783
-67
700
-696
204
663
-990
994
-529
106
226
-412
-45
139
-14
-183
336
-94
-60
-107
-42
-193
412
-554
371
96
-435
290
-168
-242
246
-215
-59
344
-280
263
-82
-88
-102
211
-399
271
271
-532
444
142
-666
526
-105
-401
746
-654
183
414
-677
88
447
-976
864
-458
153
-2
59
-351
328
-344
-85
152
-2
-308
283
-28
-471
647
-821
558
-110
-323
474
46
-482
562
-439
-299
777
-970
765
36
-732
841
-567
-235
636
-575
408
-90
-196
201
-40
-382
251
49
-397
468
-201
-12
87
-77
-116
139
-125
57
148
-35
-226
342
-47
-287
9
46
76
163
-239
418
-3
-441
442
-168
-25
28
55
69
33
-214
334
-314
-238
421
-177
-290
628
-549
333
-107
-276
778
-935
768
-135
-225
420
-381
335
26
-352
567
-568
411
-84
-288
556
-295
22
224
-189
61
204
-135
33
413
-517
350
148
-362
131
230
-459
416
195
-586
633
-251
-411
585
-232
-398
1087
-797
39
715
-943
491
266
-804
829
-53
-480
289
-24
-547
228
33
-315
564
-209
-151
560
-994
301
728
-1229
1057
-271
-188
209
-703
464
-103
-324
515
-267
45
-102
-184
423
-530
177
217
-350
157
60
-209
394
-499
163
163
-153
57
107
196
-188
-104
391
-633
238
38
-405
1071
-971
370
703
-1220
709
221
-703
635
-271
-114
184
-298
-65
283
-315
-137
575
-390
92
148
-157
-85
120
-89
65
88
-110
165
231
-684
465
124
-568
595
-219
48
144
-408
256
-126
14
-118
123
320
-664
608
-124
-398
330
-113
-2
105
-226
237
-150
-267
284
-4
-305
415
-14
-105
282
-211
91
105
-348
300
51
-461
360
-10
-367
376
-160
-133
322
-461
416
123
-359
325
-20
-428
553
-392
280
240
-572
544
17
-355
182
44
-63
156
-216
145
-178
-136
-61
-6
51
-113
17
39
-199
11
23
-4
-45
-170
315
-158
-22
274
-298
197
151
41
233
143
-56
119
83
-180
164
-66
122
-43
-228
238
-366
82
-98
-34
142
-28
-39
-27
25
-239
147
-97
-123
126
-170
188
86
-69
-17
150
-13
112
297
10
245
15
37
92
102
3
232
71
43
88
-63
-20
-9
-123
106
-121
65
-115
-156
205
-361
218
10
-136
214
-75
189
-58
-88
233
-170
26
325
-320
212
-59
-162
106
-52
-134
56
-145
-267
20
-297
-173
-216
-79
-304
-63
-258
-406
211
-658
40
-96
-501
6
-345
-72
-182
-252
-150
-236
-266
-244
10
-202
-155
-21
-124
-213
-29
-134
5
49
13
162
159
21
248
291
253
370
355
659
494
484
737
579
559
609
703
764
656
685
793
701
354
669
519
307
515
315
455
320
57
298
141
-68
54
219
-28
-66
-65
-141
-119
-238
-267
35
-269
-293
-255
-367
-367
-571
-450
-269
-524
-708
-391
-853
-802
-1010
-822
-927
-1026
-1139
-1143
-1207
-1681
-1468
-1493
-1234
-213
-357
-287
-612
-1088
-660
-368
339
842
812
815
775
439
779
689
903
1272
1390
1760
1911
1173
833
156
249
661
832
794
613
128
-243
-509
-713
-836
-783
-381
-399
-70
-247
-778
-914
-1212
-797
183
524
984
882
542
693
543
917
1316
1659
2071
2095
1847
1532
1179
816
1098
1281
1411
1532
988
373
-105
-471
-662
-424
-481
-573
-551
-1060
-1401
-1628
-1901
-1730
-1250
-1184
-976
-1062
-1596
-1463
-1778
-1683
-970
-1252
-880
-943
-1365
-1122
-1798
-1790
-1801
-1726
-1157
-108
546
130
-529
-1561
-1396
-405
551
1610
1749
1168
760
150
217
669
1320
1790
2127
2432
2334
1576
832
-97
14
1200
1665
1956
1202
-92
-588
-967
-1056
-512
-209
4
-51
-419
-782
-1196
-1593
-1567
-967
222
973
790
217
-650
-650
11
745
1347
1539
1577
1554
1205
927
827
855
1250
1708
2093
2022
1437
590
-139
49
350
799
833
361
-18
-477
-904
-979
-954
-810
-414
-138
-326
-690
-1073
-1530
-1071
-743
-267
-25
-356
-750
-893
-993
-864
-717
-867
-759
-686
-1019
-1224
-1794
-2320
-2203
-2120
-1496
-1196
-433
-505
-1318
-1891
-1976
-1363
-223
576
1313
793
419
93
-235
538
1602
2306
2894
2615
2219
2069
1355
1041
1261
1590
2420
2134
1232
223
-599
-935
-620
-182
13
37
-618
-1441
-1932
-2020
-1791
-1502
-1106
-842
-337
-479
-1049
-1319
-1150
-269
890
1295
1441
1119
777
745
1092
1511
2140
2411
2353
2208
2021
1764
1486
1147
1298
1494
1488
1138
397
-154
-495
-391
-233
-321
-432
-704
-897
-939
-1075
-971
-1045
-1020
-887
-945
-956
-1150
-1214
-1212
-1098
-964
-891
-1269
-1329
-1492
-1540
-1355
-1791
-1885
-2166
-2207
-1260
-325
-408
-889
-1888
-2146
-970
22
1308
1384
552
250
-122
294
1415
1936
2644
2331
2132
2194
1963
1710
1422
1312
2155
2554
1845
1030
-372
-665
-460
-20
386
31
-632
-1362
-2116
-1747
-1432
-1193
-1064
-1487
-1272
-921
-1107
-1192
-1181
-801
318
853
879
658
187
450
832
1680
2139
2115
1711
1248
1369
1569
2083
1797
1368
1046
889
725
364
182
-85
-50
-83
-248
-637
-1082
-1243
-1049
-625
-330
-430
-991
-1255
-1344
-896
-489
-388
-508
-790
-941
-932
-1011
-993
-1164
-1167
-1007
-1415
-1478
-2071
-2306
-1974
-795
61
-444
-1705
-2596
-2196
-865
573
1614
836
31
-790
-612
730
1919
2932
2749
1898
1889
1969
2132
2246
2067
2431
3059
2764
1844
514
-36
98
721
1261
1015
254
-1090
-2122
-1984
-1236
-446
-426
-1401
-2114
-2048
-1734
-1330
-1116
-927
-434
-17
-90
-306
-365
-96
500
1152
1899
1814
1351
608
469
1225
2046
2575
1987
924
215
127
361
718
749
531
-58
-449
-698
-760
-510
-576
-305
-227
-504
-661
-989
-1106
-584
-123
-93
-217
-882
-1248
-1067
-758
-411
-484
-1052
-1474
-1740
-1826
-1583
-1675
-1794
-1392
-590
-561
-1293
-2370
-2373
-1479
-216
1101
1247
35
-779
-1319
-267
1718
3129
3335
2162
1039
1148
2003
2801
3207
2837
2789
2302
1720
977
652
889
1124
1109
976
313
-785
-1663
-2097
-1296
-396
-316
-1222
-2714
-3009
-2546
-1617
-1006
-790
-1023
-1184
-1401
-1334
-718
115
591
679
723
701
809
786
942
1595
2154
2202
1744
988
468
757
1244
1494
1542
624
-93
-584
-442
236
608
578
-61
-814
-1000
-794
-267
-46
-37
-155
-692
-902
-920
-830
-552
-297
-498
-722
-1187
-1485
-1557
-1404
-1334
-1446
-1794
-1702
-955
-924
-1208
-1990
-2239
-1525
-800
201
741
-176
-722
-1398
-729
945
2179
2804
1911
749
805
1513
2629
3442
2961
2644
1884
1482
1554
1666
1982
1778
1070
681
434
253
-21
-665
-607
-464
-600
-950
-1940
-2107
-1860
-1450
-1154
-1106
-1344
-1596
-1788
-1582
-797
19
393
-120
-435
-259
163
910
1159
1347
1391
976
920
912
1001
1347
1352
1342
1016
523
345
128
291
531
756
693
66
-366
-529
-200
228
323
139
-426
-787
-885
-670
-317
-161
-499
-1001
-1305
-1519
-1085
-1054
-1183
-1376
-2050
-2162
-2085
-1301
-635
-1023
-1835
-2538
-2391
-1508
-618
443
89
-724
-1394
-1407
-260
1363
2213
2213
1172
562
1002
1861
3058
3359
2912
2342
1633
1561
1949
2345
2516
1887
970
716
640
745
610
134
-103
-463
-822
-1234
-1378
-1285
-1197
-1387
-1411
-1588
-1544
-1667
-1724
-1347
-771
-408
-511
-953
-980
-503
113
626
782
728
413
277
519
966
1184
1278
972
655
598
631
828
751
587
545
504
483
274
40
52
22
26
28
-245
-259
-443
-545
-379
-266
-246
-488
-713
-895
-701
-505
-487
-647
-1195
-1445
-1431
-1370
-826
-431
-655
-1157
-2103
-2266
-1619
-818
160
245
-717
-1670
-2048
-1271
393
1580
1972
1108
-82
-320
516
2135
3237
3101
2391
1149
903
1444
2347
3161
2832
1729
907
578
1077
1512
1430
950
15
-581
-905
-792
-411
-491
-904
-1390
-1799
-1722
-1506
-1403
-1217
-1175
-1259
-1300
-1404
-1311
-958
-571
-264
-185
-306
-345
-427
-118
243
606
724
454
199
114
370
764
981
902
484
331
364
504
754
683
488
282
140
363
709
683
515
223
88
153
314
327
263
99
-120
-302
-470
-558
-551
-569
-705
-895
-1164
-1491
-1507
-1305
-1236
-1289
-1489
-1604
-1659
-1556
-1146
-874
-756
-904
-992
-706
-130
471
854
825
635
716
1033
1673
2227
2367
2186
1782
1600
1793
2191
2567
2454
1937
1401
920
821
983
980
860
295
-365
-956
-1102
-813
-552
-610
-1131
-1687
-1835
-1625
-1270
-961
-1078
-1284
-1508
-1587
-1242
-801
-480
-505
-749
-859
-729
-440
-107
200
147
27
-44
85
278
534
704
768
704
571
698
904
1082
1126
1164
1074
1060
977
947
991
985
952
749
640
535
489
332
187
16
-61
-69
-268
-397
-684
-902
-1066
-1242
-1222
-1223
-1317
-1327
-1415
-1475
-1470
-1508
-1408
-1391
-1255
-1004
-857
-700
-682
-607
-429
-171
167
475
680
768
746
800
935
1241
1530
1570
1650
1463
1327
1276
1207
1285
1304
1165
809
557
217
60
161
121
-8
-292
-665
-892
-789
-686
-562
-619
-968
-1165
-1216
-1088
-813
-687
-755
-959
-1001
-989
-742
-465
-343
-340
-400
-432
-281
13
175
333
388
407
476
615
779
884
1053
1056
1164
1240
1240
1219
1183
1196
1112
1127
1103
1024
938
780
669
575
544
462
404
222
-1
-182
-331
-519
-619
-671
-762
-745
-916
-1060
-1196
-1274
-1214
-1094
-1018
-933
-934
-1028
-1032
-877
-673
-422
-327
-367
-365
-318
-174
108
307
364
385
396
425
595
784
819
754
657
549
590
633
582
522
368
197
175
98
73
-13
-174
-352
-428
-453
-488
-539
-672
-789
-867
-851
-787
-720
-788
-833
-884
-852
-741
-558
-413
-430
-471
-462
-373
-239
-23
116
244
336
343
371
421
572
792
967
1035
1012
926
896
972
1055
1192
1247
1207
1106
950
891
867
879
874
815
669
541
363
290
237
177
153
34
-154
-250
-348
-432
-431
-552
-631
-685
-715
-718
-710
-719
-688
-654
-581
-520
-515
-520
-566
-467
-321
-206
-138
-212
-257
-222
-94
50
118
1
-104
-171
-167
-54
19
-39
-219
-326
-382
-333
-228
-249
-353
-405
-470
-475
-441
-489
-484
-513
-551
-596
-596
-610
-614
-526
-478
-419
-435
-414
-353
-292
-141
-82
-67
-73
-72
18
186
281
379
437
381
370
469
652
767
865
792
739
764
772
849
923
968
952
905
799
771
806
857
932
924
819
656
557
561
587
644
555
366
250
130
151
193
79
-38
-187
-272
-230
-208
-202
-300
-375
-401
-385
-271
-215
-244
-275
-272
-210
-137
-92
-131
-136
-57
-20
45
29
-117
-126
-121
-76
53
-51
-132
-269
-384
-317
-268
-263
-336
-446
-535
-534
-505
-514
-548
-594
-660
-601
-567
-613
-615
-709
-710
-592
-490
-426
-385
-483
-520
-454
-371
-216
-141
-137
-152
-161
-91
16
96
148
168
220
277
307
330
353
378
424
431
430
418
442
444
450
434
428
398
421
478
506
550
489
413
394
418
441
486
404
334
307
244
260
232
173
147
116
90
82
69
-32
-21
9
45
147
102
22
-10
40
123
257
212
116
93
54
121
164
140
69
-3
-38
-62
-35
-71
-163
-224
-269
-259
-236
-263
-343
-407
-470
-442
-390
-428
-477
-531
-534
-496
-438
-441
-520
-580
-588
-514
-377
-338
-341
-383
-460
-427
-321
-220
-126
-120
-159
-185
-182
-140
-61
4
62
73
65
33
11
82
145
240
209
202
111
95
186
199
278
285
198
228
254
287
375
311
313
302
299
337
327
315
275
271
257
233
233
173
182
205
201
211
137
92
109
132
195
226
160
94
53
94
159
211
205
153
110
95
133
113
119
20
13
12
-6
40
-47
-119
-189
-191
-159
-97
-151
-245
-312
-313
-279
-210
-216
-318
-338
-369
-305
-217
-231
-302
-343
-359
-300
-196
-185
-219
-289
-290
-235
-147
-94
-113
-139
-137
-55
15
59
28
-2
58
87
144
166
131
120
120
103
135
181
176
180
172
139
135
139
115
177
241
257
234
156
95
100
156
196
194
155
94
35
20
35
58
110
76
23
-6
-11
50
42
57
79
97
128
118
95
82
120
119
162
149
121
117
111
113
133
95
53
37
7
30
51
17
-56
-116
-166
-83
-55
-53
-101
-218
-237
-204
-147
-112
-134
-191
-250
-225
-153
-100
-86
-137
-176
-150
-80
-16
19
-8
-41
-28
51
75
106
121
92
136
150
125
120
86
115
193
214
197
156
46
-3
50
115
189
183
88
6
-14
-11
84
131
140
128
82
49
29
39
44
77
65
37
8
-49
-61
-97
-79
-48
-60
-71
-104
-132
-115
-84
-118
-94
-92
-64
-36
-56
-90
-95
-73
-53
-23
-21
-52
-77
-96
-73
-58
-71
-89
-154
-181
-173
-140
-131
-170
-250
-261
-259
-226
-208
-239
-252
-288
-282
-267
-244
-236
-221
-197
-174
-120
-127
-144
-164
-115
-28
69
82
55
23
-25
35
96
154
164
157
121
142
173
173
229
208
233
245
249
234
193
158
126
160
198
222
226
160
73
73
94
141
170
149
119
79
70
62
73
104
67
57
17
-10
-20
-9
-3
0
-6
-30
-68
-74
-53
-26
10
-29
-29
-30
-25
11
61
68
83
80
41
37
66
86
103
99
80
65
51
34
7
-5
-2
-18
-52
-122
-160
-147
-151
-161
-191
-224
-237
-231
-241
-237
-222
-244
-255
-249
-225
-185
-197
-245
-257
-250
-194
-85
-102
-124
-161
-197
-166
-98
-29
22
17
-46
-59
-11
82
154
184
161
144
168
219
213
206
218
189
212
238
217
208
173
193
199
191
211
181
158
169
182
182
147
107
38
23
59
117
95
46
-13
-12
-4
48
77
54
49
18
26
9
31
35
21
39
41
42
35
0
-10
3
39
45
66
24
-25
-16
12
21
29
2
1
46
15
-34
-34
-38
-70
-59
-46
16
-69
-105
-110
-80
-108
-67
-90
-129
-100
-78
-108
-154
-220
-214
-248
-157
-140
-112
-170
-181
-227
-218
-174
-144
-69
-233
-89
169
92
-23
-31
-88
-166
-215
248
253
218
173
209
38
38
73
25
50
198
298
294
412
367
118
-13
-1
73
145
358
454
334
157
50
-148
-175
-50
87
140
162
205
-159
-217
69
52
11
148
185
-26
-275
-48
76
21
154
238
62
-116
-149
-172
-151
-27
149
138
101
-1
-170
-246
-215
-186
-86
75
93
170
175
91
-126
-154
-132
-114
34
320
358
209
62
-68
-235
-276
-7
281
307
340
247
-93
-502
-609
-444
-167
-5
126
38
-258
-599
-705
-566
-211
22
159
219
42
-276
-474
-475
-479
-251
45
235
171
-8
-288
-404
-346
-152
113
282
262
118
-84
-248
-236
-192
-121
15
92
125
60
-35
-80
-98
-74
46
125
110
86
35
-16
-25
-5
93
123
143
182
161
90
2
2
22
50
102
38
2
-39
-54
-21
12
13
65
31
12
34
38
25
8
35
20
58
74
106
128
159
147
189
155
142
116
167
219
225
173
194
161
82
106
137
154
127
44
93
42
-44
-85
-49
-112
-123
-58
-86
-123
-77
-199
-178
-191
-164
-158
-199
-159
-186
-233
-165
-202
-242
-179
-117
-128
-137
-74
-97
-124
-110
-109
-19
-59
-137
-90
-152
-51
-67
28
62
-54
-42
-77
-28
23
31
82
68
62
67
107
72
57
-15
130
111
142
245
155
51
-4
28
46
29
125
186
66
99
60
40
-57
96
85
111
133
160
-27
-11
1
119
124
129
221
37
55
91
206
191
129
231
168
67
132
132
174
181
66
130
146
146
127
152
199
175
-6
38
-9
-248
-136
23
2
-98
12
-93
-225
-234
-104
-82
46
24
63
-88
-120
-111
-226
-218
-103
-43
-9
6
-13
-61
-149
-93
-261
-105
-48
-38
16
-137
-18
-161
-238
-91
-125
-84
102
-16
-96
-19
-101
-94
-10
-73
-42
-74
-100
46
-2
-35
30
16
41
19
3
134
-86
-19
-168
41
120
-20
-155
-42
44
-207
-117
160
20
6
24
169
-6
31
137
-20
157
103
244
195
146
305
110
40
427
54
260
366
229
255
89
59
-52
90
198
38
211
144
-203
-68
-80
-150
230
-5
136
60
-401
299
-229
-568
430
-15
-138
109
102
-197
-159
-37
-254
154
-147
165
165
-381
49
21
-350
63
0
166
148
-271
-72
-308
-173
-66
-185
66
-61
-238
-215
-383
-151
-189
-169
154
-303
-21
-23
-486
-96
-176
61
50
-27
280
-420
-100
335
-443
368
339
-78
-124
-112
0
104
-157
157
540
-395
-232
303
-163
76
376
65
464
-152
-70
117
-39
174
431
54
263
89
-212
126
342
94
405
168
20
88
5
285
-233
597
22
-330
832
-202
-92
543
-759
300
42
-407
415
28
-351
375
-352
-383
446
-490
-79
509
-587
491
-134
-504
305
-571
-266
458
-364
-50
299
-252
-515
-348
179
-523
236
189
-491
354
-271
-444
137
-109
-47
-48
-34
212
-49
-78
-46
-8
-409
211
334
-167
265
138
-213
-23
20
26
187
2
245
177
-47
-72
123
32
-356
659
331
-330
452
26
-430
533
-102
146
377
-168
21
248
-225
188
625
-624
79
307
-355
475
-47
-132
533
-594
-41
718
-560
399
401
-914
519
-309
-173
634
-729
717
-408
-772
522
-609
168
51
-564
760
-957
-399
651
-1317
344
270
-448
434
-250
-661
30
-603
-33
682
-888
886
-534
-1063
773
-1356
577
519
-827
905
-742
-191
221
-970
942
-368
-148
826
-614
-275
490
-1072
304
457
-38
312
379
-351
-94
-135
-264
712
-235
909
-176
53
-25
-622
289
357
-186
1033
-51
74
-26
-435
755
-508
419
996
-643
478
644
-1336
959
-184
159
524
-89
688
-623
65
96
-406
539
71
114
462
-589
285
55
-339
467
-31
11
496
-615
383
77
-626
666
-236
6
257
-257
338
-411
-156
258
-582
543
-356
-255
378
-855
-35
-14
-764
371
-165
-738
722
-780
-293
714
-1333
103
1003
-1307
832
-361
-754
892
-1000
214
694
-1050
758
-287
-565
728
-383
176
-331
364
-349
330
-23
-313
928
-632
-241
1035
-1105
722
74
-348
728
-353
243
337
-252
363
122
-17
606
-143
706
-521
862
-681
163
834
-791
1110
-10
-754
1202
-723
-204
1301
-970
551
505
-888
934
-385
-380
730
-247
79
727
-615
183
331
-938
676
641
-769
952
-580
-702
981
-1354
928
217
-629
645
-570
-277
364
-811
622
-1
-302
429
-255
-348
-41
-222
12
228
-369
579
-593
27
-243
-422
409
-776
310
44
-485
313
-460
-332
257
-379
-60
369
-262
3
353
-777
502
-131
-298
845
-1009
849
68
-530
372
64
1
-240
580
73
-341
479
-331
26
173
-104
429
-303
-97
799
-619
53
711
-729
375
417
-807
1023
-685
331
41
-581
979
-539
199
410
-597
701
-327
-90
447
-406
555
-356
166
271
-240
31
8
237
-618
980
-120
-262
402
-518
127
260
-535
856
-456
-462
1052
-1316
195
633
-769
71
515
-887
590
-464
-385
586
-967
255
546
-849
436
114
-876
462
-128
-254
85
260
-624
242
-55
-616
677
-855
203
478
-897
554
-117
-178
56
164
-407
247
353
-692
562
75
-508
656
-254
-372
1035
-772
-153
912
-850
321
411
-643
634
-273
-258
217
282
-332
403
582
-1238
1424
-938
-129
1147
-1095
755
404
-734
859
-571
-54
460
-260
198
638
-457
228
223
-581
472
-70
303
187
97
415
-666
757
-637
247
1158
-1296
1318
-338
-526
668
-345
-142
554
-800
891
-848
391
-160
-456
371
-754
204
-11
-418
695
-1122
194
29
-1322
1508
-982
14
874
-1369
869
-233
-764
1285
-1236
860
-140
-590
1190
-1320
563
167
-605
904
-686
349
-88
-356
606
-746
230
298
-596
266
-144
-9
102
-11
-544
652
-20
-717
968
-121
-958
1252
-1042
405
298
-669
576
-365
-143
332
-411
292
40
-110
-276
524
-314
-620
1183
-1017
446
181
-164
185
40
-85
300
241
-152
585
-324
233
191
-511
566
57
-180
125
239
-328
235
229
-144
-117
599
-914
834
-570
511
-301
-413
850
-884
127
600
-783
548
82
-1116
1631
-1693
730
441
-1328
868
-58
-1227
1549
-835
-384
1272
-1599
557
297
-1062
1173
-691
-395
704
-1125
511
164
-880
1103
-551
-78
546
-560
327
253
-713
917
-275
-509
1107
-1082
675
89
-518
1044
-844
456
323
-965
1143
-756
-3
536
-931
680
-323
-344
646
-624
259
78
-411
575
-527
-10
436
-716
479
-128
-588
663
-300
-202
610
-644
580
-69
-381
245
-92
42
276
-306
376
230
-818
935
-430
328
372
-432
1040
-907
298
484
-888
954
-406
155
183
-338
925
-1213
943
-67
-332
587
-376
33
221
-219
-192
242
140
-716
990
-853
167
575
-1001
517
362
-925
759
-219
-357
399
-292
-220
407
-211
-579
973
-748
-56
742
-929
61
789
-1415
598
445
-1029
575
-38
-714
736
-454
-391
666
-734
416
-77
-127
-180
187
-343
-219
573
-424
-432
1080
-1170
161
775
-1256
801
-314
-222
535
-332
-34
381
-664
216
407
-355
17
456
-191
11
76
480
-466
536
3
-147
897
-832
979
-81
-440
719
-565
625
208
-300
732
-293
-48
175
-126
292
280
-216
197
179
-379
300
-134
88
260
-45
157
-64
-155
219
-375
311
-191
215
-29
-205
129
84
-328
482
-362
49
303
-707
466
-289
3
-218
46
-287
4
-328
108
-240
292
-387
273
-206
-296
-119
233
-375
217
201
-790
333
-228
-189
252
-424
296
-280
-201
-37
223
-586
-45
750
-1681
1561
-763
-452
803
-964
705
-191
-331
599
-585
226
37
-290
483
-726
811
-677
477
153
-380
504
-150
67
476
-240
403
60
-123
137
304
-89
101
516
-241
73
339
-225
301
138
89
310
-392
550
-83
-208
331
280
-387
852
-659
517
136
-575
923
-635
45
674
-575
280
407
-984
1093
-649
263
302
-395
392
-111
-230
500
-556
558
-326
-126
546
-530
9
339
-864
681
84
-959
1528
-1099
-344
992
-1488
581
323
-1278
1352
-994
-184
458
-776
243
-371
-112
345
-603
337
-444
158
-567
0
326
-883
625
-356
-259
386
-593
117
43
-317
78
-123
204
-118
-109
23
-34
-118
377
-70
-91
573
-312
-270
638
-528
413
350
-545
769
-142
-644
1239
-994
974
-221
213
264
-65
240
-174
420
-23
6
511
-26
-145
582
-840
1062
-615
176
508
-601
668
-231
-151
457
-150
-132
319
-274
509
-308
231
-301
538
-695
417
7
-271
257
33
-260
278
-104
-104
180
-163
139
19
-87
150
-110
-362
483
-661
365
-169
-320
380
-509
155
107
-612
361
-490
-265
364
-943
842
-716
-250
227
-638
-8
222
-598
630
-360
-385
345
-636
-44
86
-146
-78
500
-835
430
-162
-257
196
373
-312
229
-15
-190
168
2
-223
577
-379
55
489
-791
852
-307
-6
745
-535
309
351
-793
933
-611
388
-4
183
33
-65
183
-163
422
-404
196
670
-842
533
58
-668
1002
-797
472
51
-297
234
-7
-209
280
-200
152
22
-236
275
-367
216
-174
-128
234
-350
228
349
-1165
1369
-823
-482
1239
-1180
356
420
-1033
684
-112
-651
859
-819
337
-66
-295
301
-144
-161
144
-575
254
-62
-149
-54
112
-288
119
-182
25
-1
-141
231
-294
306
-429
474
-590
279
298
-428
489
306
-810
1047
-548
74
537
-503
223
464
-679
843
-178
-307
812
-382
45
638
-205
-11
782
-753
624
293
-859
918
-283
-167
905
-570
309
261
-310
-79
359
20
-490
880
-563
74
439
-885
578
-256
-323
863
-623
153
567
-1187
798
-369
-268
759
-853
611
-220
-479
460
-467
129
30
-244
305
-379
201
-182
-229
356
-403
-111
535
-670
315
-70
-387
429
-352
-323
642
-561
183
309
-901
514
63
-931
925
-248
-525
906
-1065
483
86
-596
643
-174
-276
565
-442
-192
488
-612
553
87
-401
572
-395
-18
397
-465
426
312
-766
938
-498
-28
595
-719
555
-24
-278
673
-356
1
396
-520
294
84
40
-184
483
-355
74
138
-239
659
-462
147
409
-567
169
198
-712
789
-341
-241
525
-549
343
-64
-125
182
-88
-298
358
-208
-60
155
119
-326
186
-34
-181
314
-223
379
-391
409
-357
9
265
-481
366
358
-976
1167
-744
-190
985
-1100
622
394
-879
909
-423
-239
616
-647
396
-100
-44
115
-181
318
-417
396
10
-544
647
-448
-2
443
-644
437
42
-803
777
69
-846
1053
-629
-20
487
-594
229
382
-1159
1088
-717
14
472
-648
146
263
-605
544
-193
-155
248
-456
336
-220
35
64
-194
340
-583
511
-245
-221
405
-272
-26
351
-634
325
-170
-294
462
-444
262
-256
32
-118
-128
186
-135
-198
113
-92
83
-243
-185
482
-656
284
-45
-22
66
-306
173
-237
12
251
-340
89
209
-463
247
87
-291
218
-8
-398
847
-769
213
452
-448
12
492
-458
248
98
-479
570
-112
-117
457
-275
234
20
-254
438
-285
212
-136
3
227
-395
125
417
-728
466
394
-864
644
-1
-685
831
-489
-238
739
-865
241
480
-891
632
99
-754
830
-348
-209
406
-324
-35
27
-224
217
-31
-208
260
-151
99
-186
35
65
-106
225
-297
255
-68
-525
802
-664
355
151
-471
580
-504
49
413
-601
487
-355
8
415
-792
936
-833
450
49
-522
565
-52
-475
738
-211
-428
638
-405
-104
571
-454
167
587
-856
590
-119
-199
504
-106
-179
549
-269
-251
429
-396
117
106
-130
206
-40
-279
416
-309
-122
311
-257
85
92
-237
170
-196
-172
356
-450
171
332
-461
399
-212
-113
165
-445
305
-58
-471
603
-285
-499
608
-544
53
298
-397
486
-299
105
-50
-47
36
-47
281
-369
390
50
-309
462
-339
58
187
105
-144
237
149
-429
465
-249
-29
595
-418
376
41
-84
92
120
109
103
206
-10
114
130
-208
241
-133
419
-89
-251
769
-646
176
491
-676
820
-282
-327
869
-851
526
207
-670
655
-244
-215
658
-640
416
-47
-271
198
-127
22
-59
119
30
-405
486
-237
-256
328
-374
214
100
-332
236
-161
-247
10
-125
-140
171
-181
-36
155
-392
118
-22
-382
440
-332
-33
124
-390
183
-227
38
34
-268
153
-144
208
4
-237
495
-589
159
103
-429
619
-385
-77
330
-521
336
-46
-308
518
-188
-240
533
-531
33
244
-450
562
-565
343
96
-683
717
-285
-234
663
-622
157
293
-507
371
76
-344
376
-42
-329
487
-189
-202
614
-520
256
199
-430
416
-25
-411
712
-493
149
380
-332
220
-118
72
-150
269
-175
278
73
-376
153
-85
-389
411
-4
-283
542
-422
32
332
-691
492
212
-864
1215
-724
-67
482
-624
-5
356
-470
341
33
-352
491
-707
325
146
-718
620
23
-486
577
-322
-65
75
-180
78
-20
150
5
93
-342
410
-356
18
405
-350
430
-163
34
145
-394
267
58
-425
803
-582
210
138
-327
225
-169
-7
315
-482
527
-194
-242
441
-644
306
-47
-239
627
-701
399
229
-960
908
-217
-519
833
-562
186
-28
-190
331
-301
244
-12
-4
181
11
-76
84
153
41
-78
-30
119
-90
0
113
-62
305
-194
-17
305
-300
164
22
-136
411
-674
483
-42
-371
247
107
-185
124
-50
13
-61
233
-277
97
328
-460
293
-141
5
151
-240
260
-301
245
-330
10
266
-462
215
173
-468
495
-454
181
54
-315
289
-177
112
-75
10
15
-151
84
-120
237
100
-277
411
-322
-195
352
-160
-21
272
-101
97
-105
84
-149
90
-54
-38
89
-152
209
-96
-297
370
-335
-14
507
-305
3
351
-414
73
97
-218
409
-280
118
60
-284
237
-154
-46
201
-3
-12
-115
187
-52
-254
191
132
-296
161
-54
-1
6
-170
269
-184
-181
346
-168
-48
290
-353
113
7
-89
81
-141
277
-152
-99
184
122
-291
192
24
-184
259
-200
13
149
-256
8
86
-111
78
-58
89
152
-112
-204
423
-518
196
113
-263
298
-262
269
-57
-149
358
-383
223
-23
153
-106
56
119
-567
295
24
-116
217
-55
28
78
-246
216
58
-127
39
217
-349
243
102
-331
409
67
-346
433
-162
-160
520
-489
476
41
-506
471
-179
-360
519
-387
57
194
-272
42
62
-136
-327
373
-267
-74
352
-422
97
-45
-212
219
-93
-125
300
-298
149
70
117
-250
131
29
-255
339
-76
-75
350
-375
185
40
-348
388
-192
-70
378
-287
36
-67
-203
2
61
-211
324
-178
-127
35
22
55
67
-69
33
172
-383
370
-15
-119
210
-286
106
104
-226
41
-1
132
-343
12
350
-514
208
41
-115
79
23
-136
296
-121
-152
338
-471
260
-26
-338
664
-434
-147
507
-602
226
44
-58
42
11
-37
28
-74
51
-96
-91
182
-66
-177
322
-225
-238
337
-286
78
51
-214
135
49
-303
320
-99
-248
302
-58
-116
298
-185
19
216
-298
198
117
-298
196
30
-327
356
-127
-215
354
-143
-253
459
-142
-136
368
-249
124
163
-265
337
-32
-215
631
-376
233
173
-145
391
66
1
133
136
68
18
216
44
-116
102
-266
333
-81
-13
340
-393
171
145
-459
463
28
-240
359
-142
64
-15
-81
82
79
-41
179
25
-28
147
-298
68
37
-176
115
-162
275
-199
-296
338
-373
-129
205
-74
-20
-17
-64
-137
-114
-61
-10
-110
-223
333
-384
-155
332
-357
-80
187
-209
28
107
-245
295
-267
5
188
-293
30
189
-360
234
-46
-196
308
-348
83
102
-389
392
-228
-55
349
-433
143
180
-468
332
-48
-131
400
-216
-19
379
-162
101
151
-111
168
-17
-5
197
-3
27
93
-23
62
26
64
148
-39
259
-72
35
173
-204
193
175
-167
382
-48
52
166
-89
183
98
31
287
-11
83
151
-84
75
52
136
-87
257
-14
-12
62
12
-20
153
-32
133
-190
179
-85
-180
283
-195
111
-33
-5
-68
-28
-4
-19
-126
141
-135
-27
-33
3
-122
-143
50
-5
-115
-69
174
-185
-59
113
-132
15
58
-198
148
3
-143
47
8
-149
83
5
-102
78
36
-110
43
-93
-23
-24
-179
74
-113
-140
147
-135
-80
113
-163
-55
90
-152
70
53
-88
70
-19
68
-170
94
54
-130
80
62
-63
-60
-117
-5
-41
-191
188
-51
-143
191
-342
56
53
-257
124
39
-58
-5
-36
-84
71
-218
-61
285
-235
68
266
-178
177
-76
-26
211
-142
39
120
-82
69
31
-65
9
89
-94
42
192
-138
40
142
-179
119
-13
-62
1
87
32
-40
153
-116
25
100
-120
175
-43
-21
32
-52
-26
23
-23
-55
31
2
-69
101
-106
40
151
-245
85
118
-268
46
140
-128
45
72
-106
-63
64
-165
67
117
-203
97
-71
-208
81
-179
-106
163
-206
-96
214
-241
-146
121
-70
-115
95
-101
13
-36
-125
110
-121
-55
177
-216
-26
99
-160
-112
100
-59
-71
72
-30
11
-135
69
42
-179
99
40
-59
44
68
-23
-10
-28
38
0
109
109
-35
89
64
-27
41
104
114
-59
109
218
-200
46
-25
-51
17
74
121
-30
65
-40
-57
110
11
51
98
68
32
24
62
-2
122
-89
45
93
-36
11
85
-70
-45
11
-56
-27
-18
-33
34
-32
-107
-13
-76
-64
40
-52
-13
42
-127
-4
39
-18
32
68
-47
-48
78
-71
-40
78
-38
13
31
-42
25
-58
23
45
-47
56
7
-44
12
0
-34
111
-15
-18
87
21
12
60
31
58
72
64
28
33
79
-47
64
66
-6
75
-24
77
12
-38
75
-9
3
79
1
37
30
-64
1
25
5
-52
37
3
-61
-94
43
-58
-92
85
-10
-69
93
-56
-58
86
-72
-23
23
-19
-69
4
-5
-49
-18
-72
-53
-73
-65
67
-48
-83
40
-121
-86
-15
-65
-57
-44
43
-44
-37
-2
-70
-96
19
34
-27
55
5
-38
-2
-43
-23
22
-17
16
21
-13
42
-108
4
9
-42
24
43
-11
8
47
-45
6
84
-96
49
74
-89
83
38
15
19
9
28
-13
43
48
32
44
45
5
-30
25
-3
-75
70
32
17
7
56
13
-61
36
41
-7
76
78
15
16
1
-31
-53
22
-40
15
-46
-50
-4
-122
-22
-38
-77
8
-17
37
-10
-48
35
-90
-45
19
-37
-40
23
-27
-93
25
-97
-78
38
-88
-3
10
-40
-9
-22
-36
-46
-14
-32
-26
25
-13
-15
20
-24
-7
13
13
60
9
20
44
-4
18
-5
76
9
-25
66
-4
5
41
-6
77
43
12
53
35
-4
11
63
17
54
43
36
74
45
5
81
43
48
45
56
65
0
12
8
41
-36
-12
46
17
-5
-1
-31
11
-48
-14
32
-26
28
-7
-22
8
-40
-52
15
26
-21
14
33
-25
15
-36
-22
63
-66
28
43
-37
20
-22
-9
8
-30
-33
32
-17
-25
-14
-48
21
-67
-43
23
-45
-35
-30
-11
-30
-54
23
12
-12
30
-29
1
6
-44
-22
52
-33
-11
18
-24
1
-41
-8
17
3
-14
27
1
-6
2
-8
40
3
23
50
13
30
30
45
42
55
2
-14
74
-14
64
81
31
64
49
-6
21
8
-39
30
24
16
2
5
-27
-24
-62
-45
0
-23
32
33
45
-23
-33
-1
-53
-9
76
4
59
49
-24
25
-19
-18
18
49
5
83
34
-59
51
-63
-47
45
-12
13
59
-6
-34
-14
-30
-51
12
-17
7
-15
-56
-11
-106
-43
-7
-39
11
18
0
-45
-3
-23
-60
0
-33
-2
-34
-25
-19
-60
-31
-20
-23
-9
1
-18
-3
4
0
3
19
71
8
35
70
42
60
45
95
43
98
42
55
79
25
92
75
63
56
67
37
55
42
54
10
62
38
12
62
1
-13
15
-22
-10
67
-2
15
46
-17
-25
13
-56
-43
31
-53
0
20
-50
-56
-2
-64
-37
-2
-64
-30
-59
-62
-34
-46
-58
-14
-46
-31
-13
-27
-22
10
-23
-15
21
-20
-3
5
18
-10
12
-33
-10
1
-34
23
-6
19
-29
9
-17
-38
46
-19
2
30
-19
-40
17
-29
-35
1
-29
-9
-7
-27
-13
10
-34
-16
-15
-21
0
-22
11
1
-1
-3
-14
-3
28
-25
39
58
-21
39
15
-22
9
15
9
35
37
11
3
-1
-10
0
11
20
29
-8
40
-11
-19
38
-46
30
16
5
42
23
-7
27
-6
-39
43
-34
-18
30
-44
-18
-3
-64
-33
-26
-26
-15
-14
-39
-40
-46
-46
-36
-53
-20
-31
-47
-8
-25
-42
-18
-30
5
-18
-4
13
-32
12
8
12
21
30
5
-7
48
-21
-1
21
-12
-11
10
17
0
32
3
18
13
-30
26
-8
-9
30
1
-4
22
-12
-7
13
8
-12
6
8
-13
27
1
4
-5
-39
-3
-12
9
17
29
12
6
16
-9
15
45
-4
31
49
-26
29
25
-18
4
36
8
14
25
-10
-13
3
-35
-1
7
0
7
-15
24
-19
-10
32
-6
27
21
-11
23
0
-15
15
30
-40
15
-1
-36
6
-30
-17
-23
-17
-56
-12
-3
-49
20
5
-14
5
-9
-7
1
-6
7
24
6
21
5
22
16
7
44
22
43
59
-3
49
40
-28
52
42
12
41
17
19
3
6
7
7
33
-2
7
38
-5
-16
13
-8
-5
6
16
-16
18
-4
-45
37
-56
-33
13
-44
-2
25
-14
-20
18
-52
-20
19
-47
-8
19
-39
4
6
-38
3
-9
-2
-3
31
4
7
28
-19
28
15
26
41
25
26
43
21
20
45
36
36
48
22
19
26
-3
23
22
-1
20
24
7
2
-18
-22
-26
-4
-26
-5
23
-40
-24
-4
-36
-39
1
-27
-22
-1
-28
-3
-24
-39
-7
-34
-27
-16
-43
-28
-25
-50
-28
-15
-33
-26
-28
-26
-43
-49
-17
-36
-18
-12
-22
-10
-22
-44
-32
-13
-29
-16
2
-5
-15
-9
-13
-3
-4
-6
6
21
9
1
11
9
-6
-4
27
14
4
15
0
5
0
12
30
26
14
29
24
33
14
2
25
14
20
16
38
10
2
20
3
6
33
15
11
30
18
15
14
13
-9
15
4
0
6
-8
-11
5
-20
-14
-5
-31
-4
-19
-10
-12
-27
2
-28
-22
7
-29
-5
5
-24
2
-5
-13
-16
-6
-10
-9
12
0
9
-4
0
9
-11
-6
17
-4
-4
11
-21
-14
-19
-18
-14
-16
-3
-20
-12
-13
-21
-9
-25
10
-20
-4
14
-22
-7
-9
-9
-26
-4
18
-17
16
4
-10
9
-21
-4
11
1
8
5
20
8
-1
11
8
26
-3
32
30
10
27
21
12
17
25
-2
21
38
-4
8
41
-19
16
17
-6
11
-5
3
7
-15
12
0
-14
15
-18
-20
3
-7
-24
-6
-3
-30
-5
-19
-23
-4
-23
-12
-18
-32
-9
-28
-16
-18
-17
-18
-8
-27
-11
-20
15
-31
-43
50
-15
-19
-11
28
-4
-11
-34
35
12
-43
8
22
11
11
-5
0
61
-36
-32
34
34
-51
29
11
15
-7
-13
16
22
7
7
39
21
30
-21
46
26
9
22
32
32
26
23
17
48
21
18
44
29
25
31
9
36
18
2
32
18
24
27
14
21
23
4
12
27
-24
24
16
-2
22
12
3
10
-7
-2
10
-4
9
-6
0
-17
-14
-26
-18
-15
-28
2
-28
-1
-18
-30
-12
-22
-7
-16
-3
-20
-22
-4
-20
-12
0
-4
-8
14
-5
-12
8
-5
-10
5
22
-12
17
9
-18
15
-4
-10
12
7
-7
-3
-8
3
-9
-11
-4
-7
-17
-4
-3
-12
7
-15
-7
2
-5
-9
-8
6
-11
-4
-4
-4
0
-18
8
-8
7
2
-10
10
-7
-12
-3
2
-9
0
-9
4
-6
-9
-2
-7
-9
-7
-4
-1
-9
-15
7
-13
-8
-5
3
-12
-5
-1
-16
-3
0
-19
-9
8
-31
-14
1
-16
-8
-7
-4
-1
-8
-7
-4
0
-14
4
-6
1
2
-14
22
-13
8
9
-11
22
1
-2
21
-6
0
4
-2
5
-4
13
-1
-5
7
-5
-1
5
0
2
3
7
-9
9
10
-14
13
6
2
11
-1
15
6
-4
13
5
1
2
9
1
7
6
10
5
4
8
-8
17
-5
2
10
-9
1
0
-3
6
-1
2
6
4
0
3
12
-5
8
9
-4
11
1
0
1
0
4
-3
0
13
-16
4
5
-23
10
-9
-9
-3
1
-10
-7
0
-11
0
-3
-6
7
-15
-3
8
-17
7
8
-8
8
8
-5
11
1
1
5
3
-4
6
-3
-4
-1
-6
-7
-4
-6
-5
2
-11
-2
5
-14
3
0
-9
3
-5
0
3
1
-6
14
3
-2
15
1
6
9
-5
9
9
-2
2
11
2
-5
6
-2
7
-5
2
4
1
6
-15
12
2
-10
8
4
1
4
8
7
6
9
6
-1
17
6
0
8
9
1
-2
13
-4
3
11
-13
6
0
-10
4
-4
-2
1
-7
2
0
-6
3
2
-11
9
-3
-4
14
-8
9
4
-7
9
-2
4
2
4
-2
2
-2
-9
9
-12
-6
2
-14
-10
-5
-13
-9
-7
-8
-11
-5
-8
-12
1
-11
-14
2
-10
-11
2
-12
-1
-2
-11
-1
5
-13
-4
10
-15
4
3
-12
3
-6
-5
-2
-3
-1
-4
1
-4
0
-2
5
-2
-2
8
-4
3
1
5
3
-3
8
-1
0
10
-4
4
7
-4
-1
6
-1
2
-1
2
-1
-2
7
-8
3
1
-7
0
-1
-8
0
0
-7
-1
-1
-8
2
0
-4
5
-1
-3
2
0
-1
1
0
1
2
-3
7
-2
3
1
-2
5
-4
1
-1
1
-2
-3
1
2
-2
-1
3
-3
1
0
-2
3
-2
-1
2
0
-1
1
0
0
0
2
-3
4
