SAMPLES:	10014
BITSPERSAMPLE:	16
CHANNELS:	1
SAMPLERATE:	16000
NORMALIZED:	FALSE
2
1
2
1
1
0
0
0
1
0
1
0
0
1
0
-1
-2
-1
0
-1
-1
0
-1
-1
-1
-2
-2
-2
-3
-3
-3
-3
-4
-3
-3
-3
-3
-2
0
0
1
0
0
0
0
0
-1
0
-1
-1
1
0
1
1
2
1
1
1
-1
0
-1
1
1
1
0
0
1
0
1
0
-1
0
-1
-1
-1
0
-1
-1
-2
-2
-2
-2
-1
0
0
1
0
0
-2
0
0
0
0
-1
0
0
0
0
0
0
0
0
-1
0
2
1
1
0
-2
-1
-1
0
-2
-1
-1
0
1
0
-1
-1
1
-2
-1
-1
-1
0
-2
0
-1
-1
-2
-1
0
0
0
0
0
-1
0
1
1
1
1
1
1
1
0
1
1
-1
-1
0
-2
0
0
0
-1
0
0
1
1
1
2
2
3
3
3
3
3
2
3
2
2
0
1
2
2
0
0
-1
-2
0
0
2
2
1
2
2
3
2
2
2
2
2
2
2
0
0
0
-1
0
-2
0
-1
-2
0
-1
0
0
-1
-2
-1
-1
-2
0
-1
-1
0
-1
0
0
-1
-1
0
0
1
3
1
1
1
0
1
1
1
1
1
1
1
1
0
0
-2
-1
-2
-2
-3
-5
-2
-4
-5
-4
-5
-5
-6
-7
-4
-4
-5
-5
-6
-6
-4
-6
-6
-5
-7
-6
-6
-7
-7
-6
-7
-6
-6
-7
-6
-6
-6
-5
-7
-4
-4
-3
0
0
0
-1
-1
-1
0
0
2
2
2
3
4
2
5
5
3
4
5
4
5
6
5
5
5
6
6
6
6
8
7
8
8
7
7
8
7
9
8
8
8
7
8
8
10
9
8
9
8
9
9
8
9
7
6
6
5
3
4
2
1
2
-1
0
0
-3
-1
-3
-4
-4
-5
-5
-4
-5
-6
-7
-7
-8
-8
-11
-11
-10
-10
-10
-8
-8
-9
-7
-10
-7
-9
-9
-8
-7
-7
-5
-8
-6
-6
-6
-6
-4
-6
-4
-2
-3
-2
0
-3
-1
0
-3
2
1
-1
1
1
-1
4
0
0
3
1
3
7
1
4
6
2
4
4
2
6
5
2
9
4
5
8
5
5
9
3
6
6
3
6
7
2
7
4
1
4
1
-1
5
-1
2
4
-1
1
2
-3
1
1
-3
4
0
-2
1
-1
-5
-1
-9
-6
-4
-8
-5
-2
-10
-4
-6
-8
-5
-6
-11
-3
-7
-7
-1
-6
-5
-1
-8
-5
-2
-7
0
-1
-6
0
-1
-4
6
1
4
8
4
4
9
4
7
10
4
10
11
6
15
14
13
22
19
19
25
22
25
28
21
24
24
17
24
23
22
29
24
23
28
26
27
32
24
27
25
19
18
11
2
2
-7
-14
-11
-19
-17
-16
-22
-19
-21
-22
-21
-21
-25
-20
-23
-26
-26
-35
-34
-38
-43
-46
-48
-50
-51
-56
-57
-56
-57
-53
-50
-49
-44
-47
-50
-49
-51
-47
-47
-56
-50
-54
-52
-51
-52
-52
-43
-41
-37
-24
-27
-13
-9
-15
-2
-8
-7
1
-7
-8
5
-4
2
19
7
33
42
35
59
60
57
77
64
64
77
62
65
76
56
71
72
54
73
68
57
78
58
51
67
49
53
61
40
47
51
28
38
32
11
28
9
-6
4
-16
-20
-10
-31
-26
-18
-38
-30
-33
-51
-41
-53
-71
-62
-81
-92
-92
-120
-119
-112
-122
-113
-105
-115
-100
-100
-113
-100
-109
-114
-109
-117
-119
-111
-117
-110
-99
-91
-69
-48
-39
-14
0
12
32
41
53
71
82
95
114
131
140
168
173
197
220
236
262
279
295
314
332
336
352
360
368
383
373
360
354
333
326
316
294
281
260
234
221
202
184
174
149
126
112
84
67
47
11
-7
-33
-65
-84
-110
-136
-143
-165
-182
-190
-211
-211
-217
-234
-234
-250
-268
-272
-289
-304
-305
-335
-355
-363
-390
-391
-405
-435
-446
-462
-484
-482
-500
-517
-517
-537
-536
-526
-534
-533
-533
-554
-548
-549
-568
-545
-556
-557
-538
-537
-509
-449
-386
-289
-176
-82
46
176
303
470
606
728
840
907
959
1004
1006
1005
984
922
870
814
748
698
640
572
521
463
417
382
339
298
259
208
168
129
73
41
4
-26
-40
-49
-50
-32
5
44
112
185
254
341
412
481
537
556
572
569
549
517
462
380
300
219
138
84
24
-32
-74
-120
-147
-171
-191
-214
-239
-266
-296
-323
-352
-372
-386
-402
-403
-407
-402
-387
-378
-364
-348
-343
-332
-333
-346
-356
-384
-403
-436
-492
-525
-578
-617
-655
-696
-760
-803
-854
-907
-933
-988
-1004
-1031
-1050
-1078
-1067
-1082
-1038
-980
-900
-760
-616
-460
-291
-123
90
321
532
726
904
1017
1135
1206
1244
1270
1242
1191
1121
1047
979
900
799
711
606
520
438
374
278
202
125
39
-25
-108
-175
-231
-291
-337
-371
-385
-374
-348
-313
-258
-180
-90
19
116
237
349
442
518
574
619
649
671
657
654
632
618
603
589
593
580
576
574
574
564
558
535
482
436
371
305
239
173
115
36
-26
-82
-137
-187
-231
-266
-289
-304
-320
-335
-349
-363
-378
-371
-372
-372
-377
-389
-390
-400
-398
-402
-422
-435
-457
-481
-505
-548
-582
-599
-643
-671
-721
-753
-785
-821
-857
-886
-906
-947
-943
-977
-968
-971
-980
-957
-928
-876
-800
-697
-576
-418
-301
-167
11
171
383
554
700
829
914
951
1012
1032
1009
991
912
847
803
722
651
569
473
406
347
280
219
170
99
56
9
-42
-55
-81
-92
-96
-99
-76
-27
11
69
152
223
321
412
502
614
705
793
862
892
935
960
963
955
950
920
887
855
825
793
751
704
649
587
524
441
331
227
111
-5
-111
-220
-327
-423
-517
-581
-624
-649
-650
-645
-617
-571
-524
-482
-438
-404
-357
-314
-295
-267
-257
-252
-244
-235
-244
-260
-282
-315
-343
-392
-440
-494
-559
-619
-704
-768
-822
-881
-949
-1015
-1058
-1109
-1144
-1156
-1180
-1175
-1190
-1172
-1180
-1153
-1123
-1103
-1022
-996
-912
-826
-701
-578
-413
-282
-122
78
261
486
688
837
1002
1104
1180
1264
1293
1293
1298
1256
1196
1189
1113
1037
975
857
801
744
660
597
515
421
360
300
222
188
133
92
79
50
43
67
78
129
188
229
316
390
456
553
638
716
790
848
891
940
965
982
985
944
922
891
856
827
767
697
617
523
425
311
185
54
-84
-212
-338
-461
-593
-699
-787
-832
-853
-849
-819
-793
-731
-670
-605
-552
-504
-458
-414
-376
-363
-350
-352
-353
-357
-365
-369
-379
-393
-420
-458
-500
-563
-620
-695
-766
-819
-888
-950
-1026
-1076
-1099
-1120
-1110
-1121
-1088
-1073
-1049
-1018
-980
-924
-877
-794
-745
-672
-626
-568
-505
-443
-346
-236
-129
-2
111
260
430
620
787
922
1019
1103
1169
1203
1226
1213
1171
1111
1020
960
890
802
732
662
586
541
487
408
353
286
218
167
120
70
43
5
-5
-6
2
39
88
129
201
283
375
474
556
653
760
849
942
1022
1075
1129
1150
1152
1147
1123
1098
1066
1006
931
847
733
628
510
370
246
93
-94
-266
-450
-617
-754
-871
-955
-1003
-1008
-977
-918
-860
-787
-701
-627
-549
-476
-420
-383
-345
-322
-302
-288
-278
-245
-232
-205
-196
-197
-210
-256
-322
-392
-481
-579
-664
-778
-869
-949
-1019
-1072
-1117
-1144
-1150
-1138
-1122
-1091
-1078
-1036
-978
-940
-862
-818
-767
-724
-684
-627
-591
-551
-528
-479
-410
-330
-221
-105
8
182
359
561
751
912
1056
1151
1209
1252
1270
1233
1188
1119
1025
968
879
782
695
601
536
502
428
366
309
244
209
163
114
85
51
20
5
9
36
60
85
125
204
288
382
486
587
706
839
965
1089
1158
1241
1307
1331
1343
1321
1276
1203
1105
983
860
715
545
383
191
7
-183
-390
-579
-761
-909
-1022
-1091
-1130
-1113
-1066
-982
-876
-783
-696
-617
-548
-488
-432
-397
-370
-366
-363
-359
-333
-291
-255
-219
-164
-117
-107
-126
-180
-241
-330
-442
-556
-664
-770
-846
-902
-951
-979
-993
-972
-946
-923
-889
-864
-819
-781
-716
-668
-635
-575
-546
-517
-479
-469
-457
-445
-458
-428
-368
-285
-157
-47
51
242
439
659
857
991
1120
1233
1268
1292
1273
1197
1116
1020
900
840
759
650
587
489
436
410
350
304
261
198
171
151
115
93
81
56
81
88
110
164
212
277
362
458
569
690
812
952
1090
1209
1317
1408
1450
1482
1470
1429
1363
1246
1117
963
788
593
399
189
-31
-245
-467
-670
-889
-1078
-1219
-1342
-1411
-1449
-1436
-1381
-1296
-1181
-1076
-976
-880
-788
-714
-653
-605
-588
-553
-528
-507
-448
-415
-352
-286
-230
-188
-164
-164
-212
-272
-381
-498
-592
-707
-796
-890
-954
-990
-1005
-981
-976
-932
-909
-870
-844
-836
-782
-767
-699
-705
-674
-627
-637
-572
-588
-595
-572
-565
-484
-372
-234
-78
79
269
511
786
1034
1266
1447
1552
1682
1716
1703
1663
1523
1398
1254
1117
997
876
736
620
540
444
403
335
256
210
134
107
78
20
-7
-25
-18
6
37
70
142
231
342
489
637
809
993
1177
1351
1496
1645
1750
1808
1827
1782
1703
1564
1376
1164
920
649
369
100
-194
-448
-692
-932
-1129
-1318
-1468
-1575
-1641
-1663
-1652
-1599
-1531
-1430
-1295
-1139
-976
-838
-708
-604
-500
-408
-354
-302
-273
-256
-222
-195
-159
-123
-95
-99
-106
-152
-220
-287
-398
-512
-652
-796
-913
-1040
-1133
-1215
-1258
-1263
-1251
-1206
-1155
-1081
-993
-912
-826
-762
-715
-666
-646
-627
-619
-641
-621
-604
-588
-488
-356
-199
21
208
418
744
1034
1347
1622
1797
1963
2083
2115
2093
2019
1830
1659
1463
1216
1043
811
591
429
257
157
101
16
-23
-50
-86
-79
-75
-101
-94
-89
-88
-40
8
81
184
290
448
640
848
1085
1323
1543
1760
1947
2096
2172
2193
2168
2059
1883
1638
1353
1031
690
339
-12
-340
-656
-944
-1166
-1362
-1509
-1614
-1661
-1675
-1657
-1599
-1517
-1398
-1286
-1157
-1008
-838
-679
-530
-386
-272
-161
-68
-5
19
25
23
12
-20
-57
-104
-169
-239
-332
-427
-534
-666
-808
-937
-1079
-1235
-1371
-1513
-1623
-1712
-1735
-1729
-1697
-1623
-1541
-1425
-1301
-1182
-1072
-975
-955
-905
-898
-873
-882
-872
-819
-698
-495
-275
22
300
587
984
1344
1726
2057
2257
2442
2543
2552
2496
2336
2081
1822
1533
1212
944
636
326
106
-128
-271
-374
-479
-528
-550
-536
-503
-443
-411
-344
-271
-199
-66
69
219
409
602
852
1138
1443
1739
2018
2281
2512
2713
2823
2825
2750
2589
2371
2084
1706
1277
821
363
-62
-439
-784
-1104
-1351
-1535
-1641
-1697
-1713
-1688
-1641
-1533
-1408
-1267
-1138
-1009
-859
-711
-550
-392
-252
-124
-14
74
120
133
126
94
24
-51
-150
-252
-372
-518
-660
-818
-974
-1125
-1292
-1433
-1563
-1706
-1815
-1923
-1974
-2021
-2002
-1978
-1929
-1830
-1764
-1621
-1508
-1388
-1285
-1170
-1096
-1017
-981
-928
-837
-746
-494
-198
114
500
808
1198
1670
2080
2484
2743
2874
2963
2972
2855
2673
2371
1970
1630
1241
888
582
190
-98
-327
-535
-643
-751
-847
-895
-901
-885
-803
-729
-678
-540
-398
-203
51
297
604
919
1258
1647
2030
2386
2664
2890
3068
3191
3221
3105
2875
2563
2211
1822
1347
859
356
-117
-509
-836
-1104
-1333
-1491
-1580
-1585
-1568
-1512
-1448
-1387
-1280
-1154
-1029
-900
-804
-700
-580
-458
-337
-241
-190
-168
-133
-130
-128
-169
-273
-385
-510
-594
-713
-855
-1013
-1161
-1279
-1397
-1499
-1613
-1721
-1792
-1881
-1917
-1958
-1961
-1914
-1923
-1841
-1813
-1711
-1656
-1589
-1512
-1515
-1414
-1362
-1336
-1220
-1169
-1004
-613
-250
237
682
1049
1536
2081
2533
2937
3110
3091
3111
2946
2661
2376
1878
1420
1053
656
401
188
-96
-248
-329
-401
-343
-368
-473
-485
-532
-550
-497
-508
-473
-346
-185
94
448
786
1144
1540
1943
2396
2781
3064
3251
3321
3342
3278
3056
2732
2297
1814
1370
915
470
34
-345
-623
-781
-837
-806
-760
-685
-532
-386
-212
-87
-54
-46
-49
-69
-117
-189
-305
-386
-428
-466
-485
-525
-582
-613
-646
-683
-759
-853
-966
-1091
-1215
-1365
-1511
-1660
-1829
-1960
-2055
-2149
-2167
-2214
-2222
-2173
-2098
-1978
-1874
-1734
-1681
-1548
-1448
-1463
-1395
-1569
-1578
-1671
-1761
-1806
-1917
-1826
-1726
-1257
-750
-179
491
956
1650
2325
2894
3394
3477
3451
3250
2958
2516
1953
1312
614
180
-254
-499
-592
-769
-712
-643
-491
-254
-106
-38
-32
-9
0
70
86
49
180
328
642
996
1307
1692
2028
2406
2733
2968
3060
3015
2928
2700
2440
2072
1563
1096
555
145
-213
-510
-726
-902
-935
-874
-678
-472
-264
-33
185
469
683
855
960
972
988
932
878
730
551
339
102
-104
-347
-580
-844
-1064
-1214
-1341
-1412
-1540
-1612
-1666
-1698
-1691
-1746
-1807
-1865
-1911
-1982
-2019
-2066
-2154
-2130
-2092
-2039
-1914
-1921
-1825
-1751
-1754
-1652
-1721
-1804
-1874
-2029
-2150
-2215
-2223
-2140
-1869
-1415
-707
-12
696
1323
1958
2713
3307
3678
3690
3473
3108
2644
2046
1347
641
-15
-474
-779
-934
-933
-928
-854
-673
-476
-227
-102
-113
-113
-102
-45
102
251
427
747
1169
1694
2225
2707
3097
3382
3541
3584
3409
3060
2530
1966
1377
807
299
-205
-603
-848
-922
-869
-722
-559
-351
-109
104
324
508
603
713
777
869
978
1078
1155
1237
1294
1319
1367
1282
1146
940
650
360
19
-362
-729
-1062
-1326
-1481
-1603
-1693
-1710
-1708
-1660
-1596
-1594
-1604
-1610
-1640
-1620
-1621
-1653
-1635
-1669
-1600
-1612
-1615
-1718
-1844
-2027
-2239
-2460
-2768
-2969
-3265
-3384
-3439
-3392
-3147
-2790
-2132
-1191
-214
795
1580
2271
2962
3630
3997
4054
3709
3185
2553
1858
1058
315
-495
-1035
-1364
-1495
-1420
-1326
-1203
-1041
-830
-610
-410
-397
-417
-376
-220
67
455
849
1385
2026
2756
3466
3983
4324
4413
4301
3947
3397
2655
1768
892
125
-453
-818
-1061
-1147
-1068
-792
-377
-13
316
520
679
779
777
711
599
530
552
663
810
994
1209
1396
1530
1589
1534
1395
1116
748
346
-85
-497
-879
-1238
-1475
-1599
-1621
-1585
-1522
-1458
-1355
-1242
-1145
-1075
-1046
-1012
-946
-878
-798
-771
-775
-845
-957
-1146
-1448
-1843
-2253
-2723
-3135
-3544
-3928
-4209
-4333
-4352
-4189
-3918
-3538
-2802
-2028
-719
323
1346
2137
2760
3434
3991
4118
3979
3414
2725
1907
1047
106
-669
-1427
-1952
-2108
-2148
-1873
-1637
-1473
-1221
-945
-687
-494
-540
-558
-402
-93
348
901
1476
2270
3139
3911
4536
4835
4849
4588
4031
3234
2282
1229
143
-751
-1366
-1611
-1596
-1435
-988
-451
270
946
1306
1549
1659
1733
1726
1560
1336
1151
1060
1111
1259
1362
1476
1589
1587
1560
1360
1006
589
94
-347
-671
-1001
-1269
-1416
-1475
-1422
-1267
-1170
-1081
-1002
-904
-787
-722
-655
-532
-403
-227
-37
113
200
241
174
-83
-417
-908
-1454
-2136
-2821
-3367
-3874
-4127
-4305
-4333
-4249
-3966
-3525
-3190
-2671
-2249
-1497
-524
578
1449
2157
2614
3131
3700
3869
3790
3202
2385
1515
497
-566
-1451
-2321
-2916
-3107
-3059
-2596
-2034
-1657
-1255
-780
-381
7
54
-46
83
338
768
1284
1798
2443
3227
3821
4234
4349
4070
3523
2674
1623
612
-376
-1285
-1969
-2226
-2013
-1424
-718
-61
678
1553
2294
2719
2754
2439
2238
2073
1802
1577
1333
1250
1329
1375
1453
1580
1465
1260
970
538
221
-228
-780
-1196
-1426
-1433
-1334
-1353
-1334
-1140
-962
-780
-711
-752
-701
-532
-422
-232
-53
174
419
583
683
693
520
167
-353
-968
-1487
-2141
-2765
-3347
-3784
-3888
-3834
-3782
-3513
-3359
-2943
-2631
-2362
-2066
-1650
-1214
-344
692
1572
2585
3068
3385
3767
3797
3555
2884
1668
472
-715
-1918
-2718
-3357
-3801
-3596
-3213
-2484
-1521
-925
-482
-158
-22
151
141
-139
-189
70
489
1266
1972
2671
3457
3942
4151
3986
3356
2431
1272
26
-1015
-1770
-2267
-2446
-2160
-1467
-411
631
1442
2133
2634
2985
3054
2631
2144
1703
1423
1335
1352
1489
1719
1930
2018
2075
1895
1608
1062
342
-205
-680
-1044
-1305
-1477
-1385
-1104
-858
-706
-612
-658
-625
-690
-904
-969
-997
-830
-565
-214
258
712
996
1124
1054
800
393
-272
-1065
-1782
-2424
-2864
-3280
-3524
-3498
-3328
-2944
-2747
-2495
-2287
-2152
-2152
-2019
-2061
-1762
-1283
-524
781
1876
2923
3545
3712
3932
3823
3280
2237
1015
-475
-1554
-2615
-3348
-3554
-3632
-3262
-2626
-1894
-1010
-458
-384
-393
-429
-516
-572
-768
-717
-122
604
1502
2360
3022
3654
3890
3633
3073
2210
1105
-117
-1181
-1879
-2102
-2071
-1808
-1140
-168
936
1812
2236
2402
2432
2443
2305
1988
1712
1554
1537
1715
2033
2374
2581
2547
2331
1986
1492
885
88
-701
-1086
-1212
-1191
-1085
-954
-628
-267
-131
-168
-377
-644
-850
-1041
-1224
-1154
-917
-598
-130
340
836
1151
1152
863
493
-27
-597
-1317
-2008
-2507
-2746
-2780
-2756
-2640
-2416
-2267
-2034
-2056
-2111
-2197
-2269
-2282
-2170
-1800
-1286
-79
1223
2557
3543
4056
4092
4148
3670
3078
1992
715
-504
-1490
-2381
-2701
-2801
-2786
-2397
-2039
-1533
-905
-816
-854
-1023
-1198
-1119
-1009
-965
-607
90
760
1642
2206
2579
2890
2728
2288
1728
873
71
-763
-1436
-1689
-1555
-1374
-1041
-603
-34
684
1214
1426
1505
1474
1372
1427
1624
1912
2250
2493
2623
2810
2941
2833
2544
1945
1336
803
186
-348
-754
-1026
-1021
-837
-636
-383
-205
-238
-264
-478
-793
-1012
-1302
-1367
-1202
-955
-524
-68
369
772
1016
1057
911
511
-91
-754
-1353
-1827
-2163
-2461
-2651
-2562
-2441
-2176
-2092
-2020
-2036
-2019
-2092
-2193
-2210
-2095
-1703
-1113
-129
1364
2639
3676
4061
4096
4091
3811
3127
2096
958
-87
-890
-1678
-2112
-2138
-2095
-1809
-1493
-1149
-672
-627
-868
-1013
-1089
-1027
-943
-950
-566
124
734
1273
1658
1848
2000
1770
1316
875
318
-299
-862
-1259
-1252
-1051
-923
-767
-433
-47
364
535
507
556
571
793
1055
1318
1718
2117
2502
2851
3157
3252
3002
2615
2074
1632
1020
462
-88
-474
-534
-522
-441
-448
-373
-264
-289
-409
-674
-924
-1169
-1299
-1299
-1234
-989
-733
-364
-35
310
503
448
239
-86
-482
-928
-1435
-1825
-2096
-2241
-2221
-2277
-2195
-2133
-2010
-1984
-1969
-2064
-2075
-2140
-2100
-2044
-1622
-1172
-146
1293
2514
3631
4006
4025
3902
3547
2959
2136
1208
183
-514
-1230
-1628
-1507
-1606
-1315
-1065
-822
-390
-392
-664
-813
-904
-880
-695
-636
-357
338
790
1235
1539
1490
1551
1260
782
467
24
-392
-681
-845
-756
-408
-235
-116
154
314
526
590
390
317
201
103
143
333
900
1407
1834
2271
2591
2852
2891
2700
2319
1925
1441
969
521
88
7
-123
-201
-100
-106
-73
-130
-365
-519
-780
-1169
-1351
-1415
-1398
-1109
-881
-582
-130
134
296
320
85
-139
-501
-1131
-1540
-1901
-2161
-2268
-2284
-2318
-2103
-2055
-1987
-1965
-2050
-2101
-2162
-2332
-2355
-2253
-2076
-1512
-861
389
1966
3250
3964
4228
3832
3707
3088
2424
1491
762
-105
-545
-1089
-1286
-1081
-1144
-940
-782
-596
-328
-470
-821
-850
-862
-670
-509
-359
22
601
895
1114
1178
993
898
556
216
107
-174
-329
-428
-346
-43
266
327
392
494
576
686
623
438
336
247
211
270
337
587
928
1328
1727
2229
2477
2559
2508
2241
1985
1593
1149
738
415
209
60
-80
-290
-321
-445
-618
-785
-1073
-1270
-1414
-1563
-1454
-1228
-948
-526
-143
116
388
418
246
-6
-428
-884
-1268
-1746
-1952
-2106
-2215
-2162
-2169
-2075
-2185
-2146
-2345
-2414
-2518
-2608
-2566
-2443
-2222
-1662
-1105
-221
1070
2419
3336
3787
3593
3177
2855
2287
1802
1174
637
63
-184
-692
-674
-766
-950
-843
-843
-633
-454
-586
-604
-400
-248
-14
164
256
629
858
842
878
732
581
464
219
154
180
20
-12
-61
-1
209
361
363
517
621
803
919
894
768
636
459
397
337
297
568
811
1398
2000
2431
2877
2896
2712
2460
2000
1673
1135
843
379
305
66
-133
-240
-618
-588
-794
-1026
-1222
-1405
-1476
-1314
-1193
-948
-552
-317
5
230
200
186
-36
-408
-741
-1122
-1557
-1775
-2069
-2142
-2197
-2260
-2313
-2356
-2476
-2592
-2601
-2788
-2772
-2768
-2566
-2333
-1860
-1333
-792
188
1517
2562
3338
3207
3005
2614
2205
1833
1326
904
350
-13
-504
-682
-725
-968
-1054
-1070
-787
-467
-409
-441
-286
-45
155
336
267
396
630
654
729
644
539
405
228
162
186
79
-115
-218
-242
-68
188
329
494
708
892
1126
1176
1066
851
571
390
278
217
344
645
1056
1630
2149
2523
2834
2809
2634
2334
1969
1651
1270
1020
858
716
478
186
-104
-425
-628
-864
-1129
-1235
-1315
-1207
-1047
-813
-518
-243
-89
32
99
-21
-111
-366
-651
-883
-1181
-1414
-1581
-1689
-1799
-1879
-2119
-2240
-2446
-2663
-2757
-2801
-2797
-2751
-2600
-2449
-2131
-1644
-1231
-603
546
1752
2759
2976
2808
2415
2153
1716
1492
1018
740
326
-24
-448
-688
-888
-1214
-1299
-1250
-885
-620
-501
-411
-160
86
273
259
137
211
309
281
336
251
195
182
100
102
60
-80
-257
-398
-379
-142
145
352
590
848
1128
1312
1281
1036
722
470
322
250
342
573
928
1292
1645
2143
2427
2612
2552
2370
2146
1831
1635
1402
1246
1152
879
596
79
-243
-580
-859
-1073
-1185
-1144
-1107
-917
-782
-537
-377
-254
-172
-181
-240
-340
-511
-669
-879
-1052
-1226
-1376
-1413
-1492
-1607
-1835
-2098
-2380
-2569
-2677
-2721
-2757
-2735
-2693
-2473
-2264
-1741
-1245
-612
707
1793
2702
2892
2646
2375
2007
1832
1612
1406
1146
773
489
-122
-351
-823
-1178
-1254
-1222
-821
-574
-365
-257
-30
123
146
90
-130
-26
118
157
314
251
220
164
30
-129
-306
-522
-681
-646
-553
-250
101
352
660
893
1040
1190
1139
962
762
623
558
578
621
820
1014
1317
1521
1702
2108
2270
2435
2320
2152
1983
1698
1616
1476
1418
1262
919
593
-8
-263
-660
-874
-1020
-1091
-968
-902
-711
-597
-436
-378
-329
-294
-443
-481
-617
-810
-894
-1093
-1149
-1297
-1377
-1499
-1678
-1910
-2160
-2299
-2487
-2556
-2599
-2702
-2711
-2712
-2486
-2246
-1689
-1213
-497
851
1703
2485
2460
2298
2164
1895
1894
1634
1582
1252
954
551
-112
-311
-868
-995
-992
-822
-419
-272
-131
-128
16
-48
-105
-262
-350
-74
91
249
386
232
164
-53
-308
-548
-760
-898
-907
-732
-537
-199
75
281
522
618
719
804
770
703
617
563
547
569
685
882
1124
1284
1477
1623
1804
2082
2153
2161
2003
1802
1604
1413
1394
1403
1346
1180
838
429
-65
-420
-771
-970
-977
-874
-667
-554
-423
-358
-304
-303
-363
-463
-554
-613
-687
-800
-935
-1115
-1251
-1366
-1480
-1625
-1758
-1878
-1942
-2084
-2072
-2289
-2427
-2535
-2615
-2489
-2206
-1713
-1150
-51
1214
2022
2441
2230
2041
1907
1709
1872
1542
1560
1166
975
444
6
-320
-793
-668
-671
-323
-100
-49
-74
-102
-145
-227
-325
-467
-336
34
236
419
363
132
12
-297
-565
-809
-1005
-1028
-914
-678
-464
-220
-114
33
258
415
608
700
727
720
639
515
346
277
354
602
759
1052
1448
1703
2037
2015
1922
1688
1448
1342
1245
1296
1323
1340
1271
956
733
201
-54
-322
-562
-581
-718
-706
-800
-791
-864
-776
-706
-542
-366
-325
-337
-453
-681
-908
-1177
-1390
-1454
-1551
-1523
-1646
-1659
-1807
-1865
-1934
-2099
-2149
-2248
-2264
-2227
-2099
-1629
-1292
-237
923
1676
2248
1895
1945
1587
1687
1741
1722
1786
1435
1336
767
386
-11
-466
-372
-309
-23
173
217
218
168
156
-48
-126
-332
-273
11
145
292
211
-3
-109
-365
-544
-726
-884
-945
-889
-738
-596
-436
-404
-286
-72
212
548
797
917
977
923
786
591
468
430
564
776
987
1253
1494
1828
1898
1788
1545
1296
1126
1020
1100
1190
1190
1228
1044
872
466
171
-56
-316
-390
-535
-617
-795
-888
-1007
-1066
-1068
-993
-821
-763
-732
-809
-983
-1116
-1288
-1381
-1506
-1587
-1639
-1717
-1777
-1885
-1918
-1932
-2098
-2090
-2178
-2205
-2124
-1788
-1385
-754
511
1264
1843
1718
1396
1347
1243
1536
1651
1673
1627
1309
979
396
242
-219
-222
11
150
567
515
405
309
249
174
161
67
23
286
410
451
420
89
-100
-274
-448
-571
-753
-876
-869
-762
-674
-533
-445
-390
-232
2
326
588
792
911
965
979
802
594
479
583
900
1129
1250
1376
1548
1614
1543
1432
1260
1143
1095
1141
1190
1101
1023
938
837
769
671
541
352
171
-2
-223
-564
-851
-1000
-1080
-1099
-1096
-1101
-1046
-1040
-1123
-1235
-1440
-1484
-1572
-1533
-1584
-1650
-1697
-1858
-1907
-1989
-2030
-2063
-2074
-2124
-2030
-2027
-1577
-1289
-619
413
1087
1569
1451
1346
1329
1331
1668
1614
1717
1537
1147
877
255
190
-116
-50
138
402
653
681
535
299
341
244
306
331
304
526
589
459
305
-25
-211
-331
-518
-624
-782
-943
-997
-997
-980
-828
-704
-608
-401
-153
169
416
598
696
826
918
932
836
764
790
834
864
820
1022
1215
1329
1389
1334
1156
1035
981
1007
953
903
877
875
795
716
657
543
493
382
246
39
-227
-479
-718
-876
-996
-1051
-1094
-1145
-1169
-1275
-1417
-1545
-1645
-1684
-1691
-1711
-1703
-1778
-1833
-1900
-1891
-1978
-2041
-2066
-2054
-2017
-1678
-1354
-978
-54
800
1378
1452
1259
1165
1264
1508
1760
1823
1765
1388
1106
488
198
-18
-142
216
465
743
813
654
363
330
245
300
469
540
845
1064
958
733
345
15
-140
-254
-327
-377
-524
-669
-802
-934
-971
-963
-884
-679
-354
-77
143
253
364
486
628
747
823
892
1053
1155
1141
1113
1013
962
875
833
841
817
921
1000
1013
916
646
515
274
274
395
555
722
713
696
565
316
-37
-323
-495
-557
-563
-669
-820
-981
-1235
-1432
-1674
-1850
-1846
-1843
-1765
-1847
-1892
-1982
-2111
-2076
-2054
-2025
-1999
-1908
-1826
-1769
-1490
-1300
-835
106
706
1125
1099
1072
1116
1235
1431
1644
1758
1574
1268
824
282
118
-91
-70
240
442
615
508
232
13
29
102
279
456
615
964
1059
898
593
218
68
27
-34
-53
-136
-264
-421
-630
-790
-843
-805
-715
-460
-193
61
151
128
106
202
390
651
950
1190
1467
1533
1535
1437
1242
1141
1003
905
804
773
833
774
773
637
533
467
298
343
350
412
479
375
284
189
66
-60
-128
-239
-265
-338
-519
-698
-973
-1170
-1347
-1512
-1653
-1765
-1851
-2000
-2167
-2385
-2487
-2526
-2476
-2277
-2212
-2044
-1917
-1830
-1520
-1342
-895
33
850
1281
1147
1016
830
1027
1369
1595
1893
1747
1399
1101
447
225
41
-90
256
521
649
612
298
-91
-66
-68
40
307
440
858
1057
930
681
246
34
25
2
56
41
-119
-252
-459
-643
-695
-720
-658
-421
-186
64
164
127
125
129
286
470
648
959
1380
1636
1654
1566
1483
1413
1339
1284
1186
1003
815
680
492
340
215
267
317
401
544
479
386
165
-42
-172
-260
-281
-244
-217
-257
-385
-628
-830
-1043
-1138
-1173
-1202
-1248
-1348
-1579
-1797
-2016
-2293
-2490
-2641
-2622
-2477
-2307
-2290
-2193
-2119
-1825
-1478
-997
-211
611
1029
1065
968
875
1058
1326
1513
1776
1756
1559
1347
647
435
279
142
257
430
444
499
304
-81
-123
-175
38
176
274
557
737
724
545
274
157
195
163
142
53
-99
-201
-407
-497
-430
-364
-282
-197
-107
65
126
126
132
204
498
781
975
1147
1285
1357
1405
1360
1337
1392
1486
1543
1476
1280
1087
832
658
520
413
458
441
499
514
412
296
124
-88
-235
-273
-340
-365
-416
-515
-624
-811
-989
-1190
-1283
-1257
-1209
-1209
-1269
-1377
-1528
-1664
-1835
-1958
-2136
-2161
-2123
-2139
-2147
-2197
-2162
-1966
-1715
-1309
-785
-125
378
490
494
342
652
1054
1337
1634
1505
1412
1366
983
678
473
383
491
635
518
432
235
-53
-72
-159
-73
99
172
340
457
454
379
165
59
128
223
309
232
48
-94
-190
-218
-254
-206
-113
15
153
270
250
220
195
200
374
580
806
1002
1161
1265
1346
1283
1173
1074
1051
1146
1178
1126
1014
881
838
739
611
534
481
539
647
659
583
434
170
-32
-208
-325
-382
-438
-463
-445
-510
-584
-679
-772
-739
-670
-549
-463
-458
-483
-563
-718
-880
-1034
-1113
-1138
-1170
-1249
-1360
-1479
-1602
-1717
-1815
-1896
-1823
-1657
-1513
-1271
-1212
-1112
-875
-667
-357
44
177
317
424
297
357
340
251
325
331
311
443
420
388
393
296
286
303
241
273
280
267
295
246
218
256
307
397
446
431
415
429
439
456
494
463
452
487
571
648
742
775
757
758
760
754
779
804
869
939
945
878
761
666
606
585
565
522
551
643
706
758
760
703
702
729
715
708
639
532
430
296
147
-10
-204
-357
-485
-619
-746
-854
-943
-950
-907
-882
-879
-918
-935
-905
-936
-1030
-1099
-1189
-1233
-1300
-1465
-1529
-1551
-1548
-1412
-1387
-1376
-1336
-1474
-1510
-1445
-1385
-1058
-703
-559
-250
-168
-85
206
323
452
648
648
682
789
675
684
642
535
518
469
409
450
422
369
331
243
235
264
314
396
481
520
531
473
427
433
456
483
489
504
541
585
641
665
659
621
559
498
490
527
568
604
611
625
632
653
587
514
485
474
528
547
493
457
403
381
440
492
571
674
716
734
710
606
474
324
211
159
79
-42
-199
-377
-500
-617
-748
-859
-949
-950
-916
-899
-908
-977
-1045
-1138
-1254
-1337
-1373
-1367
-1382
-1362
-1271
-1244
-1206
-1241
-1366
-1319
-1205
-1084
-804
-725
-667
-470
-490
-400
-197
-81
259
595
686
846
817
707
709
637
611
669
630
622
623
522
433
260
62
-27
-28
40
123
144
138
135
132
139
142
130
173
233
294
314
277
245
221
231
283
322
380
452
465
482
425
347
352
388
443
526
576
594
640
647
679
717
701
667
646
598
595
592
554
517
513
508
521
520
476
459
386
293
187
64
-35
-123
-256
-388
-511
-648
-748
-835
-920
-954
-1046
-1157
-1282
-1405
-1470
-1449
-1427
-1350
-1186
-1102
-980
-967
-1029
-1039
-991
-920
-707
-568
-494
-378
-401
-352
-207
-91
124
372
506
715
798
780
807
774
755
766
707
675
700
656
616
528
410
387
359
358
359
305
217
132
10
-39
-64
-52
10
34
65
88
112
82
6
-100
-143
-165
-114
-42
-14
29
42
9
32
51
83
189
242
321
397
412
424
456
461
541
645
721
809
852
836
793
674
558
461
368
331
264
179
90
32
15
18
-31
-116
-218
-319
-426
-556
-668
-762
-833
-926
-1044
-1166
-1262
-1348
-1353
-1391
-1377
-1287
-1250
-1153
-1096
-1109
-1018
-927
-824
-557
-438
-333
-244
-293
-227
-85
15
259
487
634
841
894
882
927
909
928
988
959
971
985
927
866
749
589
499
454
435
453
417
347
288
187
107
17
-57
-83
-74
-94
-118
-171
-227
-251
-258
-257
-272
-273
-247
-203
-195
-197
-218
-208
-211
-171
-107
-14
103
216
281
315
336
322
345
379
438
529
588
641
688
685
673
630
582
549
511
440
351
235
119
-3
-149
-255
-349
-422
-445
-506
-562
-619
-732
-853
-923
-1031
-1054
-1011
-1031
-961
-876
-878
-783
-771
-886
-849
-847
-778
-527
-393
-324
-197
-247
-214
-81
-36
135
331
414
570
673
689
795
801
793
833
808
795
796
709
653
570
461
424
376
367
365
300
180
68
-43
-81
-120
-167
-192
-220
-211
-189
-185
-207
-205
-250
-277
-320
-349
-298
-218
-153
-94
-69
-37
27
92
182
257
299
342
373
417
470
497
525
555
594
640
639
604
580
516
464
416
364
313
275
204
126
43
-41
-119
-212
-300
-414
-530
-652
-725
-792
-874
-1026
-1154
-1272
-1325
-1299
-1262
-1194
-1107
-960
-833
-716
-650
-587
-497
-369
-230
-41
83
165
244
224
261
340
434
614
793
867
955
938
873
879
834
811
843
846
862
884
803
704
593
470
379
319
238
177
100
-25
-131
-237
-319
-365
-369
-368
-338
-355
-390
-412
-437
-431
-401
-388
-350
-257
-205
-137
-119
-149
-123
-53
13
111
199
261
343
380
403
430
471
512
583
633
683
713
674
637
551
493
463
418
367
294
179
83
-11
-132
-223
-351
-461
-566
-660
-752
-847
-945
-1019
-1111
-1203
-1254
-1325
-1304
-1275
-1275
-1265
-1221
-1220
-1115
-1013
-924
-769
-601
-416
-207
-28
79
219
314
452
573
715
846
972
1085
1148
1179
1169
1173
1212
1249
1255
1223
1155
1093
1004
937
848
764
737
693
650
587
457
321
179
3
-101
-196
-302
-358
-447
-549
-607
-693
-761
-745
-754
-728
-680
-701
-688
-638
-620
-570
-517
-439
-289
-165
-55
45
127
222
307
342
408
477
532
607
623
620
648
660
701
747
730
702
638
545
450
369
300
228
148
33
-112
-256
-370
-522
-607
-708
-843
-936
-1087
-1202
-1288
-1380
-1431
-1439
-1439
-1325
-1211
-1080
-958
-905
-829
-719
-622
-460
-300
-202
-21
98
217
391
518
651
834
928
1026
1147
1205
1284
1353
1353
1335
1321
1267
1231
1185
1100
1018
935
854
799
721
629
508
385
262
146
56
-29
-117
-192
-257
-328
-410
-498
-576
-657
-703
-746
-772
-761
-766
-748
-731
-746
-741
-721
-668
-554
-435
-354
-286
-251
-217
-149
-90
-4
111
231
342
427
450
451
432
390
336
274
244
228
233
242
219
139
64
-54
-147
-185
-268
-306
-321
-412
-509
-619
-805
-867
-892
-940
-910
-927
-1005
-982
-997
-1025
-948
-923
-861
-711
-600
-470
-305
-222
-104
42
143
299
433
539
691
787
872
949
970
1026
1095
1117
1165
1167
1137
1144
1142
1100
1077
1024
958
902
844
767
699
621
514
432
352
274
205
140
46
3
-58
-145
-220
-313
-378
-395
-389
-387
-366
-382
-387
-401
-428
-432
-427
-396
-326
-276
-254
-228
-222
-190
-124
-57
9
81
125
164
190
183
176
172
155
160
168
170
164
132
31
-96
-219
-345
-417
-479
-519
-567
-640
-713
-816
-904
-935
-965
-978
-956
-992
-981
-985
-990
-943
-911
-869
-780
-709
-605
-483
-442
-349
-286
-215
-68
35
153
292
372
501
622
681
815
898
975
1085
1110
1123
1157
1141
1125
1106
1029
980
953
904
875
841
766
708
652
580
522
451
353
291
199
142
85
-4
-65
-110
-172
-181
-196
-228
-208
-242
-254
-257
-286
-279
-244
-237
-191
-140
-121
-55
-18
-11
14
24
19
49
63
72
92
73
65
64
42
54
50
29
13
11
-16
-58
-127
-212
-313
-380
-428
-478
-491
-544
-647
-752
-881
-1005
-1057
-1110
-1109
-1069
-1069
-1086
-1059
-1082
-1042
-957
-911
-816
-704
-648
-537
-446
-411
-308
-218
-132
-28
78
156
255
326
390
455
548
626
721
828
872
936
980
997
1028
1036
1015
1045
1021
998
978
893
867
844
766
746
670
595
568
498
447
428
353
306
282
186
152
122
56
36
23
-32
-27
-42
-57
-25
-21
-22
5
20
40
95
101
126
153
167
192
215
213
208
199
165
140
91
54
3
-70
-104
-146
-166
-156
-161
-186
-244
-351
-447
-513
-568
-586
-640
-706
-762
-852
-919
-969
-1007
-1034
-1039
-1070
-1096
-1120
-1158
-1156
-1140
-1107
-1028
-914
-839
-746
-678
-614
-525
-446
-342
-233
-114
-32
56
125
195
271
353
418
488
551
587
648
705
734
757
754
772
801
826
863
851
838
827
807
778
767
719
710
697
665
616
577
532
472
447
421
385
402
383
361
383
318
286
292
262
275
297
251
263
250
231
257
271
285
325
326
340
333
293
279
237
210
189
159
149
119
58
7
-62
-133
-186
-247
-280
-302
-360
-402
-469
-539
-586
-621
-651
-667
-697
-748
-799
-886
-952
-983
-1012
-1017
-1001
-1008
-1000
-994
-1038
-1018
-1026
-1023
-955
-917
-865
-770
-708
-651
-555
-501
-418
-348
-308
-215
-137
-73
7
70
111
183
226
277
337
372
427
451
471
487
502
532
563
598
624
618
605
594
574
582
591
583
593
586
578
565
545
519
520
525
525
528
536
532
523
538
521
536
552
555
570
585
566
549
531
512
507
489
488
495
498
487
471
434
384
328
275
223
169
121
72
14
-47
-109
-175
-228
-278
-328
-367
-425
-489
-548
-612
-649
-684
-726
-758
-799
-839
-877
-912
-925
-954
-967
-978
-996
-1007
-1027
-1018
-988
-960
-910
-858
-837
-784
-751
-710
-651
-635
-553
-477
-415
-322
-282
-261
-211
-190
-133
-47
-17
62
115
135
188
200
225
258
281
327
362
374
409
422
439
480
463
480
499
501
542
558
562
606
620
641
681
683
693
716
724
746
769
754
741
743
732
731
749
753
766
782
765
739
711
655
626
590
554
526
486
462
417
379
332
268
195
127
76
18
-48
-125
-187
-258
-313
-362
-407
-443
-471
-490
-533
-596
-656
-706
-732
-753
-771
-778
-827
-854
-889
-935
-949
-946
-963
-927
-923
-930
-921
-951
-930
-895
-861
-793
-739
-708
-668
-625
-585
-560
-513
-452
-399
-357
-324
-309
-258
-214
-178
-124
-76
-39
10
59
82
130
169
186
247
296
323
379
414
426
474
502
525
596
618
652
710
692
705
746
732
767
790
777
798
801
809
842
830
829
835
803
785
769
730
721
708
673
650
619
587
540
486
446
415
379
350
312
277
237
183
160
115
68
43
3
-38
-93
-156
-204
-243
-293
-318
-352
-374
-385
-423
-447
-464
-489
-494
-515
-554
-578
-623
-666
-699
-732
-752
-752
-766
-780
-785
-795
-815
-799
-793
-772
-741
-723
-699
-669
-632
-586
-529
-495
-449
-402
-387
-379
-358
-355
-327
-288
-257
-227
-207
-184
-145
-119
-82
-33
25
86
145
200
241
296
350
402
446
486
502
523
543
576
599
604
634
661
673
681
690
665
661
665
677
675
671
656
636
616
583
557
520
490
437
415
395
382
370
353
333
303
283
259
243
226
207
164
142
80
38
16
-16
-34
-37
-72
-98
-121
-183
-198
-230
-255
-254
-266
-286
-289
-321
-337
-352
-383
-376
-382
-399
-422
-451
-494
-530
-557
-568
-548
-537
-534
-541
-554
-566
-585
-579
-546
-519
-476
-441
-428
-422
-418
-370
-336
-290
-236
-235
-211
-196
-184
-143
-126
-100
-57
-29
11
41
66
97
127
159
202
228
269
304
342
408
422
443
484
508
539
551
545
567
560
557
566
554
544
527
497
475
457
437
438
432
414
392
375
345
316
286
262
241
220
202
177
157
129
123
109
84
68
55
25
4
-25
-49
-65
-93
-103
-115
-126
-139
-158
-196
-203
-224
-248
-252
-261
-268
-286
-310
-317
-325
-344
-339
-321
-335
-333
-349
-364
-369
-399
-407
-408
-406
-402
-402
-384
-369
-373
-373
-355
-346
-309
-284
-265
-244
-222
-202
-162
-130
-103
-50
-36
-18
-2
15
34
54
63
89
115
137
176
187
208
219
230
251
271
297
326
355
376
383
376
386
392
385
401
410
411
412
397
379
360
353
332
309
296
272
264
245
229
223
221
201
196
200
168
162
141
127
117
86
85
81
66
43
34
-3
-23
-32
-66
-79
-114
-149
-185
-211
-238
-267
-286
-316
-317
-334
-338
-346
-356
-367
-384
-386
-389
-378
-377
-364
-375
-392
-391
-397
-390
-390
-393
-380
-360
-371
-354
-348
-341
-318
-311
-283
-256
-229
-208
-177
-163
-140
-103
-57
-22
5
56
77
91
122
139
161
186
204
226
242
248
253
259
255
264
284
291
300
313
313
310
319
321
326
330
340
340
344
344
338
338
326
325
328
327
298
301
277
260
247
221
214
196
185
160
153
140
134
121
104
92
79
69
49
40
28
17
-16
-31
-47
-77
-91
-119
-147
-179
-202
-223
-245
-258
-284
-311
-335
-356
-362
-371
-383
-383
-388
-390
-384
-389
-386
-370
-375
-373
-360
-361
-344
-319
-302
-288
-286
-275
-270
-258
-243
-215
-185
-152
-117
-102
-73
-51
-29
-13
16
33
58
85
96
117
140
173
188
218
242
253
258
258
265
264
261
265
263
259
254
248
240
236
240
235
233
225
230
217
214
215
215
221
213
218
207
197
190
197
186
188
204
194
189
171
142
134
118
104
90
79
69
56
46
27
20
-3
-15
-28
-42
-69
-78
-105
-122
-119
-156
-170
-184
-212
-221
-237
-257
-267
-294
-313
-325
-343
-362
-362
-360
-341
-336
-343
-333
-334
-331
-329
-319
-308
-300
-301
-286
-281
-262
-233
-213
-192
-180
-151
-147
-120
-92
-67
-29
-3
24
46
64
79
100
117
128
134
146
169
180
194
212
229
247
263
262
267
276
272
270
267
277
280
275
295
294
275
272
266
260
254
246
243
236
231
224
226
217
207
211
192
202
189
190
197
187
178
171
168
156
162
147
129
93
66
59
51
46
39
26
18
7
-21
-35
-55
-74
-93
-119
-132
-155
-178
-186
-208
-230
-251
-271
-287
-305
-321
-328
-331
-325
-337
-326
-322
-323
-314
-313
-293
-282
-269
-272
-268
-273
-264
-243
-234
-215
-199
-177
-163
-155
-131
-110
-95
-64
-49
-23
11
21
49
67
78
104
112
120
130
137
160
171
172
182
185
188
187
188
186
190
193
187
186
180
185
186
189
194
199
200
190
187
185
190
190
180
178
177
165
159
143
132
131
126
125
120
111
100
99
90
86
78
76
79
69
60
35
12
-13
-30
-41
-52
-55
-68
-78
-105
-124
-141
-159
-183
-197
-209
-231
-233
-245
-260
-266
-284
-290
-293
-303
-318
-318
-315
-306
-294
-291
-289
-282
-275
-259
-233
-214
-186
-166
-152
-146
-138
-130
-121
-102
-79
-58
-47
-37
-22
-5
13
28
42
68
93
114
136
143
166
190
204
221
222
229
245
246
249
247
235
230
222
212
212
200
204
202
195
202
199
206
205
203
206
206
201
199
182
175
168
158
148
134
118
109
100
90
93
79
76
69
60
55
39
30
26
24
34
38
29
12
-6
-16
-28
-39
-46
-53
-58
-65
-79
-90
-108
-118
-119
-129
-141
-151
-168
-176
-189
-195
-197
-199
-199
-192
-195
-199
-200
-213
-215
-227
-225
-217
-208
-202
-187
-183
-174
-161
-156
-141
-129
-114
-105
-96
-92
-91
-84
-75
-55
-33
-21
-13
6
12
23
41
51
73
98
120
139
143
147
154
159
180
193
200
204
201
203
204
193
192
193
189
189
182
180
191
190
183
191
182
176
176
167
159
154
145
127
114
93
83
69
49
40
25
11
3
-18
-38
-57
-69
-74
-75
-80
-86
-84
-87
-84
-81
-78
-88
-107
-122
-138
-152
-160
-170
-179
-180
-179
-187
-192
-195
-192
-183
-183
-187
-178
-171
-166
-161
-165
-160
-157
-150
-140
-138
-130
-130
-127
-128
-115
-106
-92
-68
-58
-46
-38
-28
-13
1
8
18
31
40
52
61
62
65
72
77
84
86
97
103
104
115
122
133
140
139
154
165
169
192
214
207
193
182
173
174
182
181
169
138
102
78
62
56
58
55
50
52
48
30
1
-17
-24
-10
-6
-30
-53
-84
-114
-119
-114
-112
-104
-103
-106
-112
-124
-137
-148
-154
-138
-122
-113
-114
-113
-125
-129
-123
-129
-134
-131
-129
-135
-143
-157
-156
-149
-141
-127
-113
-109
-105
-105
-103
-111
-105
-97
-93
-80
-64
-60
-62
-60
-54
-42
-34
-22
-13
2
17
35
41
53
64
78
94
115
127
145
151
157
172
180
186
185
196
199
200
194
195
189
190
194
196
209
207
209
213
203
194
186
186
191
185
167
141
125
106
97
80
62
44
29
2
-28
-48
-58
-58
-59
-56
-60
-73
-85
-95
-99
-104
-109
-116
-118
-128
-140
-143
-145
-142
-146
-147
-142
-142
-139
-133
-126
-114
-104
-95
-89
-84
-83
-85
-84
-87
-87
-90
-93
-99
-97
-103
-108
-108
-108
-102
-101
-101
-99
-89
-87
-81
-77
-77
-71
-61
-58
-57
-59
-55
-46
-47
-41
-32
-28
-20
-3
4
14
28
47
64
73
83
95
107
117
124
133
143
149
166
168
173
176
180
178
181
183
187
189
194
198
200
197
183
180
178
173
164
144
121
102
81
68
49
30
12
-9
-24
-35
-59
-79
-100
-115
-129
-144
-150
-150
-153
-152
-148
-144
-146
-149
-147
-146
-141
-135
-137
-138
-136
-132
-120
-120
-109
-103
-102
-101
-94
-84
-82
-72
-68
-64
-59
-52
-47
-42
-44
-37
-38
-36
-32
-29
-22
-21
-12
-10
-3
-1
3
6
4
13
16
23
26
31
39
38
40
43
54
64
70
77
84
99
107
117
129
141
160
179
187
198
205
213
212
208
214
216
216
221
220
220
212
202
194
188
183
172
162
150
146
134
121
107
90
74
60
46
31
14
-15
-42
-63
-82
-92
-109
-130
-150
-165
-179
-193
-205
-216
-213
-212
-206
-209
-208
-208
-201
-196
-188
-182
-183
-177
-178
-166
-157
-150
-148
-142
-133
-123
-114
-110
-100
-89
-83
-80
-66
-60
-60
-56
-49
-43
-43
-40
-43
-41
-35
-37
-32
-23
-13
-5
-5
-1
-2
-4
-1
2
14
21
18
20
22
23
29
33
46
63
77
86
92
97
113
132
152
169
186
197
199
209
213
217
222
225
234
234
231
226
224
223
213
207
196
189
179
169
159
141
128
113
101
84
73
62
38
12
-14
-34
-63
-83
-103
-118
-128
-147
-166
-184
-194
-205
-210
-215
-218
-217
-214
-219
-214
-212
-212
-204
-195
-179
-173
-166
-160
-148
-142
-137
-132
-127
-114
-106
-105
-102
-93
-92
-80
-70
-65
-55
-44
-36
-29
-24
-18
-8
7
15
25
32
32
36
36
45
49
48
50
51
52
50
46
49
55
49
54
61
68
75
84
88
96
107
111
123
134
142
156
162
166
185
190
192
207
205
205
209
204
206
195
189
186
181
171
159
151
141
126
114
104
93
82
72
61
43
28
11
-10
-22
-34
-48
-63
-83
-99
-122
-142
-160
-172
-182
-196
-208
-214
-224
-237
-246
-251
-246
-246
-238
-233
-232
-231
-225
-221
-217
-206
-196
-182
-168
-156
-144
-132
-120
-111
-97
-87
-79
-67
-55
-43
-37
-31
-25
-17
-12
-7
5
9
11
19
26
31
37
46
50
59
71
79
86
87
86
87
91
94
96
102
110
109
118
120
121
134
133
151
160
163
167
175
177
177
183
189
193
198
198
199
198
186
180
174
163
158
149
140
130
117
105
91
71
55
35
11
-1
-16
-26
-39
-51
-68
-81
-93
-98
-105
-116
-119
-129
-150
-158
-165
-180
-186
-191
-199
-198
-202
-203
-205
-212
-203
-202
-201
-194
-187
-181
-173
-158
-152
-136
-123
-114
-99
-93
-89
-82
-72
-61
-54
-48
-38
-29
-19
-16
-7
-2
8
18
20
26
29
33
39
37
41
48
52
60
68
70
74
74
74
82
78
78
78
86
86
93
91
88
97
88
95
97
99
104
108
116
115
114
107
110
117
116
115
116
117
120
117
110
103
95
96
91
87
80
68
59
52
39
30
25
15
12
2
-4
-18
-34
-43
-56
-66
-79
-85
-97
-104
-107
-118
-129
-136
-145
-150
-163
-170
-173
-180
-177
-183
-188
-187
-186
-182
-173
-167
-169
-166
-158
-156
-144
-130
-119
-103
-96
-77
-60
-50
-38
-30
-14
-1
9
17
27
34
32
31
32
36
43
46
59
60
65
70
72
80
87
98
106
114
115
120
124
127
132
140
146
148
150
144
146
145
145
145
143
140
141
142
139
134
131
131
132
129
128
128
122
121
111
103
96
86
74
62
55
47
40
34
24
14
9
-3
-10
-14
-22
-29
-45
-57
-68
-75
-87
-98
-109
-121
-124
-128
-135
-138
-142
-155
-156
-161
-170
-175
-185
-192
-199
-205
-211
-219
-221
-218
-220
-213
-208
-204
-196
-190
-181
-176
-165
-155
-141
-124
-111
-93
-87
-72
-60
-54
-38
-21
-10
-2
9
22
31
39
50
62
78
84
91
105
113
127
131
146
156
160
171
170
172
179
188
195
205
202
205
205
197
194
191
191
189
187
178
169
170
162
158
158
152
152
149
146
139
133
122
114
103
95
90
77
74
60
56
48
30
22
12
2
-4
-11
-22
-32
-40
-49
-58
-64
-70
-74
-81
-87
-92
-98
-104
-112
-120
-126
-133
-141
-148
-153
-161
-172
-177
-179
-178
-176
-171
-178
-184
-186
-188
-188
-187
-194
-197
-192
-184
-172
-159
-145
-138
-135
-126
-118
-107
-95
-87
-71
-65
-49
-38
-32
-19
-4
5
17
29
37
45
58
70
76
92
108
121
129
143
152
155
163
166
165
167
169
167
169
161
156
154
141
136
135
129
127
125
116
110
103
103
94
90
84
70
66
66
66
56
52
48
44
39
35
27
22
20
10
1
-1
-9
-7
-11
-18
-22
-27
-30
-37
-40
-45
-55
-55
-55
-63
-69
-74
-83
-92
-99
-104
-102
-104
-104
-105
-111
-111
-112
-112
-118
-125
-131
-137
-136
-139
-136
-134
-131
-124
-125
-121
-119
-116
-108
-107
-97
-88
-83
-67
-49
-45
-32
-17
-9
7
8
15
23
33
48
60
68
71
77
88
95
98
111
121
127
134
140
151
153
153
154
159
162
162
166
159
156
160
158
154
147
138
131
123
120
122
119
112
103
92
87
76
69
65
55
47
39
28
19
15
6
-3
0
-3
-9
-23
-30
-33
-34
-38
-50
-49
-59
-61
-64
-70
-73
-78
-83
-86
-92
-94
-97
-106
-108
-111
-107
-104
-102
-103
-102
-105
-112
-111
-113
-110
-116
-122
-125
-123
-118
-118
-116
-107
-96
-94
-86
-84
-75
-72
-64
-53
-38
-33
-27
-25
-26
-11
-7
-1
9
20
33
44
55
54
64
71
79
79
89
90
91
105
103
112
114
122
123
122
124
122
118
121
122
117
114
118
121
112
107
103
95
84
76
65
58
52
49
49
43
49
46
43
40
35
36
29
25
22
19
16
10
8
1
-3
-5
-19
-25
-35
-42
-49
-55
-55
-51
-57
-63
-62
-71
-74
-83
-85
-89
-97
-102
-105
-105
-108
-105
-110
-118
-124
-124
-128
-126
-128
-124
-117
-111
-105
-103
-102
-102
-102
-106
-103
-99
-94
-89
-87
-77
-67
-58
-50
-43
-30
-23
-14
-8
-2
4
13
22
24
23
27
30
32
44
50
51
58
62
60
62
64
73
81
78
84
87
91
94
93
101
101
102
105
104
95
95
87
82
83
74
80
70
60
53
42
41
41
42
39
39
38
36
34
28
24
21
18
19
14
12
4
4
6
1
-1
-9
-12
-8
-4
-6
-11
-17
-21
-25
-34
-35
-39
-45
-49
-57
-58
-62
-68
-77
-73
-73
-72
-69
-73
-75
-78
-82
-85
-87
-85
-85
-83
-77
-70
-71
-70
-62
-56
-53
-46
-37
-39
-28
-17
-15
-7
-8
-2
-4
-3
7
14
25
29
37
43
46
53
55
61
62
59
61
55
55
56
53
52
54
57
60
58
56
56
54
49
53
56
58
63
60
55
44
40
41
46
46
43
38
31
26
23
16
10
13
9
2
5
1
-2
0
-1
-10
-11
-21
-28
-28
-24
-27
-27
-23
-29
-30
-35
-34
-35
-39
-38
-36
-40
-45
-44
-51
-53
-56
-54
-50
-52
-50
-58
-60
-56
-55
-56
-56
-59
-60
-63
-62
-54
-50
-46
-46
-45
-44
-45
-44
-39
-39
-29
-23
-16
-9
-11
-7
-8
-3
-2
3
5
5
4
9
14
18
16
19
22
24
24
21
23
32
39
40
49
50
48
48
49
46
47
55
50
48
47
41
38
34
32
38
37
33
35
36
37
40
48
51
47
40
35
34
30
29
25
19
11
12
5
4
4
8
8
7
12
11
7
2
2
4
7
4
0
-3
-7
-8
-8
-8
-7
-5
-5
-4
-6
-3
-1
-1
-2
1
0
0
-3
-11
-14
-12
-14
-21
-26
-30
-32
-32
-32
-29
-29
-32
-29
-30
-32
-26
-25
-22
-24
-25
-26
-28
-27
-27
-29
-24
-17
-12
-8
-7
-8
-9
-13
-9
-6
-3
2
0
6
7
6
9
10
14
19
20
20
22
25
23
24
24
22
23
24
27
26
30
29
31
28
27
25
18
20
19
18
20
19
21
21
20
17
14
11
6
4
2
0
-1
-2
-4
-5
-5
-8
-7
-7
-6
-11
-15
-19
-16
-16
-19
-18
-19
-17
-17
-18
-17
-17
-19
-18
-18
-17
-18
-19
-20
-20
-19
-21
-20
-19
-16
-15
-17
-16
-17
-18
-16
-16
-17
-17
-16
-14
-15
-12
-12
-11
-8
-8
-7
-3
0
4
8
7
13
15
15
17
18
21
20
25
28
28
28
26
28
29
30
31
33
34
34
31
34
34
34
36
33
29
27
23
21
20
16
16
14
16
17
16
13
12
12
11
8
9
6
2
0
-3
-4
-9
-13
-14
-17
-19
-21
-23
-21
-22
-24
-25
-24
-25
-23
-25
-27
-29
-29
-32
-36
-40
-41
-43
-42
-40
-39
-36
-33
-32
-30
-28
-25
-20
-16
-13
-11
-11
-14
-12
-12
-13
-12
-9
-8
-6
-2
-1
2
3
4
6
7
9
12
14
17
18
20
20
20
20
19
21
22
24
24
23
23
22
20
23
22
24
26
24
27
23
20
21
20
20
18
16
16
15
14
14
12
13
10
10
6
4
6
5
3
4
1
-2
-3
-5
-7
-11
-10
-12
-12
-13
-17
-20
-25
-26
-25
-27
-27
-26
-26
-28
-27
-29
-29
-28
-28
-30
-29
-28
-28
-23
-24
-22
-20
-18
-17
-13
-13
-12
-9
-7
-4
-4
-2
0
3
5
7
11
12
14
19
20
21
23
25
26
27
30
28
29
27
26
27
28
26
26
25
23
24
23
21
21
22
19
16
16
14
14
13
11
11
8
4
2
0
-1
-3
-4
-6
-8
-8
-9
-10
-8
-9
-10
-10
-10
-10
-11
-10
-12
-13
-16
-15
-13
-14
-16
-14
-16
-14
-13
-12
-10
-10
-10
-10
-10
-10
-11
-11
-12
-13
-13
-14
-16
-13
-13
-15
-13
-13
-13
-12
-11
-10
-7
-7
-7
-6
-5
-6
-5
-4
-2
-1
0
1
1
2
5
6
9
12
13
14
15
16
17
17
17
17
18
18
17
16
16
15
15
15
16
16
16
16
15
15
14
13
13
11
10
9
8
6
4
4
3
1
0
-2
-2
-2
-1
-1
-1
-2
-3
-6
-6
-7
-6
-7
-8
-8
-8
-8
-7
-8
-6
-6
-5
-3
-1
0
0
0
-1
-2
-2
-1
-4
-3
-3
-2
-3
-4
-4
-4
-4
-5
-5
-5
-5
-5
-5
-8
-9
-9
-9
-11
-12
-13
-13
-13
-14
-14
-14
-14
-15
-12
-10
-10
-9
-9
-8
-7
-7
-6
-5
-4
-4
-3
-1
0
1
2
5
