-2
0
-2
-1
0
-2
0
-1
-2
-1
-1
0
0
-1
-1
-1
-2
-2
-1
0
-2
1
-1
0
1
-1
1
2
-1
3
5
3
3
6
5
6
5
3
9
7
6
11
7
6
10
6
8
10
6
8
9
7
9
7
2
7
3
2
7
3
3
6
2
3
5
1
4
4
-1
3
2
-1
1
-1
-4
-2
-4
-6
-2
-6
-5
-4
-9
-7
-6
-10
-8
-7
-11
-8
-8
-10
-8
-11
-12
-9
-12
-11
-9
-11
-10
-9
-9
-8
-8
-10
-7
-6
-8
-5
-5
-6
-4
-5
-5
-3
-4
-4
-1
-2
-2
-2
-3
-2
1
-4
-1
1
-2
0
0
0
0
-1
-2
2
-1
-2
3
-1
0
2
-1
0
5
-2
3
6
-1
7
4
0
7
4
2
10
5
4
12
3
7
11
3
9
10
4
12
11
5
13
8
7
12
7
10
13
7
10
12
4
9
9
4
9
8
7
9
9
5
9
5
4
5
4
1
3
0
0
0
-3
-3
-1
-3
-3
3
-5
0
-1
-4
-4
-3
-7
-3
-4
-8
-4
-6
-11
-4
-9
-8
-3
-9
-6
-2
-7
-5
-2
-10
-6
-4
-12
-3
-7
-12
-2
-9
-10
-5
-9
-10
-3
-11
-8
-3
-13
-4
-8
-7
-10
-5
-12
-6
-7
-11
-6
-9
-8
-6
-6
-8
-6
-5
-8
-2
-7
-3
-3
-6
-3
-4
0
-2
2
-2
1
0
1
2
1
2
2
5
2
3
4
4
4
4
3
4
5
3
8
5
3
5
4
3
4
4
3
8
3
4
5
4
3
7
5
6
10
4
8
8
4
6
10
0
8
6
0
7
3
1
8
4
0
11
1
4
8
1
5
7
-1
4
6
-6
5
0
-3
4
-1
-4
1
-3
-9
3
-10
-7
-2
-13
-8
-9
-14
-11
-7
-19
-5
-10
-13
-3
-11
-7
-2
-5
-5
3
-6
-2
0
-6
-1
1
-7
-1
-3
-9
0
-3
-6
-2
-2
-8
2
-5
-5
4
-6
-2
2
-4
-4
4
-5
-1
5
-11
4
-3
-8
0
-2
-11
-2
-5
-19
2
-19
-14
-5
-18
-14
-5
-19
-13
-2
-21
-6
-2
-21
4
-6
-11
5
-1
-9
12
-4
-3
15
-5
5
16
-1
12
16
2
19
15
10
19
19
8
29
18
16
33
21
30
35
31
35
48
35
49
50
43
53
55
47
59
54
45
60
42
43
47
34
35
38
23
27
28
10
28
15
14
16
14
8
18
10
9
21
1
16
8
6
12
8
7
7
7
1
10
3
5
12
0
5
4
-5
1
-5
-11
-8
-21
-21
-30
-31
-45
-36
-55
-52
-56
-69
-62
-72
-75
-72
-75
-78
-74
-80
-82
-82
-84
-93
-85
-98
-95
-100
-107
-109
-107
-117
-112
-113
-121
-115
-115
-115
-115
-97
-116
-87
-97
-92
-72
-79
-71
-60
-60
-66
-39
-58
-39
-29
-43
-20
-17
-22
-1
9
-4
35
25
32
63
48
71
87
84
98
119
102
129
133
122
147
140
134
158
138
148
158
141
154
155
143
151
146
137
141
138
120
139
116
113
125
90
109
86
85
75
68
58
49
50
26
38
19
8
7
-11
-16
-21
-33
-38
-44
-54
-62
-65
-76
-85
-78
-101
-99
-105
-119
-121
-127
-138
-138
-139
-157
-153
-162
-179
-175
-192
-210
-207
-223
-239
-233
-259
-268
-262
-285
-283
-273
-303
-288
-285
-300
-277
-262
-282
-237
-245
-236
-195
-209
-179
-154
-150
-132
-91
-100
-54
-30
-22
28
50
72
127
146
185
238
260
311
353
389
438
484
518
557
594
606
642
664
670
696
684
689
676
655
644
610
589
552
534
500
459
429
366
335
282
237
204
159
124
76
38
0
-38
-64
-102
-115
-143
-159
-168
-190
-200
-227
-236
-252
-263
-271
-288
-286
-291
-302
-312
-331
-332
-349
-356
-374
-388
-402
-441
-458
-477
-497
-510
-520
-542
-565
-560
-613
-604
-621
-653
-648
-674
-692
-690
-692
-731
-681
-740
-718
-716
-727
-718
-693
-692
-666
-603
-613
-533
-463
-398
-249
-121
-31
126
220
374
518
696
788
949
998
1035
1105
1085
1093
1099
1036
1008
980
928
879
859
771
711
689
593
582
527
452
427
349
294
243
194
139
108
77
34
74
58
92
157
171
224
265
304
372
418
459
479
498
483
485
449
384
347
274
207
181
120
95
70
23
8
-2
-22
-36
-49
-89
-92
-109
-142
-130
-149
-178
-186
-221
-235
-246
-264
-277
-287
-318
-361
-372
-432
-463
-498
-544
-567
-607
-662
-691
-737
-762
-818
-862
-913
-942
-975
-1024
-1037
-1082
-1067
-1108
-1088
-1117
-1112
-1131
-1115
-1123
-1107
-1046
-1000
-856
-720
-543
-341
-161
-6
247
438
668
904
1040
1149
1277
1259
1313
1327
1242
1208
1133
1027
987
932
813
781
665
540
529
420
341
312
200
132
92
-3
-52
-72
-131
-146
-124
-151
-112
-74
-52
53
116
176
264
338
408
508
575
631
697
733
742
771
741
715
692
646
636
605
586
551
544
504
490
482
447
426
388
338
322
268
228
172
112
51
-19
-66
-143
-190
-267
-318
-376
-444
-485
-544
-589
-615
-645
-662
-676
-683
-706
-710
-716
-733
-724
-737
-734
-735
-768
-781
-806
-810
-821
-823
-824
-837
-834
-880
-891
-920
-953
-974
-993
-1017
-1029
-1048
-1075
-1050
-1066
-999
-948
-811
-635
-489
-265
-137
52
268
466
643
865
956
1074
1154
1139
1197
1203
1123
1090
1040
931
918
829
726
685
574
482
461
376
325
309
235
185
168
102
99
120
79
119
149
178
253
319
377
497
572
634
738
815
909
985
1049
1066
1119
1107
1079
1068
997
951
892
816
744
684
580
503
422
308
244
158
60
0
-94
-171
-245
-323
-388
-421
-473
-518
-535
-568
-589
-599
-636
-643
-650
-671
-659
-676
-687
-682
-673
-663
-660
-674
-683
-689
-703
-714
-735
-749
-781
-813
-866
-921
-951
-1009
-1047
-1075
-1146
-1169
-1216
-1267
-1256
-1317
-1327
-1334
-1368
-1377
-1371
-1378
-1327
-1253
-1183
-1040
-861
-661
-402
-218
-20
223
477
714
962
1107
1256
1368
1387
1464
1469
1458
1423
1380
1321
1279
1229
1144
1086
1000
906
851
760
679
617
518
460
377
320
270
251
198
188
220
211
281
319
383
498
571
664
739
808
869
955
1011
1018
1070
1029
1008
968
891
877
806
737
693
607
547
497
405
345
267
194
123
70
-18
-79
-137
-238
-268
-347
-385
-418
-476
-487
-524
-555
-581
-603
-629
-649
-660
-696
-696
-716
-750
-753
-793
-808
-827
-876
-897
-931
-970
-988
-1049
-1066
-1138
-1170
-1234
-1293
-1315
-1353
-1347
-1394
-1381
-1422
-1452
-1457
-1478
-1491
-1464
-1486
-1456
-1420
-1406
-1317
-1189
-995
-718
-436
-182
79
358
680
979
1282
1506
1679
1831
1864
1924
1916
1870
1778
1662
1556
1435
1341
1183
1049
902
721
616
471
356
297
170
97
11
-52
-100
-104
-96
-103
-39
-13
75
177
248
402
522
645
789
895
1047
1145
1247
1298
1346
1362
1322
1313
1241
1198
1141
1046
982
886
798
717
623
535
455
382
302
226
152
55
-11
-97
-166
-226
-276
-322
-367
-405
-454
-490
-537
-590
-625
-687
-756
-806
-854
-902
-942
-985
-1030
-1044
-1075
-1093
-1103
-1125
-1144
-1150
-1176
-1183
-1233
-1289
-1313
-1355
-1363
-1406
-1408
-1449
-1465
-1499
-1527
-1519
-1547
-1535
-1549
-1564
-1545
-1525
-1495
-1379
-1282
-1026
-736
-438
-144
137
410
788
1096
1382
1652
1776
1904
1939
1920
1907
1853
1720
1601
1472
1323
1237
1083
921
818
646
524
442
317
217
128
17
-48
-111
-179
-193
-167
-157
-96
-17
63
205
336
496
685
839
980
1127
1268
1371
1462
1501
1495
1470
1383
1299
1232
1129
1039
951
835
758
695
621
560
509
424
377
315
232
169
80
-16
-84
-169
-234
-273
-300
-327
-348
-391
-449
-469
-506
-536
-584
-660
-752
-829
-899
-966
-1025
-1095
-1144
-1178
-1220
-1233
-1248
-1290
-1298
-1337
-1408
-1437
-1500
-1556
-1578
-1659
-1694
-1730
-1783
-1811
-1811
-1836
-1820
-1817
-1843
-1794
-1772
-1687
-1591
-1453
-1249
-900
-565
-175
148
433
855
1219
1581
1851
2038
2140
2226
2160
2140
2044
1897
1732
1603
1444
1341
1228
1048
955
779
632
525
365
248
122
9
-85
-164
-231
-261
-233
-215
-149
-42
53
208
361
567
787
954
1099
1229
1356
1453
1515
1507
1459
1374
1271
1154
1061
956
860
782
713
671
646
666
663
692
675
646
632
552
501
418
325
244
169
89
17
-12
-61
-98
-144
-221
-276
-368
-452
-546
-675
-799
-928
-1044
-1162
-1265
-1346
-1437
-1487
-1541
-1568
-1601
-1625
-1659
-1700
-1727
-1762
-1785
-1822
-1851
-1878
-1911
-1946
-1939
-1997
-1995
-2054
-2085
-2095
-2127
-2139
-2067
-2009
-1855
-1556
-1268
-819
-356
25
416
924
1288
1807
2075
2238
2355
2387
2237
2188
1995
1747
1593
1339
1169
1086
934
820
771
641
580
534
415
328
262
130
76
-1
-100
-93
-71
-7
106
232
389
616
827
1056
1324
1519
1663
1787
1809
1838
1810
1669
1489
1242
991
796
635
474
391
338
294
361
433
545
699
801
889
953
947
906
853
746
644
558
429
336
254
178
139
73
-27
-116
-218
-351
-460
-623
-797
-947
-1112
-1255
-1391
-1509
-1620
-1683
-1773
-1828
-1875
-1914
-1950
-1977
-2038
-2066
-2089
-2130
-2114
-2130
-2102
-2123
-2116
-2161
-2152
-2248
-2241
-2319
-2349
-2364
-2330
-2210
-1999
-1615
-1149
-604
-52
430
934
1477
2001
2421
2662
2723
2670
2582
2260
2029
1628
1273
982
729
569
494
416
364
413
424
441
507
438
459
429
307
288
197
184
207
310
418
595
797
972
1232
1434
1640
1849
1875
1895
1808
1651
1507
1274
973
618
302
-14
-234
-366
-418
-342
-169
16
243
493
753
1009
1217
1367
1420
1476
1339
1270
1105
882
768
586
468
395
291
203
124
6
-165
-269
-457
-616
-742
-960
-1085
-1232
-1368
-1433
-1525
-1581
-1627
-1653
-1710
-1774
-1817
-1906
-1944
-2001
-2094
-2109
-2185
-2210
-2280
-2334
-2434
-2482
-2591
-2709
-2832
-2939
-3000
-2936
-2780
-2528
-1949
-1259
-474
263
948
1554
2380
2900
3281
3402
3204
2931
2521
1885
1362
774
257
-97
-319
-475
-398
-320
-239
30
154
328
467
414
430
431
394
415
429
487
653
947
1176
1521
1780
1976
2233
2340
2406
2345
2058
1726
1351
955
543
134
-273
-575
-726
-876
-877
-778
-532
-133
265
682
1008
1309
1572
1748
1853
1847
1780
1643
1449
1230
991
758
570
419
278
195
133
47
-57
-172
-332
-472
-613
-777
-882
-1006
-1038
-1057
-1082
-1073
-1059
-1007
-988
-954
-1031
-1080
-1149
-1238
-1312
-1460
-1607
-1774
-1955
-2148
-2370
-2614
-2905
-3187
-3439
-3631
-3774
-3793
-3790
-3543
-3048
-2204
-1177
-156
762
1448
2312
3007
3592
3698
3534
3068
2533
1781
946
142
-612
-1145
-1450
-1605
-1497
-1314
-1102
-813
-509
-274
-70
-9
-35
52
116
252
424
615
965
1473
1984
2507
2911
3183
3330
3351
3165
2846
2319
1626
941
272
-267
-688
-1005
-1168
-1086
-856
-547
-203
164
589
1139
1546
1894
2086
2144
2168
2143
2029
1867
1674
1395
1212
951
706
440
151
-67
-180
-289
-384
-454
-589
-663
-680
-750
-793
-858
-910
-879
-840
-804
-776
-767
-682
-534
-431
-348
-295
-315
-297
-376
-565
-790
-1145
-1513
-1958
-2412
-2884
-3269
-3693
-3999
-4073
-4230
-4041
-3858
-3437
-2763
-1714
-588
468
1493
1987
2807
3257
3609
3534
3123
2441
1755
915
-73
-822
-1547
-2056
-2206
-2345
-2128
-1811
-1568
-1228
-944
-712
-530
-432
-496
-348
-134
134
559
954
1451
2182
2791
3354
3653
3707
3619
3344
2829
2153
1409
553
-129
-667
-1013
-1077
-993
-781
-385
55
576
962
1290
1535
1764
1993
2171
2275
2303
2297
2266
2227
2137
1921
1687
1287
870
440
-128
-571
-978
-1286
-1393
-1371
-1303
-1148
-984
-836
-632
-580
-637
-706
-835
-907
-907
-969
-933
-811
-587
-283
-19
187
288
342
167
-109
-597
-1165
-1741
-2382
-3007
-3502
-3837
-3930
-3933
-3809
-3427
-3000
-2323
-1712
-708
324
1374
2123
2496
2924
3266
3601
3340
2815
2127
1251
546
-529
-1324
-2016
-2561
-2745
-2835
-2609
-2336
-1981
-1720
-1367
-991
-834
-664
-656
-479
-102
185
589
941
1417
2007
2441
2781
2854
2796
2476
2013
1457
820
271
-352
-800
-926
-819
-463
-124
294
814
1357
1728
1816
1799
1764
1881
1885
1921
2037
2186
2468
2617
2606
2554
2402
2071
1661
1048
326
-272
-942
-1402
-1648
-1729
-1526
-1248
-980
-663
-371
-287
-267
-468
-786
-975
-1238
-1384
-1424
-1406
-1139
-729
-393
-73
136
161
108
-141
-697
-1229
-1852
-2452
-2862
-3270
-3562
-3459
-3299
-2960
-2399
-1996
-1369
-778
-23
868
1760
2356
2666
2924
3111
3468
3280
2811
2230
1311
618
-465
-1357
-2064
-2600
-2857
-2976
-2727
-2418
-1948
-1689
-1378
-911
-681
-474
-567
-542
-261
-38
224
346
596
999
1306
1491
1380
1257
944
572
149
-338
-583
-853
-948
-815
-459
135
682
1103
1490
1885
2204
2214
2035
1779
1658
1652
1656
1740
2128
2595
2978
3144
2990
2835
2542
2062
1334
735
7
-541
-1004
-1437
-1389
-1247
-984
-639
-407
-149
24
-40
-342
-594
-940
-1192
-1363
-1577
-1457
-1255
-1044
-755
-627
-508
-532
-718
-1025
-1398
-1773
-2182
-2521
-2781
-2823
-2783
-2701
-2466
-2191
-1783
-1263
-938
-499
243
1193
2020
2692
2856
3230
3547
3720
3453
2905
2120
1251
425
-800
-1486
-2062
-2440
-2423
-2369
-1863
-1243
-895
-680
-458
-240
-197
-300
-713
-724
-501
-344
-95
-10
249
662
749
655
398
6
-435
-951
-1430
-1658
-1546
-1499
-1143
-565
223
1121
1696
1945
2154
2224
2072
1691
1142
787
721
692
782
1154
1669
2394
2983
3265
3375
3252
2791
2134
1414
728
283
-151
-548
-648
-597
-370
-159
-159
-83
6
-31
-267
-607
-983
-1143
-1237
-1369
-1311
-1233
-1053
-851
-800
-753
-854
-1129
-1476
-1848
-2192
-2369
-2538
-2629
-2620
-2495
-2292
-2084
-1939
-1821
-1670
-1373
-1020
-640
223
1300
2303
3088
3348
3512
3882
3767
3380
2573
1643
631
-133
-1257
-1731
-1851
-1948
-1550
-1255
-701
2
153
76
88
3
-131
-322
-729
-613
-153
97
423
546
615
847
574
-41
-586
-1286
-1889
-2351
-2650
-2502
-1907
-1377
-687
213
1091
1933
2297
2139
1998
1764
1266
767
299
137
338
520
685
1126
1645
2140
2483
2532
2523
2470
2025
1528
1086
803
720
690
489
576
542
499
345
7
-195
-386
-581
-766
-834
-857
-813
-756
-745
-637
-616
-715
-878
-1161
-1308
-1564
-1884
-2174
-2388
-2389
-2401
-2286
-2255
-2140
-2134
-2197
-2218
-2348
-2277
-2285
-2010
-1625
-918
240
1606
2763
3588
3816
3897
3797
3512
2812
1878
979
-46
-607
-1319
-1521
-1377
-1232
-818
-460
6
338
297
40
-90
-53
-154
-183
-239
74
708
1029
1172
1075
872
652
95
-642
-1278
-1822
-2248
-2467
-2319
-1880
-1162
-618
-121
543
1148
1561
1622
1423
1323
1266
1027
784
689
804
996
1019
913
989
1139
1162
1144
1226
1350
1602
1526
1373
1340
1359
1388
1201
954
695
516
170
-256
-495
-664
-699
-623
-523
-242
-99
-67
-96
-200
-309
-489
-834
-1186
-1356
-1473
-1649
-1796
-2034
-2053
-2140
-2233
-2302
-2316
-2368
-2419
-2460
-2583
-2486
-2448
-2300
-1958
-1330
-687
439
1594
2738
3415
3645
3400
3223
2766
2173
1443
590
-262
-705
-1233
-1336
-1093
-1045
-651
-307
122
508
445
196
193
229
245
281
239
511
1065
1221
1293
1121
766
455
-161
-838
-1277
-1674
-1958
-2022
-1852
-1362
-717
-273
109
633
1079
1458
1523
1417
1416
1400
1238
1025
948
1004
1089
994
794
746
808
885
862
1087
1313
1495
1541
1335
1278
1188
1100
850
574
383
147
0
-380
-495
-520
-688
-563
-476
-283
-128
-137
-148
-140
-207
-412
-663
-1056
-1263
-1358
-1684
-1907
-2087
-2221
-2267
-2332
-2357
-2250
-2330
-2302
-2299
-2392
-2286
-2326
-2173
-1968
-1340
-671
559
1995
2928
3626
3385
3212
2835
2196
1356
525
-262
-870
-1149
-1505
-1235
-854
-677
-286
0
350
603
224
-36
29
158
329
373
462
959
1460
1472
1333
949
493
48
-662
-1190
-1436
-1726
-1818
-1685
-1281
-657
-151
41
326
726
1067
1267
1237
1266
1452
1514
1386
1225
1191
1233
1208
964
747
689
681
742
753
1073
1541
1773
1808
1660
1502
1276
967
750
452
268
5
-274
-510
-709
-616
-772
-730
-431
-178
6
-32
-76
-119
-285
-610
-984
-1412
-1685
-1743
-1954
-2143
-2122
-2310
-2270
-2322
-2233
-2135
-2275
-2347
-2443
-2460
-2453
-2279
-2077
-1663
-867
256
1709
2973
3436
3527
2971
2582
1969
1192
366
-90
-642
-762
-1009
-1001
-602
-474
-313
-91
51
301
201
-118
-11
309
550
714
753
964
1411
1344
1110
795
292
-134
-649
-1121
-1225
-1352
-1515
-1469
-1183
-708
-243
-49
115
563
923
1204
1281
1297
1437
1494
1331
1106
977
996
1020
990
875
884
872
857
1047
1224
1510
1619
1683
1636
1604
1566
1262
1085
807
585
315
-100
-338
-510
-602
-539
-491
-311
-59
58
64
-13
-154
-405
-730
-1090
-1370
-1593
-1816
-1889
-1991
-2099
-2163
-2250
-2261
-2246
-2390
-2529
-2666
-2675
-2520
-2451
-2183
-1874
-1312
-805
152
1459
2486
3171
2938
2605
2206
1810
1360
592
212
-216
-404
-727
-1004
-718
-711
-635
-435
-259
140
191
47
151
449
707
714
651
700
1024
988
682
471
81
-242
-670
-1108
-1226
-1349
-1577
-1672
-1498
-1017
-546
-272
-40
415
825
1050
1158
1161
1229
1277
1154
1059
979
974
973
954
946
891
820
768
828
1071
1348
1485
1635
1743
1816
1808
1649
1451
1164
849
505
170
-125
-333
-381
-448
-309
-126
-8
85
74
15
-82
-303
-570
-789
-1001
-1190
-1240
-1438
-1535
-1697
-1949
-2105
-2257
-2361
-2516
-2598
-2671
-2567
-2499
-2444
-2217
-1893
-1402
-931
-265
896
2047
2738
2716
2428
2068
1783
1532
904
603
268
-108
-367
-854
-790
-798
-913
-779
-478
-115
168
137
168
486
728
676
600
555
728
796
538
435
220
-134
-483
-868
-1064
-1181
-1480
-1642
-1515
-1112
-696
-369
-125
251
589
736
825
845
922
979
972
968
1061
1081
1063
971
807
652
489
402
432
654
1064
1409
1672
1881
1944
1882
1726
1535
1281
925
586
277
-10
-211
-285
-272
-277
-98
-14
12
-15
-88
-222
-372
-571
-668
-784
-855
-863
-942
-1098
-1362
-1657
-2014
-2156
-2278
-2365
-2533
-2630
-2546
-2456
-2363
-2151
-1894
-1267
-888
134
1145
2125
2580
2405
2230
1860
1834
1601
1188
1008
532
285
-249
-659
-780
-995
-944
-638
-280
2
217
133
350
567
531
509
482
631
876
835
741
662
375
-47
-433
-789
-979
-1125
-1431
-1372
-1098
-759
-476
-324
-111
201
384
419
473
603
791
974
1028
1115
1103
1044
1022
880
652
333
125
142
364
676
840
1035
1222
1395
1491
1420
1354
1195
1028
853
603
343
92
-113
-194
-149
-132
-163
-181
-222
-221
-305
-444
-545
-653
-661
-681
-666
-706
-809
-1009
-1305
-1566
-1866
-2048
-2143
-2180
-2155
-2224
-2163
-2151
-2089
-1977
-1824
-1290
-963
-73
910
1758
2191
2123
2037
1750
1661
1646
1257
1128
681
390
-111
-572
-753
-1000
-888
-635
-272
-63
114
86
91
296
261
240
315
487
801
842
808
642
322
-40
-440
-722
-896
-943
-1017
-942
-700
-487
-365
-305
-264
-129
55
172
256
489
734
962
1102
1113
1100
987
917
853
687
439
266
271
358
609
835
912
1105
1217
1325
1320
1147
985
798
594
421
197
-34
-119
-119
-107
-93
-163
-247
-286
-388
-450
-515
-560
-558
-560
-569
-592
-644
-834
-1035
-1316
-1553
-1740
-1945
-2047
-2119
-2084
-2120
-2039
-2042
-2066
-2038
-1837
-1423
-927
12
1058
1778
2026
1957
1830
1684
1647
1595
1321
1153
836
500
-7
-333
-571
-722
-587
-326
-84
29
13
-80
-2
105
137
151
310
618
856
843
669
411
85
-222
-502
-683
-676
-665
-608
-470
-303
-223
-279
-360
-405
-285
-119
57
282
617
932
1104
1129
1057
969
902
744
611
574
558
527
442
501
592
710
958
1150
1289
1249
1162
949
662
624
512
318
240
129
100
-28
-126
-244
-414
-452
-471
-491
-573
-476
-449
-452
-420
-522
-643
-780
-942
-1126
-1414
-1605
-1711
-1778
-1823
-1876
-1920
-2044
-2044
-2115
-2173
-2086
-1841
-1347
-892
-10
907
1545
1734
1530
1519
1380
1588
1570
1339
1274
950
827
225
-84
-300
-408
-324
-245
-24
-39
38
-66
-82
108
188
268
279
472
712
655
477
142
-71
-231
-279
-389
-429
-343
-280
-274
-314
-297
-283
-309
-294
-167
47
265
441
630
834
1003
998
881
760
775
835
769
620
647
804
1020
980
880
814
862
1114
1201
1214
1090
929
866
719
574
391
219
118
130
99
-39
-232
-437
-411
-360
-327
-361
-416
-392
-387
-466
-664
-873
-1053
-1121
-1200
-1340
-1544
-1694
-1778
-1871
-1969
-2091
-2275
-2355
-2283
-2204
-2041
-1816
-1492
-1134
-553
213
822
968
854
772
869
1172
1378
1300
1092
919
852
493
72
-252
-346
-190
74
195
181
116
69
79
75
144
201
247
389
590
641
520
253
14
-117
-124
-75
-115
-177
-162
-96
-113
-158
-210
-240
-219
-103
64
221
348
497
617
736
835
814
714
700
799
881
856
789
793
897
1017
1066
982
895
1025
1182
1266
1191
1023
902
792
690
520
289
136
131
134
57
-100
-277
-317
-308
-289
-347
-413
-427
-423
-474
-580
-705
-815
-881
-944
-1022
-1141
-1280
-1425
-1543
-1625
-1653
-1663
-1694
-1700
-1697
-1646
-1533
-1414
-1261
-1042
-644
-43
476
649
624
430
464
708
834
865
686
500
460
321
82
-64
-183
-81
190
359
452
307
120
64
118
270
358
288
296
454
593
571
299
30
-83
9
182
189
101
72
59
55
7
-86
-153
-171
-102
79
227
318
366
369
403
480
470
405
366
362
472
526
521
541
613
742
882
946
984
1072
1176
1232
1197
1042
884
738
560
412
260
153
90
26
-54
-142
-243
-301
-375
-419
-427
-381
-324
-286
-284
-295
-319
-388
-449
-516
-572
-625
-711
-802
-891
-966
-1005
-1054
-1134
-1246
-1339
-1398
-1391
-1356
-1304
-1231
-1117
-822
-486
-273
-253
-393
-501
-428
-306
-197
-179
-266
-256
-259
-247
-167
-108
-64
73
179
318
384
292
202
181
309
444
468
401
400
431
486
464
354
298
315
425
512
548
550
525
510
505
487
480
449
436
452
496
518
527
526
502
500
433
360
266
202
184
158
156
182
257
388
507
608
681
784
859
895
875
822
771
682
600
487
423
382
353
302
226
140
72
8
-62
-72
-90
-87
-79
-58
-47
-86
-177
-325
-448
-544
-634
-729
-849
-908
-928
-974
-1059
-1175
-1300
-1411
-1515
-1613
-1681
-1705
-1672
-1550
-1389
-1201
-1076
-1076
-1140
-1162
-1108
-1004
-808
-687
-554
-427
-355
-264
-135
-18
115
266
355
443
469
462
464
527
630
693
675
643
616
631
603
475
375
337
429
605
731
781
783
761
738
682
600
516
447
424
449
503
538
579
583
582
550
471
356
188
93
42
15
-15
-34
-7
109
282
420
527
583
639
716
748
773
769
757
790
801
799
772
741
708
678
623
578
515
463
424
411
390
342
290
187
102
-7
-135
-315
-446
-533
-599
-656
-750
-853
-944
-1053
-1183
-1302
-1454
-1532
-1595
-1645
-1664
-1625
-1523
-1375
-1223
-1203
-1266
-1325
-1299
-1193
-985
-829
-705
-574
-484
-363
-234
-110
54
217
333
435
477
506
534
574
639
682
739
752
708
644
544
436
377
341
368
455
544
619
621
541
441
354
293
255
200
155
153
185
226
249
245
226
207
183
167
136
74
-4
-96
-164
-175
-159
-118
-53
68
211
326
398
462
517
566
639
702
778
853
909
956
976
975
933
859
788
753
747
722
649
574
496
419
313
169
14
-108
-207
-326
-446
-592
-721
-846
-951
-1073
-1180
-1318
-1431
-1489
-1571
-1653
-1740
-1787
-1748
-1608
-1492
-1392
-1335
-1339
-1351
-1304
-1228
-1024
-836
-716
-603
-550
-445
-291
-149
4
167
314
499
588
631
653
664
760
840
848
854
826
827
789
650
509
390
369
440
494
526
531
473
403
322
212
119
53
2
-3
22
58
73
34
5
-4
-4
9
44
79
106
109
60
-2
-49
-30
24
114
232
338
447
538
611
674
721
763
836
932
1046
1130
1157
1163
1158
1136
1097
1059
1017
996
964
908
833
716
582
422
243
64
-87
-216
-350
-476
-606
-751
-909
-1066
-1191
-1287
-1378
-1459
-1533
-1595
-1646
-1719
-1768
-1772
-1659
-1499
-1389
-1337
-1331
-1329
-1246
-1133
-992
-783
-631
-483
-405
-364
-270
-112
73
273
393
509
613
669
710
705
717
771
812
823
804
744
691
578
452
338
270
281
313
327
323
268
175
80
-28
-103
-169
-235
-260
-274
-276
-225
-196
-179
-173
-171
-145
-75
22
89
126
120
120
127
139
189
270
383
508
611
682
751
798
842
900
954
1038
1155
1254
1329
1349
1338
1312
1256
1240
1253
1247
1202
1108
1000
887
763
619
449
265
143
17
-147
-325
-520
-689
-836
-988
-1132
-1254
-1353
-1427
-1524
-1644
-1735
-1812
-1842
-1806
-1733
-1583
-1466
-1389
-1363
-1375
-1311
-1175
-1023
-839
-682
-563
-448
-376
-297
-163
-21
156
309
388
478
533
568
605
615
645
697
713
726
692
600
517
390
297
264
262
295
338
339
298
198
70
-21
-84
-135
-185
-240
-264
-241
-222
-218
-234
-261
-269
-249
-199
-135
-85
-43
-19
-4
21
40
68
157
261
379
476
538
610
678
718
743
766
832
940
1034
1095
1126
1142
1141
1111
1073
1064
1084
1094
1063
988
875
760
627
484
324
188
81
-37
-173
-320
-474
-621
-763
-919
-1058
-1172
-1261
-1356
-1476
-1591
-1685
-1754
-1756
-1700
-1598
-1458
-1377
-1363
-1386
-1371
-1269
-1109
-937
-774
-669
-577
-492
-397
-275
-135
16
156
274
393
462
485
500
508
563
605
634
659
664
646
586
489
414
381
394
404
424
421
391
339
254
198
160
134
98
53
-3
-32
-38
-58
-65
-91
-120
-135
-131
-85
-50
-27
-27
-44
-59
-63
-46
4
80
167
271
348
404
455
493
519
553
607
701
812
877
896
922
934
956
960
954
986
1018
1048
1022
955
881
801
714
606
496
398
303
194
77
-50
-200
-324
-464
-615
-727
-863
-970
-1099
-1218
-1320
-1414
-1471
-1515
-1520
-1423
-1294
-1209
-1173
-1215
-1237
-1191
-1092
-951
-803
-703
-608
-536
-475
-370
-273
-157
-37
76
172
227
251
271
287
348
394
434
478
489
480
452
385
313
274
279
329
395
422
413
375
312
274
234
178
131
93
81
99
118
109
80
52
30
6
-13
-21
-12
3
22
14
1
-6
-5
42
102
173
236
286
321
360
388
419
458
508
580
639
672
718
752
785
809
789
772
779
790
795
781
738
716
666
597
515
410
292
197
87
5
-91
-191
-291
-405
-522
-654
-779
-899
-1028
-1148
-1251
-1342
-1388
-1414
-1425
-1377
-1288
-1212
-1176
-1198
-1227
-1193
-1094
-958
-790
-641
-535
-448
-413
-370
-312
-226
-112
-4
74
128
184
206
239
288
322
337
339
332
333
339
335
295
264
280
330
405
444
441
412
351
296
250
184
151
138
153
192
217
224
216
186
156
125
92
67
78
98
114
132
126
147
170
199
242
276
317
363
395
421
439
433
445
490
539
586
628
632
648
650
630
601
581
563
546
530
503
477
436
374
282
190
75
-26
-112
-184
-242
-290
-361
-427
-514
-619
-737
-861
-960
-1023
-1103
-1164
-1187
-1229
-1203
-1148
-1088
-1033
-1012
-1046
-1036
-982
-864
-687
-532
-415
-326
-279
-239
-200
-158
-61
27
107
165
194
230
267
286
317
332
352
371
361
353
343
298
273
259
277
346
399
424
407
355
294
265
219
183
174
159
188
217
225
230
214
196
183
165
144
134
137
150
178
204
228
248
281
301
308
336
373
425
479
497
490
475
476
520
553
585
623
646
654
644
595
541
504
473
464
434
388
325
230
127
19
-98
-185
-264
-324
-363
-408
-482
-578
-671
-759
-827
-909
-992
-1061
-1130
-1166
-1199
-1222
-1186
-1118
-1026
-950
-940
-951
-937
-886
-753
-573
-422
-303
-214
-166
-98
-36
10
77
135
189
236
234
227
228
249
294
321
330
343
340
329
295
237
203
184
206
257
279
291
285
255
216
187
159
137
121
106
111
101
102
96
93
106
115
125
128
149
166
173
184
187
203
238
289
334
376
415
439
457
473
495
519
531
551
576
600
635
637
621
604
583
562
540
519
486
447
388
306
201
92
9
-68
-151
-227
-317
-405
-512
-618
-685
-747
-810
-862
-946
-1025
-1058
-1121
-1151
-1172
-1202
-1131
-1042
-965
-865
-859
-864
-814
-771
-644
-493
-385
-272
-194
-135
-46
10
105
213
274
344
364
348
361
339
331
326
311
358
388
397
404
355
282
237
183
180
227
241
261
243
183
167
124
81
63
29
13
12
-5
-11
4
2
25
35
50
78
107
142
176
196
224
248
264
309
337
395
457
496
547
567
554
552
539
547
579
591
608
639
624
603
557
483
441
393
347
303
250
202
149
75
-6
-112
-202
-275
-345
-397
-462
-541
-625
-719
-799
-840
-882
-892
-897
-934
-953
-965
-969
-902
-853
-802
-745
-720
-677
-617
-530
-407
-304
-241
-176
-143
-93
8
105
220
310
360
402
395
390
375
345
334
325
316
331
333
314
290
218
157
125
99
118
136
116
108
64
40
19
-9
2
0
-8
-15
-35
-39
-46
-65
-81
-74
-18
49
117
157
172
182
214
248
282
331
387
434
479
517
524
521
530
541
567
571
576
586
580
567
532
491
446
399
350
294
245
191
135
81
11
-62
-135
-219
-291
-335
-382
-429
-485
-558
-638
-705
-775
-809
-816
-813
-795
-806
-816
-823
-814
-751
-685
-635
-592
-581
-552
-479
-394
-286
-191
-118
-62
-21
21
72
125
192
275
327
384
402
382
363
323
287
265
222
210
188
149
112
63
24
11
-7
-20
-25
-71
-109
-146
-172
-163
-159
-155
-146
-130
-108
-96
-101
-101
-75
-50
-26
2
26
69
122
184
245
280
321
355
391
446
489
532
572
595
613
616
620
610
609
598
578
557
515
468
412
343
286
234
193
152
101
41
-29
-131
-238
-320
-387
-409
-418
-471
-511
-583
-649
-658
-671
-650
-635
-661
-660
-668
-667
-595
-544
-486
-401
-387
-355
-332
-323
-267
-212
-143
-55
13
99
145
155
190
187
211
264
296
322
336
306
301
287
258
253
232
180
149
77
4
-42
-111
-134
-161
-190
-215
-237
-259
-274
-306
-344
-356
-371
-352
-306
-276
-221
-201
-177
-147
-123
-61
-14
16
80
122
149
203
236
287
364
402
468
527
558
598
611
623
651
658
669
677
671
668
637
596
550
497
424
374
325
307
273
218
149
59
-28
-119
-187
-243
-267
-311
-355
-413
-486
-530
-562
-578
-561
-538
-521
-497
-502
-515
-518
-514
-488
-439
-368
-303
-238
-221
-199
-187
-150
-123
-86
-27
26
84
132
186
207
236
241
254
257
267
275
289
300
296
278
243
199
148
101
59
8
-51
-101
-150
-192
-231
-287
-317
-330
-337
-308
-307
-305
-303
-321
-312
-284
-243
-187
-136
-94
-37
-8
22
70
97
143
179
217
271
323
385
444
465
501
517
536
560
567
575
582
578
565
542
497
465
427
391
364
317
276
228
169
115
55
-12
-81
-140
-192
-232
-268
-337
-399
-443
-496
-519
-527
-532
-521
-498
-493
-480
-468
-481
-452
-423
-386
-350
-308
-278
-263
-224
-200
-171
-137
-110
-76
-32
-29
-12
-14
-9
28
47
86
120
147
180
204
196
190
183
179
180
179
162
143
120
74
30
-16
-55
-99
-131
-152
-158
-163
-173
-188
-190
-193
-200
-182
-174
-146
-100
-70
-46
-22
-7
45
106
154
209
239
261
287
294
308
331
362
391
419
456
488
496
502
500
500
499
465
446
435
410
386
335
277
241
204
192
167
119
72
22
-44
-93
-140
-191
-220
-249
-278
-304
-344
-386
-392
-394
-382
-363
-354
-346
-331
-317
-307
-291
-276
-252
-235
-211
-183
-166
-147
-141
-112
-82
-63
-51
-28
-30
-34
-36
-52
-45
-44
-27
-23
-11
2
3
1
13
22
20
22
4
-11
-21
-25
-37
-39
-45
-69
-92
-128
-138
-166
-162
-147
-148
-113
-101
-91
-52
-47
-29
10
22
65
120
141
181
214
218
251
254
265
289
298
315
332
335
333
329
318
307
304
322
330
328
311
271
246
233
203
186
161
140
125
107
74
52
13
-23
-40
-79
-107
-137
-156
-183
-204
-218
-233
-244
-251
-257
-252
-246
-245
-235
-232
-232
-210
-202
-180
-160
-164
-140
-124
-131
-125
-115
-105
-64
-52
-35
-8
-19
-23
-37
-48
-64
-83
-97
-103
-127
-125
-155
-168
-156
-170
-149
-132
-124
-106
-97
-102
-106
-114
-115
-113
-111
-112
-105
-115
-112
-113
-112
-94
-94
-77
-43
-8
35
68
95
125
149
176
215
250
273
289
292
312
324
309
309
300
290
293
281
280
267
245
241
234
206
201
202
195
185
175
153
136
116
93
68
33
-5
-18
-19
-21
-37
-60
-85
-111
-121
-108
-94
-84
-87
-100
-101
-107
-106
-104
-94
-70
-53
-48
-23
-24
-13
0
4
22
32
41
52
66
59
53
35
17
27
19
16
23
-6
-32
-56
-90
-118
-127
-141
-148
-154
-172
-177
-202
-209
-185
-174
-154
-152
-152
-154
-155
-160
-173
-173
-160
-154
-161
-160
-166
-163
-150
-150
-129
-110
-100
-69
-52
-27
9
35
59
90
116
144
175
188
202
209
218
236
232
222
219
197
183
179
168
165
157
149
161
144
126
110
95
107
108
109
101
77
55
33
14
3
-4
-8
-4
-8
-15
-15
-18
-23
-16
-5
4
24
30
39
35
29
17
15
33
44
55
64
62
51
59
64
75
85
87
76
78
69
47
56
39
32
27
6
-11
-44
-82
-93
-113
-134
-141
-164
-186
-199
-201
-207
-206
-216
-201
-192
-194
-176
-176
-171
-170
-165
-169
-164
-165
-161
-155
-158
-161
-160
-161
-154
-137
-116
-99
-85
-65
-45
-19
7
27
43
50
48
57
54
65
68
59
53
40
31
25
35
41
42
38
27
27
29
23
38
32
22
37
44
60
53
45
44
53
56
67
61
51
49
41
44
46
57
70
93
89
105
112
100
98
98
112
120
123
123
126
127
140
150
157
180
187
188
180
162
165
164
159
175
171
161
143
111
103
69
57
44
15
13
-22
-55
-68
-97
-113
-105
-113
-127
-123
-132
-134
-144
-156
-158
-151
-159
-159
-168
-189
-199
-220
-220
-214
-196
-192
-198
-208
-215
-207
-195
-180
-163
-145
-130
-106
-99
-90
-86
-90
-70
-59
-55
-48
-54
-64
-74
-83
-87
-80
-86
-87
-76
-73
-66
-70
-75
-77
-61
-41
-20
-6
5
34
44
49
56
56
63
79
93
116
140
143
166
184
185
204
205
221
243
250
249
255
244
246
258
268
301
312
320
327
319
291
274
266
285
353
385
370
325
289
277
304
305
279
204
136
118
104
93
87
40
-36
-62
-99
-127
-160
-179
-197
-202
-210
-239
-243
-271
-269
-250
-225
-219
-217
-255
-269
-269
-289
-302
-307
-309
-294
-274
-280
-282
-305
-302
-269
-245
-233
-206
-206
-204
-199
-207
-203
-196
-183
-169
-150
-150
-147
-154
-154
-152
-165
-154
-145
-158
-172
-166
-162
-134
-110
-94
-67
-47
-31
-18
-10
-4
7
14
36
65
69
75
95
111
141
170
206
232
243
242
231
222
231
257
286
314
328
337
324
319
325
337
352
357
349
336
325
305
279
258
251
251
244
233
228
201
172
143
107
70
26
-2
-27
-54
-79
-110
-148
-173
-179
-167
-156
-163
-174
-183
-186
-187
-179
-176
-178
-177
-189
-186
-185
-179
-176
-177
-168
-176
-181
-182
-180
-186
-195
-182
-177
-162
-149
-139
-128
-126
-119
-125
-132
-132
-116
-116
-120
-133
-133
-137
-153
-155
-166
-153
-145
-138
-148
-144
-132
-133
-126
-123
-115
-103
-77
-55
-50
-42
-31
-12
20
40
65
88
108
126
135
144
157
178
195
214
230
226
236
249
267
293
312
328
322
301
281
267
264
256
252
248
246
239
215
203
195
192
194
189
177
141
110
93
59
24
0
-22
-41
-63
-86
-118
-133
-124
-122
-119
-110
-106
-98
-96
-98
-102
-97
-91
-88
-88
-95
-110
-125
-138
-132
-119
-110
-118
-126
-135
-156
-154
-134
-116
-98
-83
-93
-102
-102
-97
-89
-82
-71
-73
-96
-129
-146
-168
-177
-172
-159
-139
-130
-123
-129
-142
-139
-133
-108
-71
-48
-53
-49
-58
-67
-56
-39
1
43
68
87
95
97
112
142
169
209
242
250
257
254
254
250
254
273
294
303
298
290
277
262
257
266
289
308
304
296
262
237
222
205
202
187
182
174
140
102
69
58
39
28
15
1
-5
-25
-48
-76
-98
-100
-96
-100
-102
-104
-115
-113
-115
-123
-114
-103
-106
-111
-124
-125
-136
-142
-141
-150
-160
-163
-170
-176
-183
-186
-188
-189
-181
-182
-179
-193
-201
-219
-232
-229
-227
-217
-217
-217
-229
-237
-254
-263
-254
-246
-223
-213
-206
-204
-220
-222
-203
-175
-142
-116
-93
-81
-67
-71
-70
-53
-39
-1
36
51
65
74
79
90
109
146
186
217
229
234
243
245
249
254
263
280
283
283
280
270
262
246
243
251
250
249
240
224
205
182
171
162
159
157
156
144
123
112
95
67
36
19
4
-9
-16
-38
-50
-52
-47
-46
-46
-39
-47
-53
-64
-69
-64
-70
-75
-84
-105
-122
-125
-132
-133
-139
-140
-143
-160
-167
-176
-190
-187
-181
-173
-173
-174
-174
-177
-181
-190
-198
-209
-203
-206
-204
-202
-203
-203
-200
-185
-176
-165
-157
-142
-129
-105
-82
-67
-56
-44
-43
-40
-28
-11
3
13
34
56
72
90
115
130
152
172
187
201
212
224
235
243
251
267
270
268
268
257
250
240
235
235
224
219
215
210
198
190
181
175
180
177
152
122
102
99
91
70
58
42
30
24
20
5
-9
-23
-41
-50
-62
-75
-89
-100
-104
-100
-102
-103
-107
-109
-104
-105
-112
-111
-108
-110
-111
-120
-133
-149
-158
-163
-165
-172
-172
-177
-178
-170
-171
-178
-177
-176
-174
-172
-166
-164
-166
-157
-142
-129
-133
-135
-136
-127
-116
-118
-100
-90
-73
-60
-55
-38
-32
-21
2
25
42
57
63
70
85
99
114
130
146
160
176
190
195
215
230
251
266
270
271
274
279
279
288
289
287
280
263
258
245
237
229
226
218
197
182
162
141
125
114
107
93
85
74
57
42
19
-2
-14
-18
-35
-67
-86
-104
-115
-132
-147
-155
-161
-162
-159
-165
-167
-162
-166
-164
-161
-158
-162
-164
-159
-155
-161
-173
-175
-177
-186
-185
-184
-178
-175
-167
-157
-165
-172
-176
-172
-169
-163
-159
-158
-158
-146
-138
-132
-124
-115
-95
-79
-69
-71
-70
-63
-48
-40
-28
-12
-3
21
38
49
52
54
68
85
98
110
119
132
151
171
182
188
202
200
210
214
214
219
220
233
248
252
257
250
243
241
233
230
224
219
217
206
194
176
163
157
154
146
123
105
99
91
82
73
53
47
41
31
19
-9
-29
-49
-66
-77
-95
-114
-135
-145
-149
-163
-177
-186
-190
-189
-186
-196
-209
-213
-201
-196
-193
-204
-208
-203
-202
-191
-183
-180
-174
-160
-154
-147
-143
-136
-120
-106
-99
-98
-104
-103
-85
-72
-72
-76
-72
-61
-49
-43
-42
-42
-39
-20
-7
-2
2
3
21
38
51
63
73
78
86
97
107
115
120
128
131
142
155
157
155
160
176
186
187
192
197
207
204
198
201
200
206
204
194
177
165
170
160
144
134
124
120
111
102
89
72
63
66
52
40
29
17
5
-9
-14
-37
-58
-74
-80
-88
-103
-117
-136
-149
-156
-160
-175
-180
-190
-187
-181
-192
-190
-197
-208
-207
-213
-219
-223
-222
-215
-209
-208
-206
-193
-186
-176
-165
-169
-166
-149
-136
-120
-112
-100
-85
-75
-66
-63
-65
-63
-49
-29
-3
12
19
36
43
44
56
55
58
80
100
107
107
109
115
126
137
142
148
141
150
170
169
167
169
174
177
184
190
184
176
179
186
201
208
214
214
214
209
202
209
200
194
190
188
183
176
169
158
152
139
122
103
85
70
46
30
16
13
0
-18
-33
-50
-55
-66
-76
-96
-119
-138
-154
-164
-179
-196
-210
-215
-214
-214
-225
-241
-246
-238
-233
-239
-246
-248
-249
-248
-244
-245
-248
-253
-244
-231
-226
-221
-216
-211
-190
-167
-151
-142
-129
-120
-113
-99
-91
-78
-65
-49
-30
-15
-6
-1
0
6
11
16
27
37
52
59
65
70
73
74
80
89
87
97
107
111
122
132
139
143
151
153
152
153
162
167
172
178
176
182
176
184
190
189
189
188
192
191
182
178
165
167
170
173
171
155
149
143
127
119
99
91
90
73
63
45
24
21
14
2
-13
-34
-44
-55
-62
-78
-94
-111
-123
-132
-139
-152
-170
-180
-182
-179
-192
-201
-214
-215
-211
-198
-189
-188
-176
-166
-154
-151
-147
-143
-129
-124
-113
-110
-106
-97
-88
-76
-67
-58
-50
-40
-28
-19
-18
-8
8
22
36
45
55
55
65
74
75
90
90
103
111
107
112
109
120
121
121
117
118
118
117
130
134
125
115
116
120
119
108
103
96
94
101
105
96
100
101
108
110
104
94
80
83
88
86
73
56
46
49
51
40
27
16
11
8
8
-4
-24
-38
-40
-41
-49
-68
-86
-98
-105
-107
-129
-144
-150
-152
-145
-145
-144
-142
-144
-142
-140
-149
-155
-164
-155
-143
-138
-137
-149
-150
-145
-142
-141
-138
-139
-129
-122
-117
-101
-97
-93
-90
-81
-69
-62
-53
-47
-42
-27
-10
6
17
28
40
41
53
64
73
82
86
90
93
97
102
112
107
109
103
105
108
101
98
102
111
112
111
102
102
98
97
95
97
98
107
118
134
142
131
121
119
124
125
119
119
114
119
128
122
117
110
107
101
91
76
58
51
50
43
28
20
5
-8
-12
-29
-42
-46
-43
-51
-61
-75
-85
-96
-110
-124
-128
-133
-147
-159
-168
-172
-172
-171
-172
-171
-168
-163
-163
-155
-152
-150
-146
-142
-130
-127
-120
-117
-110
-105
-103
-92
-78
-68
-60
-47
-43
-28
-22
-24
-26
-18
-4
1
11
7
13
28
37
42
46
47
46
47
54
60
73
75
72
75
77
75
75
82
89
93
94
93
85
80
78
81
87
83
80
77
68
71
73
76
77
76
84
82
84
79
83
80
84
84
77
79
77
79
76
77
77
68
71
68
59
54
50
37
29
16
10
8
-9
-14
-26
-32
-46
-56
-64
-72
-77
-80
-81
-91
-107
-112
-120
-130
-127
-125
-122
-125
-131
-128
-122
-117
-115
-117
-113
-104
-96
-85
-86
-81
-72
-62
-42
-35
-31
-24
-18
-22
-12
-4
-1
11
22
34
43
43
44
50
53
55
51
53
64
72
80
82
78
80
81
79
77
79
78
77
79
82
78
76
73
74
72
60
53
45
46
45
42
26
19
19
19
20
19
19
16
29
32
34
35
33
35
43
45
43
37
30
37
32
23
13
0
-4
-2
-7
-12
-23
-37
-42
-39
-45
-58
-66
-68
-77
-86
-94
-102
-107
-121
-128
-139
-145
-147
-148
-141
-132
-134
-142
-141
-133
-124
-126
-127
-123
-118
-116
-109
-111
-101
-97
-90
-74
-59
-43
-43
-36
-19
-12
-4
2
15
29
40
55
64
75
78
81
90
95
98
102
112
116
115
115
115
115
113
119
125
124
124
117
109
105
96
89
91
86
77
63
46
41
41
42
33
27
29
28
32
28
25
26
24
27
31
33
23
20
25
30
36
33
36
31
32
32
21
25
17
12
6
-3
-7
-8
-5
-15
-25
-34
-41
-48
-57
-58
-63
-59
-68
-74
-78
-83
-90
-106
-113
-122
-117
-112
-114
-121
-123
-122
-120
-113
-112
-108
-103
-101
-95
-89
-87
-88
-85
-72
-66
-52
-49
-46
-33
-20
-5
3
11
15
24
31
42
63
72
69
69
75
83
84
85
81
74
81
78
82
78
71
61
50
58
54
55
49
37
35
30
34
25
16
9
1
0
-5
-5
-9
-10
-20
-21
-13
-18
-18
-15
-12
-13
-12
-6
0
7
8
12
10
17
24
19
24
20
21
24
16
17
11
21
15
16
15
16
24
18
23
22
22
18
9
-2
-10
-11
-19
-23
-25
-34
-44
-57
-60
-64
-63
-65
-71
-68
-69
-67
-71
-68
-67
-66
-60
-55
-45
-47
-46
-42
-39
-31
-27
-18
-16
-10
2
15
25
23
27
36
49
57
67
76
78
87
93
95
91
84
79
75
69
71
73
69
67
61
55
45
43
34
34
34
26
26
20
7
-2
-8
-10
-5
-11
-19
-25
-28
-28
-28
-24
-19
-21
-18
-16
-10
0
3
4
3
9
14
21
25
27
36
33
32
35
32
32
24
19
9
5
5
3
2
4
4
-4
-9
-16
-19
-23
-27
-41
-50
-57
-65
-70
-69
-71
-75
-76
-79
-78
-85
-82
-80
-79
-73
-66
-58
-56
-49
-50
-50
-42
-39
-36
-27
-21
-17
-5
5
14
26
31
41
49
47
51
51
53
57
63
65
64
68
66
79
78
77
76
70
68
61
53
50
47
51
48
42
37
25
17
14
7
-2
-10
-14
-19
-27
-32
-42
-39
-46
-48
-45
-50
-48
-50
-52
-49
-40
-33
-25
-18
-12
-6
-1
-1
-4
-2
6
18
20
26
24
18
18
23
27
23
22
18
22
31
29
29
23
13
12
8
7
3
-3
-7
-16
-18
-26
-27
-33
-36
-33
-41
-38
-35
-32
-32
-32
-28
-29
-33
-32
-28
-28
-22
-15
-15
-11
-9
-8
-3
-1
5
18
27
31
36
38
43
44
45
47
47
49
55
59
60
58
55
53
57
52
45
38
31
29
23
16
13
9
8
-2
-4
-6
-10
-13
-24
-29
-39
-44
-47
-52
-55
-63
-61
-60
-55
-55
-56
-53
-52
-47
-41
-40
-41
-37
-36
-29
-20
-18
-16
-15
-10
0
-1
-2
4
11
17
29
31
26
25
29
38
36
30
27
28
27
28
25
22
22
20
21
14
7
1
-2
-3
-8
-7
-6
-11
-13
-10
-13
-15
-15
-16
-20
-23
-25
-24
-21
-15
-16
-13
-12
-10
-9
-7
-2
0
10
13
19
29
29
33
37
39
44
44
45
44
47
45
47
38
37
39
35
35
30
27
22
19
23
23
22
14
9
4
0
-3
-11
-17
-18
-25
-26
-33
-39
-39
-40
-37
-36
-37
-40
-40
-42
-42
-42
-44
-41
-39
-38
-35
-34
-31
-31
-25
-24
-17
-13
-15
-12
-10
-8
-5
1
4
7
13
14
18
18
17
20
21
24
20
20
18
18
17
15
16
11
12
7
6
7
4
5
6
7
6
7
4
0
-1
-5
-3
-4
-8
-6
-10
-13
-11
-9
-7
-6
-6
-5
-3
-3
-3
-3
1
6
11
14
16
18
19
20
21
20
25
25
26
24
21
21
19
24
25
21
18
15
16
14
12
11
7
9
2
1
-6
-13
-14
-16
-15
-17
-20
-23
-28
-29
-27
-30
-30
-34
-31
-29
-30
-31
-36
-36
-33
-26
-22
-21
-23
-21
-16
-13
-11
-9
-6
-6
-1
-1
0
2
3
9
13
14
15
14
16
18
19
19
20
22
20
17
11
9
12
10
11
7
5
2
0
3
-2
0
-1
0
-1
-7
-9
-14
-15
-16
-16
-16
-18
-16
-17
-14
-17
-15
-12
-8
-4
-3
-3
-4
-2
1
7
10
10
11
10
15
16
17
17
18
21
22
22
17
19
18
20
24
24
22
21
16
13
13
8
9
6
3
0
-2
-5
-8
-12
-14
-11
-15
-13
-17
-20
-21
-22
-20
-18
-15
-18
-20
-20
-19
-17
-15
-14
-11
-9
-6
-5
-7
-5
-3
3
8
12
13
10
14
16
19
19
22
22
23
24
24
21
16
16
18
20
17
13
10
7
8
7
6
2
3
1
1
-1
-7
-6
-7
-6
-6
-9
-15
-20
-21
-19
-18
-18
-18
-17
-17
-18
-17
-15
-11
-5
-2
0
-1
0
1
3
8
10
13
13
16
13
12
14
17
20
21
23
22
22
19
21
19
19
19
17
18
12
9
5
2
0
-4
-6
-11
-13
-19
-18
-20
-22
-20
-20
-23
-26
-29
-30
-28
-30
-27
-27
-25
-26
-26
-26
-26
-24
-21
-15
-14
-11
-9
-7
-4
-1
2
4
8
9
14
13
14
16
16
21
23
25
23
21
20
19
20
20
21
19
17
14
13
10
9
7
8
7
3
-2
-8
-10
-12
-11
-13
-17
-19
-22
-21
-21
-21
-18
-17
-16
-15
-15
-16
-15
-12
-9
-6
-2
-1
0
1
0
5
5
8
8
10
12
11
14
15
17
19
22
23
21
20
18
17
18
17
17
14
9
9
6
2
0
-4
-7
-8
-9
-11
-12
-16
-15
-15
-17
-15
-18
-18
-19
-21
-22
-21
-22
-20
-17
-16
-15
-16
-13
-11
-7
-4
1
3
4
7
8
12
17
20
23
24
25
25
26
26
26
26
25
24
22
20
17
16
16
15
13
11
9
7
4
3
0
-2
-5
-8
-10
-12
-15
-17
-20
-21
-22
-22
-23
-24
-25
-24
-22
-21
-20
-19
-18
-18
-15
-12
-10
-9
-8
-4
-3
0
3
5
7
9
12
14
14
15
18
19
20
21
21
19
20
19
17
15
11
9
7
5
3
0
-2
-6
-8
-9
-11
-12
-14
-16
-15
-17
-18
-20
-19
-20
-19
-20
-21
-20
-19
-18
-18
-15
-13
-11
-10
-8
-5
-2
1
4
7
11
12
16
18
20
20
22
23
25
25
24
24
24
25
23
21
21
18
18
17
16
15
14
11
9
7
4
2
0
-2
-5
-6
-10
-12
-14
-14
-15
-16
-17
-20
-20
-20
-19
-18
-18
-18
-18
-16
-16
-14
-14
-12
-11
-8
-9
-7
-4
-3
0
-1
2
3
5
5
6
8
9
11
10
11
10
11
10
11
11
9
8
7
8
6
6
4
3
0
-1
-1
-3
-3
-5
-4
-4
-6
-7
-8
-8
-7
-6
-7
-7
-8
-7
-5
-3
-1
-1
-1
0
1
2
4
6
8
10
10
12
12
13
14
16
16
16
17
16
15
14
15
15
16
14
12
11
9
8
6
6
4
4
0
-2
-3
-4
-5
-8
-6
-11
-13
-14
-16
-18
-18
-19
-20
-20
-22
-21
-22
-21
-22
-22
-21
-21
-20
-21
-20
-19
-18
-18
-19
-18
-16
-14
-14
-13
-13
-11
-10
-9
-6
-4
-2
-1
2
1
3
4
5
8
9
11
10
11
10
12
12
14
15
14
15
13
14
13
16
17
16
16
15
16
16
17
14
16
17
17
16
18
19
19
20
19
21
19
20
20
18
20
21
22
21
21
21
21
21
21
21
20
20
17
18
15
15
13
11
9
6
7
4
3
-1
-2
-4
-6
-9
-13
-13
-15
-17
-20
-23
-25
-26
-30
-31
-33
-36
-36
-38
-39
-42
-42
-42
-42
-41
-41
-41
-40
-38
-36
-36
-35
-34
-32
-31
-27
-26
-23
-23
-20
-17
-15
-13
-11
-7
-4
0
1
