4
3
4
5
3
2
3
3
4
4
3
3
3
3
4
4
4
4
2
3
1
2
2
2
3
2
1
0
2
1
1
1
1
1
-1
0
0
0
0
-1
-2
-1
-2
-2
-3
-4
-3
-4
-4
-3
-3
-2
-3
-3
-3
-2
-3
-4
-4
-2
-5
-5
-3
-2
-3
-2
-2
-2
-2
-3
-3
-3
-1
-2
-3
-3
-1
-2
-2
-1
-1
-1
-1
0
0
0
0
0
1
0
1
0
0
0
1
0
2
2
3
2
2
1
2
1
0
0
0
1
1
0
1
1
0
1
0
2
2
1
2
3
1
1
1
2
1
1
1
1
2
2
1
2
3
2
2
2
1
1
2
2
2
2
3
4
3
4
4
4
5
4
4
5
5
5
4
4
4
3
4
5
4
4
4
5
4
5
5
4
4
4
4
3
3
2
3
3
3
2
3
3
4
3
1
1
1
1
1
0
0
-1
-1
-1
-1
-1
-3
-3
-2
-4
-3
-3
-4
-3
-4
-3
-5
-4
-2
-3
-3
-2
-2
-3
-2
-3
-3
-2
-3
-2
-2
-1
-1
-2
-2
0
-2
-2
-3
-3
-2
-3
-3
-2
-4
-4
-4
-5
-3
-4
-4
-4
-4
-3
-3
-3
-2
-2
-2
-2
-2
-2
-3
-3
-2
-3
-3
-2
-3
-2
-1
0
1
0
2
1
1
0
1
2
1
0
1
0
0
0
-2
0
-1
-1
-1
-1
-1
-2
-1
-1
-1
-1
-1
-1
-1
-1
-1
-1
-2
-2
-1
-1
-2
-2
-1
-1
-1
-2
-3
-2
-3
-3
-1
-2
-1
-1
0
-1
-1
0
0
-1
-2
-2
0
0
1
1
2
3
3
4
4
4
4
4
4
4
3
4
3
3
3
3
3
3
4
3
3
3
3
3
3
2
3
4
2
2
1
1
1
0
1
1
1
0
0
0
-1
-2
-2
-2
-1
-2
-1
-1
0
0
-1
-1
-2
-2
-2
-2
-1
-2
-1
-2
-2
-1
-1
-1
-1
0
0
0
1
1
2
2
1
1
2
2
2
2
1
2
0
0
1
1
1
1
1
2
1
3
2
2
1
1
3
2
2
2
3
2
2
2
2
1
1
1
-1
0
-1
0
-1
-1
-1
-1
-1
-1
-1
-1
-2
-2
-3
-2
-2
-2
-2
-1
-1
0
0
0
0
0
0
1
1
1
1
0
0
-2
-1
-1
-1
-1
-2
-1
-3
-3
-2
-4
-3
-3
-4
-4
-3
-3
-2
-3
-2
-2
-1
-2
-1
-1
0
1
1
1
1
0
1
1
2
2
3
3
2
2
1
0
0
1
1
2
2
0
1
2
2
2
2
3
4
4
4
4
4
4
3
3
3
3
3
3
3
2
3
3
3
2
3
2
1
1
0
0
-1
-2
-1
-2
-3
-3
-3
-3
-4
-2
-2
-3
-2
-3
-5
-4
-4
-4
-3
-3
-3
-3
-3
-3
-4
-5
-4
-5
-4
-5
-4
-4
-4
-4
-5
-4
-6
-5
-5
-4
-3
-4
-4
-3
-3
-3
-3
-3
-2
-2
-1
-1
-2
-2
-2
-2
-1
-1
-1
-1
-1
-1
0
0
1
-1
0
-1
-1
0
-1
-1
0
0
1
0
0
0
-2
-2
0
-1
-1
1
0
1
0
1
1
2
2
2
3
2
3
3
2
4
3
3
3
3
5
3
4
5
5
5
5
4
4
4
4
5
5
4
4
3
2
2
2
1
1
2
2
3
2
3
3
3
3
3
3
3
3
3
3
2
1
1
1
-1
-1
0
0
0
1
1
0
2
2
1
0
2
1
0
1
1
-1
1
0
-2
-2
-2
-1
-1
-1
-2
-1
-2
-3
-1
-2
-1
-1
0
-1
-1
0
-1
-2
-1
-2
-2
-2
-3
0
-1
-2
-1
-1
-1
-1
-1
-1
-2
-2
-1
-1
-1
-1
-1
0
-1
-1
-1
0
0
1
1
1
2
2
1
0
1
1
1
1
1
2
2
2
2
2
1
2
1
1
1
1
1
-1
-1
-1
-1
-1
-2
-2
-1
0
-1
0
-1
-1
0
-1
-1
-1
0
-1
0
0
-1
-2
0
-1
-2
-2
-1
-1
-1
0
1
-1
0
1
2
1
3
2
1
1
1
0
-2
0
0
-1
0
-2
0
-1
0
0
-1
-1
0
1
-1
-1
1
0
1
-1
1
1
2
1
0
0
0
0
1
0
1
1
2
1
-1
1
0
0
1
1
1
1
1
0
0
1
1
0
0
-1
1
2
1
0
1
2
1
0
1
1
2
1
3
3
3
4
3
4
2
5
6
3
4
5
6
5
5
5
6
4
5
4
2
2
2
1
1
2
1
2
1
1
-1
-2
-1
-1
-2
0
0
-4
-5
-4
-4
-5
-5
-2
-3
-5
-5
-4
-9
-12
-6
-7
-11
-12
-7
-10
-15
-17
-12
-13
-18
-14
-15
-18
-18
-19
-17
-20
-20
-17
-21
-21
-21
-18
-18
-20
-16
-21
-21
-20
-22
-19
-16
-13
-11
-12
-15
-9
-14
-12
-5
-2
0
-3
5
-3
-7
6
5
6
10
12
12
8
16
18
18
23
25
22
25
32
31
34
39
28
37
40
36
37
39
45
36
37
46
45
35
43
45
40
36
45
44
44
39
40
51
43
35
39
35
43
35
32
56
34
35
34
31
35
34
33
26
24
19
13
16
12
6
2
-6
-1
-4
-4
-4
-7
-15
-24
-24
-16
-14
-25
-16
-30
-41
-41
-34
-44
-49
-25
-42
-63
-47
-44
-56
-60
-54
-45
-56
-67
-51
-60
-55
-63
-66
-47
-65
-76
-51
-54
-48
-56
-55
-43
-67
-67
-55
-50
-50
-39
-49
-45
-57
-64
-43
-55
-42
-32
-45
-52
-53
-45
-32
-55
-47
-16
-31
-54
-18
7
-20
-37
-2
5
-11
-9
18
38
4
-10
50
23
1
45
53
35
15
43
94
17
9
101
68
17
42
118
74
26
83
84
76
63
68
112
56
57
109
37
79
82
45
89
55
71
86
38
48
53
28
45
58
24
47
33
-29
56
1
14
70
-27
51
-8
-32
43
-21
24
-4
-26
53
-96
-19
42
-71
-4
-34
-3
4
-110
8
25
-108
-5
-27
-5
-85
-44
-7
-62
-68
-32
-4
-96
-105
21
-89
-104
-29
-11
-98
-114
13
-118
-115
-22
-92
-76
-94
-95
-38
-125
-122
0
-100
-74
-24
-73
33
-100
-59
50
-120
-39
68
-41
-35
14
9
-69
-27
33
22
-51
21
46
-91
22
19
1
4
9
47
9
39
64
-21
95
60
-26
92
104
21
34
98
44
26
77
79
-35
89
55
-40
61
60
48
-5
5
68
-5
2
42
89
-18
28
79
29
50
53
61
76
60
98
48
86
4
-11
101
-11
3
34
93
-36
-33
66
22
-59
16
21
-35
-25
5
-19
40
-45
47
-13
-14
75
-42
60
62
-12
37
74
-43
61
35
-67
51
81
-109
89
29
-25
18
33
43
-16
7
92
26
-33
132
69
-25
11
39
37
-35
-11
176
-46
-32
142
-20
-70
114
57
1
-7
171
74
-86
149
101
-80
86
110
38
10
62
101
4
34
-39
122
-11
-100
102
77
-77
25
-29
38
-110
-39
57
-29
-109
0
9
-144
-15
-23
0
-55
-56
79
48
-138
120
33
-22
-50
58
18
-74
-106
16
-40
-192
-18
41
-197
-13
-90
-36
10
-205
60
-47
-246
51
-162
-82
33
-197
-43
12
-153
2
49
-44
-60
18
55
-100
-61
92
-3
-177
-74
174
-129
-213
298
-170
-83
102
-195
62
-112
-117
40
-218
63
-143
-33
77
-219
212
-103
104
111
-157
269
-49
-163
233
-105
-18
-92
152
-62
-4
-1
1
222
-226
64
228
-167
17
23
-51
89
-71
-140
109
55
-195
-16
34
244
-365
70
249
-258
1
-45
115
-82
3
-76
-1
125
-178
-3
104
-31
77
-246
326
-140
-138
163
-71
-46
-27
254
-313
17
187
-313
168
25
-95
58
26
-117
22
54
-122
-24
134
-122
-88
100
22
-116
-81
160
-59
-73
-70
274
-195
-157
201
43
-161
46
146
12
-78
-97
298
-126
-150
203
35
-155
107
-29
62
-45
14
131
-113
119
-1
-57
142
-50
-64
142
-31
-27
81
-40
20
23
34
52
-24
-2
165
-218
115
96
-141
166
-122
103
98
-52
-3
128
-127
94
-82
172
-90
-44
140
-4
-138
169
19
-11
8
71
46
-96
213
-78
-13
234
-82
104
-4
-71
262
-118
-89
144
35
-78
-88
253
-64
-174
199
96
-113
-55
290
-28
-252
241
162
-275
125
168
-123
81
70
-118
137
8
-47
61
-3
77
-146
43
202
-278
174
28
-47
111
-15
34
113
-125
109
-41
-38
86
-28
-126
208
-50
-251
265
9
-72
-146
189
70
-305
89
166
-104
-123
70
181
-232
-20
231
-177
-58
33
80
-277
177
-32
-253
132
-96
-85
33
-88
80
-133
35
-115
-47
12
-116
22
-172
191
-71
-397
421
-37
-537
383
-7
-168
-217
149
134
-389
-70
383
-382
-86
318
-392
49
238
-429
185
94
-289
173
-248
196
-158
-293
465
-230
-344
420
-115
-149
-8
255
-244
-7
257
-340
-28
180
-142
-48
-27
84
24
-499
433
-148
-41
35
4
46
-116
9
97
-224
458
-396
-20
379
-368
121
-67
109
47
-153
36
175
-289
199
-22
-210
178
-60
-12
-122
141
165
-353
178
134
-250
269
-329
354
-137
-103
271
-415
406
-205
-23
98
-41
110
-154
201
22
-164
506
-529
300
85
-111
71
-18
104
105
-143
129
-54
62
21
-107
178
-28
99
-40
-81
184
-61
-158
245
-94
152
-161
42
313
-450
208
259
-358
294
-3
-69
120
-96
183
-174
69
135
-115
-13
104
49
-73
287
-164
97
298
-474
390
146
-296
304
79
-60
-22
-3
377
-498
235
329
-513
373
-6
-307
476
-254
-142
478
-436
106
116
-129
-74
275
-168
-145
265
-108
-336
428
-125
-355
524
-422
89
173
-427
421
-238
-132
186
-47
-98
98
2
-46
20
15
-127
61
-33
46
-94
56
-6
-17
-170
87
206
-369
309
-69
-86
219
-293
204
7
6
-295
485
-246
-165
472
-413
213
25
-388
697
-694
374
340
-612
324
180
-387
317
-49
-213
494
-359
-270
828
-513
-5
307
-300
259
-224
-99
631
-433
-366
1014
-839
-53
669
-640
398
-112
-209
496
-583
220
353
-463
285
121
-224
-27
293
-300
334
-292
134
175
-614
610
-180
-419
878
-739
163
345
-658
571
-159
-210
298
-194
-29
270
-576
535
99
-611
570
-90
-218
188
-178
205
4
-288
255
5
-279
189
90
-293
382
-181
7
75
42
-160
45
155
-271
126
103
-284
256
-203
197
-185
31
163
-235
-41
214
-64
-376
495
-177
-265
313
-39
-369
171
-57
84
-467
539
-276
-327
226
28
-461
252
-37
-211
-47
49
-8
-401
281
-100
-340
194
-102
-192
19
-59
39
-190
122
-144
37
-153
76
-71
-175
327
-281
-58
343
-311
-113
505
-647
511
80
-585
892
-537
-307
1058
-965
287
423
-538
331
-103
87
44
-80
233
-32
-235
624
-453
351
27
56
103
-108
240
-61
-96
574
-593
455
-8
22
145
-237
752
-654
241
308
-424
340
-169
312
-109
-91
344
-374
298
-98
84
265
-343
324
105
-489
506
-179
-101
337
-417
310
43
-427
571
-467
264
-51
-131
371
-572
528
-354
131
1
-347
809
-784
85
549
-663
519
-245
222
-173
-37
41
-153
119
-135
118
-30
-324
496
-446
-99
339
-411
69
233
-286
152
-146
-192
176
-199
-150
193
-48
-113
105
-257
208
-204
-41
116
-178
178
1
-349
428
-517
237
86
-470
580
-368
-37
178
-323
274
-149
-75
217
-175
-123
215
-148
-26
56
53
-48
43
68
-57
27
41
-33
-24
-6
205
-371
400
-30
-409
604
-346
207
-29
50
274
-371
191
-20
-135
352
-418
360
99
-366
136
163
-421
448
-122
68
-114
27
108
-228
-78
523
-587
471
-168
-182
408
-330
-48
398
-334
206
-116
64
180
-398
458
-182
-108
240
13
10
53
153
11
-171
224
-129
147
-134
75
123
-336
487
-506
386
177
-474
338
141
-490
402
-228
233
-174
129
-56
-37
30
70
-304
520
-301
-48
225
-161
167
-227
286
-171
-100
313
-361
-35
648
-787
388
298
-608
314
142
-416
450
-199
-188
487
-713
413
46
-605
588
-71
-560
684
-294
-152
112
-10
15
-110
-71
57
277
-648
389
109
-383
21
442
-494
196
-35
-323
472
-691
408
160
-662
669
-458
-196
479
-483
141
74
25
-376
163
-1
-324
204
-323
294
-419
118
155
-246
254
-235
157
-21
-169
292
-403
558
-267
-245
663
-658
396
-53
9
55
-44
134
66
-391
533
-140
-55
-62
135
-82
90
-290
386
-88
-168
-55
546
-655
43
611
-837
361
101
-370
502
-735
795
-383
-402
854
-698
313
50
-3
-79
135
-122
-126
327
-109
-281
344
20
-239
-18
417
-439
227
-4
35
16
-104
148
-69
-2
-106
283
-172
115
-10
-45
55
53
-55
286
-251
208
57
-421
500
-242
76
128
-48
39
135
-346
483
-215
-49
352
-208
-29
233
-428
438
-192
-89
353
-279
93
52
-22
-118
98
286
-634
721
-395
-57
381
-548
599
-255
-287
684
-753
474
-103
-401
781
-715
179
389
-572
119
402
-545
316
-114
167
-205
-32
160
-210
-7
18
131
-409
286
175
-575
426
128
-648
647
-382
56
85
-226
181
-188
88
-182
337
-368
-6
454
-582
213
223
-554
467
-253
20
101
-143
36
288
-519
390
87
-417
556
-336
152
470
-1036
1160
-327
-528
866
-325
-48
253
-122
310
-502
575
-215
-230
571
-476
151
103
-204
180
-145
-149
526
-854
729
-135
-591
912
-635
-293
964
-889
131
473
-325
-388
558
-335
128
34
-236
705
-998
582
84
-527
583
-335
168
-18
-385
665
-670
226
236
-189
-19
233
-251
95
-174
86
122
-286
284
-107
-216
333
-218
-136
304
-34
-368
441
-48
-560
608
-443
327
-577
708
-360
-143
224
-145
-170
362
-312
137
28
-68
4
-121
142
-113
-127
131
-73
-113
252
-480
484
-535
200
292
-677
492
97
-808
661
-137
-447
580
-618
366
-182
-262
421
-438
103
415
-746
644
-293
-289
566
-694
163
516
-1039
921
-353
-391
849
-1110
809
-6
-819
1120
-810
-89
820
-1173
770
-121
-476
517
-150
-121
154
-183
31
402
-999
1207
-634
-484
1178
-1156
555
308
-934
1204
-876
218
115
-71
91
-178
377
-354
160
40
101
-429
698
-196
-581
1001
-150
-690
681
318
-914
753
439
-1153
1151
-334
-507
1085
-887
661
-166
-207
648
-740
547
7
-454
743
-452
-5
552
-820
798
-548
214
319
-623
775
-376
-328
862
-731
49
688
-566
-131
667
-548
55
470
-367
102
206
-326
374
-159
307
-370
272
214
-609
562
192
-484
308
501
-1065
1204
-671
105
580
-904
1055
-444
-230
743
-408
69
244
39
-288
690
-463
-10
675
-867
760
-121
-197
499
-340
255
32
8
-164
789
-785
329
487
-743
672
-290
-207
781
-917
713
-268
16
-35
191
-147
-193
464
-564
446
-256
-177
552
-817
540
-194
-212
411
-456
256
-54
-390
679
-654
126
534
-945
685
-370
11
-142
370
-587
316
-35
-359
221
-136
-338
325
-382
258
-384
333
-399
66
-63
-201
582
-893
586
-138
-307
130
168
-422
399
-304
21
39
-126
-54
409
-666
441
-104
-254
270
-325
313
-80
-411
640
-501
64
176
-353
400
-337
145
165
-478
438
-158
-233
468
-389
159
-110
76
-349
583
-550
309
7
-250
220
-238
92
-23
48
-101
155
-259
318
-178
9
111
73
-397
343
-37
-107
-158
527
-675
630
-328
-201
892
-1162
602
159
-609
239
368
-589
231
-43
-26
-231
121
-121
346
-680
480
-96
-609
970
-1047
537
49
-429
229
31
-265
231
-368
445
-393
-49
177
-265
383
-596
503
-313
-187
374
-425
239
-133
230
-539
722
-709
433
-42
-492
884
-897
392
425
-1117
1192
-432
-528
899
-393
-427
609
188
-956
1013
-425
-239
467
-566
748
-782
405
433
-1302
1455
-938
231
424
-847
1023
-1124
1107
-985
504
327
-1252
1192
-482
-439
814
-665
455
-401
167
42
-60
108
-302
377
-122
-295
313
87
-307
232
-4
-182
406
-493
422
-216
-88
210
-60
152
-316
510
-90
-483
1108
-996
870
-406
-108
837
-983
654
207
-664
669
204
-846
1190
-459
-269
760
-238
-351
985
-572
64
667
-486
13
751
-907
1043
-500
95
762
-1039
873
-87
-264
423
-158
13
359
-444
576
-314
347
-308
181
166
-599
764
-524
-103
803
-761
209
310
-585
521
-587
423
-32
-333
248
-137
65
-292
112
136
-343
190
-19
-123
145
-187
-115
400
-698
476
-254
-2
368
-835
755
-219
-660
1016
-737
-157
801
-1047
382
394
-931
736
-245
-346
376
-371
157
-128
155
-173
-79
250
-355
277
-223
-10
216
-936
910
-281
-385
762
-743
482
-40
-736
895
-468
-41
48
23
67
-289
71
334
-777
509
-243
57
-216
323
-221
-117
87
-309
195
-8
-469
751
-513
87
96
-237
649
-1220
1231
-502
-252
632
-882
1041
-592
-206
1101
-1055
613
120
-377
660
-413
-12
691
-788
365
272
-324
131
271
-293
480
-199
-90
692
-650
175
359
-328
-143
631
-402
-8
434
-357
302
-143
163
120
-358
806
-892
642
-15
-761
1279
-1288
727
132
-622
745
-539
234
-109
-120
-101
655
-1247
1146
-267
-986
1477
-1254
568
-20
-368
668
-929
774
-657
225
-407
93
287
-865
1240
-1031
72
912
-1679
1391
-300
-652
1027
-437
-526
777
-503
-246
841
-707
304
551
-1104
1222
-582
-659
1664
-1701
989
-17
-447
444
-292
153
-421
936
-1141
799
186
-833
614
-49
-615
451
66
-442
827
-887
492
289
-1065
1218
-472
-264
893
-1022
894
-223
-526
777
-161
-934
1444
-1158
697
-241
-275
696
-1002
650
-54
-244
280
-364
221
61
-562
562
-176
-336
-65
741
-1214
771
22
-635
698
-510
76
378
-1023
1276
-685
-685
1688
-1477
300
663
-887
728
-364
-20
295
-169
108
-398
1116
-1333
410
816
-1477
1072
203
-1109
1428
-1122
210
1130
-1837
1418
63
-1424
1543
-689
-204
651
-608
497
-263
-30
504
-765
965
-906
707
-307
-264
1110
-1786
1283
279
-2000
2451
-1627
243
1081
-1602
1361
-755
264
-385
516
-291
-282
984
-1274
1318
-794
-174
1005
-1531
1374
-534
-27
246
-42
-247
-99
593
-858
927
-566
57
531
-1257
1181
-912
253
514
-1117
1092
-652
-258
693
-635
564
-84
-217
585
-253
68
192
-272
564
-593
565
-230
117
514
-848
786
-443
8
305
-496
695
-231
-263
-1
297
-450
-277
760
-983
822
-665
146
305
-726
365
139
-585
594
-231
-191
160
-330
202
-40
-411
779
-554
117
-295
497
-486
-228
826
-814
135
353
-844
634
-330
-394
619
-280
-347
454
-120
-625
871
-522
328
-243
-104
584
-1216
757
351
-1186
1193
-856
234
162
-412
778
-866
517
-62
-499
526
-179
-379
766
-731
561
-625
793
-571
227
367
-434
519
-65
-53
145
-149
622
-1080
1271
-416
-549
1130
-767
391
-151
403
-187
-120
618
-375
255
-195
330
-147
-44
546
-567
765
-369
4
313
-300
161
-194
311
-214
44
266
-647
711
-560
-75
608
-736
660
-245
-290
683
-1119
751
-21
-908
1430
-1423
742
30
-732
649
-230
-51
-211
460
-506
-213
572
-681
244
-6
-72
-137
184
-80
-426
753
-752
361
-320
159
92
-388
412
-331
201
-357
819
-1373
1338
-492
-594
1215
-916
196
291
-328
-112
33
504
-765
767
-181
-370
582
-219
-249
375
-27
-25
85
-189
364
-401
-52
352
-318
200
31
65
-45
93
-439
271
354
-678
558
127
-294
223
-246
143
395
-772
912
-503
107
-60
268
-127
-311
622
-447
154
20
193
56
-329
-114
635
-1021
666
51
-689
583
-173
-572
929
-1181
986
-287
-777
1445
-1320
884
-559
-44
438
-554
59
500
-351
-41
271
-124
-38
168
-113
113
2
-76
-172
250
-422
424
-268
20
341
-466
306
-79
70
-21
110
29
-409
720
-419
-104
651
-563
434
-125
-93
412
-262
87
461
-477
127
447
-623
306
331
-660
820
-685
627
-130
-570
850
-178
-163
34
519
-453
-402
1068
-534
-377
862
-434
-3
74
147
395
-936
937
-327
-164
239
-300
298
-24
-420
537
-190
-240
314
-103
151
-283
65
610
-1072
494
661
-1314
708
420
-891
355
168
-436
574
-822
648
-25
-778
889
-797
352
-174
-410
517
-286
26
-27
256
-533
126
254
-613
366
-288
61
-127
-70
249
-754
569
-483
72
304
-550
373
-67
-387
68
117
-381
124
276
-434
267
-150
-185
296
-412
401
-280
131
118
-477
418
-275
17
-251
516
-510
168
220
-573
682
-601
542
88
-862
1203
-1042
352
166
-719
1110
-967
496
172
-344
53
400
-291
145
-46
154
-180
39
132
10
-137
166
33
-29
336
-533
695
-460
-37
723
-807
700
-283
-182
606
-880
954
-513
80
190
-191
88
27
64
-113
296
-203
158
59
-340
512
-398
-58
503
-321
189
158
-558
661
-758
465
291
-485
380
0
-512
386
-140
-188
422
-384
8
504
-939
635
-56
-389
281
-93
165
-607
447
93
-551
141
218
-447
237
-40
362
-633
371
-244
223
-132
-191
536
-505
87
113
-191
353
-482
444
118
-496
494
-333
128
60
16
-13
-86
-116
206
-227
27
235
-297
164
-45
-23
423
-660
558
363
-628
617
-451
263
-94
-233
648
-425
141
404
-410
445
37
-90
314
-8
80
-8
60
100
-34
219
-24
-75
244
-158
99
334
-267
304
19
-76
415
-356
251
-158
-75
373
-184
-27
297
-330
-146
429
-386
308
-278
54
148
-288
58
118
-147
213
-69
420
-455
348
138
-392
350
-173
212
-322
214
105
-250
80
153
-65
33
-21
-8
-185
259
-404
302
290
-920
777
-313
-384
465
-8
-12
-122
259
-66
-493
467
53
-410
371
28
-328
186
17
-196
483
-380
-53
-15
106
124
-24
732
-201
-41
51
-148
-603
298
2
-485
444
-324
-515
-24
-662
63
-95
-244
158
-54
-365
-81
-132
-378
263
-398
501
-181
-305
327
-255
-491
310
-329
16
-332
-266
176
-822
283
-217
-63
-257
-142
62
-484
4
84
-285
27
-96
-153
-11
-236
-32
112
-45
28
137
-105
-32
112
82
-80
-19
138
-129
223
87
-27
-36
113
-3
-107
181
-159
307
-213
-158
352
-264
153
78
45
580
-395
205
253
-26
103
260
139
3
49
138
150
-329
362
25
6
56
30
283
-294
128
387
-304
59
99
216
-166
80
261
-23
-139
-90
320
-169
-105
271
-83
-2
-21
43
-2
-167
7
-13
-250
83
-91
88
-182
-126
210
-252
-110
59
12
-276
-103
109
-86
-325
10
157
-380
-165
276
-206
-140
-154
103
-52
-323
207
141
-197
9
384
19
15
276
247
150
259
192
510
80
367
681
186
570
479
550
466
525
478
596
451
412
728
380
334
647
310
135
478
208
95
310
245
40
182
89
77
-66
174
-122
138
138
-186
245
-238
-201
-192
-317
-85
-310
-314
-143
-390
-533
-478
-349
-768
-569
-330
-871
-627
-1003
-874
-903
-1121
-981
-907
-1086
-1187
-1246
-1271
-1333
-1492
-1363
-982
-944
-567
222
-44
12
90
144
415
747
1072
1301
1303
1171
1364
1002
899
835
880
989
1034
1259
792
345
194
-246
-302
-539
-539
-396
-411
-260
-347
-494
-765
-523
-425
-182
163
350
702
614
879
956
1066
1109
1323
1775
1849
2020
1986
1786
1538
1545
1199
1097
959
563
784
330
172
7
-422
-540
-611
-750
-743
-717
-871
-705
-761
-949
-743
-750
-787
-496
-410
-357
-422
-142
-456
-293
-213
-671
-134
-626
-763
-630
-1114
-1164
-1236
-1296
-1392
-1714
-1807
-2109
-2576
-2508
-2578
-2596
-2242
-2013
-1702
-760
-330
-116
-29
-57
279
1011
1546
2140
2131
2244
2270
1770
1920
1713
1569
1656
1678
1771
1593
861
28
-544
-877
-1090
-1035
-1251
-1271
-1164
-1185
-1310
-1647
-1675
-1424
-891
-287
194
548
715
668
851
1064
1391
1645
1954
2144
2642
2655
2321
1952
1401
1258
1275
1154
837
757
226
97
-202
-534
-883
-1021
-996
-997
-618
-808
-787
-873
-842
-662
-377
-76
14
374
745
730
893
966
909
1019
1254
1104
1058
899
493
361
-92
-352
-674
-798
-1153
-1258
-1521
-2013
-2320
-2546
-2797
-2760
-2569
-2894
-2678
-2863
-2892
-2553
-2524
-2119
-1575
-1284
-378
467
1390
1943
1881
2026
2143
2426
3027
3409
3259
3411
2879
2321
1818
1234
912
404
376
227
-160
-705
-1622
-2496
-2688
-2849
-2754
-2278
-2188
-1716
-1347
-1233
-1140
-811
-472
173
936
1713
2187
2565
2539
2302
2441
2297
2480
2548
2488
2548
2459
1949
1190
550
80
-296
-335
-458
-562
-792
-1147
-1356
-1457
-1587
-1421
-951
-656
-64
186
219
195
256
476
928
1239
1547
1666
1684
1615
1316
1065
729
696
573
561
197
-388
-916
-1463
-1937
-2091
-2093
-2215
-2268
-2427
-2630
-2998
-3262
-3236
-3098
-2994
-2389
-2348
-2332
-2245
-2245
-1815
-1433
-695
273
1461
2553
2531
2120
1606
1658
2077
2723
3488
3288
2944
2073
1142
737
216
-70
-305
-171
76
-295
-1236
-2421
-3270
-3369
-2985
-2274
-1712
-1277
-825
-723
-690
-709
-383
178
1036
1876
2654
3040
2698
2233
1864
1816
2206
2288
2226
2234
2019
1586
785
25
-604
-803
-983
-805
-605
-812
-922
-1229
-1230
-1109
-821
-311
97
532
1061
1166
1145
1092
1305
1445
1862
2168
2232
2076
1777
1477
1031
854
630
456
297
-16
-449
-935
-1487
-1954
-2105
-2192
-2125
-2038
-2087
-2265
-2512
-2621
-2682
-2612
-2248
-2118
-1857
-1781
-1853
-1834
-1810
-1547
-1133
-349
165
1526
2756
2810
2430
1806
1607
2049
2689
3409
3218
2769
2145
883
407
-27
-546
-571
-646
-367
-464
-1504
-2702
-3670
-3928
-3333
-2452
-1857
-1225
-951
-806
-564
-621
-295
230
1103
2100
2756
3042
2667
1818
1215
1214
1495
1731
1666
1453
1057
600
52
-848
-1306
-1492
-1410
-896
-595
-569
-803
-1123
-1001
-591
-47
686
1112
1509
1737
1812
1713
1453
1387
1536
1970
2324
2206
1801
1197
718
487
401
343
160
-162
-434
-790
-1304
-1665
-2104
-2212
-2006
-1731
-1519
-1676
-1728
-1970
-2072
-1842
-1734
-1557
-1504
-1216
-1236
-1615
-1611
-1910
-1873
-1649
-1072
-332
-21
1372
2265
1987
1670
1146
1189
1880
2714
3509
3081
2463
1573
357
157
111
-20
-158
-120
-200
-557
-1635
-2869
-3648
-3627
-2752
-1829
-1225
-726
-845
-932
-806
-494
138
839
1740
2396
2799
2903
2273
1397
1009
972
1586
2046
1834
1293
579
58
-382
-924
-1030
-1003
-805
-254
-166
-267
-658
-1019
-644
67
910
1567
1696
1573
1499
1471
1422
1392
1419
1598
1811
1828
1456
701
157
-192
-76
162
197
10
-530
-1013
-1454
-1681
-1837
-1733
-1691
-1378
-1259
-1369
-1520
-1705
-1721
-1470
-1175
-1143
-967
-1243
-1525
-1676
-1987
-2261
-2174
-2071
-1984
-1487
-1206
-917
308
1519
1792
1497
825
1102
1654
2487
3489
3227
2540
1801
676
571
678
331
90
-400
-300
-532
-1504
-2667
-3761
-3821
-3049
-2039
-1282
-970
-1029
-1072
-923
-379
355
1012
1774
2428
2845
3106
2595
1668
1058
1056
1904
2422
2188
1637
681
210
-292
-835
-866
-878
-514
-200
-95
-324
-833
-1169
-863
-50
939
1639
1650
1481
1339
1222
1258
1305
1391
1630
1863
2022
1623
898
293
-67
113
488
624
408
-142
-654
-1030
-1212
-1242
-1246
-1191
-1087
-878
-990
-1200
-1525
-1550
-1392
-1246
-893
-979
-1332
-1562
-1820
-2016
-2210
-2276
-2289
-2209
-1771
-1262
-957
327
1618
1815
1460
873
1030
1778
2526
3561
3400
2565
1648
371
221
398
144
-142
-579
-707
-954
-1915
-3028
-4097
-4282
-3294
-2307
-1448
-1000
-1220
-1238
-1175
-604
394
1149
1914
2475
2667
2926
2404
1368
789
804
1566
2187
1990
1231
189
-432
-797
-943
-797
-809
-632
-336
-168
-85
-347
-626
-375
217
1246
2013
2024
1830
1375
1130
1162
1210
1344
1354
1424
1458
1085
585
12
-343
-272
75
409
260
-163
-782
-1194
-1331
-1242
-1158
-1065
-1032
-1057
-886
-1062
-1241
-1325
-1454
-1228
-970
-888
-1106
-1676
-1862
-2171
-2500
-2531
-2593
-2537
-2166
-1592
-753
921
2138
2007
1179
503
1012
2152
3250
4325
3828
2759
1498
44
-2
149
227
-58
-541
-456
-934
-2120
-3674
-4802
-4511
-3166
-1818
-910
-498
-757
-1052
-939
-291
1021
1986
2779
3299
3451
3485
2701
1547
797
934
1886
2439
2280
1418
128
-618
-1154
-1418
-1142
-687
-287
-5
-5
49
-170
-289
168
933
2065
2729
2772
2521
2012
1680
1449
1302
1462
1611
1752
1546
1010
272
-445
-830
-611
-228
179
208
-396
-901
-1389
-1627
-1551
-1357
-1098
-861
-882
-985
-1205
-1554
-1495
-1344
-1122
-899
-939
-1207
-1711
-2110
-2472
-2773
-2748
-2700
-2591
-2431
-2219
-1740
-756
1110
1906
1648
1087
508
1203
2264
3459
4046
3202
2115
711
23
354
318
157
-519
-812
-747
-1366
-2393
-3832
-4563
-3959
-2729
-1400
-543
-389
-718
-933
-600
346
1450
2160
2698
2847
3117
3144
2130
1227
607
774
1638
1979
1659
628
-412
-1094
-1598
-1533
-1141
-655
-219
-27
151
231
163
253
688
1467
2472
3047
2994
2536
2031
1587
1169
1120
1268
1402
1472
1144
473
-179
-848
-981
-707
-330
64
-91
-539
-1061
-1472
-1538
-1469
-1191
-852
-684
-590
-741
-987
-1290
-1343
-1124
-911
-624
-689
-1155
-1646
-2288
-2585
-2616
-2696
-2611
-2575
-2527
-2169
-1884
-792
937
1757
1789
1126
623
1312
2121
3426
3982
3260
2502
995
188
451
384
205
-448
-842
-785
-1395
-2336
-3541
-4370
-3850
-2890
-1786
-671
-398
-589
-769
-729
130
1130
1897
2561
2720
2983
2956
2149
1298
549
644
1282
1616
1558
701
-297
-1018
-1777
-1812
-1085
-361
144
190
41
96
147
339
997
1569
2410
2877
2684
2496
1944
1250
815
664
1126
1459
1470
1016
20
-640
-986
-935
-432
-78
34
-84
-534
-1013
-1427
-1618
-1462
-1115
-665
-436
-535
-761
-1219
-1483
-1253
-953
-598
-441
-625
-950
-1574
-2043
-2419
-2579
-2548
-2435
-2305
-2280
-2179
-1893
-975
799
1972
2032
1335
644
1076
2115
3387
4185
3719
2705
1374
441
642
783
443
-194
-590
-537
-789
-1636
-2859
-3891
-3918
-3036
-1784
-463
99
-171
-589
-703
-21
1044
1867
2460
2713
2946
3142
2644
1750
841
541
1073
1626
1860
1327
313
-640
-1384
-1523
-1014
-472
-153
-1
139
473
630
577
591
938
1763
2548
2889
2649
1950
1111
630
537
787
1036
926
621
116
-302
-639
-803
-760
-583
-210
3
-107
-551
-1082
-1431
-1479
-1231
-879
-696
-635
-754
-1000
-1119
-1180
-1100
-890
-734
-723
-929
-1260
-1778
-2320
-2576
-2545
-2432
-2241
-2151
-2260
-2196
-1863
-398
1351
2230
2147
1071
498
1070
1957
3439
3986
3397
2319
830
344
405
308
21
-774
-927
-855
-1229
-1919
-3422
-4454
-4471
-3546
-1889
-504
-107
-508
-1089
-1127
-216
795
1703
2241
2383
2800
2904
2430
1529
526
374
889
1602
1863
1252
259
-779
-1460
-1312
-829
-446
-281
-343
-4
451
697
634
466
771
1456
2094
2465
2210
1544
825
381
450
748
903
826
528
231
153
-1
-147
-307
-335
-139
30
28
-243
-734
-1108
-1266
-1140
-867
-708
-623
-648
-723
-715
-785
-771
-777
-965
-889
-938
-1070
-1268
-1702
-1883
-2114
-2360
-2285
-2346
-2172
-1808
-1379
118
1522
2105
2026
965
660
1140
2078
3691
4254
3978
2938
1246
551
270
171
52
-503
-480
-506
-997
-1870
-3478
-4524
-4402
-3580
-1937
-645
-197
-364
-912
-908
-221
642
1597
2157
2657
3332
3426
3083
2122
1076
883
1126
1628
1829
1352
711
-258
-1016
-1268
-1215
-852
-887
-844
-361
42
371
364
370
548
710
1168
1566
1710
1699
1172
764
639
740
910
754
634
526
467
466
221
-57
-279
-482
-442
-363
-481
-717
-1161
-1486
-1562
-1478
-1256
-1145
-1119
-1054
-1034
-910
-811
-986
-1142
-1207
-1265
-1212
-1220
-1290
-1623
-2285
-2461
-2436
-2276
-1785
-1640
-1051
362
1429
1898
1437
961
1122
1445
2673
3866
4090
3778
2464
1301
927
735
530
-244
-696
-615
-852
-1192
-2240
-3641
-4261
-4210
-3412
-2215
-1260
-735
-778
-826
-336
312
1080
1764
2074
2696
3364
3605
3336
2586
1979
1534
1378
1467
1345
1256
896
124
-573
-1136
-1485
-1590
-1595
-1223
-627
-215
135
101
20
138
337
745
1223
1639
1761
1554
1316
1101
954
938
847
876
958
989
973
680
238
-207
-565
-635
-616
-705
-840
-1213
-1521
-1757
-1794
-1660
-1590
-1378
-1186
-1027
-798
-770
-885
-1087
-1276
-1176
-1064
-995
-1105
-1455
-2008
-2260
-2348
-2398
-2157
-1816
-891
586
1482
1673
1088
585
923
1489
2777
3821
3818
3454
2321
1402
1182
830
382
-472
-824
-576
-815
-1253
-2440
-3767
-4301
-4346
-3618
-2555
-1682
-1134
-1117
-833
-111
623
1303
1650
1899
2539
3282
3775
3761
3229
2655
2077
1669
1546
1363
1181
888
236
-351
-850
-1317
-1755
-2181
-1999
-1460
-886
-251
-140
-81
17
-3
347
681
1214
1606
1636
1818
1790
1786
1694
1412
1242
1108
1135
1164
1000
739
271
-182
-506
-805
-997
-1184
-1435
-1616
-1762
-1753
-1612
-1566
-1483
-1488
-1404
-1135
-888
-705
-663
-693
-704
-806
-843
-942
-1225
-1501
-1767
-1890
-1838
-1684
-1315
-490
554
1170
1245
953
825
1174
1744
2652
3270
3310
2892
2018
1506
1373
1025
452
-386
-723
-742
-1012
-1473
-2347
-3210
-3695
-3865
-3440
-2704
-1986
-1554
-1393
-839
10
841
1418
1595
1774
2231
2833
3334
3518
3415
3074
2570
2080
1712
1380
1064
581
20
-325
-624
-1002
-1526
-2051
-2151
-1926
-1476
-1049
-793
-558
-459
-321
15
444
865
1033
1070
1283
1602
1943
2026
1903
1685
1433
1321
1135
919
632
182
-187
-416
-583
-844
-1324
-1876
-2295
-2414
-2247
-1964
-1750
-1616
-1650
-1647
-1479
-1358
-1124
-976
-877
-663
-538
-440
-589
-975
-1249
-1512
-1573
-1388
-1271
-883
-88
808
1336
1261
995
940
1049
1548
2234
2637
2782
2482
1932
1601
1441
1069
309
-474
-726
-818
-839
-1085
-1721
-2333
-2894
-3190
-3014
-2527
-1970
-1717
-1440
-832
-21
800
1263
1330
1432
1714
2195
2700
3061
3245
3139
2823
2545
2270
1942
1520
854
205
-222
-363
-407
-695
-1109
-1432
-1629
-1526
-1330
-1125
-898
-806
-660
-316
178
662
785
731
823
1168
1704
2038
2131
2052
1892
1738
1566
1344
1006
534
104
-129
-275
-458
-844
-1391
-1836
-2097
-2012
-1919
-1837
-1825
-1940
-1870
-1638
-1364
-1184
-1173
-1152
-1014
-829
-617
-594
-696
-875
-1067
-1189
-1178
-1121
-796
-81
673
1169
1308
1192
1191
1251
1445
1758
1962
2071
1877
1545
1413
1336
1016
255
-423
-705
-818
-884
-1195
-1660
-2061
-2392
-2556
-2467
-2196
-1932
-1958
-1831
-1329
-563
188
569
706
929
1292
1672
1992
2220
2326
2306
2245
2249
2300
2248
1902
1287
689
247
-9
-287
-610
-785
-876
-908
-924
-995
-1070
-1151
-1166
-1055
-795
-418
-137
-10
126
440
842
1176
1389
1459
1537
1615
1663
1686
1615
1404
1048
662
369
110
-178
-588
-974
-1224
-1343
-1333
-1383
-1531
-1752
-1922
-1880
-1737
-1482
-1309
-1299
-1268
-1156
-977
-791
-669
-665
-732
-739
-694
-730
-774
-729
-441
119
787
1256
1472
1529
1501
1523
1693
1820
1771
1557
1311
1170
1144
998
650
232
-119
-359
-575
-860
-1186
-1548
-1822
-1956
-1942
-1764
-1630
-1587
-1562
-1409
-1058
-665
-325
-8
309
719
1117
1432
1634
1798
1848
1832
1885
2003
2033
1967
1759
1447
1158
863
521
208
-26
-259
-500
-739
-916
-1058
-1150
-1141
-1106
-1024
-946
-900
-853
-718
-441
-136
212
533
819
1036
1240
1378
1446
1437
1338
1173
999
857
751
539
247
-49
-362
-575
-725
-903
-1073
-1248
-1365
-1392
-1344
-1259
-1205
-1194
-1169
-1100
-983
-910
-910
-922
-909
-856
-834
-887
-975
-932
-744
-281
322
793
1001
1080
1151
1306
1573
1806
1839
1667
1441
1154
984
917
848
693
485
372
234
31
-334
-814
-1230
-1502
-1612
-1561
-1438
-1351
-1347
-1397
-1324
-1161
-937
-768
-594
-304
13
351
625
841
1071
1266
1452
1648
1829
1904
1861
1682
1512
1410
1304
1133
897
634
374
184
25
-210
-456
-690
-833
-885
-833
-794
-873
-990
-1033
-880
-615
-303
-44
145
354
639
888
1021
1026
941
832
778
803
803
683
453
209
72
41
60
2
-153
-343
-529
-703
-849
-900
-972
-979
-892
-795
-706
-732
-843
-971
-1100
-1209
-1251
-1317
-1263
-1172
-1007
-693
-303
53
269
416
563
764
982
1152
1148
1049
869
685
623
686
777
806
704
605
504
352
99
-227
-508
-729
-901
-1005
-1054
-1064
-1107
-1192
-1221
-1145
-1016
-885
-787
-745
-669
-553
-398
-174
119
430
678
847
1016
1121
1184
1180
1125
1097
1136
1157
1091
936
746
567
372
226
106
4
-118
-310
-489
-624
-708
-809
-877
-857
-755
-581
-379
-211
-78
67
161
257
372
478
553
610
641
652
608
519
432
392
436
507
508
412
242
62
-92
-121
-131
-150
-173
-188
-189
-179
-161
-213
-349
-525
-716
-846
-905
-973
-1013
-1036
-1037
-960
-723
-415
-112
80
239
359
429
498
483
398
325
277
303
464
697
905
934
867
848
873
881
719
422
113
-144
-302
-378
-415
-466
-570
-684
-656
-562
-531
-623
-768
-862
-819
-692
-529
-397
-266
-133
16
233
445
610
678
704
742
802
844
838
708
556
457
397
447
498
477
406
276
158
72
0
-54
-167
-331
-399
-376
-298
-206
-163
-147
-153
-83
65
199
291
319
241
165
179
232
286
323
370
392
407
433
409
324
231
145
111
139
127
143
124
120
24
-150
-261
-368
-487
-591
-688
-795
-915
-1089
-1240
-1319
-1335
-1290
-1186
-994
-777
-629
-552
-474
-389
-232
-93
53
173
247
295
366
473
611
712
747
758
763
763
702
574
394
166
-51
-227
-354
-433
-541
-625
-644
-607
-564
-574
-614
-650
-695
-688
-674
-641
-575
-490
-360
-158
74
299
466
569
598
593
571
541
529
542
526
506
480
458
455
481
533
539
539
554
555
493
346
150
-45
-216
-253
-175
-60
70
157
165
150
196
260
283
307
320
355
410
475
565
591
580
560
493
447
429
366
263
172
99
30
-17
-67
-130
-234
-332
-423
-561
-666
-823
-986
-1151
-1290
-1412
-1511
-1586
-1669
-1672
-1514
-1212
-916
-642
-420
-233
-42
153
275
354
408
422
411
431
520
628
697
757
860
917
870
692
399
141
-81
-289
-487
-597
-652
-677
-704
-649
-543
-478
-503
-653
-825
-914
-939
-951
-871
-665
-395
-145
79
287
487
659
796
875
953
1009
985
883
774
722
723
745
845
999
1121
1132
1023
836
676
479
254
77
-23
-17
14
49
86
125
189
248
318
409
467
479
519
605
720
809
834
830
806
803
784
715
624
496
359
244
117
24
-125
-249
-333
-416
-493
-596
-765
-965
-1138
-1265
-1379
-1518
-1643
-1780
-1877
-1914
-1868
-1650
-1242
-726
-268
59
299
480
622
729
710
651
595
587
644
786
927
946
840
748
720
724
593
248
-186
-583
-891
-1111
-1235
-1242
-1226
-1236
-1249
-1168
-1049
-1043
-1113
-1211
-1182
-1016
-813
-664
-494
-274
-2
307
673
1017
1241
1309
1280
1249
1243
1178
1029
835
724
716
740
726
663
562
450
328
248
190
102
-7
-147
-213
-170
-79
0
92
188
327
475
597
680
741
802
860
906
972
984
939
838
734
631
500
338
145
-81
-286
-448
-616
-735
-823
-949
-1085
-1199
-1331
-1494
-1646
-1707
-1751
-1795
-1904
-2026
-2072
-2016
-1818
-1433
-788
-89
424
725
960
1178
1333
1398
1354
1262
1215
1159
1091
1084
1090
956
680
414
259
116
-206
-711
-1238
-1625
-1817
-1914
-1916
-1802
-1665
-1583
-1513
-1305
-1014
-837
-767
-688
-452
-57
292
499
692
961
1248
1506
1693
1778
1716
1515
1293
1158
1087
954
680
379
205
158
88
-43
-196
-304
-328
-267
-131
17
106
129
177
325
588
848
1008
1136
1297
1460
1569
1605
1595
1529
1424
1299
1183
1041
835
565
310
116
-65
-314
-615
-906
-1106
-1240
-1336
-1425
-1483
-1550
-1649
-1741
-1793
-1847
-1887
-1882
-1815
-1719
-1561
-1403
-1167
-686
119
906
1483
1817
1985
2101
2174
2151
1964
1660
1311
984
762
741
670
376
-100
-511
-812
-1048
-1434
-1922
-2402
-2681
-2784
-2718
-2477
-2082
-1703
-1393
-1056
-583
-148
119
204
315
603
968
1241
1361
1462
1545
1532
1475
1414
1280
1025
627
235
-27
-151
-361
-672
-956
-1053
-1023
-948
-828
-684
-550
-366
-166
110
447
738
912
1091
1341
1569
1726
1810
1888
1935
1952
1889
1759
1581
1374
1104
821
569
309
2
-277
-515
-729
-968
-1243
-1501
-1682
-1748
-1779
-1803
-1835
-1911
-1931
-1923
-1919
-1854
-1868
-1871
-1784
-1589
-1150
-456
522
1506
2138
2504
2726
2798
2857
2748
2446
2107
1745
1386
1148
1011
822
368
-291
-809
-1159
-1510
-2024
-2647
-3093
-3179
-3085
-2854
-2513
-2084
-1676
-1336
-883
-216
408
790
980
1237
1656
2028
2070
1897
1744
1666
1519
1236
924
587
163
-273
-623
-800
-952
-1301
-1720
-1978
-1936
-1721
-1490
-1245
-876
-422
69
506
868
1117
1259
1340
1462
1670
1831
1889
1849
1791
1747
1642
1413
1128
854
656
457
269
35
-200
-451
-649
-828
-1007
-1208
-1405
-1562
-1540
-1428
-1323
-1317
-1354
-1394
-1435
-1423
-1492
-1566
-1627
-1617
-1528
-1134
-285
815
1667
2152
2355
2536
2648
2646
2467
2228
1995
1752
1470
1325
1170
821
75
-663
-1076
-1217
-1474
-1903
-2321
-2425
-2330
-2249
-2232
-2056
-1776
-1508
-1155
-519
342
1046
1408
1589
1946
2320
2368
1973
1493
1169
990
748
511
281
59
-254
-584
-823
-1019
-1368
-1828
-2190
-2215
-1936
-1524
-1116
-647
-123
392
792
1082
1296
1447
1551
1655
1777
1865
1858
1730
1547
1358
1126
819
503
229
40
-119
-274
-427
-575
-710
-807
-897
-987
-1092
-1233
-1333
-1341
-1239
-1132
-1075
-1063
-1022
-937
-989
-1111
-1294
-1502
-1630
-1670
-1353
-346
1026
2142
2629
2722
2771
2728
2630
2593
2470
2255
1994
1645
1441
1302
718
-226
-1124
-1437
-1410
-1535
-1893
-2249
-2380
-2273
-2258
-2240
-2063
-1745
-1398
-932
-120
911
1616
1868
1951
2193
2434
2304
1716
1123
846
759
593
247
-139
-590
-1043
-1440
-1684
-1859
-2054
-2307
-2365
-2079
-1577
-1165
-873
-545
-68
496
954
1242
1458
1657
1814
1902
1894
1763
1492
1174
946
821
735
557
306
71
-89
-232
-436
-702
-898
-990
-1001
-1051
-1200
-1377
-1600
-1719
-1609
-1377
-1106
-948
-836
-717
-809
-937
-1271
-1706
-1962
-2053
-1972
-1555
-521
1075
2343
2945
3132
2946
2764
2601
2506
2455
2293
1997
1599
1195
951
377
-548
-1297
-1476
-1248
-960
-1011
-1209
-1288
-1203
-1167
-1171
-1014
-604
-135
484
1307
2114
2604
2546
2138
1852
1677
1287
575
-137
-423
-435
-456
-694
-1137
-1549
-1790
-1881
-1806
-1627
-1463
-1391
-1303
-952
-476
-160
-68
25
349
898
1397
1698
1754
1677
1546
1342
1081
859
670
583
688
901
1051
955
635
263
32
-61
-166
-325
-404
-371
-354
-453
-744
-1160
-1554
-1747
-1661
-1399
-1120
-1090
-1219
-1371
-1610
-1871
-2217
-2605
-2705
-2643
-2327
-1845
-1035
422
1799
2508
2769
2600
2520
2560
2636
2830
2785
2469
2033
1372
815
115
-895
-1723
-1999
-1640
-1086
-901
-1094
-1307
-1333
-1209
-1129
-910
-352
465
1382
2313
3023
3306
3008
2258
1618
1309
1043
542
-106
-491
-556
-675
-1081
-1770
-2362
-2565
-2406
-1984
-1502
-1113
-902
-787
-642
-400
-181
-46
127
577
1215
1703
1753
1420
935
530
264
151
206
398
605
775
801
661
332
-24
-220
-118
227
551
687
742
686
542
158
-365
-753
-979
-972
-832
-737
-751
-944
-1297
-1656
-2059
-2442
-2793
-3089
-3031
-2776
-2565
-2200
-1631
-505
939
1820
2082
2023
2016
2480
3077
3415
3195
2356
1509
855
410
143
-469
-1153
-1326
-1041
-485
-286
-680
-1190
-1285
-844
-238
246
666
1112
1689
2292
2668
2622
2223
1651
1276
1228
1144
629
-226
-1010
-1355
-1409
-1527
-1895
-2214
-2104
-1600
-975
-590
-595
-754
-814
-655
-273
116
401
662
994
1327
1412
1124
582
123
1
157
324
369
335
266
271
258
125
-49
-108
-32
221
487
552
352
143
37
46
43
-82
-221
-322
-430
-485
-578
-793
-1051
-1240
-1369
-1616
-1863
-2175
-2466
-2601
-2571
-2494
-2348
-1932
-771
628
1517
1705
1478
1370
1695
2152
2700
2729
2209
1438
694
237
-4
-479
-859
-827
-363
201
351
-62
-509
-531
-158
332
790
1222
1760
2222
2460
2440
2137
1670
1144
833
895
910
494
-255
-989
-1360
-1493
-1712
-1918
-1874
-1516
-963
-519
-297
-245
-328
-374
-267
-20
355
664
943
1137
1172
1008
631
250
101
170
336
402
364
339
263
171
89
36
119
270
437
549
462
269
15
-165
-204
-182
-166
-241
-286
-408
-655
-887
-1055
-1151
-1124
-1133
-1268
-1517
-1859
-2200
-2353
-2341
-2389
-2323
-2135
-1790
-936
346
979
966
737
748
1066
1560
1942
1903
1563
1154
537
-34
-445
-899
-1027
-614
42
534
626
185
-246
-179
215
593
903
1326
1895
2446
2497
1977
1396
999
762
673
668
538
148
-468
-1133
-1548
-1736
-1857
-1799
-1460
-909
-432
-283
-418
-553
-451
-263
-75
188
537
888
1156
1137
853
503
227
107
152
255
282
211
108
90
115
132
133
240
483
727
770
658
484
322
259
265
237
191
77
-127
-348
-559
-915
-1140
-1087
-1011
-1003
-1089
-1317
-1775
-2104
-2226
-2366
-2322
-2189
-2090
-1908
-1635
-992
-45
697
825
736
759
1052
1417
1757
1915
1694
1253
640
29
-312
-457
-475
-125
311
549
495
181
-167
-90
397
876
1250
1637
2014
2267
2077
1521
1110
1012
1034
1002
960
777
325
-336
-1064
-1504
-1608
-1504
-1307
-991
-664
-551
-652
-825
-767
-344
61
295
497
703
899
979
920
722
602
646
655
597
473
237
-19
-154
-105
19
124
132
203
353
425
376
255
210
338
539
607
491
317
26
-268
-500
-646
-768
-916
-917
-767
-884
-1102
-1417
-1802
-2158
-2323
-2326
-2392
-2379
-2449
-2472
-2412
-2140
-1258
-240
387
596
591
696
824
1057
1249
1338
1223
1049
808
431
118
-149
-234
10
278
436
369
195
162
422
752
855
953
1240
1606
1817
1603
1280
1152
1157
1116
974
805
499
35
-495
-1000
-1279
-1329
-1204
-982
-733
-548
-556
-649
-664
-474
-144
28
138
385
711
969
1106
1071
979
932
921
821
636
457
379
424
536
639
625
547
508
504
539
487
394
389
456
499
479
328
113
-68
-163
-263
-369
-499
-696
-805
-798
-832
-933
-1180
-1394
-1601
-1849
-2005
-2260
-2408
-2507
-2527
-2458
-2211
-1548
-699
-65
104
40
57
158
531
821
1042
1009
837
582
260
17
-86
-52
159
371
529
400
166
32
170
547
772
878
1081
1311
1433
1272
1016
927
1037
1086
939
698
382
-8
-460
-892
-1123
-1068
-822
-661
-647
-739
-898
-1014
-971
-738
-344
-8
104
256
467
547
512
580
752
923
1103
1093
891
650
593
622
707
805
879
958
971
913
838
722
605
627
788
888
830
614
322
69
-65
-127
-173
-224
-323
-454
-557
-714
-885
-1082
-1293
-1413
-1551
-1726
-1939
-2223
-2486
-2597
-2475
-2238
-1808
-1037
-347
-131
-115
-108
-75
128
505
913
1092
1061
832
471
104
-103
-96
51
261
468
546
383
123
56
256
533
715
933
1227
1430
1386
1138
916
876
866
792
651
482
246
-144
-621
-955
-1008
-851
-732
-729
-812
-908
-990
-1023
-886
-619
-258
70
208
335
459
420
463
629
882
1048
1098
1053
913
760
652
638
695
804
996
1098
1112
1015
892
781
719
792
903
962
791
607
350
100
49
-23
-102
-257
-415
-502
-733
-875
-1027
-1280
-1491
-1518
-1756
-1995
-2244
-2419
-2539
-2479
-2318
-2164
-1740
-1108
-635
-583
-482
-338
-184
106
573
821
879
755
479
207
24
-17
59
197
373
440
287
39
-68
46
321
520
587
819
1088
1138
959
747
705
695
698
636
513
401
140
-251
-600
-763
-790
-777
-765
-837
-938
-1007
-1069
-1042
-859
-598
-383
-213
-64
70
199
299
463
737
994
1108
1107
1027
962
928
920
1025
1118
1164
1285
1301
1216
1119
985
850
856
952
992
933
763
563
401
316
291
225
107
-15
-125
-246
-407
-576
-767
-946
-1025
-1143
-1373
-1590
-1825
-2051
-2118
-2090
-2066
-1949
-1697
-1316
-1056
-991
-884
-756
-576
-258
34
307
488
564
591
468
363
373
429
489
587
614
468
365
292
292
382
419
494
593
696
714
534
310
200
182
190
217
233
293
285
128
-92
-272
-367
-417
-472
-568
-594
-631
-695
-777
-844
-859
-855
-776
-606
-440
-281
-139
-4
107
192
262
344
475
688
978
1172
1243
1281
1339
1432
1507
1441
1325
1256
1208
1199
1132
987
828
681
607
637
646
598
512
410
346
309
238
128
23
-22
-78
-239
-467
-748
-984
-1135
-1263
-1390
-1499
-1632
-1779
-1899
-2016
-2011
-1921
-1799
-1635
-1514
-1374
-1190
-962
-722
-522
-394
-306
-229
-114
27
171
268
353
448
549
697
777
816
851
838
807
707
583
496
397
324
252
219
220
222
229
194
175
147
97
48
-9
-62
-137
-223
-304
-386
-439
-494
-540
-529
-436
-359
-295
-212
-112
-38
6
4
-3
99
272
525
756
899
1001
1098
1187
1264
1263
1196
1116
1083
1070
1040
946
822
732
705
718
725
682
644
636
606
587
504
376
248
146
24
-144
-328
-536
-707
-876
-1044
-1220
-1386
-1542
-1654
-1806
-1891
-1903
-1837
-1692
-1597
-1526
-1480
-1320
-1076
-791
-549
-420
-347
-305
-246
-136
-24
95
214
338
473
593
670
694
685
704
694
649
585
512
487
443
400
359
350
390
414
450
436
399
342
263
183
123
74
-12
-124
-240
-337
-402
-467
-515
-494
-436
-373
-328
-300
-266
-250
-245
-240
-211
-47
168
390
574
688
769
865
934
953
954
929
908
907
880
816
731
626
563
538
544
575
598
635
680
691
681
615
486
382
308
216
119
-16
-175
-338
-534
-704
-878
-1025
-1112
-1268
-1433
-1506
-1550
-1490
-1412
-1420
-1396
-1304
-1157
-906
-654
-482
-364
-306
-266
-162
-52
30
135
231
361
484
544
551
531
547
569
540
468
419
367
307
254
195
165
189
247
307
347
348
287
185
78
-3
-71
-142
-220
-301
-353
-410
-458
-522
-536
-486
-455
-428
-408
-380
-344
-293
-282
-252
-156
-17
190
343
407
457
510
589
698
742
748
768
767
784
737
626
522
446
410
428
478
526
589
635
637
610
521
384
256
134
72
8
-55
-140
-240
-390
-561
-718
-859
-961
-1055
-1176
-1312
-1350
-1357
-1317
-1287
-1315
-1296
-1183
-1036
-822
-633
-542
-464
-409
-356
-266
-158
-43
97
243
357
425
447
459
512
562
581
551
536
550
537
476
400
344
353
399
433
467
465
442
371
268
155
77
13
-47
-101
-159
-184
-227
-260
-269
-254
-218
-193
-163
-129
-93
-90
-117
-135
-106
-16
91
176
220
252
283
343
401
451
488
529
581
603
619
583
525
501
502
517
579
657
714
773
782
751
692
581
439
325
228
165
121
50
-25
-128
-294
-452
-553
-679
-733
-814
-942
-1025
-1057
-1063
-1052
-1015
-1020
-971
-899
-824
-686
-554
-491
-422
-388
-331
-229
-160
-60
54
175
284
365
434
509
592
629
626
608
571
554
500
444
405
374
376
373
378
390
383
344
252
148
74
27
2
-33
-67
-97
-120
-153
-171
-176
-184
-200
-201
-197
-204
-214
-251
-270
-257
-211
-137
-88
-77
-78
-67
-31
29
70
100
160
216
271
290
273
251
233
246
284
329
385
459
519
564
566
528
466
387
295
192
106
31
-19
-84
-174
-284
-425
-535
-594
-650
-702
-772
-872
-910
-909
-881
-822
-778
-757
-748
-714
-651
-555
-464
-388
-327
-280
-249
-213
-155
-62
73
208
336
430
507
578
627
651
648
664
691
665
646
595
540
496
410
347
309
297
261
197
100
10
-50
-103
-160
-192
-201
-199
-184
-196
-192
-198
-193
-186
-194
-188
-180
-169
-169
-154
-141
-138
-118
-121
-119
-94
-70
-41
6
43
84
131
165
194
212
218
232
292
346
422
513
598
678
738
759
732
673
579
461
341
227
131
67
8
-87
-223
-391
-551
-661
-726
-782
-852
-923
-993
-992
-964
-945
-888
-828
-780
-731
-675
-629
-530
-463
-428
-403
-398
-385
-328
-232
-98
71
190
294
390
488
572
636
663
701
750
783
785
760
745
721
688
643
615
600
576
511
417
308
207
112
25
-32
-58
-71
-102
-142
-176
-192
-198
-195
-209
-194
-179
-155
-152
-141
-138
-154
-153
-165
-149
-129
-97
-78
-61
-50
-38
-15
27
74
116
152
174
229
295
372
444
505
581
642
678
679
653
597
524
428
318
223
155
105
56
-63
-219
-366
-496
-559
-610
-697
-777
-858
-932
-959
-966
-953
-890
-828
-799
-764
-747
-705
-615
-540
-475
-432
-415
-362
-273
-146
7
147
258
376
475
554
617
641
668
720
765
763
740
708
679
652
595
547
531
543
541
486
396
279
199
146
117
101
83
76
53
20
-13
-47
-110
-165
-190
-184
-173
-185
-211
-240
-247
-258
-262
-263
-254
-217
-188
-189
-194
-200
-192
-150
-113
-66
-20
31
86
158
220
273
314
347
392
416
433
404
368
325
259
171
94
39
9
-7
-87
-194
-307
-407
-470
-507
-556
-615
-657
-736
-801
-843
-844
-789
-710
-676
-685
-701
-698
-647
-581
-518
-485
-443
-396
-305
-197
-87
22
129
237
344
440
493
541
601
644
700
703
665
657
630
613
564
481
439
422
416
388
328
250
187
156
144
144
146
142
124
120
104
74
35
-12
-24
-8
14
22
5
-28
-57
-94
-126
-132
-119
-91
-62
-40
-30
-48
-51
-40
4
61
110
168
204
260
311
353
383
407
441
461
465
464
425
371
314
218
126
52
0
-34
-61
-149
-231
-321
-420
-452
-507
-564
-587
-656
-727
-766
-812
-771
-700
-650
-649
-679
-685
-681
-611
-553
-499
-437
-387
-324
-256
-194
-102
-3
105
225
312
406
469
547
621
660
681
669
665
685
683
658
573
475
402
345
318
261
218
149
76
23
-40
-72
-64
-35
-18
-35
-75
-147
-187
-183
-186
-148
-137
-152
-149
-173
-185
-188
-199
-191
-166
-122
-78
-48
-40
-44
-16
11
59
144
207
281
334
365
416
434
455
492
518
550
566
539
484
428
356
273
191
111
53
24
-20
-82
-176
-297
-392
-471
-512
-545
-573
-639
-707
-777
-824
-833
-788
-764
-754
-731
-766
-737
-720
-677
-604
-511
-453
-375
-318
-274
-185
-84
11
128
232
327
451
512
580
603
602
610
624
628
623
572
517
473
424
373
317
257
206
186
156
133
113
90
86
77
66
40
-2
-28
-34
-15
4
11
-16
-50
-78
-129
-157
-173
-180
-160
-124
-98
-87
-80
-77
-56
-20
45
111
172
230
277
314
358
399
417
463
486
495
501
476
455
417
377
331
269
196
132
78
38
22
-4
-44
-105
-205
-300
-374
-436
-458
-489
-552
-614
-699
-792
-855
-890
-891
-853
-843
-828
-820
-795
-746
-701
-651
-585
-510
-418
-324
-240
-140
-47
69
173
281
380
456
504
542
572
569
559
529
507
503
492
447
379
309
276
263
245
243
227
208
191
171
135
90
46
24
29
34
43
45
22
-4
-30
-50
-64
-88
-93
-72
-51
-30
-22
-10
0
26
76
138
213
276
342
393
425
450
475
491
515
534
547
555
534
501
448
407
358
318
274
231
176
113
59
12
-19
-40
-75
-153
-231
-299
-359
-411
-436
-487
-543
-623
-731
-820
-894
-936
-940
-909
-885
-847
-823
-818
-821
-802
-731
-645
-530
-447
-364
-292
-229
-148
-66
23
104
189
269
329
361
370
338
318
315
326
324
296
266
235
225
209
193
185
202
240
258
236
198
146
118
126
126
130
124
97
82
70
44
24
-5
-27
-26
-7
10
25
35
41
66
103
145
210
274
352
415
449
476
489
502
529
534
536
529
511
500
469
422
374
335
293
266
243
209
160
95
23
-23
-60
-89
-111
-162
-205
-265
-330
-387
-440
-488
-543
-618
-687
-761
-816
-857
-865
-873
-881
-857
-846
-812
-765
-721
-688
-652
-599
-517
-412
-307
-234
-171
-121
-77
4
79
168
239
269
285
309
315
318
322
307
294
302
305
307
314
308
324
332
323
316
320
307
309
298
266
239
205
181
168
151
128
111
81
57
45
32
27
53
81
125
166
200
242
286
337
401
449
479
514
543
563
574
564
542
533
510
496
482
457
441
411
392
370
344
302
280
251
225
194
145
87
43
15
-6
-27
-86
-155
-241
-321
-394
-446
-497
-546
-612
-680
-728
-772
-794
-814
-837
-842
-838
-847
-836
-830
-809
-774
-740
-688
-625
-553
-499
-442
-397
-361
-312
-254
-196
-135
-101
-87
-89
-95
-73
-25
40
72
100
109
109
120
134
147
185
214
225
239
228
210
201
198
195
210
208
198
175
128
97
67
36
44
69
99
134
160
177
199
243
290
332
357
390
421
442
457
474
484
498
508
511
516
513
511
506
508
488
480
463
442
427
409
399
373
329
294
263
227
187
137
72
25
-6
-43
-89
-157
-222
-279
-332
-375
-409
-443
-466
-509
-561
-609
-661
-687
-697
-702
-694
-677
-673
-665
-657
-653
-636
-614
-585
-533
-502
-491
-477
-474
-470
-435
-414
-374
-329
-295
-254
-236
-218
-190
-151
-113
-69
-29
13
50
82
107
121
127
134
142
149
183
193
192
185
167
156
146
136
163
192
227
268
273
286
321
361
387
420
439
474
496
509
526
541
557
567
565
565
573
571
581
577
570
564
556
543
547
549
541
523
497
483
461
455
430
398
357
309
281
254
213
162
109
54
3
-48
-90
-129
-169
-222
-277
-332
-384
-433
-467
-494
-515
-519
-541
-566
-578
-584
-579
-577
-571
-563
-574
-583
-591
-614
-624
-630
-628
-610
-599
-586
-575
-555
-533
-503
-473
-433
-384
-342
-309
-301
-290
-271
-248
-216
-187
-155
-125
-105
-78
-50
-37
-29
-24
-14
1
20
60
98
139
167
186
216
246
281
308
350
391
418
442
449
461
470
483
486
498
510
525
538
537
528
516
502
493
481
479
486
488
476
457
447
433
437
421
405
384
358
341
315
278
251
218
182
158
138
117
97
65
22
-22
-80
-127
-165
-184
-186
-207
-238
-271
-296
-309
-324
-345
-361
-374
-385
-400
-425
-459
-487
-499
-500
-494
-490
-476
-474
-475
-470
-461
-448
-429
-406
-376
-356
-363
-361
-358
-348
-336
-314
-300
-281
-269
-260
-256
-269
-263
-255
-237
-226
-204
-181
-158
-137
-124
-97
-58
-32
-9
5
29
75
111
130
155
172
195
214
229
239
254
271
289
298
303
309
314
319
330
354
372
383
396
407
415
428
426
444
466
490
486
484
562
605
518
417
429
480
474
451
444
424
315
206
169
194
220
188
107
108
108
19
-49
-50
-26
-31
-38
-50
-88
-149
-207
-235
-250
-225
-194
-208
-228
-270
-305
-339
-344
-315
-285
-223
-198
-218
-244
-265
-268
-249
-200
-168
-155
-157
-191
-231
-236
-224
-210
-192
-160
-161
-177
-190
-223
-235
-220
-176
-148
-145
-127
-136
-150
-137
-113
-83
-53
-18
-11
-15
-13
-24
-15
7
20
31
26
17
0
-10
1
9
30
43
49
46
52
87
102
121
158
199
230
243
254
266
291
317
325
337
349
345
333
319
316
291
265
247
225
191
156
141
124
108
102
77
63
58
46
36
4
-7
-21
-49
-62
-83
-94
-113
-132
-151
-173
-180
-197
-203
-218
-228
-228
-238
-224
-216
-203
-194
-184
-168
-159
-161
-177
-179
-177
-178
-168
-173
-178
-181
-194
-200
-209
-212
-203
-190
-167
-162
-163
-156
-144
-135
-127
-104
-97
-89
-81
-76
-76
-80
-73
-74
-72
-63
-61
-82
-99
-108
-120
-126
-126
-123
-122
-118
-111
-102
-97
-79
-57
-32
-2
26
48
66
92
115
139
174
191
196
204
218
226
230
219
210
204
194
185
166
150
149
147
150
153
146
150
153
143
134
138
140
121
99
84
70
56
42
28
22
22
22
15
-5
-22
-24
-30
-27
-13
-6
1
7
2
-18
-36
-36
-38
-45
-44
-37
-37
-45
-48
-58
-54
-50
-58
-47
-34
-22
-15
-13
-13
-13
-2
8
19
39
45
40
35
42
45
45
53
62
70
69
61
38
23
12
0
1
-10
-16
-14
-20
-17
-13
-10
-16
-18
2
21
50
58
61
68
74
88
105
119
119
124
133
146
153
139
125
119
116
110
92
89
94
89
78
70
59
45
47
41
32
25
11
-5
-32
-54
-63
-75
-79
-85
-93
-94
-98
-108
-113
-110
-107
-100
-86
-78
-77
-72
-62
-62
-61
-54
-53
-57
-48
-45
-47
-42
-41
-41
-38
-19
-9
-13
-12
-3
3
6
16
18
28
33
40
49
48
52
54
58
63
64
65
66
66
61
51
43
29
19
15
8
4
2
-7
-31
-43
-46
-54
-54
-50
-48
-44
-42
-44
-44
-35
-21
-13
-10
-3
7
5
2
0
-3
-3
0
-5
-18
-21
-29
-45
-57
-66
-66
-67
-83
-86
-95
-100
-104
-117
-134
-151
-161
-168
-180
-195
-210
-215
-213
-212
-213
-212
-213
-210
-202
-192
-177
-161
-155
-149
-144
-129
-115
-105
-92
-80
-65
-43
-21
-3
9
24
41
51
66
82
103
122
133
137
142
147
147
153
162
168
179
195
195
190
189
184
179
180
185
186
182
166
155
142
127
117
97
85
86
85
71
50
34
29
30
39
41
46
55
57
58
58
61
66
75
84
93
103
104
100
98
97
102
99
86
84
80
76
73
67
59
57
55
49
38
22
17
6
-11
-23
-31
-47
-62
-78
-92
-103
-106
-120
-136
-147
-155
-164
-172
-177
-181
-185
-191
-193
-190
-191
-189
-183
-177
-169
-161
-149
-140
-136
-125
-115
-105
-91
-79
-70
-55
-39
-29
-18
-8
16
36
49
67
81
96
113
128
136
150
162
171
178
182
181
179
179
178
171
163
163
153
143
132
117
101
88
81
73
75
72
65
58
62
64
60
64
62
68
77
80
81
76
76
76
74
74
80
80
77
72
69
66
64
63
66
70
68
65
55
43
35
24
16
6
-7
-18
-37
-53
-73
-93
-111
-129
-142
-161
-170
-177
-180
-190
-204
-215
-227
-229
-229
-230
-228
-233
-238
-241
-243
-240
-238
-230
-223
-212
-204
-199
-193
-192
-186
-176
-167
-154
-143
-131
-112
-94
-76
-59
-45
-16
5
21
37
50
63
79
90
99
102
105
113
112
120
120
118
115
108
108
103
101
100
104
105
110
111
105
98
96
98
103
110
109
109
108
109
107
100
100
104
102
103
98
95
96
93
92
96
100
101
100
93
92
86
83
78
70
60
49
34
23
4
-16
-34
-57
-69
-80
-94
-98
-107
-111
-117
-123
-128
-137
-139
-138
-131
-131
-130
-132
-140
-138
-144
-145
-144
-139
-137
-137
-137
-135
-132
-135
-138
-137
-134
-125
-113
-98
-89
-85
-76
-68
-51
-34
-27
-18
-7
0
16
24
32
41
48
54
60
67
69
68
67
69
67
67
71
76
83
90
92
98
103
108
114
120
122
127
130
136
147
144
145
143
137
136
131
130
132
132
133
135
138
140
141
138
135
137
135
131
128
122
116
101
93
83
64
50
35
19
6
-10
-23
-34
-46
-57
-67
-75
-79
-81
-84
-91
-92
-97
-100
-98
-97
-99
-98
-98
-99
-96
-93
-91
-88
-82
-79
-74
-72
-70
-69
-72
-72
-72
-77
-80
-75
-69
-62
-54
-42
-36
-28
-25
-19
-12
-5
1
3
4
6
4
3
2
-3
-9
-18
-17
-18
-17
-14
-12
-12
-5
-2
-2
1
-1
-5
-10
-6
-2
-2
-2
-4
-7
-8
-5
-1
0
6
13
13
17
22
32
38
42
50
54
58
59
62
61
60
57
51
43
33
26
24
17
8
0
-12
-19
-30
-41
-55
-63
-66
-73
-78
-84
-87
-93
-98
-93
-88
-85
-83
-82
-76
-69
-65
-62
-55
-54
-50
-50
-47
-45
-44
-38
-32
-25
-16
-12
-7
2
10
18
28
40
47
53
57
69
76
80
87
92
96
94
88
80
76
66
63
63
65
66
67
66
61
55
54
53
52
58
61
59
57
53
44
38
33
26
18
12
3
-5
-11
-14
-10
-7
-4
-3
-5
-4
-3
-6
-1
2
1
2
4
1
1
-3
-9
-8
0
-1
-8
-6
-7
-13
-25
-37
-44
-48
-55
-64
-67
-73
-82
-91
-97
-99
-104
-103
-103
-102
-96
-93
-91
-86
-84
-84
-80
-76
-75
-73
-65
-63
-65
-63
-59
-58
-52
-43
-32
-20
-9
3
14
17
27
36
41
50
64
74
78
82
82
82
85
89
90
93
93
89
88
84
88
86
88
93
97
98
93
88
87
88
85
80
79
80
73
65
59
52
49
45
49
54
50
45
40
36
31
30
25
27
27
18
11
1
-7
-15
-19
-23
-27
-35
-39
-45
-49
-51
-56
-54
-59
-62
-66
-73
-81
-90
-94
-99
-106
-110
-110
-115
-117
-114
-114
-114
-115
-112
-112
-116
-118
-116
-113
-110
-109
-105
-98
-99
-97
-92
-81
-75
-67
-61
-53
-48
-43
-34
-24
-7
2
11
21
27
31
32
37
43
50
62
68
70
72
78
82
85
88
103
111
111
116
113
114
114
112
118
122
122
118
118
115
110
106
103
105
105
107
107
108
108
104
103
106
104
102
102
101
95
85
76
72
63
52
44
37
32
27
22
15
9
0
-8
-16
-20
-24
-36
-44
-50
-57
-68
-76
-83
-87
-96
-109
-116
-120
-126
-134
-142
-149
-157
-170
-174
-184
-193
-195
-198
-197
-196
-200
-199
-191
-186
-185
-179
-170
-157
-147
-142
-129
-118
-109
-106
-97
-82
-74
-65
-51
-36
-21
-16
-9
3
12
24
38
51
69
80
88
99
104
111
120
130
142
148
150
150
147
145
145
147
154
155
155
155
156
154
150
151
159
163
166
168
168
169
162
154
153
151
151
147
140
133
118
105
92
84
81
74
66
57
49
41
30
18
10
6
-1
-9
-16
-24
-36
-49
-59
-69
-78
-89
-97
-103
-108
-119
-131
-141
-157
-164
-169
-176
-179
-182
-187
-188
-192
-197
-198
-197
-190
-186
-185
-176
-176
-173
-166
-161
-149
-142
-135
-130
-125
-118
-110
-102
-91
-76
-65
-53
-44
-36
-22
-10
1
14
24
33
39
47
56
57
58
68
83
88
89
90
91
93
95
96
105
109
112
113
116
118
118
122
120
123
125
129
133
141
142
142
144
139
138
129
123
124
119
111
105
102
98
86
78
74
68
60
57
50
48
37
23
16
6
-4
-13
-19
-24
-33
-46
-54
-58
-70
-84
-93
-96
-101
-108
-114
-110
-115
-121
-121
-119
-117
-116
-113
-113
-113
-116
-118
-110
-99
-94
-91
-83
-82
-91
-93
-86
-78
-69
-64
-60
-52
-54
-57
-49
-43
-29
-18
-8
1
8
9
9
12
19
32
44
59
64
67
71
67
69
79
92
102
110
112
107
99
100
101
106
119
127
132
130
124
119
120
125
128
139
140
132
125
118
105
102
111
117
116
111
99
85
73
60
56
60
60
53
41
29
15
2
-4
-6
-7
-12
-23
-32
-46
-62
-66
-70
-68
-67
-69
-79
-90
-102
-105
-103
-102
-103
-107
-116
-124
-130
-132
-133
-129
-125
-123
-117
-115
-119
-120
-122
-126
-125
-122
-114
-112
-110
-113
-115
-117
-121
-111
-96
-82
-66
-63
-65
-65
-61
-58
-55
-37
-29
-19
-14
-11
-6
-3
6
12
22
30
33
34
39
45
53
62
77
86
89
100
107
111
114
120
132
136
136
137
135
130
131
130
138
142
141
140
125
113
104
96
102
110
114
113
101
93
76
67
58
52
51
46
37
23
11
-5
-15
-21
-18
-22
-21
-34
-45
-56
-74
-77
-81
-78
-82
-86
-93
-108
-114
-119
-120
-117
-108
-106
-113
-118
-133
-141
-129
-121
-114
-107
-104
-104
-112
-119
-115
-105
-90
-77
-69
-63
-60
-65
-68
-61
-54
-44
-31
-23
-15
-15
-15
-14
-12
-7
2
13
23
23
25
31
35
40
51
65
76
83
83
90
92
89
93
103
111
114
112
109
107
109
108
114
122
124
116
111
110
108
109
106
107
103
94
88
85
81
77
69
63
62
52
47
41
29
16
4
0
-4
-10
-8
-11
-22
-31
-39
-44
-43
-44
-47
-55
-60
-67
-67
-66
-65
-64
-60
-63
-68
-73
-76
-76
-78
-80
-81
-80
-87
-90
-91
-96
-95
-95
-91
-83
-75
-72
-72
-70
-68
-67
-64
-55
-51
-47
-48
-52
-48
-49
-46
-38
-31
-26
-24
-24
-25
-21
-14
-4
9
22
27
35
41
45
50
56
61
66
76
80
83
84
84
86
88
90
98
102
105
109
103
96
93
97
96
96
102
107
103
99
99
95
93
86
84
82
70
59
52
46
41
33
28
26
15
4
-2
-9
-19
-23
-31
-33
-37
-52
-60
-65
-72
-82
-85
-82
-78
-83
-91
-93
-98
-108
-111
-112
-108
-113
-122
-125
-127
-126
-127
-126
-120
-116
-113
-111
-109
-105
-110
-108
-106
-107
-99
-97
-94
-90
-90
-90
-84
-71
-69
-60
-55
-49
-44
-42
-35
-27
-19
-15
-8
0
6
10
17
27
34
41
45
55
68
70
79
85
89
92
99
107
107
110
116
124
122
122
121
125
132
130
133
133
134
130
134
132
134
137
131
131
125
120
119
117
113
109
100
95
86
77
78
73
66
57
48
42
36
24
15
15
9
1
-5
-11
-20
-26
-31
-39
-43
-48
-53
-60
-63
-67
-74
-77
-85
-85
-86
-87
-89
-92
-100
-105
-107
-109
-109
-110
-110
-108
-112
-110
-109
-109
-108
-109
-107
-104
-102
-98
-99
-97
-91
-90
-88
-84
-81
-81
-76
-74
-71
-66
-64
-57
-51
-49
-43
-34
-32
-27
-17
-7
-1
9
16
24
32
38
49
54
61
63
64
69
72
76
79
83
90
91
90
89
91
88
91
89
89
89
87
85
81
82
79
80
83
81
76
75
73
67
67
66
65
67
62
60
66
63
50
42
35
32
28
25
24
24
16
9
5
2
-2
-8
-11
-19
-24
-27
-31
-34
-40
-43
-47
-54
-59
-63
-65
-67
-71
-76
-78
-83
-90
-90
-92
-95
-95
-93
-95
-95
-92
-93
-91
-90
-89
-90
-88
-85
-78
-72
-69
-70
-71
-66
-62
-56
-53
-45
-42
-36
-31
-23
-16
-11
-4
3
4
8
13
19
22
32
39
43
44
48
56
59
60
62
64
67
67
68
72
74
77
81
80
82
81
84
89
89
89
89
92
91
88
85
86
84
84
80
76
77
75
75
71
69
65
60
62
59
57
53
51
49
39
34
29
25
25
18
9
3
2
-2
-11
-16
-24
-28
-38
-47
-51
-53
-56
-66
-69
-72
-74
-76
-73
-74
-78
-81
-86
-85
-86
-86
-85
-88
-86
-84
-81
-78
-79
-77
-72
-70
-69
-66
-62
-58
-61
-55
-48
-47
-44
-40
-38
-36
-32
-29
-23
-21
-17
-11
-11
-8
-6
-4
-1
7
10
16
18
17
23
22
26
33
36
39
40
44
45
49
51
55
58
52
50
53
53
55
53
54
54
53
54
51
54
56
54
55
55
58
54
48
50
45
42
43
42
41
37
34
30
24
21
16
14
10
5
2
-1
-2
-10
-18
-22
-24
-30
-30
-32
-33
-31
-36
-41
-42
-47
-49
-49
-51
-52
-52
-53
-57
-59
-57
-56
-54
-52
-53
-52
-50
-48
-48
-51
-47
-45
-45
-42
-38
-36
-34
-29
-24
-23
-22
-21
-18
-17
-14
-15
-13
-6
-2
2
3
7
5
8
12
13
14
13
13
11
5
4
8
11
9
9
9
4
5
3
4
4
3
3
-1
2
1
-1
1
2
5
7
7
3
3
3
1
0
4
6
9
11
12
11
13
14
14
16
15
13
12
11
10
8
12
12
9
10
10
10
10
11
12
11
11
9
13
14
10
10
10
11
15
19
18
21
21
20
20
20
21
24
24
22
22
24
26
26
27
28
33
35
33
31
32
32
30
28
26
26
26
24
22
23
21
21
19
16
13
12
11
7
4
1
-2
-4
-7
-8
-9
-13
-15
-18
-20
-21
-23
-26
-27
-29
-29
-30
-34
-36
-36
-36
-35
-36
-36
-35
-34
-36
-36
-33
-31
-31
-31
-29
-27
-25
-25
-25
-22
-20
-19
-17
-16
-14
-14
-12
-10
-10
-7
-7
-8
-7
-6
-7
-6
-5
-5
-2
-3
-3
-1
-1
1
2
3
5
6
6
9
10
11
12
14
16
16
18
20
21
23
24
27
30
31
32
32
34
36
35
36
35
33
33
33
32
32
30
28
27
25
23
21
19
16
16
13
7
3
2
-3
-6
-8
-11
-13
-18
-20
-22
-26
-27
-29
-32
-33
-35
-35
-36
-37
-37
-37
-39
-40
-39
-40
-38
-38
-36
-33
-32
-30
-32
-30
-29
-26
-25
-24
-21
-21
-19
-19
-16
-16
-16
-14
-15
-15
-14
-14
-14
-15
-15
-14
-15
-14
-14
-15
-13
-13
-15
-15
-13
-12
-11
-10
-11
-8
-7
-7
-4
-2
-1
0
3
3
7
9
11
14
17
19
22
