-2
-2
-1
-1
0
0
-1
-1
0
-1
-1
-2
-1
-1
-1
0
0
-1
-2
-1
-2
0
0
0
1
2
1
1
1
1
0
0
0
-1
0
1
0
-1
0
1
1
1
1
2
2
2
2
2
2
2
3
2
2
1
2
2
2
2
1
2
3
3
3
3
3
2
1
0
2
0
0
0
0
0
0
0
-1
-1
-1
-1
-2
-1
-1
-2
-1
-1
1
0
1
1
0
0
0
-1
-1
-2
-1
-1
0
0
0
-1
-1
0
-2
0
0
0
1
0
0
2
1
0
0
0
0
0
0
0
0
1
1
1
0
0
1
0
0
0
0
1
1
2
2
1
0
1
1
1
2
3
4
2
2
1
2
2
2
3
2
3
1
1
0
1
1
2
3
2
3
2
2
2
2
3
2
2
1
0
0
2
1
0
0
1
0
1
2
1
2
1
1
2
2
2
0
2
0
1
2
2
0
1
1
1
0
-1
0
1
1
0
0
0
0
0
0
-1
-1
0
1
0
0
0
-1
1
0
1
1
0
-1
-1
-1
-1
-1
0
0
-1
-1
-1
0
-2
-1
-1
-3
-2
-1
-2
-2
-1
-1
-2
-1
-1
-1
-1
-2
-2
-1
-2
-3
-2
-3
-2
-2
-2
-2
-3
-2
-2
-2
-1
-2
-1
-3
-2
-1
-2
-2
-2
-1
-2
-1
0
-2
-1
-1
-1
0
0
1
0
-1
-1
-1
-1
0
1
1
0
2
1
2
3
4
4
5
5
4
5
5
3
4
4
4
4
3
2
2
2
2
1
1
0
0
-2
-2
-1
-2
-2
-1
-2
-3
-3
-3
-5
-3
-3
-5
-4
-4
-4
-5
-4
-4
-5
-4
-4
-5
-5
-6
-6
-5
-5
-2
-3
-3
-2
-2
-2
-2
-1
-1
-1
1
-1
0
1
0
3
2
3
2
3
5
3
4
3
2
5
3
4
3
3
5
4
5
5
6
7
6
8
7
6
8
7
9
8
9
10
8
11
7
8
10
6
8
7
5
6
3
3
1
1
2
-2
0
-3
-4
-5
-8
-7
-10
-12
-12
-16
-15
-17
-17
-18
-19
-18
-19
-19
-19
-21
-19
-20
-20
-20
-19
-18
-19
-17
-17
-16
-14
-14
-11
-9
-9
-7
-5
-3
-1
3
4
5
9
10
12
16
17
19
21
23
25
26
28
26
28
29
29
31
31
32
31
31
31
28
29
26
25
23
21
20
16
16
13
11
9
4
4
-1
-1
-4
-9
-10
-14
-16
-17
-20
-21
-24
-26
-29
-30
-29
-31
-30
-32
-36
-33
-37
-34
-35
-35
-30
-34
-28
-30
-29
-25
-27
-22
-23
-20
-16
-17
-11
-12
-9
-5
-6
0
0
4
6
6
12
11
15
17
18
24
21
27
26
27
31
27
31
30
29
32
28
32
28
28
29
23
26
21
20
21
15
17
13
13
12
7
11
6
6
4
-1
3
-2
0
-2
-6
-5
-7
-4
-9
-11
-9
-14
-11
-12
-15
-14
-16
-13
-14
-13
-8
-11
-7
-8
-9
-2
-2
0
0
1
1
-1
6
4
7
10
10
13
14
16
19
20
24
21
20
21
15
16
14
13
12
9
10
5
5
3
1
1
-4
-6
-8
-11
-11
-16
-17
-18
-16
-14
-16
-19
-22
-27
-27
-28
-30
-34
-34
-33
-35
-34
-34
-34
-33
-35
-40
-40
-45
-44
-46
-53
-58
-60
-56
-50
-51
-47
-50
-48
-41
-42
-38
-42
-47
-50
-55
-51
-59
-62
-66
-75
-73
-71
-68
-64
-62
-52
-50
-40
-27
-22
-5
1
14
28
42
60
66
73
89
96
124
128
141
149
155
172
177
192
204
207
223
219
229
243
239
260
248
261
262
261
271
253
264
254
257
252
237
245
234
241
236
225
220
204
200
184
164
151
115
99
73
52
33
8
5
-19
-18
-30
-49
-52
-75
-85
-102
-117
-129
-156
-169
-203
-221
-231
-254
-264
-287
-303
-318
-342
-352
-393
-413
-433
-453
-458
-483
-488
-519
-523
-534
-537
-516
-512
-488
-482
-485
-474
-466
-448
-437
-426
-421
-422
-416
-421
-414
-402
-379
-364
-348
-342
-315
-289
-247
-220
-192
-154
-91
-16
65
139
218
317
425
545
640
726
782
839
873
893
908
904
893
875
861
843
834
831
833
837
855
870
875
860
839
802
770
744
710
656
600
538
481
448
416
389
346
315
279
256
220
183
134
88
41
-10
-59
-123
-171
-232
-274
-324
-370
-413
-472
-507
-546
-566
-583
-597
-603
-615
-601
-585
-569
-552
-552
-561
-575
-600
-614
-666
-712
-767
-832
-864
-908
-932
-960
-972
-950
-950
-933
-904
-911
-861
-874
-857
-890
-936
-944
-1009
-1006
-1018
-1021
-985
-986
-919
-818
-641
-357
-145
126
295
520
769
1014
1242
1346
1393
1365
1314
1257
1160
1053
942
802
733
657
648
649
654
682
658
698
705
715
698
618
542
454
395
356
318
310
336
411
505
603
733
856
1003
1128
1187
1196
1156
1074
952
794
587
354
118
-85
-263
-399
-483
-536
-554
-528
-449
-352
-239
-127
-46
31
110
179
243
269
258
240
228
214
189
148
96
42
-13
-78
-142
-207
-258
-314
-375
-446
-515
-600
-690
-765
-850
-933
-1021
-1110
-1184
-1233
-1266
-1283
-1280
-1238
-1206
-1139
-1070
-1014
-941
-900
-852
-895
-924
-984
-1068
-1107
-1204
-1250
-1318
-1324
-1298
-1285
-1131
-957
-628
-255
55
375
580
907
1213
1494
1648
1643
1586
1459
1325
1160
958
805
655
549
495
447
505
536
598
609
595
615
598
577
466
344
248
186
190
164
178
251
369
567
742
921
1098
1246
1383
1457
1510
1484
1398
1292
1095
903
696
482
280
86
-46
-133
-166
-182
-182
-121
-31
103
230
333
413
473
521
548
542
501
454
385
311
242
168
91
10
-71
-172
-266
-343
-426
-512
-614
-701
-769
-836
-911
-997
-1089
-1170
-1235
-1273
-1333
-1374
-1417
-1429
-1400
-1384
-1331
-1306
-1230
-1192
-1122
-1088
-1074
-1108
-1129
-1199
-1252
-1351
-1423
-1485
-1561
-1563
-1588
-1520
-1473
-1323
-1194
-919
-546
-91
303
667
919
1215
1539
1783
1922
1871
1731
1517
1332
1089
844
628
451
348
316
311
362
445
495
515
511
489
465
407
313
210
182
198
296
419
560
767
1038
1316
1571
1774
1908
2019
2046
2016
1899
1726
1511
1279
1028
789
565
359
187
58
-28
-46
-45
-31
-18
35
123
235
360
423
490
547
577
605
584
531
470
380
256
130
4
-137
-260
-370
-502
-593
-692
-766
-851
-930
-999
-1058
-1114
-1199
-1266
-1335
-1396
-1413
-1452
-1479
-1447
-1418
-1345
-1316
-1237
-1235
-1198
-1185
-1236
-1275
-1344
-1465
-1505
-1645
-1719
-1825
-1922
-1943
-1986
-1906
-1872
-1765
-1644
-1506
-1266
-942
-486
68
509
914
1218
1540
1913
2139
2226
2043
1794
1473
1191
899
574
360
212
186
229
312
454
615
734
771
731
713
650
591
480
354
361
461
643
823
1040
1309
1631
1912
2048
2098
2078
2003
1857
1599
1298
1016
769
581
398
260
189
133
104
72
77
86
94
63
39
58
130
253
366
475
586
717
816
859
811
699
547
365
142
-100
-341
-542
-695
-816
-881
-899
-869
-851
-830
-843
-868
-894
-973
-1074
-1190
-1251
-1305
-1323
-1343
-1345
-1298
-1220
-1175
-1124
-1150
-1204
-1302
-1425
-1602
-1785
-1901
-2067
-2125
-2212
-2262
-2265
-2226
-2165
-2027
-1859
-1689
-1561
-1325
-1094
-621
-4
562
1095
1504
1834
2236
2569
2723
2591
2277
1820
1372
962
472
133
-112
-232
-166
-21
170
441
660
775
823
819
746
657
535
372
370
481
701
1007
1299
1607
1918
2210
2326
2293
2108
1801
1474
1079
665
298
29
-109
-135
-79
58
207
369
448
516
535
533
460
354
298
303
440
598
786
984
1243
1438
1569
1542
1356
1094
761
348
-79
-480
-825
-1051
-1191
-1218
-1148
-990
-850
-717
-631
-615
-623
-682
-833
-969
-1113
-1196
-1204
-1180
-1154
-1098
-1042
-1028
-1054
-1178
-1349
-1605
-1848
-2160
-2451
-2698
-2881
-2919
-2939
-2817
-2730
-2514
-2347
-2145
-1978
-1819
-1689
-1480
-1243
-846
-208
409
1116
1541
1972
2303
2723
2822
2621
2124
1457
881
313
-250
-717
-911
-916
-626
-355
30
429
842
1058
1120
1118
1015
1000
863
743
747
1000
1370
1780
2119
2398
2690
2862
2777
2397
1867
1262
714
145
-334
-640
-700
-592
-340
17
395
822
1094
1226
1199
1095
929
707
454
297
302
456
705
959
1253
1546
1769
1803
1661
1311
874
363
-193
-701
-1094
-1319
-1411
-1338
-1178
-909
-592
-361
-213
-139
-161
-228
-365
-580
-727
-788
-786
-737
-680
-648
-609
-623
-797
-1082
-1448
-1887
-2338
-2752
-3154
-3400
-3523
-3458
-3301
-2996
-2679
-2408
-2101
-1914
-1733
-1564
-1470
-1366
-1076
-556
207
928
1462
1840
2187
2619
2737
2550
1868
1089
307
-440
-1104
-1640
-1769
-1636
-1262
-845
-343
242
750
1004
1014
914
830
776
668
578
677
1121
1706
2293
2715
3013
3247
3248
2922
2223
1377
500
-271
-935
-1409
-1563
-1376
-960
-405
231
858
1377
1625
1651
1509
1335
1093
772
479
399
583
924
1290
1589
1861
2029
2036
1812
1387
889
336
-196
-673
-981
-1072
-1019
-861
-631
-324
-16
188
219
133
26
-83
-197
-298
-362
-286
-100
82
210
258
196
-16
-376
-883
-1433
-2016
-2563
-3133
-3488
-3676
-3627
-3484
-3251
-3018
-2695
-2419
-2189
-2141
-2116
-2026
-2048
-1817
-1679
-1317
-495
502
1379
2044
2257
2343
2492
2344
1669
678
-365
-1258
-1735
-2233
-2442
-2148
-1597
-859
-183
272
710
1053
993
730
461
241
261
431
579
1063
1883
2702
3352
3684
3633
3422
2999
2137
1067
38
-819
-1331
-1535
-1525
-1128
-469
168
743
1229
1567
1715
1601
1217
913
807
883
1032
1255
1616
2083
2516
2703
2629
2322
1881
1219
483
-215
-710
-998
-1102
-1041
-761
-321
35
275
366
350
280
95
-229
-468
-531
-451
-266
-30
251
600
832
890
715
422
4
-536
-1190
-1786
-2260
-2602
-2837
-3073
-3083
-3080
-2964
-2981
-2950
-2973
-2861
-2791
-2763
-2709
-2566
-2273
-1968
-1570
-1205
-711
95
1016
1700
2021
1994
1796
1805
1504
899
-64
-917
-1633
-2025
-2328
-2477
-2102
-1597
-963
-425
39
406
723
643
473
389
437
620
843
1105
1553
2288
2865
3258
3311
3085
2706
2164
1378
497
-228
-818
-1056
-1056
-842
-391
184
617
976
1204
1259
1199
991
803
776
965
1201
1530
1908
2422
2814
2969
2771
2381
1853
1178
394
-351
-855
-1085
-1132
-1022
-763
-361
36
230
268
179
101
-46
-281
-457
-469
-258
3
277
511
758
949
960
707
373
-78
-481
-972
-1428
-1805
-2016
-2160
-2346
-2410
-2587
-2525
-2663
-2670
-2876
-2831
-2905
-2800
-2721
-2634
-2325
-2099
-1712
-1366
-848
-66
1051
1734
2170
2127
1955
1946
1621
917
-92
-1010
-1776
-2221
-2565
-2752
-2394
-1846
-1291
-739
-391
-59
167
92
-17
67
291
591
949
1332
1851
2558
2978
3110
2935
2528
2013
1419
709
15
-425
-712
-694
-459
-150
213
604
825
983
1079
1004
913
780
736
894
1279
1679
2080
2361
2618
2863
2911
2765
2312
1684
1029
437
-82
-451
-709
-818
-773
-649
-477
-301
-194
-174
-104
-89
-38
-42
-55
-47
96
247
418
534
605
636
633
493
233
-64
-466
-832
-1233
-1591
-1902
-2132
-2329
-2450
-2487
-2481
-2418
-2360
-2281
-2190
-2123
-2111
-2141
-2158
-2145
-2054
-1752
-1347
-738
386
1313
2175
2454
2395
2228
2100
1485
643
-440
-1347
-1836
-2210
-2509
-2461
-1948
-1484
-975
-768
-658
-413
-452
-579
-523
-251
209
762
1186
1654
2233
2539
2532
2319
1877
1350
787
237
-182
-437
-607
-655
-479
-231
-19
166
196
297
432
554
681
859
1072
1355
1682
1939
2162
2259
2309
2281
2112
1933
1782
1706
1636
1428
1038
661
357
43
-261
-589
-786
-791
-720
-579
-340
-99
173
428
557
566
544
426
286
208
150
184
246
292
309
249
4
-271
-627
-1055
-1459
-1804
-2107
-2294
-2340
-2357
-2256
-2102
-1926
-1806
-1751
-1819
-1873
-1976
-2000
-1927
-1747
-1399
-1023
-383
636
1566
2221
2262
1978
1797
1663
1144
376
-543
-1140
-1424
-1670
-1933
-1936
-1682
-1455
-1275
-1254
-1190
-1078
-1081
-962
-627
-125
411
820
1188
1515
1756
1761
1596
1343
1022
639
249
6
-162
-343
-526
-648
-604
-478
-423
-363
-214
40
338
672
1002
1331
1578
1716
1836
1930
1930
1873
1911
2034
2108
2084
2062
2018
2101
1935
1530
1009
521
129
-228
-543
-695
-632
-537
-386
-213
0
180
346
421
464
510
497
442
390
362
345
229
82
-62
-269
-514
-795
-1040
-1216
-1332
-1503
-1657
-1874
-2011
-2118
-2222
-2261
-2242
-2134
-1990
-1875
-1717
-1613
-1398
-1206
-946
-705
-471
246
1029
1689
1860
1776
1698
1838
1618
1181
398
-200
-578
-983
-1354
-1596
-1464
-1425
-1270
-1200
-1095
-982
-1032
-994
-716
-344
24
346
612
961
1210
1242
1154
1106
906
586
269
35
-96
-359
-630
-833
-860
-842
-846
-759
-545
-223
46
342
682
1065
1296
1376
1492
1622
1715
1711
1793
2000
2178
2256
2091
2034
2099
2049
1804
1346
893
531
191
-146
-347
-471
-467
-494
-436
-338
-172
0
150
416
645
770
755
687
581
386
110
-237
-483
-712
-931
-1073
-1208
-1194
-1215
-1309
-1523
-1731
-2006
-2158
-2354
-2407
-2419
-2258
-2118
-1869
-1542
-1445
-1128
-951
-606
-425
239
935
1667
1905
1854
1721
1706
1722
1388
902
256
88
-214
-488
-814
-839
-847
-845
-872
-982
-990
-1058
-1030
-864
-469
-131
222
429
667
800
791
643
590
505
302
131
-21
-68
-205
-454
-734
-874
-986
-1144
-1204
-1073
-767
-465
-248
22
418
688
860
976
1102
1289
1433
1577
1841
2156
2309
2252
2089
2054
2033
1839
1527
1201
895
663
442
227
91
-26
-171
-329
-412
-452
-427
-361
-124
245
576
808
914
824
657
419
45
-378
-807
-1174
-1443
-1590
-1653
-1653
-1700
-1786
-1874
-2048
-2174
-2279
-2319
-2352
-2235
-2204
-1955
-1776
-1557
-1272
-883
-438
139
1111
1718
2246
2057
1941
1699
1713
1350
1013
533
356
381
121
-22
-111
-21
-144
-133
-385
-507
-643
-775
-712
-380
-97
177
435
603
780
672
451
274
232
-26
-209
-321
-343
-300
-444
-633
-722
-777
-917
-1004
-999
-838
-620
-468
-292
-64
54
80
209
382
632
874
1175
1563
1933
2194
2269
2278
2221
2133
1903
1702
1472
1211
889
696
629
560
445
239
108
-82
-221
-394
-466
-380
-208
-23
193
441
558
528
369
116
-252
-685
-1111
-1413
-1623
-1736
-1907
-1987
-2132
-2160
-2270
-2356
-2355
-2422
-2484
-2412
-2257
-2122
-1826
-1587
-1008
-557
456
1301
1986
2089
1952
1714
1696
1692
1412
1103
818
957
831
701
418
452
397
367
319
154
106
53
74
181
385
407
466
600
769
704
567
385
357
193
-184
-470
-662
-706
-867
-1008
-1067
-917
-849
-883
-814
-637
-502
-483
-499
-401
-244
-224
-187
-30
146
325
414
596
940
1161
1305
1446
1705
1896
2094
2050
2013
1851
1607
1223
992
893
816
748
649
666
525
353
121
-47
-244
-280
-276
-158
-20
69
77
42
-45
-331
-702
-1159
-1372
-1642
-1843
-2082
-2142
-2309
-2335
-2378
-2486
-2488
-2686
-2619
-2690
-2478
-2442
-2089
-1673
-1091
-153
844
1500
1788
1712
1413
1532
1498
1357
1107
911
982
1044
882
699
733
784
764
840
654
547
532
417
587
713
745
691
879
1019
972
829
514
455
241
-174
-516
-784
-999
-1150
-1314
-1331
-1152
-1082
-1099
-972
-740
-651
-624
-671
-526
-331
-291
-252
-20
260
455
521
582
767
794
682
622
851
1054
1391
1589
1741
1881
1836
1683
1468
1439
1278
1212
1096
1146
1064
868
682
546
382
195
84
-61
-106
-163
-285
-348
-434
-640
-924
-1199
-1307
-1447
-1635
-1915
-2058
-2182
-2254
-2373
-2465
-2573
-2591
-2635
-2584
-2535
-2356
-2123
-1666
-1336
-524
279
778
952
847
840
1044
1297
1252
1211
1056
1102
989
748
541
559
611
665
915
897
940
965
932
1007
1089
970
919
1090
1174
1127
1058
915
857
642
114
-271
-604
-875
-1092
-1297
-1394
-1312
-1267
-1296
-1116
-939
-839
-757
-634
-455
-322
-329
-303
-106
116
312
463
665
854
936
798
774
808
829
865
899
911
983
1075
1084
1181
1309
1418
1490
1574
1600
1523
1311
1149
1033
794
606
463
329
228
118
-141
-413
-622
-882
-1166
-1440
-1597
-1740
-1836
-2001
-2059
-2196
-2290
-2349
-2439
-2450
-2437
-2332
-2346
-2226
-2044
-1773
-1555
-778
-36
425
436
366
337
499
695
620
582
685
856
844
708
525
595
581
672
823
785
769
905
1099
1280
1394
1349
1376
1545
1583
1352
1112
999
931
742
392
94
-107
-311
-585
-766
-956
-1115
-1247
-1372
-1348
-1255
-1210
-1127
-841
-632
-492
-465
-386
-166
64
207
377
574
703
765
707
711
692
719
744
760
781
749
716
687
737
791
856
938
1120
1263
1318
1358
1366
1349
1227
1132
1050
929
822
650
401
126
-148
-494
-852
-1125
-1433
-1705
-1919
-2071
-2205
-2373
-2445
-2554
-2610
-2626
-2586
-2460
-2315
-1993
-1690
-1267
-477
113
372
141
102
28
249
265
195
81
175
339
207
181
52
362
369
545
573
436
452
537
715
884
1052
1262
1488
1808
1903
1749
1619
1515
1439
1092
665
311
99
-116
-319
-525
-685
-725
-776
-831
-822
-807
-881
-909
-850
-728
-678
-695
-591
-380
-134
173
401
536
589
616
615
634
684
633
562
474
448
406
331
306
410
511
595
680
769
848
947
1019
969
924
822
775
697
598
556
493
439
371
220
-29
-303
-592
-922
-1212
-1432
-1736
-1902
-2090
-2189
-2331
-2468
-2541
-2458
-2213
-1923
-1630
-1071
-364
108
95
-115
-223
112
306
473
344
438
602
567
371
-19
42
78
228
292
241
200
156
223
301
413
556
810
1151
1412
1558
1494
1468
1472
1407
1184
887
740
646
531
306
82
-131
-336
-566
-784
-908
-965
-956
-936
-805
-632
-475
-380
-269
-100
77
298
454
546
632
691
718
692
634
569
423
279
148
19
-36
38
159
227
277
282
291
319
428
515
578
667
812
897
805
606
361
173
11
-156
-418
-647
-773
-910
-1120
-1365
-1529
-1579
-1575
-1586
-1665
-1763
-1817
-1759
-1664
-1555
-1170
-595
-101
63
-91
-240
-129
73
214
86
40
217
431
437
219
195
367
613
746
663
553
528
612
577
404
258
264
434
579
639
664
784
997
1144
1063
856
697
620
519
364
176
61
75
90
31
-114
-288
-455
-585
-721
-811
-830
-774
-567
-285
-43
171
362
522
605
669
656
650
697
723
726
660
573
433
275
96
-65
-176
-248
-227
-166
-130
-58
60
150
200
219
213
165
102
-9
-100
-114
-107
-165
-295
-463
-624
-798
-986
-1131
-1215
-1251
-1260
-1276
-1286
-1220
-1083
-917
-779
-603
-400
-144
-5
48
-7
-35
67
155
166
55
-55
-80
-19
-30
-64
4
147
358
454
394
327
336
423
481
461
452
538
633
666
569
447
362
349
324
224
72
-37
-54
-51
-67
-130
-167
-143
-64
-37
-69
-128
-139
-147
-158
-198
-226
-178
-74
60
157
269
391
574
747
881
920
905
897
902
855
772
687
619
618
597
574
558
528
478
412
354
334
345
335
289
270
275
263
239
199
182
173
120
28
-90
-255
-449
-624
-786
-926
-1029
-1117
-1147
-1172
-1202
-1229
-1232
-1202
-1165
-1090
-1012
-866
-716
-612
-554
-553
-573
-559
-499
-441
-400
-373
-330
-292
-268
-283
-307
-322
-289
-207
-116
-34
77
175
290
400
436
449
436
454
444
366
301
277
236
169
91
28
18
21
-16
-101
-146
-152
-156
-132
-106
-47
6
80
193
276
301
310
347
451
560
606
647
742
873
968
1024
1005
999
1021
1035
1030
998
970
915
917
872
791
695
641
639
663
628
571
537
499
461
375
279
188
124
54
-7
-111
-238
-336
-432
-500
-613
-779
-919
-1022
-1097
-1205
-1308
-1369
-1369
-1329
-1316
-1311
-1296
-1240
-1176
-1082
-1019
-968
-924
-904
-840
-781
-755
-694
-617
-538
-454
-428
-403
-364
-333
-309
-282
-230
-169
-81
17
118
206
274
323
400
455
457
454
450
443
409
325
224
140
88
43
3
-44
-74
-87
-104
-99
-109
-100
-66
14
95
166
226
322
443
548
603
639
696
739
754
764
788
831
894
913
889
864
878
916
959
991
969
957
946
952
927
860
808
787
773
717
647
567
519
472
384
271
169
37
-121
-271
-409
-506
-606
-649
-681
-719
-788
-855
-920
-983
-1031
-1096
-1121
-1131
-1136
-1140
-1141
-1130
-1068
-999
-962
-947
-917
-921
-882
-818
-773
-707
-638
-564
-494
-443
-457
-451
-424
-376
-333
-284
-213
-92
44
152
229
258
288
301
271
221
179
145
131
114
119
110
102
92
67
45
0
-35
-74
-78
-36
10
71
129
194
261
320
359
417
500
547
588
621
627
669
693
704
736
752
759
769
773
741
717
757
823
882
914
880
856
842
819
786
744
743
735
742
702
653
605
545
494
411
296
159
54
-61
-166
-284
-379
-447
-472
-512
-568
-608
-668
-705
-762
-829
-897
-916
-957
-973
-983
-999
-967
-915
-897
-921
-942
-994
-986
-931
-879
-849
-803
-760
-694
-668
-685
-679
-624
-518
-427
-332
-268
-172
-73
33
108
159
209
234
271
261
233
181
159
138
113
73
37
35
35
57
61
61
98
143
151
167
166
193
215
222
260
289
326
345
380
397
394
371
376
394
420
456
495
540
570
605
588
590
566
580
595
618
651
653
675
668
659
646
646
626
637
627
610
596
606
597
572
535
468
386
259
143
28
-32
-85
-131
-176
-225
-309
-388
-453
-515
-546
-595
-604
-636
-659
-704
-770
-795
-772
-768
-793
-822
-862
-857
-841
-821
-822
-810
-820
-818
-787
-763
-718
-643
-495
-353
-223
-161
-133
-99
-41
5
21
16
43
130
176
189
139
85
41
11
-46
-89
-117
-106
-46
-1
38
61
81
75
98
110
118
134
133
139
150
141
132
162
182
215
226
217
249
283
314
317
332
379
424
442
448
454
513
569
613
654
671
702
723
727
714
702
667
649
634
638
652
650
634
633
597
527
449
350
294
208
141
85
25
-24
-135
-231
-323
-381
-457
-500
-519
-538
-565
-615
-659
-682
-699
-723
-721
-738
-754
-815
-867
-906
-912
-905
-888
-857
-810
-761
-699
-639
-577
-465
-401
-300
-252
-174
-119
-65
-22
-14
30
47
87
67
54
41
38
29
8
-25
-34
-29
-13
-3
-11
7
36
99
139
174
176
177
185
182
166
138
136
185
257
302
320
314
313
314
340
361
391
416
437
467
505
520
497
515
554
595
610
587
586
614
646
656
646
636
634
625
593
526
479
434
410
371
299
233
164
125
100
64
4
-41
-77
-124
-185
-269
-353
-388
-432
-489
-554
-627
-658
-692
-699
-703
-695
-689
-697
-726
-745
-767
-767
-731
-710
-654
-616
-556
-516
-470
-433
-397
-317
-243
-164
-111
-47
3
67
82
78
82
79
86
86
67
54
57
59
66
51
43
23
20
25
19
29
25
37
58
57
54
56
41
45
58
68
78
81
84
97
127
142
175
210
243
269
300
316
316
325
333
369
409
412
415
431
450
474
461
457
463
482
480
471
471
457
458
442
405
355
294
211
136
74
-4
-45
-59
-71
-67
-102
-160
-194
-217
-242
-261
-275
-297
-317
-382
-452
-511
-545
-533
-533
-527
-524
-532
-543
-529
-514
-496
-452
-398
-346
-272
-216
-167
-101
-52
15
61
85
99
99
101
102
103
112
115
121
126
117
115
99
77
54
42
32
31
27
47
79
87
65
20
-14
-43
-62
-81
-84
-68
-56
-72
-95
-112
-125
-107
-83
-41
8
62
96
122
148
164
182
194
221
238
247
245
264
288
307
327
328
358
373
360
334
290
262
247
228
209
211
203
176
133
86
31
-38
-79
-106
-130
-133
-164
-203
-230
-268
-304
-304
-307
-301
-292
-315
-353
-411
-462
-521
-536
-539
-503
-456
-432
-413
-412
-410
-396
-353
-324
-274
-225
-183
-156
-96
-40
31
108
174
246
268
284
268
262
239
224
222
213
194
192
170
147
135
101
90
98
131
141
155
139
135
122
102
72
53
70
60
77
81
72
46
11
-18
-45
-48
-3
48
114
149
181
204
228
256
262
306
320
356
374
361
340
309
292
268
265
249
242
228
203
194
169
139
127
107
80
26
-33
-76
-134
-183
-223
-239
-245
-232
-243
-275
-312
-382
-440
-473
-497
-510
-525
-533
-548
-562
-574
-606
-633
-633
-620
-586
-541
-488
-432
-411
-388
-359
-327
-289
-226
-165
-105
-36
17
53
85
118
161
217
252
281
305
349
352
347
366
351
355
351
331
313
296
282
272
272
270
278
286
284
265
234
187
178
165
142
148
131
121
105
89
72
75
93
81
99
116
112
129
156
173
197
220
242
286
304
308
316
348
367
369
351
308
285
241
187
131
93
67
47
34
18
-4
-30
-51
-83
-140
-187
-219
-261
-285
-294
-312
-348
-366
-409
-444
-463
-494
-505
-553
-574
-613
-639
-682
-695
-697
-693
-646
-600
-566
-546
-476
-449
-406
-392
-380
-353
-300
-248
-206
-141
-77
8
56
102
151
207
271
326
351
364
396
416
450
470
503
505
513
539
543
516
467
437
418
428
426
411
399
408
400
376
342
307
291
255
217
197
179
152
131
118
113
91
88
94
121
134
129
141
154
179
171
172
184
199
211
198
184
179
167
137
100
65
48
42
13
-15
-56
-108
-159
-200
-217
-232
-243
-239
-255
-277
-300
-354
-385
-425
-452
-481
-512
-539
-572
-581
-606
-609
-636
-648
-654
-675
-665
-643
-650
-625
-595
-586
-570
-526
-467
-390
-337
-288
-213
-176
-148
-117
-104
-53
48
110
168
225
236
235
291
312
329
401
461
491
536
552
507
537
574
570
589
607
598
599
566
541
515
485
486
477
452
426
388
340
286
240
204
169
188
190
161
144
117
66
43
32
27
34
79
105
106
120
104
99
108
104
94
113
114
106
83
66
14
103
106
-14
41
42
-2
-63
2
-86
-200
-119
-171
-276
-229
-207
-316
-295
-287
-318
-342
-361
-379
-451
-496
-491
-537
-560
-525
-536
-545
-521
-517
-521
-503
-480
-485
-472
-448
-424
-409
-360
-331
-316
-274
-230
-184
-162
-122
-116
-109
-75
-36
-30
-1
23
32
65
102
132
151
220
266
278
321
353
349
377
406
382
386
408
411
413
419
410
408
401
388
367
354
366
353
306
287
280
242
261
252
227
229
240
213
211
207
170
162
146
154
156
156
157
166
146
129
114
81
80
84
57
49
30
7
4
-16
-10
-17
-16
-10
-5
-28
-60
-86
-127
-154
-167
-192
-219
-237
-276
-311
-354
-390
-398
-394
-397
-407
-413
-430
-442
-416
-409
-412
-378
-354
-333
-344
-325
-326
-325
-288
-294
-288
-258
-228
-220
-199
-196
-198
-167
-143
-108
-89
-74
-64
-69
-22
-22
-28
-4
21
42
92
130
148
204
221
248
288
288
324
347
354
364
339
328
340
372
387
410
396
379
389
368
351
340
327
324
335
335
327
318
307
294
298
297
277
264
235
201
162
115
72
36
24
-8
-33
-38
-56
-72
-95
-103
-123
-133
-141
-144
-160
-167
-165
-207
-203
-192
-199
-221
-194
-205
-247
-222
-235
-255
-257
-243
-254
-257
-235
-244
-282
-272
-235
-250
-240
-201
-199
-196
-171
-159
-197
-212
-173
-143
-129
-101
-102
-108
-81
-69
-86
-90
-62
-62
-61
-54
-60
-63
-31
-6
1
23
18
22
36
68
81
99
107
99
117
136
128
133
168
172
198
227
236
218
210
217
192
170
186
194
183
193
197
180
180
185
163
145
146
145
120
126
134
124
102
108
88
67
86
58
44
46
31
7
-12
-40
-67
-77
-96
-95
-118
-135
-123
-147
-138
-129
-149
-143
-114
-126
-135
-106
-114
-123
-120
-90
-87
-83
-73
-103
-114
-104
-92
-101
-98
-90
-88
-90
-78
-69
-76
-52
-11
6
-3
31
35
21
37
36
47
42
52
46
18
36
51
24
47
48
23
31
11
-9
-14
-24
-25
-24
-9
6
3
8
16
10
-6
-2
-7
2
5
17
27
6
15
32
22
8
0
-26
-30
-31
-20
-16
-22
-12
-23
-22
-6
-3
-11
-5
-3
-21
-29
-41
-58
-61
-56
-53
-62
-71
-78
-75
-76
-73
-74
-85
-102
-117
-101
-106
-111
-103
-119
-114
-107
-110
-107
-109
-111
-87
-64
-61
-24
-18
-7
10
17
35
47
62
52
35
30
54
54
71
107
90
102
122
128
140
134
154
191
215
243
267
271
283
286
277
288
279
268
264
240
233
214
196
185
185
178
154
143
107
109
89
78
71
66
62
57
55
31
40
3
1
-17
-34
-49
-48
-47
-65
-70
-89
-89
-102
-94
-105
-116
-113
-128
-141
-131
-148
-161
-147
-154
-158
-155
-171
-186
-187
-207
-196
-206
-199
-190
-204
-215
-227
-228
-256
-249
-249
-257
-265
-268
-247
-242
-217
-204
-197
-194
-177
-164
-155
-126
-111
-94
-66
-50
-29
21
52
69
84
96
86
92
99
118
135
141
165
189
206
219
249
258
247
249
262
273
292
300
306
310
316
328
337
347
332
309
300
284
263
267
243
225
221
209
199
198
190
177
161
158
139
126
124
88
95
96
88
66
56
48
23
19
-1
-23
-37
-48
-73
-109
-103
-119
-132
-134
-127
-152
-168
-161
-186
-187
-202
-204
-216
-219
-224
-245
-251
-251
-260
-269
-266
-281
-294
-287
-282
-296
-293
-305
-325
-335
-323
-317
-329
-320
-307
-294
-277
-258
-248
-227
-200
-190
-193
-173
-151
-131
-101
-72
-49
-23
4
27
53
72
92
108
127
142
158
174
195
215
228
257
270
280
295
305
312
324
328
337
316
333
351
339
362
364
359
350
353
326
299
290
278
247
232
239
221
209
200
197
188
168
155
135
114
107
103
95
64
62
61
27
11
8
-24
-54
-53
-60
-91
-98
-102
-137
-159
-165
-175
-197
-196
-206
-227
-247
-270
-278
-293
-299
-303
-318
-342
-361
-371
-390
-399
-397
-408
-400
-405
-394
-403
-409
-417
-429
-420
-410
-406
-401
-382
-382
-363
-351
-338
-307
-285
-263
-231
-206
-177
-135
-116
-103
-71
-28
8
49
93
129
156
164
183
193
211
232
259
279
294
333
352
382
412
435
460
471
481
486
503
512
518
518
515
535
531
522
529
476
457
441
411
383
379
362
347
359
294
285
262
244
233
228
222
178
163
142
114
76
92
88
5
-17
2
-39
-62
-59
-102
-150
-165
-165
-200
-227
-227
-245
-288
-294
-305
-328
-330
-347
-393
-413
-415
-445
-446
-448
-446
-449
-468
-465
-455
-462
-442
-439
-443
-433
-428
-412
-399
-382
-379
-381
-372
-353
-330
-321
-298
-268
-253
-224
-197
-170
-139
-114
-74
-48
-20
7
39
62
93
130
154
180
206
231
242
265
281
298
333
364
387
410
426
437
453
456
466
475
471
476
481
484
477
466
440
439
420
398
393
362
356
337
318
292
279
257
222
203
174
170
154
139
122
100
75
62
47
12
5
-22
-41
-63
-76
-104
-131
-140
-161
-179
-202
-214
-236
-258
-259
-262
-277
-284
-285
-296
-313
-314
-323
-318
-324
-326
-316
-324
-317
-318
-319
-320
-309
-305
-301
-280
-275
-267
-250
-259
-271
-267
-258
-246
-241
-238
-220
-214
-201
-172
-157
-132
-104
-94
-83
-49
-32
-21
-3
2
27
42
57
72
86
108
118
140
156
170
185
195
217
244
247
250
254
268
274
284
295
300
315
304
300
289
293
298
303
301
292
302
293
286
287
284
280
267
245
243
220
210
195
176
160
136
121
99
87
76
57
44
28
13
-10
-36
-38
-68
-83
-103
-130
-150
-171
-176
-201
-217
-234
-250
-267
-283
-286
-294
-304
-317
-329
-335
-322
-315
-311
-315
-318
-322
-314
-319
-311
-297
-275
-262
-268
-250
-228
-209
-193
-181
-168
-164
-157
-136
-124
-113
-92
-80
-82
-65
-54
-33
-10
2
7
20
30
41
53
57
76
84
106
117
135
142
159
175
183
203
205
214
227
228
224
225
221
220
231
241
255
253
260
258
252
256
261
275
267
266
259
265
259
249
245
236
220
209
199
172
162
142
113
79
66
40
31
30
14
15
-5
-29
-49
-65
-99
-118
-140
-162
-175
-202
-206
-217
-238
-258
-278
-294
-302
-316
-326
-338
-344
-343
-345
-343
-338
-327
-317
-304
-286
-280
-260
-236
-217
-194
-176
-162
-152
-136
-118
-109
-96
-74
-56
-40
-24
-14
4
22
31
46
68
80
90
113
127
137
144
155
159
152
159
162
163
171
178
188
204
211
217
219
231
233
238
244
245
251
246
239
229
224
219
216
209
212
210
209
202
192
184
176
176
165
169
165
162
172
159
156
137
115
104
85
59
33
25
1
-15
-31
-55
-75
-92
-106
-124
-140
-162
-174
-186
-198
-213
-231
-244
-260
-274
-285
-299
-310
-311
-326
-329
-332
-331
-329
-326
-319
-311
-295
-291
-272
-258
-236
-219
-198
-175
-156
-135
-122
-99
-89
-68
-53
-39
-17
0
7
27
54
79
101
115
129
142
155
174
185
196
208
211
216
222
230
242
242
242
242
239
234
233
236
238
247
235
238
226
223
222
210
202
186
180
169
156
141
136
128
118
119
112
107
104
101
100
97
96
87
74
64
60
46
32
12
-5
-28
-41
-53
-67
-85
-102
-119
-142
-146
-165
-183
-207
-211
-213
-225
-231
-245
-247
-255
-264
-273
-280
-293
-295
-294
-300
-297
-289
-291
-291
-286
-278
-264
-256
-240
-234
-239
-226
-208
-200
-171
-163
-143
-119
-95
-64
-47
-19
9
33
53
68
88
106
115
136
144
162
179
190
205
210
225
229
229
228
232
236
243
241
243
243
241
236
245
243
241
241
228
228
218
216
201
184
172
174
165
161
157
139
131
114
103
95
85
66
50
40
39
35
28
17
8
7
-3
-9
-9
-12
-21
-41
-58
-73
-82
-94
-109
-113
-126
-144
-165
-176
-185
-187
-191
-199
-200
-203
-207
-201
-192
-188
-180
-188
-194
-201
-201
-200
-199
-198
-206
-207
-217
-207
-196
-189
-172
-172
-153
-143
-133
-111
-86
-57
-35
-23
-9
-2
15
39
50
71
86
106
123
140
155
161
177
188
196
208
219
231
233
248
254
249
249
240
234
230
221
225
216
212
211
202
198
196
202
203
196
182
177
165
150
141
130
115
106
89
74
72
57
58
49
44
39
27
18
5
-7
-17
-26
-34
-38
-56
-66
-81
-90
-99
-123
-134
-143
-154
-154
-165
-172
-173
-177
-190
-196
-203
-212
-207
-218
-218
-223
-225
-228
-238
-242
-243
-241
-237
-250
-253
-246
-248
-239
-232
-220
-204
-197
-191
-176
-168
-158
-154
-135
-117
-103
-88
-73
-43
-32
-13
1
14
40
55
73
84
101
112
121
134
140
142
155
161
168
188
194
207
216
219
223
227
229
228
228
219
218
217
208
210
206
200
198
195
194
178
172
164
163
160
149
143
131
122
114
105
102
100
88
71
59
48
41
33
21
10
2
-10
-21
-33
-49
-54
-69
-80
-89
-106
-118
-124
-141
-154
-168
-184
-187
-188
-199
-209
-218
-227
-240
-247
-248
-247
-246
-253
-251
-246
-255
-257
-251
-253
-248
-243
-239
-230
-217
-208
-197
-182
-170
-150
-141
-126
-100
-88
-69
-46
-30
-9
13
39
55
69
78
84
95
101
118
134
150
169
181
194
214
225
231
238
246
259
266
269
274
279
272
265
256
248
244
239
237
228
219
207
191
180
174
165
146
127
113
101
81
76
70
66
65
61
60
50
34
20
3
-10
-12
-20
-39
-38
-51
-66
-84
-86
-93
-113
-122
-141
-147
-159
-166
-171
-177
-179
-180
-176
-183
-190
-195
-197
-209
-207
-210
-215
-210
-216
-213
-212
-203
-200
-199
-204
-207
-203
-205
-190
-182
-171
-154
-139
-121
-121
-113
-98
-84
-68
-55
-45
-41
-28
-9
8
25
46
57
74
89
93
118
137
146
160
175
191
204
222
220
225
236
246
248
247
259
254
252
252
251
242
231
225
218
210
204
200
187
178
162
148
139
128
112
94
76
60
45
35
29
21
22
7
-15
-31
-50
-60
-66
-71
-73
-77
-85
-89
-92
-88
-91
-98
-96
-97
-104
-112
-111
-111
-110
-110
-115
-123
-130
-131
-130
-125
-129
-124
-121
-138
-147
-143
-143
-152
-154
-151
-142
-138
-132
-132
-132
-133
-135
-127
-124
-128
-127
-119
-111
-98
-94
-80
-75
-69
-58
-56
-48
-39
-25
-11
2
9
28
41
47
58
74
88
100
107
106
120
117
126
135
139
154
151
165
166
164
167
168
172
165
172
174
169
170
176
172
174
169
158
153
140
135
130
137
121
106
97
83
79
62
57
47
31
18
0
-4
-5
-6
-14
-23
-28
-37
-47
-58
-60
-61
-55
-62
-69
-83
-100
-102
-101
-100
-111
-110
-119
-123
-131
-138
-143
-142
-136
-137
-139
-146
-141
-148
-148
-137
-141
-143
-143
-148
-150
-148
-139
-138
-135
-134
-130
-123
-122
-122
-117
-108
-103
-94
-88
-67
-50
-32
-17
-10
5
18
29
41
63
71
79
98
112
126
139
148
152
166
177
183
190
209
222
230
237
237
243
244
246
242
235
230
224
218
219
218
208
198
185
173
161
146
135
133
135
120
104
82
64
60
51
40
26
4
-18
-41
-52
-55
-64
-72
-80
-83
-91
-97
-112
-118
-125
-137
-149
-163
-167
-173
-164
-170
-166
-169
-180
-183
-190
-188
-192
-190
-200
-200
-191
-188
-182
-179
-168
-164
-165
-169
-163
-147
-142
-134
-120
-104
-100
-98
-99
-90
-86
-75
-62
-45
-27
-14
-2
7
15
23
33
37
50
53
64
70
79
95
99
110
119
134
143
156
166
171
183
188
187
185
191
192
187
187
185
186
179
179
171
163
159
153
140
135
135
131
125
108
93
80
72
62
51
39
34
17
4
-14
-26
-31
-48
-57
-72
-81
-90
-89
-95
-100
-101
-114
-120
-131
-138
-140
-137
-141
-144
-144
-147
-143
-144
-145
-145
-143
-139
-146
-149
-149
-148
-147
-147
-149
-143
-137
-139
-138
-136
-128
-124
-118
-103
-100
-96
-96
-88
-90
-88
-78
-75
-63
-54
-39
-30
-23
-21
-19
-14
-4
5
6
21
38
52
52
67
72
81
98
99
109
111
120
123
123
126
128
130
129
135
137
143
148
151
150
145
153
155
159
155
146
140
137
130
120
113
104
97
87
78
68
64
61
59
53
53
37
31
25
9
7
2
-2
-10
-19
-26
-39
-42
-48
-63
-69
-76
-74
-76
-77
-79
-87
-82
-87
-90
-94
-98
-95
-95
-100
-100
-106
-113
-115
-116
-111
-104
-105
-110
-112
-114
-109
-109
-106
-101
-93
-93
-90
-90
-94
-96
-95
-90
-86
-82
-80
-74
-73
-62
-56
-50
-42
-40
-32
-25
-13
-5
-1
7
27
37
46
54
60
81
94
101
107
117
128
136
147
159
162
158
159
166
169
168
163
165
166
161
163
157
157
150
141
133
123
117
119
116
111
110
98
88
73
70
57
42
37
30
26
18
12
3
5
-6
-15
-26
-35
-40
-48
-44
-42
-47
-53
-52
-60
-63
-63
-69
-79
-87
-88
-94
-92
-90
-92
-85
-85
-86
-88
-98
-105
-110
-109
-110
-113
-117
-120
-122
-118
-109
-111
-111
-106
-101
-95
-86
-77
-72
-63
-67
-60
-57
-52
-47
-46
-40
-46
-43
-39
-35
-21
-9
2
13
16
20
30
31
34
42
41
42
46
49
46
54
54
52
55
56
59
64
71
74
81
87
97
94
92
94
98
103
97
97
88
84
86
85
88
80
78
72
70
63
64
63
61
63
52
53
46
40
30
24
17
11
4
-3
-11
-17
-11
-13
-12
-14
-22
-25
-27
-27
-34
-38
-43
-54
-53
-51
-54
-56
-62
-62
-63
-58
-62
-70
-73
-78
-74
-75
-72
-65
-64
-66
-62
-64
-64
-62
-69
-63
-55
-56
-56
-55
-51
-43
-43
-41
-31
-31
-22
-17
-19
-6
-7
-5
0
0
9
15
22
26
31
33
37
43
42
43
46
52
51
60
62
59
52
45
49
49
48
44
50
50
44
42
37
36
33
31
38
37
39
44
40
34
29
25
27
28
27
21
18
13
10
8
7
10
11
16
14
15
8
5
4
-3
-2
-5
-12
-17
-21
-27
-25
-33
-40
-36
-37
-29
-25
-23
-19
-23
-14
-18
-23
-29
-38
-41
-40
-38
-39
-34
-33
-31
-35
-31
-30
-31
-29
-26
-20
-14
-12
-13
-10
-19
-20
-18
-20
-12
-16
-14
-10
-14
-15
-10
-7
-6
5
4
9
11
13
12
11
8
11
18
19
22
25
20
24
31
26
26
20
18
24
25
24
23
25
23
18
18
14
12
10
14
19
14
10
8
4
1
4
2
-2
0
-4
-8
-8
-15
-14
-13
-11
-10
-11
-7
-1
-1
-2
-1
1
7
9
13
14
13
15
16
14
12
16
14
11
16
14
16
21
16
10
6
6
7
7
11
10
7
8
5
3
-4
-4
-5
-8
-4
0
4
3
1
2
4
7
6
6
7
10
12
10
8
9
11
16
17
10
14
13
13
11
6
5
4
6
5
1
1
-4
-5
-6
-10
-8
-5
-7
-12
-12
-15
-14
-10
-14
-12
-13
-12
-9
-17
-16
-15
-16
-10
-12
-14
-15
-17
-14
-14
-13
-17
-19
-17
-17
-19
-18
-18
-17
-18
-17
-18
-22
-23
-26
-25
-24
-20
-14
-12
-12
-10
-4
-7
-11
-12
-13
-13
-10
-6
-3
3
7
12
12
15
19
17
17
21
24
28
29
27
25
24
23
24
26
26
23
26
31
30
30
30
29
30
34
34
30
28
25
28
25
21
19
20
20
20
21
17
14
10
7
4
0
-2
-4
-4
-10
-12
-13
-15
-21
-21
-23
-23
-24
-25
-24
-24
-24
-27
-28
-30
-28
-33
-36
-36
-35
-36
-35
-41
-41
-37
-39
-40
-40
-40
-40
-38
-36
-36
-35
-32
-29
-26
-29
-30
-26
-26
-23
-20
-26
-26
-24
-22
-17
-18
-15
-14
-10
-5
-6
-5
-6
-2
0
2
5
3
8
6
6
11
14
16
19
22
28
31
34
36
37
39
39
37
37
40
40
44
47
48
46
44
46
47
49
52
50
49
47
43
43
38
39
40
37
40
37
27
23
17
15
13
13
13
5
-5
-10
-12
-8
-6
-8
-14
-21
-25
-28
-26
-23
-23
-21
-25
-31
-37
-41
-42
-39
-34
-31
-34
-42
-49
-52
-53
-49
-42
-35
-34
-38
-46
-47
-49
-48
-40
-32
-28
-26
-32
-36
-38
-37
-26
-15
-11
-13
-15
-19
-20
-18
-11
-3
4
5
2
0
-3
0
5
11
18
17
14
12
8
10
15
22
29
30
29
27
28
30
32
39
42
41
40
36
34
32
32
40
42
43
40
37
37
37
40
44
44
44
43
39
38
33
36
39
41
41
36
31
24
21
20
20
20
18
12
8
1
-3
-4
-5
-5
-8
-12
-17
-23
-27
-28
-29
-28
-28
-32
-36
-37
-40
-38
-36
-34
-34
-35
-35
-35
-35
-36
-35
-32
-32
-32
-32
-32
-36
-36
-33
-31
-32
-31
-30
-30
-30
-30
-25
-22
-20
-21
-21
-20
-22
-22
-20
-16
-12
-10
-10
-11
-14
-9
-6
-2
1
-1
-2
-4
-4
-3
0
4
7
9
11
11
11
12
16
22
24
24
22
22
22
23
26
30
32
30
32
31
31
27
28
30
31
31
32
29
24
20
21
25
26
28
27
24
21
20
21
22
23
24
24
25
21
16
13
13
12
13
11
7
1
-4
-5
-4
-4
-4
-6
-8
-11
-11
-12
-12
-12
-14
-11
-13
-13
-18
-19
-17
-15
-14
-14
-14
-18
-19
-19
-18
-17
-20
-19
-19
-18
-20
-20
-20
-21
-21
-20
-18
-19
-21
-19
-18
-15
-13
-11
-11
-11
-11
-10
-6
-6
-8
-9
-9
-8
-8
-9
-9
-8
-7
-4
-3
-4
-6
-3
1
4
6
5
6
5
6
9
14
13
14
14
17
19
19
17
18
18
18
18
19
18
15
13
14
14
12
12
11
12
15
13
13
10
9
10
13
13
11
8
5
5
4
3
1
-1
-3
-2
0
1
-3
-6
-7
-7
-6
-6
-6
-8
-9
-9
-7
-5
-7
-8
-6
-5
-3
-4
-5
-6
-8
-6
-6
-5
-6
-9
-6
-5
-5
-7
-7
-9
-8
-8
-7
-6
-8
-9
-8
-3
0
-1
0
-2
-1
-1
1
0
-2
-1
0
1
0
-2
-2
-2
-3
0
2
2
1
-1
1
4
4
4
3
4
6
8
10
8
7
5
9
11
13
12
9
9
6
8
7
5
3
2
3
4
3
-1
-1
3
5
6
5
4
1
1
2
3
1
-2
-3
-4
-6
-5
-6
-7
-9
-8
-6
-6
-11
-12
-13
-12
-11
-10
-10
-14
-14
-14
-10
-6
-6
-7
-6
-3
-3
-2
-2
-2
-2
1
3
3
0
-1
1
2
5
5
3
2
0
0
3
8
7
5
6
9
8
9
9
8
7
