-2
-3
-4
-4
-5
-6
-6
-7
-8
-7
-8
-5
-5
-4
-4
-4
-3
-5
-5
-5
-5
-5
-6
-7
-7
-8
-7
-7
-7
-5
-4
-2
-2
-1
-1
-1
-1
-2
-3
-2
-1
-2
-2
-3
-2
-1
-1
-1
0
1
2
2
2
2
3
3
2
1
2
2
3
3
3
1
2
2
2
1
1
2
3
3
3
3
3
3
2
1
2
2
3
3
3
3
3
2
1
1
1
0
1
1
1
1
0
-2
-1
-1
0
1
1
2
2
2
2
1
0
-1
0
-1
-1
-1
0
-1
-2
-2
-2
-2
-1
0
0
-1
-2
-1
-1
-4
-3
-4
-4
-3
-5
-5
-4
-5
-4
-4
-4
-3
-5
-3
-3
-2
-2
-3
-3
-4
-5
-3
-3
-3
-3
-2
-2
-4
-3
-3
-3
-4
-3
-3
-2
-2
-4
-4
-4
-4
-4
-3
-4
-2
-3
-1
-2
-3
-2
-2
-3
-3
-4
-4
-3
-1
0
0
0
1
0
2
1
3
3
2
3
2
3
3
3
2
2
3
4
4
5
5
4
5
5
3
4
4
6
5
5
5
5
5
5
6
6
5
6
6
7
7
7
6
6
5
6
5
6
6
7
6
5
6
5
6
6
6
5
5
5
3
3
6
4
3
4
3
4
3
3
4
3
3
2
3
3
2
3
2
1
1
1
1
3
2
2
2
2
3
2
3
2
2
2
1
1
1
2
2
0
1
0
1
0
0
0
0
0
0
-1
1
1
0
-1
-2
-2
-1
-1
-1
-1
-3
-3
-3
-3
-3
-3
-2
-2
-2
-3
-2
-2
-3
-2
-3
-4
-3
-5
-4
-3
-4
-2
-3
-3
-4
-5
-4
-3
-3
-2
-4
-4
-6
-5
-5
-5
-6
-6
-6
-6
-5
-5
-5
-6
-7
-6
-6
-5
-4
-4
-4
-3
-4
-5
-3
-4
-2
-3
-3
-4
-4
-4
-4
-3
-4
-6
-6
-7
-6
-4
-3
-2
-3
-4
-6
-6
-3
-3
-2
-2
-2
0
0
-1
0
0
-2
-2
-4
-3
-3
-5
-5
-6
-6
-6
-5
-4
-3
-4
-7
-7
-8
-8
-7
-7
-7
-10
-10
-11
-8
-9
-8
-10
-10
-6
-9
-7
-6
-3
-1
-2
-4
-6
-5
-5
-3
-3
-2
-3
1
3
5
11
10
5
6
7
7
7
7
0
0
-1
0
-1
-3
2
0
3
5
7
9
15
19
24
21
23
26
20
21
22
21
21
22
24
24
23
23
24
19
20
21
18
22
19
19
14
5
7
8
8
12
14
15
27
21
21
20
12
13
8
8
9
12
11
9
10
2
1
-5
-3
-3
-8
-8
-13
-14
-18
-20
-18
-24
-27
-31
-36
-35
-36
-39
-39
-35
-32
-26
-23
-21
-11
-5
1
3
7
-2
-9
-18
-28
-24
-23
-10
-12
-13
-9
-9
-1
4
7
0
-10
-5
7
6
4
10
11
13
9
12
9
9
-1
-4
-8
-2
13
4
6
9
7
0
-12
7
19
22
25
14
9
14
19
28
28
21
23
16
11
2
1
0
3
18
6
4
8
13
24
25
30
24
23
17
12
10
4
2
1
4
9
8
-1
-10
-20
-21
-28
-26
-26
-28
-19
-25
-24
-26
-34
-27
-20
-22
-25
-33
-33
-29
-20
-17
-7
-4
4
-2
-15
-18
-17
-18
-19
-10
-7
-17
-21
-24
-9
-8
-4
0
-10
-3
-2
2
12
12
23
21
13
17
16
22
22
26
25
18
21
24
25
16
16
2
-3
-6
-7
6
-9
-11
-8
-14
-16
-20
-12
-15
-20
-20
-18
-9
-6
-12
-25
-30
-29
-11
-10
-6
3
2
12
11
16
14
-3
-1
-2
-3
-6
-13
-22
-43
-58
-61
-54
-54
-52
-55
-53
-46
-48
-42
-46
-35
-23
-24
-21
-18
-5
-3
-10
-3
9
33
35
44
27
23
43
38
34
28
35
40
41
35
33
32
37
41
42
26
42
39
44
23
22
28
48
48
76
84
103
98
88
222
416
413
263
18
-98
130
165
425
277
212
229
194
371
333
214
1
-193
86
422
729
717
364
-7
-299
-147
90
410
351
237
-82
-375
-540
-623
-599
-456
-396
-295
-409
-532
-520
-551
-556
-738
-777
-710
-603
-435
-323
-411
-383
-525
-431
-343
-149
74
36
-50
-52
45
201
186
135
116
91
132
191
317
380
447
351
259
117
95
210
203
193
250
280
331
266
233
273
233
241
207
243
384
413
373
309
194
259
262
297
317
327
390
317
279
236
195
181
111
43
57
-8
-6
-45
-151
-208
-267
-364
-440
-535
-666
-636
-717
-761
-704
-894
-965
-1035
-1240
-1163
-1295
-1293
-1217
-1431
-1311
-1430
-1624
-1476
-1527
-1086
-486
-251
267
31
-72
70
5
592
963
1145
1412
1232
1309
1513
1517
1689
1518
1343
1387
1319
1476
1434
1080
843
259
53
-33
-161
-56
-327
-581
-707
-873
-702
-662
-795
-797
-948
-787
-512
-275
124
236
332
498
616
1093
1481
1698
1885
1849
1921
2077
2016
2165
2077
1929
1847
1563
1547
1369
1097
816
351
77
-124
-350
-474
-802
-1061
-1223
-1413
-1430
-1498
-1630
-1585
-1687
-1537
-1503
-1418
-1338
-1350
-1320
-1236
-1012
-909
-685
-759
-713
-899
-772
-955
-999
-1214
-1561
-1613
-1917
-1886
-1582
-1277
-651
-501
-478
-526
-664
-465
-281
22
279
500
592
780
930
1337
1554
1610
1658
1502
1678
1788
1774
1631
1228
891
630
406
327
119
-119
-395
-722
-790
-800
-811
-849
-1109
-1234
-1283
-1227
-998
-852
-627
-400
-237
100
439
780
1049
1032
1044
1116
1248
1568
1687
1806
1885
1780
1847
1795
1820
1848
1568
1309
987
736
679
455
288
19
-226
-308
-421
-435
-504
-637
-710
-749
-718
-597
-593
-556
-652
-703
-690
-686
-653
-690
-810
-804
-786
-676
-730
-710
-1021
-1096
-1397
-1623
-1802
-2245
-2306
-2719
-2686
-2532
-1967
-1446
-887
-775
-589
-657
-364
-133
327
562
915
981
1353
1651
2228
2583
2755
2798
2630
2686
2656
2571
2243
1771
1172
829
462
391
112
-160
-604
-1014
-1248
-1316
-1435
-1608
-1981
-2221
-2268
-2121
-1821
-1560
-1305
-1072
-839
-474
41
507
908
991
1142
1361
1731
2065
2279
2364
2436
2488
2617
2741
2767
2666
2286
1842
1426
1094
873
488
127
-287
-581
-715
-827
-919
-1119
-1319
-1413
-1430
-1366
-1289
-1288
-1292
-1316
-1269
-1152
-1064
-990
-1020
-1001
-930
-766
-618
-645
-764
-971
-1236
-1448
-1734
-2073
-2278
-2590
-2643
-2440
-1951
-1373
-956
-679
-662
-409
-287
192
399
602
702
788
1007
1570
2084
2632
2748
2887
2847
2931
2951
2704
2255
1648
1068
671
465
265
146
-211
-537
-897
-1043
-1136
-1306
-1648
-2028
-2356
-2353
-2233
-1959
-1674
-1373
-1016
-694
-269
212
633
857
933
959
1219
1552
1846
2039
2101
2223
2337
2444
2583
2569
2478
2093
1663
1321
995
755
400
70
-173
-336
-349
-405
-498
-658
-868
-937
-966
-922
-866
-861
-824
-754
-652
-501
-559
-526
-735
-671
-795
-680
-704
-868
-893
-1257
-1289
-1562
-1800
-2207
-2522
-2974
-2951
-2921
-2321
-1913
-1462
-1073
-849
-465
-61
302
617
707
842
1031
1198
1909
2360
2981
3223
3432
3544
3714
3609
3392
2670
2081
1369
871
587
255
19
-343
-756
-1003
-1189
-1283
-1570
-2115
-2560
-2975
-3056
-2947
-2805
-2586
-2270
-1941
-1377
-886
-263
158
389
460
434
575
855
1011
1241
1399
1597
1965
2222
2508
2607
2497
2260
1820
1451
1135
709
441
61
-48
-25
39
134
89
1
-131
-315
-383
-481
-588
-656
-777
-642
-534
-333
-232
-195
-268
-361
-388
-618
-598
-913
-990
-1200
-1347
-1438
-1538
-1993
-2149
-2648
-2798
-2859
-2732
-2248
-1981
-1523
-1107
-780
-173
298
747
1064
1088
1389
1342
1596
1960
2335
2730
3079
3317
3726
3860
3849
3471
2809
2218
1444
862
359
-192
-452
-812
-1056
-1117
-1186
-1208
-1521
-1919
-2321
-2698
-2872
-2959
-3061
-2858
-2635
-2129
-1517
-861
-137
347
672
851
899
1012
990
890
883
971
1279
1691
2106
2469
2743
2781
2673
2359
1969
1509
925
457
11
-152
-160
-110
7
158
239
307
233
164
-49
-308
-562
-823
-849
-856
-789
-697
-678
-560
-509
-391
-537
-594
-935
-1203
-1593
-1899
-2094
-2509
-2607
-2984
-3023
-3105
-3068
-2867
-2441
-2153
-1567
-1317
-873
-413
18
532
899
1092
1543
1597
1890
2242
2547
3051
3145
3486
3629
3819
3870
3572
3070
2580
1812
1283
570
40
-399
-900
-1243
-1529
-1635
-1604
-1852
-2048
-2338
-2601
-2642
-2855
-2918
-2902
-2766
-2398
-1962
-1388
-613
-73
540
795
1067
1318
1407
1421
1350
1314
1440
1583
1880
2201
2525
2801
2829
2820
2623
2323
1935
1347
827
379
30
-127
-290
-215
-143
-10
126
182
170
44
-225
-486
-800
-1031
-1229
-1384
-1402
-1372
-1282
-1102
-1067
-948
-938
-1061
-1124
-1470
-1664
-2252
-2525
-2996
-3164
-3236
-3272
-2992
-2528
-1895
-1250
-665
-232
348
598
1054
1208
1326
1443
1565
1541
1968
2221
2894
3118
3568
3803
3993
4136
3849
3389
2786
2022
1274
561
-106
-492
-996
-1240
-1554
-1607
-1558
-1610
-1822
-2029
-2399
-2573
-2904
-3037
-3131
-3064
-2813
-2539
-2036
-1291
-604
74
524
817
1156
1258
1386
1281
1263
1281
1299
1425
1710
1953
2420
2618
2786
2899
2804
2642
2161
1658
1122
568
191
-178
-377
-333
-266
-25
158
329
427
349
162
-134
-549
-925
-1407
-1675
-1872
-1891
-1823
-1618
-1486
-1246
-1170
-1037
-1186
-1462
-1818
-2429
-2801
-3242
-3474
-3581
-3514
-3019
-2315
-1703
-702
-299
532
913
1375
1642
1702
1681
1658
1365
1632
1760
2270
2681
3043
3541
3876
4181
4161
3804
3229
2534
1513
804
-191
-693
-1322
-1716
-1941
-1961
-1784
-1618
-1716
-1739
-2006
-2202
-2447
-2797
-2957
-3103
-3105
-2954
-2621
-1958
-1181
-548
191
575
1137
1442
1593
1605
1542
1454
1416
1333
1526
1718
2041
2391
2554
2928
3088
3118
2970
2523
2087
1527
939
460
-76
-232
-412
-332
-148
63
325
462
445
379
99
-242
-736
-1243
-1630
-1976
-2092
-2132
-2000
-1757
-1525
-1255
-1091
-1080
-1259
-1623
-2106
-2493
-3035
-3263
-3493
-3282
-2744
-2215
-1270
-729
178
819
1421
1875
1988
2034
1932
1513
1529
1370
1674
1779
2157
2493
3010
3374
3625
3496
3212
2742
1949
1223
228
-484
-1275
-1942
-2379
-2539
-2446
-2213
-2159
-1914
-1884
-1761
-1857
-2047
-2303
-2509
-2705
-2744
-2668
-2214
-1604
-1018
-338
234
961
1549
1899
2054
2094
2021
1991
1756
1780
1744
1868
2033
2195
2472
2761
2895
2888
2686
2396
2044
1524
986
403
-55
-382
-599
-657
-566
-461
-204
-99
81
64
-67
-343
-760
-1172
-1589
-1948
-2210
-2292
-2270
-2057
-1834
-1566
-1330
-1317
-1404
-1643
-1918
-2238
-2657
-2947
-3030
-2818
-2437
-1836
-1259
-560
258
968
1648
2026
2299
2357
2114
1996
1870
1914
1889
1936
2137
2401
2846
3176
3321
3301
3073
2605
1970
1180
406
-447
-1315
-2034
-2526
-2652
-2657
-2626
-2494
-2293
-2090
-1896
-1903
-1912
-2075
-2215
-2393
-2493
-2265
-1932
-1490
-1053
-504
163
910
1434
1809
2063
2219
2289
2190
2121
2018
1942
1927
1952
2086
2377
2578
2675
2628
2503
2342
2020
1580
1057
550
131
-246
-500
-613
-672
-583
-499
-348
-251
-236
-335
-584
-865
-1204
-1539
-1879
-2121
-2302
-2347
-2222
-2100
-1772
-1682
-1574
-1645
-1810
-1952
-2311
-2500
-2698
-2571
-2338
-2060
-1502
-1095
-255
330
1079
1669
1892
2256
2138
2027
2001
1856
1911
1729
1871
2028
2328
2694
2835
2858
2773
2451
2018
1478
735
21
-843
-1554
-2163
-2495
-2591
-2702
-2727
-2516
-2391
-2082
-1968
-1883
-1901
-2006
-2036
-2126
-2024
-1791
-1563
-1221
-774
-267
413
998
1442
1772
2077
2281
2401
2402
2420
2330
2283
2244
2307
2454
2625
2688
2690
2628
2570
2408
2106
1697
1177
803
356
3
-275
-474
-598
-607
-541
-428
-372
-345
-503
-689
-976
-1258
-1602
-1910
-2190
-2323
-2348
-2265
-2082
-1955
-1717
-1829
-1664
-1886
-2014
-2237
-2586
-2576
-2493
-2347
-1841
-1581
-960
-325
215
1095
1384
1856
2047
1923
1894
1866
1812
1914
1690
1931
2029
2367
2718
2718
2803
2650
2314
1991
1374
768
122
-736
-1305
-2003
-2202
-2374
-2587
-2602
-2539
-2403
-2066
-2044
-1869
-1933
-1933
-1913
-2003
-1844
-1659
-1490
-1159
-858
-373
325
767
1242
1455
1840
2114
2285
2388
2466
2410
2479
2375
2504
2587
2715
2692
2585
2513
2440
2323
2021
1600
1133
771
360
-7
-360
-557
-749
-809
-832
-727
-690
-696
-841
-1032
-1222
-1482
-1705
-2028
-2242
-2281
-2313
-2127
-2070
-1872
-1755
-1681
-1706
-1743
-1849
-2063
-2253
-2434
-2201
-2006
-1800
-1225
-1030
-336
198
764
1410
1513
1944
1900
1792
1944
1818
1945
1860
1806
2064
2219
2537
2692
2628
2649
2341
2053
1661
992
477
-245
-921
-1440
-1919
-2062
-2306
-2497
-2432
-2390
-2128
-1961
-1962
-1819
-1856
-1788
-1719
-1733
-1534
-1441
-1222
-874
-557
18
504
869
1239
1535
1902
2214
2335
2443
2476
2453
2562
2562
2706
2788
2711
2715
2608
2524
2434
2117
1792
1265
915
566
179
-83
-389
-558
-650
-712
-659
-655
-720
-867
-1063
-1207
-1434
-1667
-1913
-2144
-2252
-2163
-2129
-1930
-1945
-1766
-1735
-1741
-1709
-1829
-1950
-2189
-2326
-2403
-2063
-1939
-1537
-1176
-864
-180
269
873
1373
1405
1817
1686
1732
1854
1695
1872
1612
1740
1941
2099
2408
2457
2363
2363
2019
1825
1346
761
200
-548
-1115
-1611
-2027
-2155
-2416
-2562
-2456
-2393
-2118
-2024
-1953
-1835
-1877
-1741
-1688
-1704
-1465
-1434
-1161
-852
-479
71
532
906
1291
1614
2087
2345
2484
2645
2610
2757
2769
2831
2871
2834
2893
2731
2691
2598
2361
2113
1646
1289
926
601
270
-111
-297
-457
-561
-602
-697
-757
-856
-1015
-1173
-1374
-1556
-1791
-2009
-2165
-2122
-2116
-1983
-1930
-1933
-1787
-1761
-1723
-1712
-1835
-1961
-2111
-2303
-2175
-2067
-1825
-1530
-1264
-831
-329
133
788
1022
1385
1580
1638
1724
1706
1719
1659
1513
1646
1752
1993
2234
2225
2299
2200
2071
1832
1375
862
230
-444
-981
-1545
-1816
-2072
-2340
-2422
-2409
-2212
-2005
-1925
-1826
-1778
-1698
-1583
-1573
-1489
-1393
-1292
-1044
-790
-376
116
513
892
1186
1571
2018
2238
2443
2585
2648
2852
2857
2934
3019
2944
3042
2797
2676
2560
2243
2043
1529
1171
862
446
230
-128
-278
-369
-593
-599
-781
-860
-937
-1195
-1359
-1621
-1797
-1928
-2154
-2150
-2194
-2107
-1965
-2009
-1799
-1764
-1573
-1635
-1650
-1743
-1874
-2048
-2154
-2238
-2206
-1883
-1803
-1341
-1076
-554
-23
376
902
1213
1322
1688
1385
1628
1509
1503
1537
1430
1691
1835
2029
2289
2207
2240
2181
1811
1592
959
484
-102
-709
-1161
-1595
-1896
-1990
-2241
-2164
-2093
-1995
-1826
-1826
-1744
-1666
-1627
-1478
-1505
-1389
-1169
-1058
-702
-444
-59
391
688
1068
1396
1732
2160
2272
2527
2695
2770
2999
2967
3059
3054
2979
2997
2721
2585
2397
1992
1721
1243
986
717
337
158
-135
-239
-378
-589
-665
-847
-988
-1168
-1410
-1554
-1733
-1858
-1992
-2099
-2101
-1973
-1954
-1845
-1823
-1722
-1568
-1620
-1562
-1640
-1740
-1823
-2042
-2054
-2054
-1864
-1604
-1435
-1031
-756
-211
186
632
1027
1202
1454
1501
1485
1614
1569
1625
1551
1613
1820
1937
2145
2160
2087
2015
1840
1573
1208
711
256
-339
-789
-1211
-1538
-1750
-1948
-2142
-2137
-2078
-1976
-1911
-1888
-1815
-1783
-1651
-1563
-1512
-1341
-1192
-996
-695
-388
27
367
698
1003
1323
1710
2004
2225
2455
2600
2791
2922
2986
3059
3029
3029
2868
2656
2465
2150
1842
1475
1120
832
549
314
68
-142
-224
-428
-541
-716
-888
-1046
-1252
-1463
-1634
-1796
-1887
-2016
-2050
-2003
-1987
-1836
-1850
-1646
-1654
-1476
-1515
-1541
-1621
-1718
-1825
-1997
-2019
-2054
-1730
-1629
-1352
-924
-724
-138
202
589
1085
1095
1516
1479
1457
1660
1496
1663
1552
1601
1834
1873
2042
2093
1937
2001
1693
1504
1174
661
298
-222
-657
-1031
-1429
-1613
-1811
-2041
-1969
-2032
-1868
-1832
-1828
-1716
-1658
-1536
-1420
-1393
-1206
-1029
-853
-497
-308
68
404
661
1030
1300
1672
2031
2161
2487
2600
2846
2990
2979
3060
2923
2909
2723
2463
2296
1971
1692
1402
1071
907
624
423
200
-6
-101
-301
-477
-669
-883
-1065
-1246
-1471
-1576
-1739
-1791
-1892
-1914
-1902
-1908
-1818
-1919
-1749
-1881
-1709
-1819
-1888
-1923
-2093
-2119
-2180
-2191
-1938
-1743
-1591
-1141
-1037
-537
-228
178
625
806
1067
1372
1240
1531
1511
1594
1720
1538
1830
1795
1972
2025
1891
1823
1732
1375
1261
741
422
10
-451
-757
-1205
-1404
-1586
-1869
-1977
-1976
-2016
-1832
-1963
-1861
-1798
-1707
-1518
-1490
-1317
-1069
-928
-625
-408
-167
246
457
790
1040
1354
1790
1987
2195
2465
2587
2846
2862
2839
2909
2782
2797
2587
2334
2236
1952
1761
1497
1199
1107
801
607
389
177
136
-135
-322
-505
-706
-800
-1023
-1224
-1360
-1514
-1557
-1659
-1739
-1721
-1738
-1760
-1811
-1847
-1801
-1825
-1930
-1996
-2074
-2067
-2136
-2172
-2115
-1924
-1673
-1474
-1141
-924
-526
-162
208
597
825
1130
1317
1318
1505
1550
1663
1669
1620
1744
1766
1887
1882
1760
1683
1521
1300
1062
663
340
-30
-401
-760
-1132
-1359
-1587
-1846
-1987
-2031
-2026
-1971
-1993
-1903
-1823
-1655
-1503
-1399
-1227
-1057
-857
-656
-434
-168
144
422
711
984
1343
1712
1946
2161
2379
2525
2685
2726
2728
2733
2693
2641
2505
2324
2230
2059
1848
1656
1386
1261
998
767
561
337
196
-56
-307
-489
-705
-849
-1041
-1257
-1362
-1511
-1584
-1717
-1799
-1877
-1926
-1986
-2069
-2093
-2118
-2132
-2197
-2221
-2235
-2189
-2221
-2208
-2190
-1981
-1731
-1516
-1213
-989
-659
-275
43
526
736
1007
1282
1283
1504
1601
1705
1767
1663
1740
1782
1850
1888
1737
1621
1528
1297
1159
851
559
252
-144
-461
-848
-1133
-1354
-1664
-1876
-1945
-1991
-1890
-1925
-1854
-1722
-1575
-1395
-1287
-1169
-969
-819
-629
-396
-200
136
409
665
927
1206
1588
1810
1949
2182
2310
2508
2612
2575
2670
2616
2632
2586
2377
2332
2141
1967
1815
1529
1427
1221
944
769
517
362
157
-161
-352
-610
-779
-901
-1171
-1278
-1466
-1594
-1682
-1883
-1954
-2045
-2144
-2188
-2284
-2260
-2187
-2250
-2188
-2242
-2191
-2130
-2201
-2082
-2057
-1749
-1519
-1336
-963
-789
-372
-55
304
754
903
1268
1438
1433
1682
1712
1782
1725
1637
1703
1698
1668
1649
1439
1397
1320
1110
991
668
418
117
-266
-574
-946
-1208
-1386
-1732
-1821
-1849
-1856
-1795
-1839
-1735
-1598
-1469
-1300
-1221
-1065
-819
-670
-404
-188
25
344
554
769
1010
1260
1587
1740
1860
2090
2264
2490
2568
2619
2715
2725
2761
2667
2518
2421
2248
2049
1812
1547
1388
1149
884
666
454
315
78
-180
-398
-633
-812
-1039
-1281
-1481
-1682
-1821
-1970
-2109
-2136
-2181
-2170
-2205
-2167
-2189
-2054
-2127
-2088
-2054
-2070
-1929
-2050
-1933
-1805
-1511
-1335
-990
-803
-492
-173
184
607
839
1065
1341
1388
1494
1662
1623
1722
1506
1549
1527
1556
1581
1457
1334
1289
1142
1029
875
537
336
-85
-299
-670
-927
-1145
-1385
-1657
-1718
-1782
-1743
-1728
-1783
-1646
-1581
-1340
-1219
-1076
-886
-721
-530
-282
-118
109
299
459
664
802
1104
1304
1482
1666
1882
2096
2315
2436
2555
2639
2658
2703
2577
2477
2314
2104
1902
1632
1384
1219
981
784
573
365
213
-59
-276
-540
-797
-1016
-1278
-1546
-1784
-1983
-2090
-2190
-2284
-2282
-2325
-2324
-2300
-2314
-2234
-2242
-2169
-2141
-2122
-1996
-2026
-1871
-1817
-1501
-1239
-1061
-646
-516
-152
162
509
895
1007
1257
1478
1431
1677
1647
1636
1613
1489
1535
1517
1454
1467
1297
1187
1162
929
881
631
360
140
-160
-373
-654
-948
-1100
-1381
-1538
-1558
-1681
-1635
-1674
-1624
-1480
-1364
-1158
-983
-886
-653
-516
-327
-86
1
184
331
474
688
855
1085
1326
1487
1792
2028
2262
2524
2622
2781
2844
2843
2839
2658
2507
2296
2047
1846
1583
1344
1150
876
723
491
267
84
-205
-424
-708
-990
-1235
-1499
-1767
-1971
-2189
-2270
-2390
-2455
-2487
-2545
-2495
-2494
-2405
-2357
-2336
-2244
-2209
-2141
-2049
-2038
-1791
-1580
-1335
-1055
-756
-455
-146
158
570
853
1045
1301
1421
1508
1629
1668
1680
1590
1563
1594
1533
1527
1472
1353
1280
1162
1037
915
736
526
247
11
-210
-512
-734
-968
-1227
-1389
-1483
-1521
-1588
-1605
-1550
-1460
-1325
-1160
-1024
-888
-717
-578
-414
-264
-119
-6
119
279
421
626
870
1100
1329
1625
1898
2177
2411
2599
2743
2802
2853
2806
2661
2528
2332
2104
1868
1608
1390
1171
942
736
509
309
109
-133
-352
-619
-882
-1125
-1416
-1680
-1927
-2112
-2231
-2363
-2443
-2475
-2515
-2468
-2448
-2394
-2393
-2343
-2288
-2257
-2195
-2110
-2040
-1818
-1518
-1361
-923
-735
-347
-20
231
715
903
1083
1405
1428
1558
1698
1674
1790
1658
1687
1740
1625
1647
1570
1408
1395
1228
1068
978
682
561
245
0
-158
-519
-718
-904
-1199
-1303
-1429
-1528
-1551
-1649
-1547
-1482
-1418
-1229
-1144
-994
-811
-697
-518
-375
-287
-123
-50
113
277
413
693
908
1134
1460
1734
2014
2258
2440
2634
2680
2728
2712
2535
2440
2246
2024
1808
1553
1344
1107
906
745
504
294
118
-136
-339
-598
-887
-1142
-1450
-1690
-1921
-2102
-2234
-2393
-2486
-2500
-2538
-2531
-2513
-2476
-2464
-2405
-2328
-2268
-2209
-2105
-1985
-1779
-1464
-1319
-919
-721
-441
-74
125
585
778
931
1251
1332
1462
1653
1654
1752
1706
1700
1803
1699
1677
1638
1461
1408
1298
1115
1063
800
638
439
170
44
-274
-512
-676
-977
-1128
-1230
-1386
-1424
-1495
-1464
-1358
-1348
-1173
-1083
-982
-803
-680
-541
-387
-313
-179
-49
84
271
413
641
910
1106
1418
1711
1929
2201
2353
2539
2635
2648
2659
2511
2390
2270
2063
1850
1617
1386
1206
983
809
577
340
171
-72
-307
-544
-830
-1103
-1367
-1619
-1832
-2038
-2162
-2276
-2409
-2421
-2434
-2434
-2420
-2410
-2393
-2315
-2260
-2170
-2100
-2027
-1848
-1728
-1391
-1211
-942
-633
-406
-74
145
521
811
928
1138
1323
1392
1544
1631
1645
1664
1627
1690
1687
1603
1574
1472
1352
1312
1128
1002
863
650
489
251
85
-163
-435
-636
-833
-1069
-1188
-1303
-1432
-1474
-1511
-1430
-1403
-1321
-1210
-1098
-980
-815
-684
-561
-430
-330
-170
-41
139
297
471
705
949
1166
1454
1710
1907
2112
2256
2398
2460
2470
2459
2322
2222
2115
1899
1728
1503
1303
1114
904
687
476
235
29
-203
-456
-654
-926
-1148
-1395
-1621
-1831
-2003
-2141
-2236
-2306
-2308
-2321
-2341
-2329
-2341
-2229
-2156
-2015
-1932
-1886
-1725
-1646
-1487
-1138
-1023
-740
-474
-311
59
223
577
871
901
1144
1346
1383
1558
1584
1554
1605
1496
1561
1559
1430
1466
1319
1187
1196
1028
940
839
613
481
274
94
-58
-384
-550
-728
-987
-1089
-1213
-1349
-1401
-1439
-1408
-1320
-1262
-1122
-988
-920
-721
-604
-489
-313
-227
-82
90
218
414
568
771
1023
1183
1447
1684
1858
2065
2193
2305
2373
2371
2361
2275
2138
2033
1830
1610
1421
1167
945
724
477
274
27
-176
-374
-605
-808
-1017
-1269
-1465
-1677
-1862
-2017
-2182
-2261
-2365
-2408
-2423
-2410
-2370
-2328
-2202
-2099
-1947
-1806
-1703
-1593
-1421
-1327
-1101
-900
-820
-543
-423
-218
55
194
487
675
773
1032
1176
1241
1404
1383
1411
1430
1342
1404
1321
1203
1200
1043
998
974
823
774
663
506
435
274
148
-3
-263
-394
-547
-754
-817
-956
-1071
-1095
-1136
-1078
-1009
-985
-870
-760
-661
-454
-311
-180
-8
86
245
415
557
741
871
1029
1240
1380
1565
1770
1881
2042
2166
2221
2298
2259
2214
2147
1950
1808
1599
1332
1130
853
607
403
161
-49
-258
-472
-637
-850
-1036
-1183
-1388
-1563
-1719
-1874
-1992
-2083
-2177
-2209
-2236
-2217
-2170
-2123
-1993
-1864
-1757
-1594
-1464
-1353
-1187
-1067
-938
-838
-697
-563
-445
-309
-147
2
138
346
524
653
801
933
1024
1090
1145
1174
1120
1110
1089
1026
974
941
901
820
789
724
656
564
506
406
286
194
56
-101
-257
-387
-527
-651
-751
-832
-896
-910
-893
-871
-802
-706
-602
-472
-324
-156
-28
118
297
425
589
753
916
1046
1178
1343
1488
1590
1713
1819
1877
1927
1923
1921
1845
1723
1617
1438
1258
1057
823
591
356
114
-95
-321
-533
-714
-915
-1055
-1198
-1337
-1438
-1534
-1616
-1691
-1771
-1838
-1908
-1927
-1923
-1908
-1864
-1813
-1702
-1623
-1465
-1358
-1203
-1047
-939
-768
-731
-600
-520
-474
-346
-291
-147
-49
90
231
342
506
608
735
805
882
931
920
967
927
926
901
867
872
823
853
799
770
731
694
662
579
543
431
367
272
148
37
-102
-177
-286
-367
-432
-484
-522
-532
-486
-457
-364
-260
-148
-35
71
232
345
466
584
691
794
869
978
1054
1129
1189
1242
1289
1306
1347
1325
1300
1235
1145
1049
907
756
561
382
205
7
-165
-333
-484
-612
-742
-836
-931
-1002
-1083
-1165
-1267
-1348
-1408
-1489
-1526
-1619
-1623
-1636
-1633
-1562
-1530
-1431
-1341
-1237
-1146
-1036
-963
-896
-786
-789
-650
-614
-560
-375
-364
-183
-68
4
189
253
375
459
510
559
622
619
622
696
639
681
705
640
715
670
665
679
614
629
594
578
557
528
487
452
426
310
273
177
70
33
-81
-97
-162
-190
-177
-199
-136
-83
-18
53
148
239
321
424
469
547
596
630
697
732
790
858
875
918
955
977
999
1007
967
930
880
803
698
541
388
245
46
-50
-217
-362
-461
-607
-704
-762
-786
-840
-836
-912
-983
-1028
-1116
-1159
-1226
-1270
-1308
-1331
-1324
-1308
-1239
-1187
-1105
-1022
-929
-833
-741
-619
-540
-459
-361
-295
-205
-135
-41
48
94
171
212
243
316
328
357
374
373
392
419
440
479
485
490
508
496
474
473
448
403
390
345
331
311
283
281
269
245
259
248
237
236
205
184
184
160
143
131
115
126
130
130
178
198
239
288
319
356
413
443
485
522
549
602
626
650
679
682
686
683
642
604
557
493
421
322
214
124
39
-39
-109
-184
-242
-304
-378
-429
-497
-548
-624
-680
-768
-829
-890
-940
-1002
-1071
-1108
-1145
-1139
-1121
-1087
-1053
-990
-938
-892
-820
-767
-695
-625
-563
-482
-390
-305
-192
-110
-56
37
71
106
150
163
188
198
198
210
209
214
239
262
276
302
296
318
323
323
325
322
310
307
316
323
318
331
322
340
352
340
365
366
349
370
365
362
379
376
384
391
395
407
419
407
429
439
437
468
469
484
513
503
535
554
570
603
619
619
624
614
588
560
501
431
378
289
183
110
7
-67
-148
-242
-304
-371
-438
-479
-530
-584
-608
-658
-701
-721
-785
-818
-862
-921
-946
-983
-1009
-1008
-1020
-1030
-1005
-993
-962
-896
-856
-765
-687
-590
-496
-420
-348
-290
-240
-209
-173
-163
-131
-151
-128
-133
-124
-103
-70
-31
8
56
90
142
165
176
203
207
211
223
207
223
209
229
233
247
269
302
345
388
432
463
498
513
530
544
542
539
535
509
505
491
478
476
460
450
460
459
486
502
514
539
561
578
602
622
620
621
603
592
562
531
481
435
378
309
253
199
141
91
49
-5
-52
-103
-165
-214
-280
-338
-388
-461
-509
-551
-600
-638
-676
-713
-731
-764
-769
-775
-778
-798
-781
-775
-768
-732
-709
-678
-651
-613
-575
-512
-458
-385
-328
-259
-226
-170
-153
-126
-105
-86
-77
-78
-56
-75
-45
-53
-33
-3
22
34
74
76
116
140
154
176
181
184
201
206
211
222
208
228
219
222
227
254
262
290
307
339
353
383
372
388
393
388
386
375
364
344
357
337
355
358
373
389
411
428
455
470
494
499
496
473
460
430
388
353
299
250
188
151
98
54
16
-14
-55
-90
-118
-157
-201
-252
-307
-348
-406
-449
-492
-534
-564
-594
-614
-645
-651
-659
-658
-654
-644
-639
-624
-607
-598
-562
-525
-492
-436
-401
-364
-313
-284
-247
-206
-176
-142
-98
-88
-49
-11
4
41
53
66
83
99
97
100
102
113
117
128
127
141
147
148
169
182
202
207
212
190
198
186
173
165
143
132
123
113
110
108
100
107
112
113
110
147
139
153
173
172
201
210
210
233
240
250
279
288
294
312
307
314
328
308
320
293
276
262
258
227
192
165
119
91
51
23
-9
-51
-94
-115
-156
-189
-200
-227
-254
-265
-291
-315
-332
-367
-388
-404
-427
-436
-454
-474
-468
-463
-450
-413
-379
-351
-310
-278
-252
-221
-193
-170
-120
-100
-59
-37
-16
19
36
60
79
103
103
132
132
127
147
148
140
149
146
151
145
136
146
150
145
143
144
125
137
130
110
106
83
65
46
24
5
-14
-26
-29
-39
-58
-52
-51
-56
-43
-36
-27
-15
9
29
64
92
111
140
165
175
193
210
221
242
243
251
262
248
245
237
220
218
217
215
206
185
160
134
93
70
47
22
-16
-49
-76
-101
-123
-148
-165
-203
-231
-262
-284
-313
-347
-363
-386
-392
-395
-394
-391
-379
-366
-353
-324
-304
-282
-241
-207
-170
-136
-100
-67
-34
1
42
74
115
148
175
202
220
242
255
259
257
265
275
280
287
282
287
291
285
278
263
241
227
219
203
188
168
147
129
105
83
61
30
1
-20
-38
-62
-81
-96
-100
-92
-96
-98
-88
-84
-62
-41
-32
-13
3
9
35
46
57
72
82
80
95
100
103
111
100
106
99
92
84
58
41
23
-16
-43
-60
-87
-109
-142
-187
-211
-243
-267
-276
-293
-317
-323
-337
-359
-375
-393
-413
-426
-437
-437
-441
-434
-423
-412
-396
-365
-331
-303
-264
-232
-187
-134
-89
-47
-13
17
56
91
139
183
212
234
256
281
307
326
341
364
375
395
421
418
434
449
447
464
454
447
438
417
392
368
339
312
290
252
240
214
182
160
124
102
78
62
49
31
14
0
-16
-33
-40
-54
-51
-43
-43
-44
-34
-30
-30
-22
-22
-29
-24
-14
-13
-18
-12
-7
-13
-18
-32
-44
-63
-75
-92
-113
-140
-155
-169
-190
-211
-236
-251
-276
-288
-292
-308
-327
-337
-355
-372
-381
-394
-420
-417
-416
-421
-410
-401
-400
-373
-362
-341
-305
-285
-242
-220
-184
-138
-99
-58
-15
15
66
120
148
193
223
242
279
293
327
357
364
387
399
412
448
463
465
477
470
470
468
457
434
417
392
371
349
318
308
275
257
244
218
194
175
148
124
99
68
56
33
20
9
-12
-26
-36
-48
-38
-46
-49
-41
-49
-50
-55
-65
-59
-58
-59
-64
-75
-72
-62
-66
-70
-79
-92
-113
-131
-145
-170
-188
-206
-234
-264
-277
-295
-309
-327
-341
-354
-365
-363
-369
-387
-398
-407
-422
-424
-424
-429
-424
-412
-403
-394
-384
-373
-363
-332
-311
-278
-247
-214
-183
-138
-93
-46
5
41
95
126
166
205
228
252
271
293
314
344
356
380
394
409
428
429
439
436
442
437
438
428
418
418
401
385
367
346
327
309
290
274
259
234
209
186
157
139
128
113
94
78
70
60
50
35
21
12
10
5
0
-13
-16
-16
-21
-16
-25
-19
-14
-11
-16
-15
-22
-33
-46
-64
-86
-104
-123
-151
-174
-204
-222
-240
-262
-275
-295
-304
-312
-336
-347
-350
-360
-370
-374
-385
-387
-396
-399
-401
-407
-398
-397
-401
-395
-391
-380
-355
-329
-302
-261
-232
-199
-155
-113
-59
-16
23
56
88
114
138
153
178
201
226
251
270
291
312
327
342
360
365
384
386
384
391
382
381
376
366
349
341
335
321
300
286
273
253
247
235
224
209
196
183
168
152
135
116
104
85
73
62
58
54
45
43
33
39
38
43
35
28
27
21
22
19
23
17
4
-6
-26
-48
-61
-88
-114
-134
-154
-167
-192
-221
-241
-249
-267
-283
-298
-311
-319
-326
-339
-353
-364
-369
-374
-386
-388
-393
-395
-389
-386
-370
-352
-333
-310
-277
-244
-209
-168
-139
-107
-77
-43
-19
2
24
60
79
106
122
141
172
190
219
247
268
298
311
318
330
333
339
343
351
358
364
357
355
351
338
331
316
307
299
281
273
247
226
206
187
180
159
140
111
95
71
52
38
26
13
1
0
-3
-8
-20
-29
-30
-23
-26
-24
-24
-16
-10
-4
-7
-13
-18
-28
-33
-33
-44
-64
-78
-91
-104
-117
-144
-159
-176
-188
-198
-225
-243
-269
-296
-305
-326
-346
-359
-371
-385
-403
-409
-410
-408
-400
-389
-382
-371
-348
-330
-304
-274
-243
-211
-185
-155
-121
-84
-43
-8
13
44
67
95
122
137
163
194
216
234
243
258
265
278
297
311
316
317
315
317
331
332
331
329
321
316
310
299
284
273
269
256
243
232
209
185
166
150
129
125
113
95
80
69
62
44
36
26
21
18
4
4
-2
-6
-7
-12
-14
-19
-16
-14
-18
-17
-14
-22
-27
-33
-45
-54
-56
-64
-72
-92
-103
-106
-119
-132
-149
-161
-177
-194
-209
-224
-237
-250
-266
-285
-295
-307
-312
-314
-312
-314
-321
-320
-308
-295
-282
-269
-250
-231
-205
-179
-155
-131
-111
-82
-54
-21
-9
17
43
66
96
114
137
153
173
197
205
230
252
253
263
273
283
286
288
295
297
297
293
295
284
268
253
244
232
217
203
187
168
155
137
129
115
93
81
67
53
33
27
9
-3
-14
-24
-32
-35
-41
-58
-62
-66
-63
-59
-62
-67
-61
-58
-52
-49
-52
-58
-74
-77
-77
-85
-91
-98
-101
-106
-107
-112
-126
-134
-154
-165
-175
-183
-193
-208
-214
-230
-244
-253
-255
-269
-281
-283
-281
-275
-274
-262
-257
-251
-245
-236
-221
-210
-200
-175
-159
-139
-109
-88
-59
-33
-8
22
56
82
109
129
151
183
207
227
236
249
270
277
289
294
295
302
308
323
338
348
347
347
342
344
338
328
316
291
278
259
248
229
208
190
171
158
141
127
121
109
99
80
68
51
34
28
15
5
-10
-24
-31
-40
-38
-54
-70
-67
-77
-87
-100
-100
-103
-105
-107
-117
-121
-127
-136
-143
-149
-165
-176
-186
-194
-199
-212
-224
-231
-236
-237
-249
-259
-272
-285
-289
-294
-298
-297
-300
-298
-294
-287
-285
-279
-272
-266
-250
-240
-220
-201
-187
-163
-146
-120
-103
-77
-47
-19
17
48
78
98
125
150
170
188
206
219
229
248
264
282
294
304
317
322
329
333
329
336
338
337
325
321
304
284
283
263
250
226
208
195
174
165
152
137
125
113
101
87
75
61
42
24
4
-7
-25
-44
-48
-54
-58
-67
-68
-68
-74
-75
-77
-77
-78
-74
-76
-80
-87
-90
-95
-105
-110
-124
-126
-134
-141
-151
-142
-143
-148
-156
-165
-165
-174
-176
-181
-182
-177
-186
-199
-203
-202
-202
-204
-201
-200
-189
-188
-173
-157
-147
-122
-112
-99
-85
-71
-50
-33
-8
7
30
51
62
88
101
129
151
170
181
194
207
213
228
238
245
250
254
258
267
268
270
269
270
269
265
253
245
232
216
207
184
170
157
135
121
109
99
91
78
66
54
46
34
20
11
-3
-11
-25
-27
-36
-57
-58
-61
-58
-63
-74
-71
-81
-80
-78
-81
-85
-95
-104
-117
-129
-133
-145
-157
-168
-177
-177
-187
-184
-192
-207
-221
-230
-238
-250
-246
-253
-255
-258
-269
-268
-264
-259
-255
-246
-242
-237
-232
-221
-209
-201
-180
-164
-147
-126
-122
-103
-88
-66
-45
-26
6
22
48
71
86
111
141
176
198
217
231
243
256
272
280
287
288
285
285
287
289
292
292
289
287
285
284
286
280
273
262
250
239
224
209
195
178
163
156
144
131
116
108
103
96
98
94
89
91
87
82
73
65
59
53
53
43
36
29
21
16
3
-12
-27
-40
-45
-54
-69
-84
-105
-120
-138
-151
-167
-184
-195
-215
-225
-241
-248
-255
-268
-279
-282
-292
-302
-304
-311
-312
-312
-304
-293
-280
-271
-260
-248
-240
-230
-202
-189
-171
-153
-140
-110
-95
-78
-65
-57
-35
-12
10
20
26
50
64
78
99
106
124
136
142
150
155
161
165
173
177
181
186
186
185
181
176
174
175
171
167
160
152
146
139
127
122
118
115
110
107
106
104
102
106
108
104
106
102
102
100
97
93
88
85
78
72
68
64
59
49
47
43
38
31
31
27
20
9
5
2
-11
-18
-36
-47
-60
-70
-81
-102
-115
-130
-144
-157
-166
-167
-182
-187
-188
-195
-198
-205
-211
-213
-219
-208
-203
-197
-186
-183
-172
-161
-152
-144
-128
-117
-101
-84
-63
-46
-30
-13
1
16
38
52
67
80
90
105
111
123
134
149
161
168
172
164
166
158
161
160
151
144
141
139
135
134
122
117
111
105
92
76
65
60
54
44
34
30
27
24
28
24
17
12
8
8
6
3
0
1
4
2
3
0
-5
-13
-22
-22
-30
-34
-35
-43
-39
-42
-47
-53
-63
-67
-76
-93
-105
-120
-133
-145
-165
-181
-185
-195
-205
-208
-211
-211
-213
-215
-214
-220
-215
-205
-200
-194
-193
-188
-179
-170
-164
-148
-134
-120
-103
-90
-74
-51
-26
-7
19
38
59
76
93
113
126
144
163
176
189
202
216
218
224
240
241
246
248
252
258
254
261
258
253
256
243
234
230
217
202
193
179
164
152
133
122
107
93
81
73
61
52
44
39
31
22
34
32
28
19
9
2
-3
-2
-7
-10
-17
-21
-17
-26
-25
-17
-17
-12
-15
-14
-17
-27
-36
-44
-52
-54
-62
-83
-98
-107
-116
-133
-143
-154
-162
-177
-182
-187
-196
-194
-200
-203
-215
-224
-227
-234
-234
-230
-221
-214
-215
-204
-196
-188
-166
-147
-138
-127
-112
-94
-72
-55
-33
-17
6
25
36
59
74
86
100
112
122
137
151
162
172
181
188
187
195
187
175
176
173
168
160
156
150
135
128
123
102
88
75
60
50
43
36
27
15
12
13
14
23
17
14
8
10
11
9
11
11
16
17
17
25
26
25
20
14
12
7
15
16
19
19
5
-5
-2
-10
-16
-19
-39
-54
-74
-81
-88
-94
-106
-123
-135
-146
-149
-149
-157
-172
-175
-187
-190
-192
-199
-197
-197
-195
-186
-186
-185
-183
-177
-159
-144
-130
-116
-106
-100
-79
-58
-39
-15
-2
13
29
42
60
75
91
102
111
125
139
150
153
162
167
167
172
184
189
190
187
183
182
182
175
169
162
153
150
139
137
133
123
123
110
106
105
96
98
88
84
77
68
65
53
45
37
26
12
10
10
13
7
0
-5
-10
-18
-21
-26
-27
-29
-32
-32
-37
-36
-41
-46
-55
-62
-63
-64
-69
-79
-82
-94
-103
-106
-120
-131
-143
-147
-150
-156
-158
-163
-170
-173
-176
-182
-189
-182
-179
-179
-173
-174
-177
-176
-174
-163
-156
-143
-132
-117
-98
-88
-66
-45
-32
-22
-11
3
20
35
49
59
68
88
96
101
116
126
146
153
163
176
186
199
204
200
198
197
190
192
185
179
173
171
168
157
152
149
137
132
126
119
116
107
106
107
102
98
83
82
82
72
63
56
54
52
51
52
46
48
46
38
44
40
44
41
38
38
30
30
19
15
12
6
1
-13
-20
-28
-38
-46
-54
-65
-80
-97
-106
-122
-137
-142
-151
-151
-156
-161
-167
-176
-179
-186
-189
-188
-190
-186
-187
-185
-179
-168
-166
-162
-153
-147
-139
-130
-116
-104
-94
-82
-73
-57
-46
-47
-36
-25
-15
-2
2
11
19
27
37
37
37
46
55
61
62
66
76
83
90
87
82
79
85
82
83
82
73
76
73
71
73
73
74
73
70
78
73
63
71
73
75
74
72
78
77
80
80
77
77
66
65
67
65
59
55
53
51
45
35
29
25
19
13
7
0
-3
-12
-24
-32
-43
-51
-60
-61
-75
-83
-83
-93
-100
-102
-108
-110
-107
-109
-111
-116
-117
-112
-109
-108
-114
-115
-109
-107
-99
-92
-85
-82
-74
-70
-65
-57
-52
-45
-38
-27
-18
-5
2
12
10
12
13
18
30
34
40
44
47
56
65
69
73
77
81
83
78
77
70
70
73
76
81
74
74
77
74
75
71
72
74
66
66
64
52
50
50
53
52
49
53
51
54
50
46
49
47
35
35
32
24
26
17
16
15
10
3
0
4
-11
-18
-29
-36
-44
-51
-62
-72
-76
-82
-85
-85
-85
-90
-95
-103
-105
-105
-104
-106
-112
-114
-115
-109
-102
-104
-102
-107
-105
-98
-88
-83
-79
-77
-78
-74
-66
-59
-58
-51
-50
-45
-34
-24
-20
-18
-10
-9
0
5
9
7
7
11
6
10
18
22
24
31
36
33
33
35
29
29
28
28
24
27
31
27
33
34
36
43
42
44
45
45
49
47
53
53
52
54
57
59
57
57
60
68
63
65
67
64
63
66
71
64
65
58
59
54
51
46
40
38
33
25
26
24
14
8
3
-2
-13
-15
-21
-23
-21
-23
-24
-24
-23
-26
-23
-25
-29
-28
-29
-28
-30
-35
-33
-31
-32
-31
-26
-22
-20
-17
-15
-15
-17
-12
-13
-13
-14
-16
-19
-22
-20
-22
-19
-15
-16
-13
-12
-5
-11
-9
-1
-6
-7
-9
-13
-22
-27
-28
-26
-25
-26
-29
-28
-26
-30
-32
-41
-47
-41
-44
-46
-40
-41
-41
-40
-37
-37
-38
-38
-37
-30
-26
-25
-26
-24
-21
-21
-19
-19
-13
-8
-2
1
0
6
4
2
6
6
9
12
12
9
14
18
21
20
23
20
24
25
22
18
14
15
12
14
13
19
16
16
14
14
21
22
25
27
25
20
20
22
22
20
16
15
16
17
20
26
22
19
19
17
19
18
21
27
31
31
35
36
40
41
40
43
44
45
46
50
49
52
53
53
52
53
47
44
50
45
46
42
41
42
35
31
27
19
16
8
7
5
1
-2
-5
-8
-10
-17
-22
-21
-23
-26
-24
-24
-28
-28
-33
-37
-43
-45
-42
-42
-43
-46
-49
-47
-48
-53
-53
-59
-59
-60
-56
-53
-54
-55
-58
-54
-55
-55
-50
-49
-46
-45
-43
-43
-43
-43
-38
-36
-31
-24
-24
-22
-17
-14
-13
-9
-5
-6
0
2
3
8
8
12
15
20
20
20
24
28
32
30
35
36
42
45
50
54
56
59
65
65
66
73
69
72
74
70
67
70
65
65
63
57
60
58
58
56
53
49
42
42
34
31
26
22
19
15
18
14
14
7
2
-1
-5
-11
-14
-18
-17
-19
-19
-21
-26
-30
-31
-33
-38
-40
-49
-50
-53
-56
-56
-60
-61
-63
-66
-67
-67
-70
-69
-67
-67
-62
-60
-60
-55
-54
-50
-46
-41
-40
-34
-31
-29
-23
-20
-16
-11
-6
-2
2
6
11
13
16
16
22
21
25
29
27
29
32
35
35
42
41
40
42
42
42
44
45
48
46
48
47
47
48
47
43
42
41
39
37
36
33
31
28
28
27
21
20
18
16
14
15
15
13
9
8
4
-1
-1
-3
-4
-2
0
-3
-1
-3
-3
-7
-7
-9
-11
-11
-11
-14
-18
-20
-26
-28
-30
-34
-38
-42
-41
-43
-49
-49
-50
-54
-54
-56
-61
-62
-60
-58
-59
-56
-53
-52
-52
-49
-47
-48
-43
-43
-39
-35
-31
-29
-30
-24
-22
-18
-17
-12
-10
-5
-1
2
7
7
10
13
14
19
22
24
27
30
32
34
37
38
40
41
42
43
42
46
46
46
49
48
46
48
51
47
51
51
46
45
44
46
45
43
41
38
38
35
35
34
33
35
36
34
34
32
32
32
31
27
29
28
24
23
19
19
14
9
6
2
-1
-3
-4
-10
-15
-20
-24
-28
-34
-36
-41
-46
-45
-49
-49
-52
-54
-55
-59
-61
-64
-64
-65
-64
-62
-59
-57
-54
-52
-52
-49
-48
-46
-43
-40
-39
-36
-32
-30
-26
-24
-24
-20
-19
-16
-12
-11
-9
-7
-8
-6
-3
-1
1
5
7
9
12
13
16
19
21
22
24
27
27
30
32
35
38
38
37
38
42
40
42
42
42
43
41
42
40
39
39
37
36
35
33
36
33
31
31
30
27
28
27
25
25
24
21
22
18
17
17
14
13
11
8
6
1
-2
-3
-6
-10
-13
-16
-20
-22
-24
-26
-29
-30
-33
-35
-38
-39
-39
-39
-38
-38
-38
-39
-38
-37
-35
-35
-34
-34
-33
-32
-30
-27
-28
-24
-25
-24
-23
-21
-20
-19
-18
-15
-15
-14
-13
-13
-10
-9
-8
-6
-3
0
0
3
6
7
10
11
15
17
20
21
23
26
26
27
28
30
30
30
30
32
31
32
33
33
33
34
33
32
33
33
33
33
33
32
30
30
31
30
31
30
28
27
26
25
22
21
22
19
17
14
11
7
6
3
0
-4
-8
-11
-15
-17
-20
-21
-25
-26
-29
-32
-34
-34
-35
-37
-37
-38
-38
-39
-38
-39
-37
-37
-36
-36
-37
-37
-36
-37
-35
-34
-33
-34
-31
-29
-29
-27
-26
-24
-23
-22
-21
-19
-17
-15
-12
-9
-7
-3
0
2
5
5
9
12
14
17
20
21
24
23
25
27
28
28
28
29
30
30
31
31
32
32
32
30
30
31
30
30
30
30
30
31
31
30
30
29
28
27
24
24
21
21
18
16
15
11
10
6
3
1
0
-3
-4
-7
-9
-10
-13
-15
-18
-20
-22
-23
-25
-27
-28
-29
-30
-30
-30
-32
-32
-33
-32
-33
-33
-33
-35
-34
-35
-34
-33
-33
-31
-29
-30
-27
-25
-24
-23
-21
-19
-17
-17
-17
-15
-13
-13
-11
-10
-6
-4
-2
0
3
4
6
9
11
13
14
16
16
19
19
21
21
22
23
24
24
24
25
26
26
27
28
29
29
29
28
28
28
27
26
27
26
25
25
25
25
24
22
20
20
18
18
15
12
11
10
9
8
6
5
4
2
0
0
-1
-4
-5
-5
-8
-9
-10
-11
-14
-15
-15
-16
-16
-18
-18
-19
-21
-22
-22
-24
-23
-25
-26
-26
-26
-26
-28
-28
-29
-29
-27
-27
-27
-27
-25
-24
-24
-23
-21
-19
-20
-18
-17
-15
-14
-14
-12
-10
-7
-6
-2
0
3
3
6
7
7
10
10
11
12
14
15
16
18
20
21
21
23
25
26
26
26
26
27
27
27
30
30
31
30
31
31
31
31
29
29
27
27
25
22
23
22
20
18
18
18
16
12
12
10
9
6
4
2
2
0
-2
-4
-5
-7
-8
-10
-12
-13
-14
-15
-17
-18
-18
-21
-22
-23
-25
-25
-26
-28
-28
-28
-28
-29
-29
-29
-29
-30
-30
-29
-30
-30
-30
-28
-28
-27
-26
-26
-24
-24
-22
-21
-19
-19
-17
-15
-14
-12
-12
-10
-9
-7
-6
-5
-3
-1
1
1
1
5
5
7
9
10
11
14
15
16
17
19
19
20
23
23
24
25
27
27
28
28
28
28
28
28
27
28
27
27
25
28
27
25
24
23
22
22
21
19
19
17
17
15
14
13
11
9
8
8
7
4
3
1
1
-1
-3
-5
-6
-8
-8
-9
-11
-13
-15
-16
-18
-19
-19
-22
-24
-25
-25
-26
-27
-27
-27
-28
-28
-28
-29
-27
-27
-27
-26
-26
-27
-25
-26
-24
-24
-24
-22
-21
-19
-19
-17
-14
-13
-12
-10
-9
-6
-5
-4
-3
-1
0
1
2
3
5
6
9
10
13
13
16
17
19
19
20
22
22
23
23
25
26
27
26
25
27
26
24
24
24
24
24
24
23
21
21
20
19
17
18
17
16
16
15
12
12
10
8
6
6
4
3
2
0
-1
-2
-4
-6
-8
-9
-12
-12
-13
-14
-15
-17
-18
-18
-21
-19
-20
-23
-20
-23
-24
-24
-25
-24
-25
-25
-24
-25
-25
-23
-22
-22
-20
-20
-20
-18
-17
-16
-15
-15
-12
-11
-10
-7
-6
-5
-4
-2
-2
0
1
2
4
4
6
8
11
11
13
14
15
15
17
17
17
17
16
17
18
17
19
19
19
18
19
18
19
20
18
18
16
17
16
15
15
13
11
11
10
9
8
8
6
6
4
4
3
2
3
1
1
1
-1
0
-1
-2
-3
-4
-4
-4
-5
-4
-6
-7
-8
-7
-8
-7
-8
-8
-8
-9
-9
-8
-10
-9
-11
-11
-10
-11
-10
-11
-11
-10
-10
-9
-9
-8
-10
-9
-9
-9
-7
-7
-7
-6
-6
-6
-6
-4
-3
-4
-2
-2
-2
-1
0
1
2
1
0
2
2
4
4
3
3
4
2
5
5
5
6
4
4
4
4
6
5
5
5
4
5
5
4
5
3
3
2
2
2
2
0
0
0
0
1
0
-1
-2
-3
-3
-1
-1
-2
-3
-4
-3
-2
-3
-1
-2
-1
0
-1
-1
1
0
0
1
2
2
