0
0
0
1
0
1
2
3
3
2
3
3
1
1
3
3
3
1
3
3
2
2
3
2
1
2
2
2
3
3
3
3
2
2
2
2
1
2
2
2
1
3
3
3
3
3
4
4
3
3
2
2
0
2
1
1
1
0
0
0
-2
-1
-1
-1
-1
-2
-1
-1
-2
-1
-1
-1
-1
-1
-2
-1
-1
-1
-1
-1
-1
-1
0
-1
-2
-1
1
0
-1
-1
1
-1
0
1
1
-1
0
0
-1
-1
-1
0
-1
-2
-1
-1
-1
-2
0
0
0
0
0
0
0
0
0
1
0
0
1
0
0
0
1
0
-1
0
0
-1
-1
0
1
1
1
2
0
1
1
1
1
2
1
1
0
1
1
0
0
0
1
0
-1
2
1
0
1
1
1
1
2
3
2
1
1
2
1
1
4
3
2
3
3
3
1
2
3
1
0
2
2
1
0
1
1
0
0
1
0
-1
1
-1
-2
-1
-1
-1
-1
-1
0
0
-2
-1
0
-2
-1
-1
-1
-2
-3
-3
-2
-3
-3
-3
-3
-4
-3
-4
-4
-4
-4
-2
-3
-4
-4
-4
-5
-4
-4
-5
-5
-4
-3
-4
-5
-4
-4
-4
-3
-2
-3
-4
-3
-1
-2
-3
-2
0
-1
-1
1
1
1
0
0
1
2
1
2
2
1
0
1
1
0
-2
-1
-1
0
0
0
0
-1
0
0
0
0
1
1
0
2
1
1
1
1
0
1
0
1
2
2
1
1
0
-1
-1
0
2
1
1
1
0
-1
-1
0
-1
-1
-2
-3
-3
-2
-2
-2
-2
-1
-2
-3
-2
0
-2
-2
-2
-2
-2
-2
-2
-2
-1
-2
-3
-2
0
-1
0
0
-1
-2
-2
-2
-2
-3
0
-1
-4
-3
-2
-4
-4
-1
-1
-3
-3
-3
-1
-1
0
0
-2
-2
-1
-1
-1
1
1
-1
-1
2
2
0
2
5
4
3
4
6
6
6
6
6
7
7
7
6
8
9
6
7
6
5
5
5
5
5
5
4
3
4
3
3
3
4
4
3
1
2
4
3
4
4
3
4
5
3
4
5
5
4
4
5
5
3
4
4
3
3
2
1
2
4
2
1
2
1
-3
-4
-2
-2
-4
-5
-5
-5
-6
-5
-6
-8
-7
-9
-11
-9
-5
-7
-7
-5
-3
-5
-5
-3
-3
-3
-2
-2
-4
-2
1
0
-2
-1
-1
-4
-5
-2
-3
-2
-1
-2
-6
-4
-3
-4
-5
-1
1
-3
-4
1
-1
-3
-1
3
1
1
3
2
1
3
5
3
4
8
8
4
7
11
8
7
11
12
8
8
12
11
9
12
14
12
13
16
14
13
15
15
10
11
18
17
11
12
12
9
7
9
11
8
9
7
-1
0
7
8
3
5
13
10
7
11
14
12
11
11
11
10
11
10
6
6
7
-4
-7
-4
-3
-12
-17
-14
-20
-27
-30
-25
-29
-31
-34
-37
-37
-33
-29
-32
-29
-21
-21
-28
-30
-18
-20
-27
-23
-19
-22
-26
-27
-26
-23
-25
-26
-31
-31
-21
-26
-28
-22
-17
-23
-40
-29
-14
-23
-22
-6
-8
-16
-16
-13
-15
-4
3
3
-9
-10
14
8
3
34
40
27
18
16
13
4
19
30
14
21
36
19
7
22
41
41
31
50
53
37
51
57
53
42
52
68
42
65
79
47
36
44
31
29
14
33
51
23
38
47
32
31
29
3
21
54
55
45
42
39
35
-8
-15
0
8
14
3
3
7
-19
-26
-31
-19
-5
-36
-37
-43
-53
-53
-57
-57
-37
-55
-37
-48
-51
-47
-58
-77
-69
-33
-46
-62
-63
-63
-67
-95
-55
-47
-58
-39
-27
-84
-85
-66
-80
-99
-67
5
-52
-69
-29
-29
-57
-20
31
55
26
12
29
-12
-20
-2
-5
18
64
27
-24
22
9
-30
-43
-17
21
-43
-48
-9
-19
-19
15
-19
45
49
70
95
90
143
132
63
73
140
69
63
95
99
77
44
17
45
9
-29
31
-33
-8
53
-42
-17
39
8
16
4
55
134
87
79
144
136
53
39
80
75
62
51
28
40
-6
-15
-30
10
6
-46
-25
-22
-30
-36
-62
-54
16
-88
-66
-46
-54
-67
-41
-41
2
29
-28
-27
-18
-86
-72
-77
-123
-30
-33
-64
-64
-41
-51
-164
-135
-36
-101
-122
-94
-87
-120
-167
-93
-80
-133
-17
25
-62
-11
87
33
-103
22
72
-27
-57
72
35
-54
5
102
51
-85
47
46
-46
-98
77
-15
-93
-18
32
-45
-24
66
76
36
-3
145
22
7
126
132
17
73
143
46
14
89
137
75
21
73
91
-26
11
120
26
-41
9
109
-42
-8
187
62
8
98
147
5
-10
83
145
0
18
207
11
-44
150
125
-99
89
233
5
-82
89
138
-167
-121
-47
-8
-168
-94
54
-87
-183
0
-124
-130
-42
-59
-75
-159
-66
0
-221
-117
63
-141
-123
-56
-77
-43
-114
-103
21
-153
-143
-53
-99
-164
-59
-71
-83
-139
-80
-22
-89
-99
-26
-5
-136
-92
69
-75
-173
13
14
-86
-55
-5
37
-65
-26
147
-96
80
169
13
47
140
112
-47
29
98
-10
-44
140
144
164
25
253
186
-40
227
115
122
125
161
104
113
37
72
96
127
149
78
87
208
263
-34
30
254
-46
-79
92
257
81
155
173
248
92
35
221
102
80
106
27
-39
143
-178
-23
5
120
-44
-128
280
29
-150
9
232
22
-160
-26
112
-219
-64
-60
28
-15
-110
32
-66
-80
15
-190
-113
120
-177
-217
-143
116
-234
-284
-13
47
-219
-66
-106
-41
-229
-175
-67
-298
11
-118
-237
-295
22
-377
-153
-240
76
-177
-156
71
-136
-59
-170
133
-118
-28
3
103
-52
-2
168
60
-86
53
282
-115
10
148
-10
2
-109
181
39
3
106
92
-140
202
113
70
40
82
241
-177
41
153
138
18
216
99
188
-53
36
152
22
25
82
-92
129
-24
-20
114
137
165
19
-48
254
45
-6
151
222
184
25
126
122
186
37
92
149
109
-28
136
-195
96
87
-422
-20
14
-206
-216
0
4
-1
-207
17
158
-194
-229
172
-68
-224
245
-102
-231
-3
41
-279
-89
42
-82
-61
-129
18
-89
-280
-131
146
-546
-102
256
-321
-335
6
-119
-348
-234
-213
-10
-339
-122
-142
-153
-200
64
-319
-68
-6
55
-53
-154
439
94
-179
134
160
16
204
-192
401
-6
-43
150
31
62
45
101
65
64
-143
125
-85
15
-2
27
-78
139
110
-166
308
154
-60
170
120
108
183
-103
340
420
-286
230
207
159
-25
167
323
105
-25
156
144
-79
44
145
2
-43
199
-198
89
320
-169
73
142
158
-3
-162
205
2
-82
12
122
1
-26
39
65
-65
162
7
-225
211
-62
-257
-34
-184
-84
-228
-99
29
148
-400
128
13
-237
-220
-31
145
-222
-268
50
-10
-424
-142
-40
84
-339
-175
-45
-86
-470
56
-58
-32
-62
-196
-119
-41
-127
-72
-21
-7
284
-214
65
-5
-163
-15
174
-160
56
246
175
-106
-138
646
-259
-30
-18
441
-88
-16
-72
455
-161
-299
293
-131
236
-62
118
-103
289
23
112
-10
327
73
116
149
210
148
283
172
190
42
131
80
-86
119
149
0
-65
298
-159
17
177
-96
47
143
-32
206
59
54
209
-37
125
77
-54
-52
400
-119
-106
299
162
-197
44
-29
-115
62
-380
49
-168
-64
-131
-354
-194
46
-190
-516
138
228
-433
-244
243
-19
-447
44
79
-113
-262
157
53
-189
174
52
-183
-111
176
-427
-3
-175
-108
-281
-184
-224
-177
-281
-39
-122
-445
48
-59
53
-281
43
303
-10
-39
-187
523
-45
-134
139
360
236
123
88
28
339
-102
181
-147
270
336
-379
102
181
-67
-103
144
-137
212
-21
-68
157
-39
179
-116
81
-76
119
21
-220
190
94
53
93
67
-10
147
55
-11
-11
-36
135
-71
-202
110
215
73
-339
448
-103
102
-297
356
182
-200
205
40
93
-143
130
-63
229
-212
295
-46
-226
58
-136
-50
-489
102
-169
29
-297
-162
85
-47
-409
-167
326
-513
-75
-143
-59
-35
-67
-449
347
-142
-425
128
64
61
-147
-301
354
78
-657
18
293
-252
-364
292
-216
141
-246
-52
234
-220
105
110
-420
240
206
-368
239
-130
244
-171
-85
285
122
43
43
235
221
13
157
252
-6
37
109
206
-90
125
224
272
-300
274
189
-111
256
35
-29
110
136
-353
341
-475
326
-62
-103
161
26
-76
-61
14
48
-78
25
63
-131
198
-241
157
164
126
68
127
94
216
-131
260
81
88
-123
-110
359
-361
113
98
-53
-185
33
-120
-59
-384
134
-74
-503
-144
-76
-185
-381
17
-360
-121
-50
-199
-269
47
-332
67
-229
-50
67
-371
-313
167
-329
-251
135
-98
110
-228
48
36
-182
-270
179
97
-212
-81
336
-135
5
-47
27
118
-381
532
290
-262
254
141
-307
27
-78
249
221
-96
388
-157
54
141
39
106
294
155
-231
329
142
1
-162
187
346
89
-180
354
127
44
74
-59
368
-174
-118
202
12
-30
-6
-226
563
-4
-443
539
100
-298
86
274
-191
388
-405
324
184
-353
236
226
-148
261
145
-43
189
-114
84
-133
35
64
-233
20
229
-431
-24
153
-86
-308
82
-69
102
-428
-317
452
-469
-483
191
-8
-421
-117
-69
-26
-331
-121
26
-82
28
-391
20
56
-407
-158
120
5
-73
-136
146
-20
-110
-24
-176
81
11
-91
120
-125
184
-130
-187
161
264
-260
-20
380
-243
131
-170
175
-16
-119
-39
335
-143
-5
188
-75
279
-296
327
-73
41
230
-2
148
183
211
-27
148
203
441
-248
210
407
-45
-91
264
305
-365
43
383
138
-214
183
271
-93
-288
496
-27
0
166
-56
-102
465
-326
-29
193
339
-140
-320
464
173
-408
152
173
-142
90
-288
141
135
-124
-116
-44
79
-103
-188
-23
145
-25
-456
107
-114
-237
39
-85
-134
298
-462
-26
107
-389
73
-342
106
-162
-252
38
-154
-309
75
2
-253
-1
-143
233
-77
-237
115
209
-360
-7
158
52
-152
86
165
-178
54
300
-158
-30
139
-43
-237
10
128
-114
-18
116
84
-350
27
318
-177
-304
357
37
-79
16
-9
129
177
-242
263
51
220
106
-91
549
-3
46
367
-80
9
315
-127
510
-388
-23
738
-592
52
426
61
-79
-10
184
147
-348
268
70
2
-58
180
67
-466
352
71
-479
397
93
-345
383
-273
49
-64
92
35
-455
14
429
-481
-10
358
-306
69
-124
-76
-94
17
-140
-77
-6
261
-291
-431
129
158
-616
71
132
-36
-322
-29
-110
-158
-181
-100
39
-225
244
-268
117
-405
-4
205
-302
96
298
-412
113
80
-377
620
-407
-219
577
-689
78
399
-468
335
-304
24
195
-280
137
158
-331
340
138
-270
211
259
-104
-585
738
-140
-288
407
202
-83
76
-71
393
-287
105
369
-281
17
220
-42
-181
406
104
-303
248
440
-529
422
354
143
-230
172
318
-122
-160
161
468
-292
127
201
199
-262
50
236
-134
-140
470
-541
-11
233
-373
-132
197
-244
-54
-10
62
0
-502
300
321
-848
269
253
-347
-226
192
-101
218
-448
140
527
-521
-131
202
-115
-99
-160
-22
320
-374
-360
337
-112
-502
290
1
-62
-275
142
14
-156
-103
137
-131
-28
-131
-114
181
-394
-17
230
-417
-45
323
-354
13
-253
228
-291
-183
256
-220
-14
-263
231
-96
-486
585
58
-523
570
-84
-373
367
75
-172
192
-33
349
-118
-584
942
-391
-382
705
-38
-66
85
-15
501
-526
174
561
-443
173
737
-425
110
730
-204
-27
305
196
297
-488
249
870
-814
198
269
-83
70
-587
600
126
-581
375
37
-70
-308
199
140
-507
363
-125
-11
-122
-9
94
-353
91
475
-586
307
216
-253
123
-122
238
-120
-191
434
-230
-213
180
42
-122
88
-5
125
33
82
-188
31
183
-46
-148
68
351
-183
-338
374
164
-304
4
57
302
-366
-124
470
-439
-140
90
-330
166
-91
-79
11
-12
-139
-178
108
64
-62
-186
501
-255
-180
-44
275
-6
-335
351
412
-85
-351
384
138
-368
-12
454
-183
-119
294
-71
-84
33
-173
234
-307
409
-95
-374
629
-519
-37
488
-422
198
171
-267
280
-208
-25
517
-580
166
351
-413
-63
109
62
-229
-42
111
-416
368
-203
-497
694
-365
-353
297
-168
-3
-17
-228
632
-428
-307
880
-594
-335
417
-148
-260
191
-176
216
-21
-277
408
-125
-194
431
1
9
244
-128
165
27
-368
177
137
-145
125
10
169
198
-448
184
84
-441
225
-160
74
28
-616
567
-625
27
233
-438
429
-251
22
354
-612
452
-129
-417
316
-192
183
-223
-215
894
-793
-135
899
-543
83
163
-80
344
-897
645
18
-537
608
-226
43
274
-220
38
192
67
63
-271
531
-224
-462
480
-183
-377
277
-6
98
-649
620
205
-891
786
-78
-505
550
-345
12
172
-114
48
-147
43
167
-369
19
148
130
-408
146
470
-635
218
-1
-248
493
-426
215
120
-118
-71
-189
167
24
-286
350
-272
-32
138
-388
662
-348
-55
643
-427
-151
635
-479
338
-105
-116
444
-460
159
179
-390
200
-46
-221
37
191
-243
-397
420
-256
-430
181
85
-441
274
-182
-54
55
-401
200
-83
-300
222
43
-202
513
-566
419
241
-314
69
537
-114
-186
165
225
-479
83
249
-402
421
-359
192
-7
-203
222
-338
293
251
-482
338
81
-149
68
-232
441
23
-365
542
-238
197
19
-55
321
-272
260
43
-164
-22
42
-79
91
50
-79
-67
435
-303
-199
460
15
-416
176
569
-501
-247
773
-258
-450
632
-241
-66
183
-372
432
-88
-320
757
-571
354
211
-371
370
132
-380
677
-55
-243
380
50
-181
177
118
99
72
-10
154
9
-232
122
-104
-149
261
-338
-5
203
-222
-251
228
-139
-7
-89
103
255
-413
65
31
28
20
-259
114
468
-705
576
23
-173
596
-548
-58
698
-528
-195
566
-162
-146
-230
352
-77
-295
244
69
-116
-127
174
-89
-151
-19
38
-42
-87
44
81
-284
35
-118
-108
405
-197
-86
249
-307
248
-332
-251
812
-477
-194
429
28
-401
116
116
-17
-274
131
92
-201
63
103
-409
397
-110
-505
775
-390
-56
284
-367
369
-395
-4
517
-566
461
197
-733
1139
-666
-213
681
-274
-50
-113
631
-259
-392
431
82
-271
133
11
238
-68
-279
193
-60
-155
-31
-101
275
-353
-223
503
-325
-388
601
-255
-191
258
-280
354
-483
71
430
-448
159
343
-396
195
214
-102
49
58
138
47
-254
121
145
-180
-130
228
84
-263
-33
299
-139
-275
364
-15
-479
128
243
-355
57
61
-87
5
18
44
-79
-108
294
-252
-2
225
-72
-385
413
-61
-381
367
-164
253
-214
-70
461
-382
-157
345
-265
-95
163
115
-258
-80
355
-427
19
24
67
-92
-143
493
-242
-364
353
-195
-207
170
179
13
217
-336
265
39
-287
153
284
-249
305
65
-326
244
-102
-102
165
40
-57
89
-278
211
-80
-393
318
-406
3
-25
-195
77
-60
-156
-75
-36
-167
145
-145
-10
135
-77
20
-23
-29
74
-26
1
255
-44
101
51
96
220
-289
296
-35
-31
165
-310
411
108
-634
420
26
-359
327
18
42
-96
-24
48
-260
-133
486
-279
-15
326
-125
-148
79
54
3
-28
306
23
-46
321
-198
-18
166
-106
62
107
180
-110
169
-170
-3
-17
-143
195
-139
159
66
-118
-112
-168
-90
134
-332
424
105
-317
252
-49
-202
4
40
214
-32
112
422
-346
-129
281
-48
-166
114
465
-164
-276
418
-231
-317
113
-40
4
189
-75
-50
5
-227
-162
-83
61
-18
79
-42
144
-114
-103
29
-163
208
207
-210
276
145
-372
18
176
-132
-189
376
56
-184
227
3
-109
-126
160
97
-127
349
149
-361
194
192
-398
194
78
-17
106
-144
255
-261
-336
123
-181
-42
55
129
-94
-219
26
-94
-126
46
38
-95
121
166
-201
-207
124
-135
-224
251
235
-215
32
-92
-42
-203
-128
95
-249
3
-101
-147
-25
-144
-461
-147
174
-200
-211
80
-46
-246
-81
-82
22
43
-251
37
145
35
-75
-234
260
-78
-327
176
162
-88
-97
131
-92
-9
203
-74
-143
418
47
-67
457
286
21
133
469
414
133
431
536
166
451
456
470
451
394
306
264
381
385
195
298
257
182
-23
119
231
-228
-72
224
-18
-395
-16
-386
-367
-438
-326
-443
-423
-533
-610
-742
-728
-579
-932
-785
-780
-836
-953
-747
-900
-639
-651
-480
-567
-474
-568
-336
-136
-71
234
194
-33
263
314
171
660
708
728
825
815
722
785
706
674
643
800
830
562
444
357
190
134
409
221
163
125
-34
-133
-134
-38
-48
44
224
174
113
224
125
249
573
611
758
777
523
665
662
738
811
976
828
774
709
645
490
398
432
303
392
169
61
-290
-303
-558
-542
-335
-655
-727
-1129
-1172
-1394
-1396
-1135
-1509
-1622
-1697
-1708
-1854
-1773
-1283
-1557
-1178
-858
-1421
-1146
-1209
-910
-341
-364
235
188
-268
-142
138
470
961
1295
1209
1111
971
848
1278
1061
1256
1575
1098
1309
918
500
488
603
633
554
684
304
-117
-484
-461
-224
-288
1
-190
-518
-498
-544
-431
-337
-190
80
-15
120
20
-183
-46
197
406
646
913
673
624
301
454
904
956
1081
1048
674
564
490
448
671
707
670
574
236
156
-1
-172
103
77
-44
-245
-613
-795
-819
-850
-616
-658
-975
-1119
-1503
-1447
-1319
-1373
-1273
-1528
-1490
-1933
-1827
-1663
-1268
-793
-923
-965
-1469
-1458
-955
-408
-16
243
-103
-211
-411
-30
608
1091
1383
1325
969
1018
1366
1348
1562
1628
1795
1731
1550
1109
877
794
1028
1181
1162
688
362
-95
-399
-222
105
108
-355
-676
-1063
-1106
-793
-537
-757
-689
-662
-739
-795
-747
-609
-377
-98
55
68
-33
-37
98
328
812
1002
960
708
599
776
948
1363
1351
1221
1020
888
920
1010
1025
1058
925
702
514
246
82
40
-23
-111
-165
-536
-1029
-1287
-1223
-1291
-1219
-1290
-1713
-2084
-2223
-2196
-2132
-1749
-1651
-1450
-1464
-1841
-1879
-1948
-1403
-622
-325
-218
-413
-836
-773
-250
562
1338
1509
1071
748
721
1109
1954
2152
2257
1927
1464
1422
1382
1486
1696
1823
1653
1204
790
587
366
371
635
572
321
-169
-778
-979
-685
-360
-208
-456
-972
-1243
-1359
-1041
-615
-404
-464
-621
-852
-793
-633
-246
175
225
305
139
49
96
363
702
1115
1096
904
713
501
725
1090
1305
1307
971
591
409
382
721
761
565
185
-238
-436
-433
-417
-393
-611
-958
-1222
-1409
-1637
-1574
-1481
-1728
-1631
-1600
-1594
-1421
-1645
-1762
-1631
-1506
-1058
-753
-912
-882
-1022
-1005
-355
39
520
655
312
187
444
897
1537
1725
1455
1401
1224
1336
1557
1715
1832
1692
1424
1226
1224
1225
1265
1124
964
847
556
470
243
128
285
188
71
-244
-574
-532
-563
-527
-368
-469
-711
-753
-913
-821
-526
-406
-402
-501
-651
-577
-513
-352
-18
-157
-38
-48
-230
62
97
272
359
264
306
291
271
454
458
393
403
234
193
82
96
130
-50
-128
-215
-479
-643
-573
-823
-763
-837
-969
-876
-901
-771
-1008
-1227
-1241
-1071
-905
-599
-687
-869
-1130
-1126
-806
-317
32
90
-95
-392
-265
121
686
988
859
650
533
541
990
1214
1393
1349
1079
939
996
1169
1389
1374
1187
1102
917
814
942
972
902
884
618
408
247
276
319
162
126
-192
-364
-403
-381
-363
-425
-546
-721
-867
-822
-775
-757
-682
-776
-837
-945
-837
-718
-649
-500
-463
-504
-591
-508
-367
-175
-16
22
-130
-225
-113
12
297
335
285
132
10
136
202
353
472
251
-10
-31
-52
-20
139
234
125
-22
-292
-444
-530
-324
-63
-109
-208
-579
-919
-899
-582
-159
24
-106
-503
-756
-666
-219
354
460
263
-81
-306
-85
317
677
849
637
347
164
338
697
976
1104
855
507
421
479
770
1107
1118
854
508
294
355
658
871
818
471
9
-129
-21
167
292
164
-132
-426
-560
-448
-304
-270
-422
-605
-820
-898
-775
-751
-604
-693
-808
-818
-802
-715
-565
-359
-334
-387
-408
-395
-217
12
162
241
162
130
169
404
620
742
712
657
549
552
689
743
804
663
449
330
306
221
226
236
121
-78
-353
-496
-579
-555
-536
-501
-761
-1039
-1106
-1138
-834
-666
-601
-721
-936
-990
-782
-407
-140
-50
-193
-282
-272
-85
228
483
596
465
339
351
495
752
935
938
826
607
552
646
818
958
945
708
471
422
477
675
739
649
316
89
91
147
245
216
30
-248
-443
-442
-383
-376
-343
-543
-789
-843
-838
-761
-661
-563
-631
-690
-624
-556
-381
-179
-38
6
41
64
211
341
557
617
573
642
578
667
782
845
842
753
655
633
642
638
574
482
338
215
136
34
-29
-134
-210
-398
-496
-610
-762
-757
-841
-875
-996
-1102
-1178
-1216
-1173
-1083
-1072
-1111
-1081
-1016
-909
-776
-592
-631
-525
-372
-293
-94
58
160
195
259
355
442
590
726
734
733
692
729
757
818
926
845
807
677
642
659
679
726
624
508
337
247
270
237
202
109
-110
-209
-303
-292
-290
-314
-388
-467
-548
-548
-470
-415
-330
-384
-373
-349
-300
-131
-36
104
161
251
305
383
517
554
726
774
815
786
813
841
814
895
842
832
744
674
619
497
526
382
344
268
137
42
-75
-193
-292
-291
-382
-463
-569
-675
-762
-793
-815
-850
-892
-883
-948
-988
-1008
-978
-942
-928
-849
-864
-817
-764
-699
-581
-514
-418
-326
-286
-200
-53
28
129
192
221
325
339
421
469
451
467
423
428
426
394
410
334
235
186
163
112
60
30
-83
-120
-145
-185
-221
-293
-301
-328
-348
-292
-298
-310
-305
-324
-283
-228
-123
-91
-68
-42
-11
94
168
240
280
302
390
439
511
574
611
687
692
739
768
760
778
759
800
779
768
765
670
605
583
558
495
501
397
293
244
198
106
85
25
-68
-94
-181
-191
-259
-273
-297
-355
-328
-369
-416
-432
-418
-386
-383
-368
-401
-436
-394
-380
-322
-290
-326
-352
-384
-368
-347
-337
-312
-335
-384
-403
-419
-405
-383
-382
-390
-410
-444
-429
-470
-437
-401
-427
-427
-446
-464
-504
-425
-391
-404
-407
-399
-415
-404
-322
-288
-292
-212
-208
-245
-168
-113
-87
-17
89
69
95
181
207
249
344
418
440
449
486
532
550
625
655
628
614
629
599
639
662
642
607
575
569
530
541
545
500
449
393
369
358
330
334
290
280
221
178
186
172
183
160
153
131
85
92
108
94
70
79
60
59
81
67
53
32
0
8
-5
2
-7
-70
-93
-131
-151
-146
-185
-208
-251
-280
-273
-302
-342
-376
-397
-401
-419
-435
-456
-468
-511
-530
-478
-501
-492
-500
-559
-542
-534
-495
-440
-437
-484
-456
-433
-429
-369
-347
-345
-328
-288
-251
-213
-182
-178
-151
-105
-45
-16
24
55
63
63
120
181
178
222
239
241
256
275
281
314
338
333
342
332
336
319
359
338
341
345
339
347
343
350
323
333
294
306
322
321
294
324
291
253
277
261
283
301
299
275
268
253
242
240
260
224
185
168
125
71
69
42
23
-11
-67
-104
-149
-166
-171
-196
-227
-227
-268
-300
-300
-341
-355
-365
-394
-359
-370
-412
-411
-445
-451
-401
-375
-380
-405
-383
-396
-364
-302
-311
-272
-238
-232
-198
-150
-97
-76
-34
17
0
33
58
61
112
135
149
152
148
138
151
195
213
227
195
181
196
232
266
276
252
194
181
201
219
244
264
200
190
171
170
181
211
214
181
200
156
143
158
169
178
184
163
124
129
114
139
147
111
131
74
78
111
96
96
74
69
27
44
31
24
-1
-18
-18
-64
-52
-90
-118
-114
-129
-169
-186
-190
-235
-257
-259
-266
-303
-299
-326
-348
-340
-318
-324
-324
-302
-298
-270
-266
-243
-217
-190
-132
-120
-86
-44
-54
11
35
79
123
97
103
105
129
159
202
224
216
188
182
165
156
180
205
208
208
188
167
121
89
111
119
128
116
70
13
-25
-25
-32
-13
-21
-57
-61
-92
-106
-97
-100
-146
-158
-183
-157
-138
-134
-142
-191
-183
-180
-143
-80
-62
-56
-70
-87
-93
-58
7
26
67
58
34
3
4
27
19
60
64
27
-21
-26
-62
-53
0
-18
-50
-58
-105
-140
-126
-106
-137
-137
-148
-172
-150
-149
-137
-136
-110
-102
-105
-63
-67
-45
-48
-15
28
46
78
75
109
111
152
201
211
224
219
242
248
289
343
308
261
251
219
198
251
337
351
278
227
191
133
118
173
150
138
141
61
-40
-116
-92
-75
-46
-13
38
-31
-105
-124
-136
-153
-100
-83
-75
-91
-47
-33
-12
-32
-160
-191
-231
-203
-191
-107
-61
-139
-162
-145
-171
-166
-95
-45
-54
-96
-107
-129
-103
-240
-309
-106
-62
-185
-37
120
7
-225
-266
-243
-388
-249
-3
165
130
47
-158
-374
-378
-240
-118
184
239
125
-31
-132
-288
-282
-159
77
147
203
220
188
6
-38
-38
51
142
223
286
298
249
123
143
63
111
145
239
209
313
190
94
41
141
53
121
176
153
68
102
43
53
10
108
81
-9
45
50
-45
-8
30
41
45
133
41
11
66
78
8
47
78
132
60
113
106
12
-60
-16
0
-13
81
61
-5
-25
-51
-85
-65
-21
-37
-99
-102
-54
-90
-140
-105
-108
-173
-170
-156
-153
-172
-123
-159
-162
-134
-131
-153
-126
-133
-130
-129
-79
-24
-56
-59
-26
-37
-76
25
97
105
80
101
118
97
114
223
213
187
195
199
187
205
198
237
220
232
229
225
225
195
172
132
85
88
93
72
71
51
15
-15
-16
-43
-17
12
14
-54
-42
-81
-73
-103
-60
-30
23
22
-20
-62
-96
-136
-83
-50
7
96
59
16
-76
-77
-89
-59
-46
-7
-2
-25
-76
-115
-93
-147
-112
-64
-38
-71
-75
-74
-121
-168
-90
-83
-115
-86
-55
-78
-42
-34
-80
-102
-123
-138
-203
-102
-85
-115
-116
-116
-181
-234
-190
-147
-125
-132
-95
-136
-142
-138
-111
-39
-24
16
18
10
60
55
71
165
183
170
165
150
211
165
229
301
270
235
236
250
212
165
161
121
59
105
84
96
71
37
-43
-33
-59
-30
13
-10
-15
-20
8
-13
-28
-41
-16
-53
-8
3
17
36
47
-26
36
46
33
39
-4
-19
-10
37
46
23
-8
11
-27
-1
19
25
45
54
28
60
57
60
74
43
50
57
95
95
69
94
105
32
50
28
28
39
45
40
26
71
68
5
-36
-63
-107
-121
-109
-20
-41
-76
-92
-121
-199
-181
-119
-98
-101
-124
-165
-168
-173
-155
-145
-123
-58
-111
-113
-78
-107
-96
-32
-32
-62
-6
-13
27
-16
51
47
13
9
73
26
118
131
82
113
76
28
72
66
82
121
99
124
71
-10
0
-9
-10
0
19
51
75
-2
-15
-35
-101
-142
-117
-67
-60
-4
6
-55
-106
-75
-129
-94
-69
4
45
26
55
15
55
35
82
76
89
59
88
75
102
109
100
37
39
71
94
143
117
129
27
-10
12
93
14
75
23
-55
-47
33
-49
-48
-35
-99
-164
-28
-8
-59
-38
-78
-142
-213
-37
-108
-75
-61
-38
-214
-136
-59
-106
-21
59
-34
-17
-59
-115
-51
19
39
11
146
46
24
2
55
6
-14
53
-2
-72
78
-1
-137
-9
-7
-124
-101
70
29
10
86
61
-81
-141
-76
-49
134
187
188
172
19
-178
-105
-107
-102
-66
-44
-50
-133
-169
-171
-200
-268
-239
-148
38
81
-54
-34
17
-225
-97
10
74
193
211
162
94
141
201
24
-78
309
194
71
199
62
94
41
-92
121
117
4
154
-112
28
-34
-51
-31
-43
-105
-41
-98
-166
-141
34
-95
62
201
-101
184
57
-70
-36
86
247
98
26
211
62
-94
-24
152
140
74
224
-179
-49
-77
-218
-42
-51
-28
-46
-61
-36
-5
-296
6
176
-364
-48
347
-122
65
-89
-14
395
50
303
599
204
-347
53
-246
-288
323
148
105
516
-459
-6
-108
-239
-28
415
206
256
94
-81
-2
-49
-80
340
-4
349
378
-140
143
275
213
-196
110
572
-415
165
465
-102
-41
116
-75
-266
216
268
-252
167
-78
-263
-311
-210
217
166
-458
116
-19
-255
-110
9
55
201
-151
-245
285
-222
-82
-94
137
-257
17
10
105
-422
348
-96
-551
269
-68
-246
410
-158
-159
207
-220
-206
-169
-89
151
-63
-235
612
-477
-190
136
-348
-18
228
45
223
-226
-56
174
-330
-1
201
285
-23
74
-53
112
62
-603
383
23
-95
458
-58
-193
375
-466
127
-290
329
295
-456
635
-276
-404
233
184
-303
36
311
-206
-244
231
-49
-55
9
-134
-130
-219
82
-158
185
61
-405
161
-143
-95
65
-475
294
-188
-413
695
-388
-150
473
-696
-363
211
-73
-146
48
272
120
-677
-3
-116
-180
-90
289
446
-135
-268
350
-489
-133
640
-187
220
291
-292
288
-99
21
314
-241
264
89
-131
414
-413
501
207
-484
865
-474
379
168
-146
227
162
148
99
43
102
61
-12
327
-284
600
-377
643
-422
86
109
-180
515
-509
226
621
-604
262
-54
-604
900
-703
165
234
-82
-108
-219
-67
231
-563
96
-285
253
-515
385
-373
-184
-51
-462
213
-353
145
-123
-422
211
-271
-211
253
-1014
767
-882
75
286
-489
429
-105
-934
722
-781
121
350
-661
676
-497
-348
480
-642
308
252
-332
336
-526
130
358
-458
461
-93
-253
228
-101
-114
332
-46
181
-145
-126
329
44
104
1
-128
571
-187
-308
944
-210
-86
580
-702
879
-249
-161
1143
-462
-32
1007
-978
618
93
-331
533
283
-231
859
-578
368
342
-603
696
92
-564
1024
-413
-98
381
-334
325
-339
-90
537
-431
-79
561
-675
255
36
-145
-101
246
-310
91
-202
-23
293
-684
344
-103
-399
321
-361
-228
426
-402
-112
-6
-368
250
-473
-283
325
-252
-455
-27
-93
-206
-99
-217
252
-545
40
-92
-237
-84
-86
7
-344
64
155
-241
-253
334
-275
-84
141
79
-50
-99
-2
207
72
120
473
-103
-288
527
80
-104
538
421
-487
595
-174
-5
850
-488
238
617
-594
452
-49
118
363
133
-272
621
-180
-120
485
15
-408
874
-572
-13
785
-759
788
91
-220
344
-286
109
373
-391
529
-18
253
-575
364
-53
-285
193
363
-490
543
-313
-349
361
-300
-276
404
-352
-68
341
-654
204
-326
-11
-335
105
-50
-496
184
-165
-616
492
-793
231
165
-743
214
-28
-672
591
-821
290
189
-556
131
-26
-303
-14
-16
-523
452
-35
-476
113
591
-838
284
283
-549
308
-339
381
10
-211
303
310
-686
493
-235
255
-156
255
347
-187
360
156
-344
535
44
-105
644
-276
600
-70
150
460
-363
190
-62
-2
598
-255
456
128
-143
243
-475
437
226
-117
547
-210
25
734
-955
351
357
-234
289
244
-143
323
-536
275
89
-210
286
-89
81
-183
-121
-26
287
-579
324
-287
132
146
-163
-316
408
-577
-476
497
-534
283
-298
-310
131
-323
-342
293
-382
-302
142
-125
-166
-107
148
-515
-33
-173
348
-539
309
132
-342
78
121
26
-28
-344
243
128
-470
463
-58
-322
148
73
-250
266
30
-192
186
-156
85
-3
-48
26
100
-276
423
-458
664
-628
81
877
-832
344
941
-1247
959
-284
-59
694
-532
667
42
-156
73
133
37
-193
335
330
-503
730
-601
527
128
-687
1031
-543
-200
761
-669
641
-99
-159
341
-715
339
181
-285
110
199
-91
-323
-94
189
-556
225
198
-505
540
-124
-439
598
-788
206
100
-573
528
1
-346
210
-29
-317
80
-255
64
22
-58
-37
209
-444
5
6
154
-279
522
-151
29
-95
-306
114
-111
27
111
-22
-23
79
-266
63
-167
-162
22
-11
-65
172
-219
-120
-87
-392
44
-141
-1
191
-378
395
-396
-198
349
-340
-73
472
-534
248
-115
113
23
-39
70
245
-381
411
-42
35
186
-132
514
-445
358
-62
27
432
-146
167
492
-550
571
-405
268
55
-360
494
-179
-438
631
-231
-395
431
-351
306
-432
186
-5
-269
-191
231
-328
-111
-106
315
-833
631
-385
-2
15
-189
-161
471
-643
262
350
-821
574
-223
63
6
-34
-130
399
-455
316
417
-568
506
119
-301
277
285
-335
255
203
188
-482
946
-516
83
200
-274
559
-144
82
604
-681
607
-338
162
312
-438
852
-371
258
30
219
-732
822
-557
221
169
-80
232
-184
-118
23
418
-878
1329
-667
74
421
-245
94
82
-27
-22
199
-181
295
-178
91
76
98
-76
222
-76
-38
22
16
-183
15
338
-642
344
-132
-96
46
-93
-236
316
-525
150
67
-404
-99
388
-645
276
10
-457
449
-377
48
-5
54
-195
307
-460
34
85
-209
17
228
-219
74
308
-579
332
-74
-164
108
-105
142
9
-157
-83
336
-717
573
-428
92
145
-234
226
-253
71
-17
-288
204
-128
23
244
-284
554
-647
364
-79
-168
330
-129
-94
631
-920
904
-616
338
-45
-36
120
-22
-29
63
-17
-116
193
-275
272
-171
110
-263
326
-227
13
162
18
-168
566
-381
168
73
-307
403
-510
452
-43
-182
243
-205
85
245
-323
678
-374
261
218
-293
279
15
-276
439
-204
-44
440
-861
1005
-619
-17
567
-238
-207
475
-615
533
-263
-151
402
-265
5
-57
-125
252
-309
48
142
-398
223
-197
21
-29
37
-59
-258
36
-282
389
-391
-249
774
-726
-469
568
-1068
446
8
-663
449
-286
-759
684
-804
396
88
-794
712
-825
-61
481
-611
102
395
-749
578
-350
-143
446
-198
-198
515
-451
240
205
-404
256
0
50
-57
376
109
67
408
-415
329
177
-436
614
-5
79
521
-567
561
-193
-64
683
-568
603
240
-333
386
-18
-103
369
-227
134
188
1
-31
299
-159
155
288
-450
287
130
-384
341
-284
-51
324
-827
756
-590
81
197
-447
82
163
-571
293
-168
-415
481
-690
334
-175
-644
491
-416
-502
538
-487
37
-195
52
-300
-92
-363
234
-488
-10
269
-455
202
24
-335
86
-44
-462
553
-569
306
-46
-127
-28
96
-494
302
111
-115
220
127
-239
293
-51
246
-41
141
306
-166
257
388
-169
308
-65
44
515
-649
687
558
-904
626
639
-873
627
314
-505
812
-122
-379
1228
-1164
559
277
-475
153
621
-587
197
41
-108
-55
310
-233
85
104
-518
418
-195
-285
364
-165
-459
592
-653
227
-115
-323
542
-1048
1008
-523
-685
1141
-1267
199
475
-1087
1056
-823
-11
357
-926
769
-651
43
287
-570
453
-580
-91
604
-1327
1180
-628
-401
465
-364
-384
410
-330
97
18
-44
-407
253
-148
-106
56
202
-260
161
-110
-162
392
-382
244
147
-200
342
88
-354
579
-234
-58
149
287
-114
9
450
-252
143
174
8
57
517
-920
1611
-1338
486
743
-978
686
264
-496
628
-103
-212
590
-446
469
-179
132
-86
213
-236
164
-8
-54
144
-119
-137
171
-113
-158
376
-314
156
-237
191
-259
-149
398
-491
136
67
-348
256
-340
-26
294
-533
330
35
-151
242
-417
279
-342
83
-81
26
217
-124
-62
346
-894
761
-360
-93
334
-292
242
76
-389
674
-657
151
326
-527
534
-73
48
350
-246
28
184
-199
418
-408
649
-325
479
-393
275
81
-256
444
-140
220
78
72
-53
248
-253
207
39
-131
320
6
57
-129
671
-527
142
171
224
-434
386
0
-180
343
-85
-119
297
-143
-348
830
-1014
975
-604
141
417
-653
347
153
-499
439
-155
8
135
-155
360
-654
342
299
-862
973
-356
-293
678
-910
508
-82
-479
978
-876
250
514
-893
316
175
-148
-344
749
-815
794
-667
192
-115
134
-702
745
-226
-447
701
-714
22
151
-357
-56
539
-899
612
-192
-156
21
129
-457
352
-59
-187
221
-148
63
-105
212
-298
165
147
-288
4
527
-430
346
-169
36
249
-322
321
-28
217
-181
166
-31
108
-168
533
-584
606
-454
449
-296
43
37
75
204
-634
807
-529
-19
497
-747
504
181
-789
1008
-964
345
310
-699
451
193
-613
460
-105
-271
217
159
-634
417
418
-1073
1080
-469
-182
328
-173
-157
569
-677
664
-349
-186
547
-556
128
291
-564
408
-197
168
40
-359
624
-596
112
265
-268
16
127
151
-544
478
-48
-684
786
-463
-94
689
-801
398
130
-1051
988
-413
-529
837
-370
-305
407
-498
230
-128
-196
310
-2
-711
831
-622
-244
415
-196
-316
572
-660
246
-6
-306
211
59
-406
657
-752
436
-146
48
82
-440
560
-314
-244
670
-468
388
-100
-313
483
-422
-188
886
-820
344
335
-461
-25
368
-222
-464
1035
-927
575
-84
-515
864
-721
-182
857
-991
453
432
-1007
1028
-198
-640
719
-300
-253
435
-223
86
265
-337
437
-335
-1
305
-182
-61
554
-353
102
137
-9
-246
153
320
-371
295
260
-670
798
-681
374
-52
-83
453
-466
-157
765
-965
283
467
-594
578
-438
-58
560
-957
589
59
-562
676
-415
-266
753
-870
188
370
-739
572
-66
-263
236
-317
120
-120
-532
971
-688
31
447
-291
-267
365
-370
224
-178
330
-26
-314
481
-329
-33
108
69
-29
-8
120
169
-370
479
-260
203
-155
438
-260
192
314
-469
550
-150
-20
267
17
-355
811
-838
537
100
-352
446
-272
42
485
-689
276
516
-696
354
73
-33
-134
119
121
-7
-189
213
-56
-78
-57
248
164
-535
416
121
-765
811
-496
175
339
-505
421
-79
-399
318
13
-422
480
9
-401
271
-150
-165
-83
362
-662
656
-336
-283
545
-572
159
104
-297
237
-41
-325
520
-590
288
-134
3
9
-204
401
-509
202
102
-435
303
-138
24
-206
215
-111
-84
-154
267
-200
-68
229
-69
-59
-138
431
-690
470
-41
-264
191
109
-154
-33
134
-16
39
-162
400
-130
-162
375
-13
-279
78
485
-544
203
289
28
-112
80
405
-370
118
257
-324
282
115
-437
795
-734
340
358
-689
784
-305
-228
780
-721
210
470
-609
158
416
-601
345
309
-547
396
-166
264
-448
564
-301
44
273
-417
399
-105
-185
479
-285
-156
632
-435
-5
275
-40
-404
478
-323
-200
468
-567
162
104
-202
-111
126
-265
48
-277
233
-252
28
-136
59
-134
-218
243
-299
49
-58
66
-376
271
-128
-171
50
275
-667
500
-145
-293
407
-149
-237
551
-748
327
94
-619
633
-196
-225
340
-94
-126
260
-263
257
-199
158
-55
-68
340
-182
-152
692
-973
931
-280
-242
698
-505
209
122
-311
462
-55
-301
750
-463
-33
495
-468
355
-58
161
-63
112
68
-315
312
-121
-113
274
-190
249
-24
-121
246
-217
-36
153
-128
16
148
-101
-4
-129
172
-266
-176
568
-560
193
33
-61
-16
-126
212
-112
-256
417
-310
154
24
71
-159
52
-198
632
-1004
736
289
-951
857
-203
-523
775
-623
126
423
-558
470
-180
-55
89
-110
-260
306
-59
-187
107
322
-452
237
0
55
-199
199
32
-343
652
-684
401
85
-610
609
-201
-443
772
-729
247
144
-258
91
-34
-69
154
-391
335
-130
-290
370
-374
60
156
-304
100
-120
-210
330
-478
130
279
-507
133
55
-344
154
-212
170
-98
-119
131
-235
146
-391
141
-69
-103
-54
27
-100
38
-216
-25
98
-304
53
75
-223
108
-45
-121
136
-332
324
-224
-136
371
-435
188
102
-286
487
-429
268
61
-195
387
-363
419
-188
-42
-61
251
-314
201
-35
40
-52
-27
71
-64
253
-242
258
-135
232
-234
106
119
17
-29
153
-64
107
36
-236
427
-197
49
131
-139
284
-321
49
232
-328
144
164
-204
197
1
-15
2
56
-98
6
70
-27
-1
250
-279
48
150
18
-111
85
348
-425
227
25
-18
122
-224
464
-231
-123
420
-242
-194
467
-265
246
-9
-104
459
-429
172
301
-252
117
128
68
-105
103
226
-83
17
108
169
-125
2
271
75
-280
377
249
-431
394
287
-491
522
-29
-217
329
-38
-95
264
-146
177
-100
42
192
-290
251
-3
-25
26
-173
315
-468
156
299
-543
454
-79
-275
310
-274
55
89
-291
166
-49
-245
105
36
-154
-33
214
-368
195
-20
-383
463
-453
116
81
-335
187
-101
-133
71
-223
221
-215
25
117
-75
-1
-34
82
-110
11
-9
95
-83
19
241
-262
266
0
-79
68
163
-113
182
-89
168
-46
-141
343
-42
-156
392
-27
-166
453
-257
134
151
-82
168
109
-153
334
-95
30
190
-86
152
16
-45
117
81
-144
199
-2
-125
121
40
-151
231
-52
-55
141
-79
60
-13
-154
340
-288
-80
365
-438
181
200
-458
425
-219
-30
25
-82
-53
-17
-126
61
-194
17
-93
-57
-3
-98
-84
10
-43
-176
44
-42
-102
-4
-161
196
-228
19
0
21
-100
15
75
-86
-9
138
-249
95
-37
-135
36
-15
-91
126
-108
-51
115
-165
49
172
-185
-1
153
-271
228
-195
172
-154
144
-70
-145
171
-18
-82
133
-89
-42
37
-120
-233
499
-350
-158
546
-696
247
213
-502
440
-135
-263
348
-343
33
139
-202
-35
22
9
-254
156
0
-265
134
220
-576
354
-107
-216
155
-139
13
38
-279
105
-105
118
-144
80
106
-299
145
28
-264
307
-151
-104
183
-188
-37
62
-47
-37
-46
67
-162
183
-307
239
-102
-30
-138
352
-433
162
223
-301
252
-81
95
8
-9
-43
261
-220
170
84
-31
-73
176
0
-135
225
-115
124
-86
100
55
-57
47
-41
37
-51
99
109
-123
158
-65
-20
174
-186
114
149
-78
25
73
37
-88
-17
199
-255
82
153
-239
88
85
-77
-144
141
-105
-59
51
57
-124
66
3
0
-172
176
44
-261
184
82
-164
195
-198
112
114
-220
43
74
-7
-134
99
41
15
-185
111
6
-276
117
212
-411
93
322
-589
208
67
-174
-41
-2
141
-292
107
84
-248
177
-97
-78
122
-131
129
-247
153
66
-265
109
163
-163
6
36
-32
-77
-46
113
-101
33
55
-55
-92
200
-112
-76
282
-196
95
153
-190
251
-232
46
142
-209
48
78
-109
120
-80
-17
180
-229
147
-29
34
-67
66
-87
60
-20
42
22
11
49
-137
58
104
-36
120
-57
82
114
-289
185
162
-302
202
-34
12
132
-105
91
32
-33
-26
-18
116
-72
82
-137
112
7
-188
102
53
-51
70
-76
41
11
-126
133
-113
-33
120
-207
52
-62
-25
-16
-75
112
-88
-12
-18
87
-204
31
127
-254
-22
257
-230
93
60
-55
-41
-11
68
-98
52
-8
49
-90
-48
129
-34
-218
203
-141
-7
57
-42
9
86
-94
-16
128
-130
-60
162
-122
28
160
-72
45
-1
37
3
44
-29
131
52
-154
137
107
-241
237
-66
-74
184
-163
123
18
-146
155
19
-112
-23
123
-102
-139
226
-144
-86
137
-117
140
-120
-42
268
-312
41
245
-277
64
179
-162
118
41
-169
248
-228
21
188
-143
75
6
-19
-25
-1
42
-105
89
49
-113
40
58
-129
137
-105
1
169
-230
160
-168
99
-26
-91
220
-206
11
204
-271
104
73
-90
18
-27
60
-95
56
-75
50
-49
-4
91
-130
107
-53
33
-16
-67
88
-114
69
63
-142
166
17
-236
324
-152
-75
223
-106
28
72
51
-132
90
64
-143
30
186
-4
-73
97
90
-92
-15
23
72
43
-4
61
64
-38
30
-22
-34
208
-141
-41
228
-232
108
-11
-93
138
-174
97
-80
-42
73
-77
-20
202
-238
78
43
-104
11
-7
-100
161
-132
31
102
-15
103
-107
34
69
-50
-93
206
-57
-18
81
7
-37
25
-107
88
16
-10
83
12
-51
68
-144
-21
71
-159
167
-208
121
74
-186
41
77
-122
-31
18
-35
118
-121
66
14
-103
66
-83
-38
131
-53
-23
-20
79
-78
-183
162
9
-221
46
104
-251
121
-116
-12
66
-166
11
95
-136
-47
85
-99
-10
-25
20
-5
-60
133
-16
-83
78
22
-105
-29
275
-100
-64
119
-10
-122
76
97
-101
72
76
-68
-15
30
21
-88
21
89
-77
36
13
14
-97
47
79
-115
59
98
-28
55
-56
14
26
-56
10
69
85
-64
36
4
3
18
103
-25
87
57
-71
-63
98
14
-42
34
94
-48
-46
90
-49
-6
112
-57
-44
129
-101
-18
59
-6
-48
-20
136
-60
-38
118
44
-160
106
71
-125
53
60
-46
-43
89
-12
-102
61
6
-45
-70
93
-41
-78
34
-73
8
-65
-39
67
-24
-41
26
0
19
-21
3
40
56
-92
77
-56
-40
103
-72
-59
196
-73
-66
135
-23
-35
69
7
-32
110
9
35
-25
64
59
-61
46
170
-19
36
122
60
9
-53
174
-66
-13
134
-29
-14
55
0
-6
0
-23
21
-7
-11
4
54
-79
44
-52
-39
50
-59
-37
74
-17
22
-22
-22
6
-86
-14
-85
54
-41
-62
-10
-54
-104
-17
-79
-1
-4
-41
-58
-38
46
-62
-111
50
24
-131
-60
14
77
-113
-29
101
-58
-58
70
-19
-37
55
-3
-61
65
94
-91
-8
105
-44
-63
95
83
21
38
140
-16
3
113
-12
20
108
120
-15
66
122
28
-131
150
54
-134
85
83
-42
-64
-10
25
-44
-84
48
36
-61
-38
74
-88
-10
10
-74
-63
45
-61
-55
-39
29
-45
-159
-10
72
-156
-65
91
-127
-75
-41
-230
49
-15
-185
61
-47
-104
-68
-129
43
-39
-85
62
-61
9
-5
-89
50
-36
-18
29
-31
63
5
-79
53
-33
-6
31
23
12
27
29
-51
41
63
11
-32
88
20
-46
27
35
51
16
10
123
-2
-2
98
24
40
71
115
29
7
93
-1
-37
95
36
-12
9
72
-66
5
5
23
-36
-50
74
-54
-19
-10
8
-35
-53
-10
52
-95
-37
154
-96
-73
121
-85
-68
-26
26
-83
-100
153
-108
-73
77
-41
-132
-14
32
-70
-44
67
-57
-3
-128
57
-1
-126
90
37
-64
79
-3
-13
-4
45
24
-71
49
74
-63
54
60
38
21
4
78
-13
48
56
81
3
16
103
-16
55
83
-13
54
19
34
38
38
80
22
27
10
61
-12
7
35
61
26
1
64
13
5
-13
18
15
-41
19
22
-66
-11
49
-105
-37
50
-74
-53
34
0
-59
-34
56
-65
-83
-22
52
-88
-70
89
-37
-124
31
-6
-107
-7
17
-15
-83
68
-22
-93
9
-6
-17
-38
20
42
-120
-32
29
-152
-68
2
-37
-108
-23
14
-115
-68
-14
-49
-41
-43
37
-1
-52
29
-2
-86
-8
42
-40
8
75
22
-39
39
30
-32
-9
66
13
22
16
47
-17
-1
6
3
34
-9
44
-1
14
52
-19
24
86
-31
-11
64
13
12
70
52
36
64
-38
-24
120
-88
73
89
14
42
33
-11
5
43
-23
58
13
12
59
-17
-16
87
-50
-5
95
0
-13
69
71
-4
27
70
36
-9
45
71
-25
15
40
14
-44
48
28
-63
35
25
-60
3
63
-36
-46
34
11
-48
-7
61
-7
-27
17
-6
-49
12
20
-70
35
25
-79
-22
63
-29
-89
59
-10
-81
18
-22
-28
-33
-50
-13
-68
-23
-23
-47
-33
-9
-50
-51
-2
-34
-53
-37
27
-70
-54
5
-58
-80
4
-26
-44
24
-26
-33
4
-29
-36
-25
23
-18
-11
3
18
-3
-22
30
4
32
5
32
-7
37
-21
-18
36
-2
22
-14
30
29
-50
40
-5
13
30
15
27
14
19
-7
9
13
8
31
25
14
30
-18
5
15
18
1
19
7
16
-10
3
44
1
-8
41
28
-16
52
-19
15
-16
-36
12
-27
9
-5
-24
22
-16
8
5
46
23
-16
30
12
-13
13
11
40
13
-13
29
9
1
35
18
37
48
7
38
1
54
15
20
74
-3
55
15
4
31
-1
9
11
6
6
20
18
-4
-2
7
-25
-13
-10
-7
-5
-19
-16
-29
-29
-31
-34
-23
-1
-46
-33
16
-37
-56
-20
1
-42
-24
12
-12
-20
-16
-15
-25
-17
-3
5
-4
0
-1
-6
-35
-5
4
-34
-2
7
-48
-23
-12
-59
-11
-25
-24
-19
-52
-15
-33
-15
9
-12
-4
11
-10
-32
19
-6
-13
14
5
22
-15
16
19
-12
16
-27
18
2
-27
7
20
1
-22
35
18
-39
27
-21
-8
2
0
5
-11
29
-25
-22
-1
-21
-11
-26
19
4
-20
4
-12
-25
-22
9
-31
-7
10
-22
5
-14
-2
-35
-23
11
-22
-6
21
10
-25
15
1
-10
-1
9
20
-3
30
4
4
-5
-15
17
-16
15
21
-8
33
11
-10
13
-7
1
-5
-4
8
2
4
9
-6
26
8
2
53
24
25
27
22
19
3
16
11
20
12
10
4
18
-1
-24
15
3
-11
17
-17
0
-1
-18
-8
3
-11
-26
-18
-15
-13
-1
-35
7
11
-33
-13
-13
-31
-32
-22
-14
-18
-28
-26
-39
-52
-48
-36
-25
-31
-9
-12
-14
-33
-39
-32
-19
-3
-11
43
-18
4
13
-33
7
21
26
7
14
23
-9
-14
14
3
-13
13
29
-16
28
20
-1
12
1
16
-6
23
30
5
-1
28
24
3
24
38
24
28
39
-2
26
24
9
31
32
11
11
21
18
9
15
20
2
23
5
35
13
33
19
-6
18
10
-14
27
23
-11
15
-11
-8
-1
5
8
19
1
-6
-3
-27
-3
-13
-28
18
-9
-17
-9
-10
-22
-33
-4
-26
-20
13
-20
13
1
2
-8
-15
-8
-4
-7
10
-2
-14
13
-34
13
-8
-15
-7
11
-9
-32
47
-26
5
23
-4
-20
21
0
-28
35
13
-1
12
-1
4
15
-7
19
40
11
17
30
-19
16
18
-27
10
31
-13
-1
19
-6
-17
-9
-13
-10
-9
3
16
21
9
6
7
-14
-6
-1
0
14
15
-2
13
-23
-11
-17
-16
4
-13
0
5
0
-14
-10
-24
-12
-16
-33
10
1
-33
-5
-11
-33
-21
-16
9
-3
14
-4
1
-11
-11
-3
-3
13
-11
5
-10
-5
-8
-10
2
21
-10
1
22
-4
-1
1
31
2
4
44
6
18
23
14
7
8
17
11
35
19
18
21
5
-5
2
2
-1
12
-9
9
14
-16
-4
4
-14
-10
-3
-5
14
7
2
25
-10
10
-1
7
22
7
7
2
8
-12
-25
-5
-3
-7
-7
8
-11
-13
-19
-18
6
-13
0
3
2
-15
-10
-11
-25
9
-20
5
-3
5
-14
-18
4
-18
2
2
13
10
2
-11
-7
-9
-26
-6
9
-6
17
4
7
10
-10
4
3
20
6
32
30
12
25
9
-4
16
0
-14
16
2
18
7
-6
9
0
-16
-3
9
-24
10
0
-6
4
4
-11
-4
-1
-18
-12
-14
0
-8
-3
14
13
-7
0
-1
-20
0
-6
-5
11
10
2
-12
7
-20
-23
-5
