SAMPLES:	11828
BITSPERSAMPLE:	16
CHANNELS:	1
SAMPLERATE:	16000
NORMALIZED:	FALSE
14
16
18
21
22
24
26
26
27
27
28
27
27
25
23
21
17
16
13
9
7
3
-1
-5
-9
-12
-15
-17
-18
-21
-23
-24
-25
-25
-25
-25
-24
-21
-20
-18
-16
-14
-13
-11
-9
-6
-3
-3
-1
0
1
2
2
3
3
3
5
6
6
6
5
5
7
8
9
10
10
12
14
14
15
17
16
17
17
17
13
14
13
10
8
6
4
2
1
-3
-6
-7
-9
-10
-11
-11
-14
-16
-17
-16
-17
-16
-16
-15
-12
-11
-10
-8
-8
-6
-5
-4
-2
-2
0
1
0
1
1
1
1
0
-1
-1
-1
-2
-3
-4
-3
-3
-2
0
2
6
8
10
12
13
16
15
18
19
21
22
21
20
19
15
12
9
3
2
-3
-6
-9
-12
-14
-19
-20
-23
-24
-24
-24
-24
-24
-24
-24
-23
-23
-19
-16
-13
-12
-10
-6
-4
-2
0
3
8
10
11
13
13
14
16
17
18
20
20
19
17
15
14
15
14
15
15
16
14
12
10
8
5
4
3
3
2
-1
-3
-7
-9
-12
-14
-16
-18
-18
-21
-25
-29
-32
-33
-34
-33
-31
-28
-26
-24
-23
-21
-16
-13
-8
-2
3
7
11
16
18
22
24
27
29
31
32
30
30
27
26
25
24
22
21
19
16
11
7
4
0
-1
-2
-5
-6
-7
-9
-12
-14
-15
-17
-17
-19
-19
-18
-23
-25
-25
-27
-25
-26
-21
-20
-17
-15
-13
-10
-8
-4
2
8
13
17
21
24
25
27
30
32
32
33
36
37
34
30
25
24
23
19
17
16
12
5
0
-4
-7
-10
-12
-14
-11
-15
-17
-18
-19
-19
-19
-14
-14
-14
-15
-19
-16
-16
-15
-12
-8
-4
-5
0
1
1
2
1
4
3
4
4
8
8
3
5
9
10
9
14
20
18
19
20
21
19
13
15
15
17
9
9
7
-2
-4
-3
-6
-9
-11
-7
-5
-9
-14
-13
-16
-19
-16
-13
-12
-15
-15
-12
-12
-17
-13
-7
-3
3
7
8
4
3
2
5
6
2
2
2
-6
-11
-7
-8
-8
-2
-2
3
5
0
1
2
2
0
1
3
0
1
-4
-2
0
-3
0
1
7
4
9
4
5
4
-2
-1
0
4
4
0
-3
-1
1
-1
-1
-1
-2
-6
-8
-5
-9
-17
-20
-17
-18
-27
-27
-24
-24
-23
-23
-16
-13
-17
-13
0
4
3
7
11
14
12
9
11
14
16
13
18
22
18
16
22
24
22
22
20
19
13
5
-1
-5
-13
-19
-15
-16
-20
-21
-10
-14
-21
-18
-15
-9
-12
-12
-10
-12
-20
-24
-17
-11
-15
-11
7
10
3
8
14
18
23
27
37
43
36
31
38
35
20
22
29
27
21
18
14
7
0
-4
-4
-1
-7
-13
-14
-14
-24
-35
-39
-40
-36
-27
-28
-38
-34
-28
-24
-10
-4
-3
5
8
-1
7
10
1
9
28
12
10
16
3
13
29
26
23
29
21
15
30
7
8
26
19
8
2
6
2
-5
6
20
12
-13
-17
-4
-5
-21
-33
-14
-18
-31
-17
-2
-17
-37
-15
22
20
6
3
26
44
35
20
41
28
-5
21
45
43
15
8
27
33
35
15
13
22
-8
1
15
-6
-41
-64
-69
-57
-66
-93
-102
-86
-61
-69
-65
-58
-52
-48
-36
-7
-19
-29
-33
-28
-35
-20
-21
-31
-9
-25
-26
6
34
11
35
59
28
63
59
32
44
46
10
21
30
4
-25
-24
-5
-2
1
-18
11
50
5
-13
40
40
27
50
60
46
4
-12
-15
-13
-14
-1
41
40
6
17
50
58
78
77
82
99
93
89
101
72
40
23
49
57
12
13
37
46
60
58
45
54
45
-6
-3
20
9
5
10
-6
-12
-53
-65
-37
-46
-59
-52
-9
-9
-34
-28
-21
-34
-31
-31
-42
-12
-4
-50
-51
-30
-82
-85
-76
-123
-116
-156
-120
-97
-87
-87
-84
-58
-100
-86
-76
-69
-30
-72
-37
-58
-57
-49
-64
-62
-69
-50
-37
-13
24
9
31
46
44
28
9
9
-16
38
17
-5
26
9
-21
-27
27
31
12
38
52
97
99
107
105
100
63
47
81
76
56
79
56
35
53
30
23
13
0
53
47
60
27
17
73
42
52
54
63
30
20
64
43
60
100
44
42
57
28
41
68
62
37
15
-3
10
31
-15
-23
-26
-15
-44
-41
-60
-80
-43
-25
-4
-60
-51
-27
-45
12
-1
-82
-47
-13
-24
-18
-57
-77
-126
-99
-98
-87
-103
-158
-99
-109
-95
-117
-120
-116
-154
-106
-80
-47
-19
-7
25
30
32
30
97
103
64
84
88
114
103
76
58
19
24
59
69
75
68
50
41
40
4
34
56
25
5
-19
-1
26
63
74
79
95
72
83
102
141
126
65
94
86
57
67
61
36
23
22
16
38
8
-7
-40
-45
-31
-47
-49
-57
-71
12
32
1
-26
-44
0
5
2
-56
-38
-30
-60
-98
-124
-122
-155
-122
-130
-141
-123
-134
-175
-188
-172
-161
-140
-133
-137
-147
-114
-154
-120
-93
-41
37
-10
0
15
61
87
68
105
87
88
128
95
83
103
97
63
14
-1
3
-2
11
-2
-27
-21
12
-12
1
56
58
17
4
88
76
87
137
118
131
126
121
120
154
184
178
161
138
131
109
109
71
6
47
55
-3
-23
-70
-61
-53
-96
-76
-80
-47
-71
4
31
13
-7
-41
-25
-15
29
25
-10
6
-1
23
33
-18
-24
28
75
67
40
-8
0
-37
-57
-60
-85
-113
-122
-101
-114
-170
-219
-183
-146
-74
-98
-103
-63
-56
-46
-60
-32
-75
-83
-90
-102
-85
-136
-109
-54
-62
-85
-77
-71
-78
13
76
76
51
64
77
47
69
21
-2
38
14
62
42
22
17
36
65
64
91
106
86
104
102
35
-16
-25
-1
8
25
42
10
-6
-23
8
18
-11
-18
3
56
76
73
2
-2
23
51
49
34
11
-3
41
84
46
-12
-12
23
87
106
88
30
19
39
69
79
56
55
59
111
98
51
109
86
69
100
120
121
89
97
90
63
47
11
-2
-62
-102
-77
-82
-130
-142
-135
-141
-136
-123
-102
-93
-84
-84
-32
-8
-37
-38
-5
31
21
9
-29
-19
42
35
40
14
43
24
-12
-8
24
24
-25
-65
-42
-2
-18
-40
-83
-74
-60
-46
-13
4
-23
-96
-52
-61
-109
-83
-77
-56
-54
-2
-11
-33
-24
-20
3
-18
-17
-60
-53
-55
-71
-45
-3
-6
-67
-100
-27
-1
0
49
24
-49
-61
-36
-25
10
3
-35
-30
-2
23
26
9
42
48
64
65
50
42
-11
-21
-65
-81
-62
-50
-31
-7
9
-47
-55
-31
-64
-44
-44
-29
25
7
-6
-26
-28
-6
33
40
67
69
79
90
64
63
28
49
1
7
28
22
44
56
18
23
32
2
-7
25
51
14
38
48
55
101
117
134
158
145
91
141
146
103
82
47
63
78
50
19
27
12
11
-8
11
-3
-30
8
16
4
26
23
34
0
-6
9
-36
37
61
17
15
5
1
10
44
2
-2
-7
-54
-36
3
-28
-75
-46
-43
-73
-79
-46
-7
-8
-23
27
-1
-26
-33
-61
-9
-6
-5
17
-44
-13
-38
-67
-50
-70
-15
-17
1
-47
-99
-79
-83
-77
-62
-68
-39
-33
-45
-35
-23
-21
-44
-9
37
28
14
23
13
-34
-38
-33
-10
27
11
23
-5
-5
-32
-62
18
14
47
34
-17
-23
1
27
56
53
53
51
55
50
22
5
11
13
-9
3
12
19
-1
-31
-74
-31
-22
-3
11
-15
3
-52
-58
3
10
10
39
22
-7
8
29
-2
4
10
6
47
38
-17
-29
-1
40
18
35
56
58
89
85
95
49
2
-19
21
5
5
-6
-35
-37
-80
-87
-63
-36
-30
-48
-32
-19
-57
-48
-62
-24
17
-21
-33
-12
6
-9
-17
42
27
27
40
11
49
40
5
11
-11
-7
-3
-33
-8
-27
-54
-64
-23
-7
-63
-20
42
62
21
-3
27
36
-28
-66
26
1
-33
-29
-48
-11
-37
-41
-44
4
-12
-64
19
74
39
-24
11
28
28
75
34
30
20
44
94
58
67
75
42
65
71
63
81
85
56
-13
-29
-50
-13
6
1
25
-31
-12
48
31
5
-23
-12
-23
-49
-1
15
-39
-117
-149
-98
-68
-87
-86
-71
-92
-80
-79
-71
-64
-88
-69
-15
1
-15
37
8
7
-20
-33
-16
-23
30
49
26
9
-30
-43
-33
18
37
65
104
54
63
30
-2
1
-18
6
4
-25
14
36
-23
-34
-41
-30
29
18
7
22
6
28
4
-60
-68
-51
-18
-7
15
0
-32
-27
24
23
34
63
30
30
25
15
33
45
69
66
56
72
81
120
59
83
63
65
87
76
106
60
56
97
75
87
40
30
37
62
96
44
37
55
50
27
45
4
-37
-29
-9
2
36
-7
-19
-83
-122
-100
-96
-52
-48
10
-22
-62
-65
-109
-83
-83
-42
-39
-70
-72
-85
-45
-64
-84
-101
-105
-64
-39
-19
10
-35
-58
-65
-71
-44
-36
2
54
57
5
-16
-51
-32
-37
-66
-39
-37
-60
-100
-80
-56
-40
-11
41
66
31
31
30
38
33
-9
-16
-41
15
18
1
43
-11
-5
-6
45
28
13
73
78
78
71
20
6
24
15
45
56
55
65
80
40
56
53
1
39
75
64
44
73
35
18
45
38
-19
-23
39
21
12
6
15
27
-8
-51
-55
-33
-10
12
17
38
28
24
16
10
9
-29
9
-13
14
-22
-30
-15
-24
1
-7
-7
-36
9
-9
-29
-49
-32
-19
-25
-5
0
-16
-37
7
27
-14
-54
-35
-3
-14
-16
-23
13
-40
-106
-78
-62
-33
-57
-44
-40
-71
-60
-54
-33
-55
5
-9
-16
-18
-25
12
-5
13
-24
21
36
-20
-19
-10
5
22
63
45
75
70
59
85
74
113
101
115
129
60
48
29
59
32
13
30
-17
-18
-10
-7
-35
-27
-49
-60
-37
-38
-15
-49
-87
-95
-94
-91
-90
-74
-103
-143
-164
-154
-113
-112
-110
-98
-72
-29
-55
-73
-58
-77
-36
-23
25
6
-19
-37
-23
33
33
47
10
66
43
25
53
55
61
21
54
135
104
69
69
81
103
59
107
136
87
84
90
121
74
48
53
59
104
82
55
33
31
-10
26
62
62
27
-27
13
0
-65
-35
12
10
-4
-44
25
38
15
11
23
55
52
60
54
56
47
35
49
62
82
60
87
106
57
16
-17
49
77
55
22
34
8
0
17
13
30
29
78
84
71
46
58
37
32
43
14
28
-17
-37
-77
-92
-85
-100
-76
-97
-86
-122
-138
-112
-177
-135
-115
-99
-124
-153
-128
-131
-106
-135
-96
-96
-55
-48
-94
-90
-47
-63
-122
-81
-106
-99
-69
-28
-13
-67
-68
-40
-26
-47
-39
-36
-20
7
-17
-19
-10
-8
-12
10
15
35
13
-28
-12
-18
-11
-2
0
-4
-9
18
-5
-18
-25
-25
-22
41
82
74
97
51
87
86
55
46
56
70
34
53
40
39
23
31
55
37
29
-11
5
29
36
29
-29
-4
-7
-15
-42
-18
15
-22
6
29
88
52
31
60
34
53
81
109
98
78
59
48
79
48
54
65
55
39
49
77
37
4
-17
3
6
25
34
-4
0
-14
-26
29
48
13
40
43
21
13
31
17
-20
-16
9
-2
-10
-11
-42
-21
2
-7
-41
-9
18
5
14
37
45
52
96
76
65
38
51
85
57
60
62
66
47
29
-13
-28
-31
-20
-14
-23
-43
-75
-87
-118
-97
-106
-148
-120
-97
-95
-119
-157
-174
-160
-168
-122
-76
-127
-100
-62
-87
-111
-109
-95
-64
-55
-84
-75
-66
-78
-77
-91
-94
-110
-85
-69
-76
-36
-26
-19
-6
-7
-30
-3
26
26
49
69
51
18
36
58
70
80
83
132
126
104
123
105
95
90
87
104
130
119
94
111
89
108
101
88
133
107
105
125
112
112
103
81
75
79
82
69
54
55
24
-24
-16
18
14
-1
5
45
17
-19
-30
-27
19
46
51
30
37
29
13
31
34
26
21
2
13
17
6
-13
-32
-32
-41
-32
-73
-78
-48
-63
-66
-75
-130
-135
-130
-146
-134
-132
-124
-165
-186
-173
-158
-192
-210
-168
-174
-158
-156
-171
-205
-206
-171
-152
-152
-128
-128
-144
-128
-123
-97
-91
-87
-62
-66
-80
-69
-66
-40
-41
-57
-34
-29
20
26
53
93
61
60
73
116
144
142
116
145
154
131
157
135
117
126
167
183
187
196
204
207
209
195
197
205
249
225
213
245
238
213
182
200
185
172
133
144
145
127
126
103
131
111
95
81
77
77
77
87
96
66
46
55
25
6
-50
-63
-59
-88
-85
-129
-151
-178
-191
-139
-155
-187
-187
-165
-159
-153
-194
-208
-205
-209
-209
-210
-266
-334
-318
-359
-403
-413
-470
-448
-416
-425
-448
-499
-505
-492
-452
-467
-414
-436
-453
-363
-356
-345
-359
-376
-366
-297
-236
-184
-117
-111
-10
93
168
326
418
511
619
706
775
847
873
808
792
737
688
627
541
504
437
361
316
269
263
296
296
273
278
292
320
287
286
305
333
376
437
498
510
520
528
544
580
569
559
571
543
472
396
324
252
187
87
57
55
2
-62
-107
-124
-169
-168
-154
-182
-179
-174
-193
-156
-129
-144
-129
-118
-139
-133
-139
-174
-197
-191
-228
-248
-289
-369
-411
-473
-524
-585
-619
-671
-731
-782
-835
-892
-925
-900
-899
-872
-880
-901
-895
-902
-827
-841
-834
-812
-836
-867
-816
-787
-748
-626
-501
-261
-99
101
319
534
718
925
1104
1183
1251
1209
1127
1032
887
730
542
429
278
164
115
68
49
7
18
44
43
64
62
21
17
4
-1
5
17
50
137
196
256
317
409
529
612
654
694
732
739
732
689
594
513
437
357
303
213
136
94
59
36
30
40
58
94
109
132
164
166
189
227
235
206
214
215
219
206
202
195
136
87
37
-8
-33
-87
-181
-225
-298
-386
-461
-507
-563
-587
-590
-600
-594
-643
-641
-641
-668
-682
-678
-683
-695
-674
-667
-671
-692
-724
-723
-699
-718
-706
-701
-725
-767
-747
-791
-789
-766
-781
-745
-762
-762
-740
-727
-659
-560
-413
-200
46
248
402
602
763
937
1081
1160
1181
1160
1051
901
744
533
385
198
59
11
-92
-131
-155
-174
-170
-142
-107
-89
-63
-64
-26
1
-11
48
118
218
326
450
594
761
909
1007
1148
1224
1240
1218
1213
1187
1057
936
795
616
477
329
250
167
131
87
73
101
113
189
200
241
238
221
213
201
183
136
111
46
51
76
57
50
63
81
69
47
18
-27
-61
-97
-139
-197
-249
-288
-319
-347
-376
-386
-400
-415
-471
-516
-523
-558
-559
-594
-655
-697
-741
-743
-785
-814
-832
-843
-837
-871
-918
-947
-953
-949
-962
-990
-964
-987
-951
-923
-958
-952
-949
-913
-824
-721
-631
-468
-240
36
275
498
751
1009
1202
1322
1400
1344
1256
1107
905
743
538
330
178
27
-73
-94
-90
-74
-41
-25
49
109
69
78
93
128
157
172
244
325
421
528
695
848
992
1174
1280
1408
1487
1508
1476
1350
1250
1091
880
681
484
306
146
32
-82
-138
-120
-104
-25
43
154
271
336
345
327
313
274
241
200
170
136
63
68
54
23
23
7
-7
-47
-106
-190
-261
-362
-463
-527
-617
-673
-716
-757
-759
-792
-817
-819
-839
-857
-887
-905
-935
-961
-991
-998
-996
-1002
-996
-1008
-1014
-1009
-1019
-1058
-1116
-1111
-1136
-1156
-1196
-1198
-1168
-1133
-1089
-1052
-983
-945
-797
-698
-563
-357
-95
253
606
912
1140
1401
1665
1875
1985
1965
1865
1679
1406
1097
771
433
134
-133
-344
-411
-470
-502
-488
-451
-358
-262
-180
-138
-79
-49
13
112
207
335
474
659
843
1089
1342
1542
1681
1794
1849
1872
1816
1661
1435
1184
936
595
277
-33
-311
-466
-597
-632
-615
-514
-375
-193
23
213
418
555
660
693
694
630
527
387
253
168
76
40
-18
-86
-81
-86
-115
-144
-220
-340
-416
-506
-626
-698
-786
-840
-873
-872
-813
-787
-763
-693
-614
-553
-519
-511
-521
-535
-546
-587
-617
-654
-732
-805
-889
-982
-1042
-1130
-1227
-1333
-1415
-1461
-1465
-1466
-1420
-1374
-1280
-1196
-1061
-925
-801
-589
-341
-1
367
720
1106
1346
1601
1886
2079
2191
2147
1988
1700
1374
933
532
132
-260
-554
-793
-882
-892
-893
-821
-705
-592
-473
-327
-225
-148
-60
-16
105
253
429
662
908
1189
1464
1755
2005
2191
2263
2272
2209
2048
1805
1456
1101
737
351
-1
-339
-601
-739
-782
-722
-578
-418
-197
76
351
616
814
960
1065
1129
1080
1010
847
676
512
347
222
109
33
-47
-133
-232
-302
-358
-438
-547
-641
-740
-822
-887
-974
-1029
-1031
-995
-945
-892
-820
-756
-672
-630
-602
-574
-610
-636
-673
-714
-784
-861
-982
-1124
-1235
-1394
-1502
-1579
-1661
-1732
-1806
-1809
-1802
-1767
-1642
-1505
-1345
-1150
-948
-669
-391
-99
280
743
1178
1601
1850
2108
2409
2545
2554
2372
2024
1634
1190
666
211
-289
-737
-1052
-1276
-1319
-1262
-1204
-1090
-932
-785
-615
-483
-409
-307
-208
-91
122
328
563
890
1215
1581
1939
2204
2400
2484
2430
2314
2126
1800
1415
942
477
98
-277
-558
-738
-884
-942
-838
-645
-401
-157
113
398
705
974
1174
1306
1332
1347
1284
1208
1065
859
633
472
295
135
-21
-216
-339
-451
-548
-636
-727
-825
-929
-1010
-1055
-1093
-1115
-1093
-1037
-1002
-940
-821
-708
-626
-555
-486
-433
-412
-452
-486
-569
-691
-842
-1065
-1262
-1448
-1616
-1761
-1878
-1973
-2045
-2028
-1992
-1901
-1775
-1667
-1470
-1319
-1161
-947
-705
-458
-143
173
663
1208
1712
2098
2354
2613
2825
2937
2755
2415
1932
1430
791
189
-366
-857
-1239
-1475
-1570
-1487
-1346
-1187
-1014
-809
-582
-340
-175
-106
23
133
353
612
894
1206
1540
1914
2268
2555
2725
2748
2643
2403
2103
1704
1227
698
188
-219
-519
-710
-850
-878
-811
-656
-363
-61
233
503
733
1024
1297
1498
1601
1610
1580
1540
1467
1340
1137
829
566
300
56
-155
-405
-617
-777
-891
-991
-1070
-1143
-1201
-1210
-1208
-1155
-1131
-1109
-1021
-923
-781
-634
-529
-402
-303
-228
-169
-164
-233
-330
-504
-715
-963
-1238
-1528
-1779
-2014
-2169
-2314
-2361
-2364
-2294
-2119
-1979
-1726
-1553
-1339
-1167
-952
-774
-521
-271
46
488
1037
1598
2114
2406
2707
2978
3122
3113
2749
2213
1598
905
185
-414
-1022
-1468
-1713
-1833
-1717
-1519
-1280
-1039
-851
-600
-348
-166
-98
-40
34
212
518
795
1149
1527
1876
2260
2546
2695
2677
2458
2140
1752
1279
748
196
-328
-659
-861
-976
-967
-862
-643
-363
-60
287
612
864
1056
1222
1398
1540
1669
1726
1691
1590
1485
1299
1077
814
491
170
-126
-393
-638
-859
-1059
-1130
-1197
-1171
-1129
-1137
-1070
-1021
-999
-969
-934
-903
-831
-745
-616
-458
-332
-160
-43
26
53
-21
-173
-416
-722
-1102
-1527
-1883
-2264
-2515
-2747
-2851
-2802
-2701
-2499
-2243
-1973
-1701
-1429
-1194
-1009
-846
-707
-509
-275
-10
492
1020
1643
2127
2458
2690
2988
3065
2935
2462
1820
1136
397
-316
-959
-1489
-1837
-1932
-1904
-1609
-1218
-906
-648
-429
-215
15
104
77
75
128
325
663
978
1388
1810
2180
2535
2737
2740
2539
2121
1599
1067
481
-103
-616
-994
-1133
-1078
-946
-668
-308
13
385
718
1019
1272
1418
1529
1622
1733
1869
1975
1971
1941
1842
1709
1480
1155
730
264
-187
-582
-863
-1063
-1185
-1238
-1170
-1001
-815
-651
-573
-538
-514
-546
-632
-738
-826
-827
-745
-612
-426
-182
33
216
309
253
67
-259
-662
-1120
-1658
-2159
-2600
-2959
-3137
-3161
-3004
-2779
-2468
-2147
-1792
-1438
-1199
-1057
-956
-905
-816
-679
-500
-244
274
932
1658
2262
2617
2895
3137
3172
3002
2412
1622
839
12
-745
-1301
-1704
-1912
-1873
-1711
-1279
-792
-436
-151
3
105
217
189
41
-16
21
239
630
1025
1503
2003
2401
2701
2798
2629
2248
1665
964
328
-273
-841
-1221
-1416
-1333
-1038
-632
-159
290
649
972
1176
1259
1295
1270
1286
1453
1688
1962
2146
2234
2366
2398
2316
1994
1439
780
101
-577
-1113
-1516
-1776
-1784
-1590
-1236
-771
-383
-118
19
21
-23
-203
-577
-915
-1129
-1214
-1116
-932
-656
-306
63
345
502
388
58
-481
-1140
-1817
-2486
-3112
-3624
-3875
-3923
-3654
-3291
-2832
-2368
-1930
-1578
-1310
-1171
-1096
-1164
-1190
-1152
-919
-471
203
1096
1888
2714
3116
3507
3687
3657
3250
2446
1453
455
-435
-1223
-1754
-2044
-2054
-1738
-1331
-711
-125
254
478
475
448
362
174
-102
-203
-114
226
772
1309
1912
2489
2873
3076
2934
2503
1843
988
75
-735
-1335
-1759
-1880
-1797
-1394
-739
-52
560
998
1314
1471
1458
1278
1023
806
745
850
1177
1702
2326
2848
3177
3297
3151
2787
2156
1289
266
-708
-1529
-2041
-2255
-2176
-1851
-1361
-691
-16
501
729
663
369
-31
-447
-917
-1299
-1496
-1418
-1082
-634
-128
290
603
738
618
204
-471
-1291
-2151
-2961
-3609
-4050
-4209
-4098
-3792
-3257
-2681
-2108
-1724
-1429
-1353
-1326
-1378
-1502
-1551
-1503
-1166
-634
406
1363
2354
2989
3325
3625
3646
3364
2616
1518
392
-547
-1410
-1991
-2229
-2288
-1943
-1376
-728
103
595
814
852
721
565
391
2
-278
-230
-2
569
1208
1768
2431
2887
3092
3016
2545
1821
928
-99
-1018
-1649
-2096
-2215
-2045
-1585
-786
33
746
1252
1558
1667
1553
1249
839
511
315
365
617
1073
1771
2492
3128
3533
3627
3410
2818
1940
941
-58
-934
-1600
-2018
-2083
-1746
-1225
-550
98
592
999
1122
947
536
-21
-596
-1011
-1283
-1335
-1153
-843
-354
113
424
593
481
139
-437
-1192
-2007
-2745
-3397
-3853
-3994
-3945
-3592
-3186
-2736
-2251
-1859
-1548
-1449
-1519
-1687
-1804
-1855
-1757
-1481
-1010
-52
1056
2057
2813
3108
3314
3375
3089
2414
1385
274
-665
-1454
-2064
-2239
-2208
-1850
-1224
-602
248
902
1199
1245
1044
836
684
400
74
26
166
609
1207
1651
2170
2529
2627
2505
2006
1332
548
-347
-1146
-1622
-1827
-1731
-1425
-1015
-325
415
1038
1439
1516
1404
1196
876
536
246
92
228
603
1072
1689
2281
2721
3071
3121
2900
2404
1614
757
-2
-600
-954
-1149
-1111
-817
-354
174
638
918
1068
1047
812
495
65
-365
-673
-873
-893
-746
-532
-289
-84
-16
-52
-253
-648
-1126
-1717
-2272
-2701
-3101
-3349
-3417
-3352
-3136
-2818
-2528
-2302
-2128
-2076
-2004
-2050
-2102
-2088
-2055
-1846
-1478
-1049
-112
875
1728
2330
2456
2526
2639
2399
1876
1010
23
-717
-1301
-1822
-1866
-1810
-1508
-934
-404
392
1068
1349
1402
1333
1218
1211
988
629
600
666
959
1395
1581
1850
1977
1838
1604
1113
541
-55
-671
-1156
-1261
-1149
-864
-429
8
639
1226
1542
1612
1386
1070
776
411
106
-66
-30
198
582
1053
1572
1979
2229
2323
2257
2057
1696
1159
584
168
-30
-57
-61
51
202
434
639
727
701
577
461
296
156
28
-46
-92
-114
-91
-88
-80
-160
-324
-578
-879
-1194
-1556
-1899
-2144
-2336
-2451
-2538
-2608
-2631
-2726
-2708
-2667
-2639
-2571
-2537
-2538
-2388
-2274
-2168
-1959
-1797
-1485
-1086
-681
116
953
1474
1859
1740
1816
1926
1776
1303
629
-179
-731
-1203
-1672
-1695
-1621
-1330
-787
-263
563
1236
1496
1595
1594
1610
1646
1442
1100
1043
1070
1234
1402
1359
1411
1326
1016
707
231
-230
-687
-1123
-1264
-989
-563
-55
479
971
1547
1939
1950
1726
1263
812
413
31
-159
-171
-10
277
704
1146
1550
1759
1736
1693
1635
1448
1160
744
414
337
422
586
711
803
889
941
876
718
550
354
285
260
327
477
554
610
590
520
357
58
-364
-837
-1229
-1613
-1914
-2155
-2292
-2235
-2176
-2100
-2075
-2139
-2210
-2341
-2478
-2652
-2753
-2851
-2917
-2845
-2757
-2552
-2407
-2220
-1871
-1492
-982
-118
616
1272
1550
1495
1522
1538
1322
836
111
-687
-1163
-1637
-1987
-1913
-1808
-1334
-799
-220
609
1184
1398
1462
1452
1519
1637
1483
1343
1451
1588
1814
1792
1585
1422
999
455
-115
-694
-1120
-1468
-1635
-1402
-790
-29
692
1314
1864
2348
2439
2191
1697
1072
543
48
-263
-287
-125
145
446
766
1108
1335
1272
1153
1105
999
980
806
592
695
829
1097
1210
1253
1189
1124
814
520
276
5
18
80
357
785
1094
1361
1484
1453
1307
919
278
-365
-974
-1513
-1897
-2229
-2331
-2217
-2034
-1764
-1589
-1539
-1572
-1804
-2033
-2263
-2502
-2673
-2856
-2951
-2829
-2745
-2580
-2397
-2093
-1674
-913
83
1011
1599
1597
1500
1381
1246
980
247
-515
-1273
-1701
-2021
-2153
-1973
-1673
-1147
-635
93
733
1054
1082
954
1035
1209
1397
1417
1504
1872
2239
2467
2308
1920
1380
644
-144
-939
-1609
-2075
-2266
-2047
-1409
-478
428
1201
1834
2365
2609
2453
1990
1340
733
231
-150
-309
-248
-19
274
537
782
939
885
621
414
370
449
581
647
798
1039
1309
1535
1517
1354
1064
706
267
-111
-354
-501
-415
-72
514
1172
1718
2073
2218
2175
1881
1302
497
-290
-965
-1503
-1876
-2081
-2053
-1893
-1654
-1417
-1278
-1290
-1429
-1635
-1841
-2020
-2240
-2453
-2603
-2646
-2533
-2371
-2174
-1870
-1445
-743
273
1117
1569
1568
1234
945
631
244
-388
-1052
-1726
-2112
-2358
-2418
-2120
-1801
-1331
-828
-269
297
528
471
390
482
708
942
1105
1392
1942
2357
2548
2441
2102
1595
806
-44
-788
-1401
-1857
-2151
-2064
-1485
-606
212
882
1500
2082
2476
2451
2128
1653
1159
735
275
-11
-21
100
248
362
522
705
771
595
390
336
506
733
832
954
1138
1225
1239
1154
970
655
216
-275
-682
-885
-815
-575
-202
449
1283
1971
2352
2435
2285
1954
1383
632
-123
-769
-1166
-1437
-1581
-1532
-1342
-1199
-1184
-1215
-1319
-1530
-1790
-1992
-2229
-2334
-2365
-2319
-2199
-1992
-1758
-1436
-1123
-495
419
1465
1951
2058
1545
1092
659
150
-424
-1134
-1699
-2206
-2498
-2677
-2547
-2305
-2030
-1533
-1014
-402
-3
21
70
115
321
497
593
767
1136
1485
1702
1772
1645
1377
945
350
-149
-663
-1110
-1437
-1597
-1336
-823
-302
240
819
1442
1977
2237
2219
2035
1720
1310
899
518
332
211
168
278
414
640
785
761
743
715
756
747
755
804
842
870
802
732
552
295
-38
-444
-752
-976
-968
-801
-508
61
726
1350
1747
1978
2014
1843
1418
836
270
-238
-606
-869
-979
-981
-945
-903
-996
-1082
-1321
-1566
-1875
-2056
-2223
-2278
-2205
-2081
-1823
-1635
-1335
-877
-322
776
1906
2756
3008
2709
2168
1465
935
238
-463
-1120
-1771
-2144
-2606
-2616
-2447
-2401
-2060
-1690
-1082
-568
-347
-188
14
325
519
603
542
723
920
893
951
831
743
569
217
-33
-272
-564
-902
-1232
-1243
-960
-587
-273
130
641
1217
1672
1828
1930
1860
1571
1251
904
723
608
456
486
593
775
868
807
633
631
857
1019
1163
1102
975
812
565
450
57
-245
-533
-765
-949
-1151
-1012
-1033
-747
-351
47
566
830
1040
1013
853
659
405
99
-295
-532
-816
-829
-785
-835
-853
-1055
-1125
-1259
-1391
-1631
-1900
-2102
-2126
-2123
-2065
-1956
-1777
-1280
-664
500
1980
3098
3603
3431
3125
2519
2046
1352
537
31
-653
-892
-1437
-1777
-1788
-2064
-1957
-1825
-1534
-1173
-1001
-832
-555
-160
69
311
391
627
899
718
708
524
300
120
-296
-470
-607
-806
-1062
-1182
-995
-654
-310
-69
292
711
992
1189
1183
1192
1114
896
798
770
864
1038
1127
1256
1388
1451
1432
1221
997
765
612
591
745
997
1162
1199
1025
825
488
11
-278
-635
-796
-892
-980
-905
-861
-634
-399
-201
83
234
299
295
204
0
-263
-540
-811
-973
-1089
-1027
-1032
-1086
-1120
-1213
-1290
-1307
-1455
-1468
-1684
-1742
-1921
-1955
-2042
-1944
-1632
-1100
137
1647
2838
3406
3324
3074
2579
2179
1822
1230
840
393
-11
-560
-899
-1066
-1295
-1284
-1183
-941
-614
-535
-511
-488
-340
-307
-418
-448
-217
117
265
471
598
603
533
130
-281
-642
-1090
-1499
-1750
-1671
-1351
-874
-396
121
689
1031
1205
1156
1036
864
564
357
223
312
570
818
1099
1357
1598
1729
1741
1619
1449
1388
1441
1470
1403
1274
1063
788
565
304
-8
-236
-357
-470
-615
-635
-652
-633
-529
-296
-30
190
331
319
220
-12
-241
-509
-852
-1124
-1364
-1484
-1571
-1679
-1754
-1825
-1998
-2003
-2054
-1978
-1904
-1839
-1825
-1849
-1788
-1673
-1331
-855
338
1608
2487
2834
2589
2263
2048
1806
1603
1367
1232
996
745
110
-263
-575
-1004
-892
-836
-407
58
127
239
345
337
159
-177
-391
-311
-230
-267
-196
-138
-38
32
-231
-306
-429
-648
-785
-959
-864
-702
-626
-551
-384
-151
18
81
152
440
618
635
617
506
591
687
673
687
762
911
1149
1314
1463
1577
1566
2083
2402
2504
2353
1970
1470
870
646
245
-251
-556
-872
-876
-1153
-954
-789
-654
-16
428
704
792
616
308
-46
-472
-892
-1267
-1495
-1516
-1484
-1614
-1670
-1867
-1995
-2172
-2391
-2349
-2459
-2491
-2490
-2468
-2353
-2105
-1678
-1198
-179
1198
2279
2686
2360
2142
1676
1514
1490
1006
1123
973
942
687
206
157
-181
-244
-152
-29
201
212
104
43
296
335
166
44
45
389
381
300
213
-25
-139
-511
-898
-1070
-1173
-1215
-1121
-845
-437
-91
83
204
353
423
459
282
118
148
86
-40
-254
-348
-179
66
331
566
823
1157
1360
1361
1288
1315
1583
1847
2039
1997
2018
1926
1786
1797
1583
1221
662
81
-347
-951
-1221
-1407
-1403
-1097
-612
-124
97
291
387
429
283
-37
-516
-951
-1160
-1356
-1721
-1992
-2196
-2365
-2422
-2466
-2447
-2460
-2504
-2485
-2514
-2480
-2244
-1834
-1366
-252
1077
1948
2155
1872
1684
1537
1517
1334
1049
983
851
763
157
-95
-110
-255
26
216
566
758
622
479
404
472
461
277
192
444
666
517
287
-72
-271
-368
-694
-893
-1027
-1060
-1032
-1111
-1004
-785
-574
-399
-178
81
371
593
672
856
1026
1052
887
500
231
85
-82
-116
-55
180
596
843
1019
1170
1319
1535
1796
2046
2089
2000
1738
1538
1430
1211
1091
766
555
411
155
-131
-487
-709
-781
-715
-686
-595
-473
-395
-277
-259
-420
-597
-845
-990
-1167
-1390
-1596
-1913
-2143
-2332
-2515
-2701
-2844
-2756
-2726
-2596
-2372
-1952
-1423
-537
712
1591
1854
1733
1559
1559
1789
1775
1540
1298
868
684
1
-519
-623
-733
-311
13
321
569
621
562
519
546
597
502
321
573
907
933
733
285
-16
-154
-514
-922
-1203
-1301
-1272
-1287
-1264
-1048
-839
-690
-465
-222
55
322
403
515
687
748
796
703
719
839
842
809
701
592
649
673
556
512
642
901
1184
1383
1597
1731
1691
1692
1679
1567
1401
1098
785
522
246
-1
-252
-506
-533
-460
-411
-436
-573
-620
-617
-696
-822
-949
-1028
-1016
-1071
-1269
-1513
-1709
-1888
-2062
-2274
-2522
-2682
-2804
-2730
-2648
-2349
-1982
-1255
-160
781
1198
1161
1050
1186
1570
1810
1886
1942
1752
1671
1116
437
129
-234
-233
-144
-25
77
-15
-145
-134
-8
219
430
424
567
890
967
875
520
88
-6
-107
-314
-634
-973
-1018
-1060
-1206
-1223
-1241
-1159
-998
-844
-632
-344
-118
60
212
407
662
764
746
790
929
1104
1138
890
704
646
723
922
993
991
1005
992
880
857
979
1125
1305
1283
1383
1312
1086
997
765
602
624
501
306
30
-263
-409
-723
-970
-1093
-1174
-1114
-1110
-1239
-1405
-1524
-1661
-1704
-1841
-1973
-1993
-2070
-2000
-2124
-2108
-2096
-1801
-1542
-1252
-541
52
583
511
304
366
522
1142
1358
1617
1620
1476
1386
800
655
509
555
713
740
710
515
271
-38
-283
-308
-141
-21
141
310
532
590
570
420
202
166
7
-93
-348
-649
-811
-1044
-1103
-1114
-1031
-863
-697
-530
-515
-531
-523
-469
-352
-136
178
425
707
953
1135
1303
1291
1283
1202
1117
1135
1118
1084
928
784
604
532
566
657
909
1015
1157
1137
955
822
542
366
249
277
400
439
398
240
60
-178
-436
-721
-915
-989
-1087
-1247
-1550
-1833
-1987
-2091
-2248
-2379
-2554
-2533
-2493
-2493
-2449
-2325
-1885
-1372
-506
407
949
1033
780
658
804
1209
1493
1551
1501
1345
1385
964
578
357
309
611
791
799
600
334
131
57
-21
52
128
297
600
816
796
557
248
80
90
46
10
-197
-445
-571
-780
-925
-980
-938
-757
-560
-423
-379
-427
-505
-465
-392
-236
-65
122
409
706
905
948
871
796
860
984
1095
1249
1309
1286
1214
950
635
451
518
651
739
781
813
789
696
620
442
315
258
173
17
-215
-389
-516
-677
-758
-766
-730
-688
-672
-780
-990
-1234
-1419
-1592
-1721
-1783
-1872
-2002
-2174
-2307
-2479
-2488
-2227
-1846
-1140
-351
209
405
238
150
254
786
1350
1749
2010
1876
1906
1566
1114
874
672
816
963
949
716
276
-46
-193
-233
-137
-103
29
262
456
496
323
85
-41
76
183
289
238
26
-141
-439
-754
-946
-1040
-916
-745
-604
-476
-435
-375
-318
-262
-194
27
277
499
711
807
905
939
965
1053
1109
1224
1292
1214
1049
826
648
517
486
572
660
752
791
764
647
538
473
382
358
328
258
131
-65
-299
-579
-800
-980
-1137
-1231
-1271
-1300
-1396
-1552
-1619
-1589
-1521
-1477
-1549
-1633
-1703
-1725
-1780
-1857
-1866
-1673
-1333
-808
-211
132
92
48
-104
91
559
799
1145
1181
1140
1287
1033
909
915
963
1300
1518
1446
1097
613
238
40
-5
5
26
81
222
344
277
110
-137
-210
-201
-177
-86
-233
-370
-423
-545
-569
-601
-593
-450
-340
-303
-328
-446
-471
-390
-286
-88
159
458
790
1003
1055
1052
998
995
1090
1176
1324
1445
1418
1231
970
721
604
654
710
759
834
787
718
552
348
259
226
203
254
298
172
4
-280
-585
-803
-968
-1050
-1106
-1141
-1194
-1254
-1386
-1546
-1616
-1589
-1475
-1428
-1496
-1649
-1740
-1762
-1776
-1698
-1490
-1200
-747
-318
36
22
-124
-283
-232
196
542
834
970
896
1091
998
872
894
838
1077
1306
1361
1211
896
556
363
296
259
250
228
168
226
197
29
-217
-424
-386
-262
-117
-138
-248
-281
-329
-351
-434
-504
-474
-413
-324
-291
-395
-462
-438
-327
-157
58
263
506
755
850
907
867
867
968
1076
1211
1380
1461
1391
1243
999
833
769
782
795
820
802
761
656
489
378
279
239
233
214
100
-28
-198
-414
-622
-799
-953
-1039
-1097
-1135
-1239
-1442
-1565
-1657
-1630
-1544
-1470
-1435
-1456
-1507
-1562
-1611
-1672
-1580
-1395
-1132
-722
-381
-178
-88
-221
-259
-141
123
394
590
543
502
558
517
643
746
857
1181
1400
1442
1315
939
672
541
486
483
421
312
309
346
250
107
-93
-239
-243
-196
-192
-284
-455
-545
-529
-452
-354
-289
-201
-81
77
86
-10
-125
-200
-144
-19
124
307
465
633
776
834
874
863
889
976
1141
1239
1251
1117
1001
936
851
862
853
856
888
885
769
628
461
335
294
274
271
218
120
-10
-173
-357
-550
-715
-856
-898
-930
-1008
-1128
-1287
-1380
-1431
-1473
-1456
-1464
-1540
-1555
-1631
-1645
-1671
-1676
-1497
-1344
-1109
-806
-626
-572
-570
-674
-637
-424
-267
-2
173
136
283
265
255
490
512
692
934
939
1033
922
683
696
650
698
770
679
628
590
487
333
182
45
-7
25
22
13
-52
-166
-195
-226
-201
-112
-68
-20
32
78
121
103
34
12
47
171
271
370
453
516
621
659
697
752
805
906
996
1037
1041
981
865
804
807
860
929
946
959
918
851
747
568
460
375
312
298
183
53
-40
-188
-265
-329
-422
-503
-598
-689
-784
-947
-1109
-1186
-1200
-1209
-1234
-1326
-1426
-1479
-1576
-1608
-1671
-1667
-1597
-1453
-1215
-976
-885
-885
-913
-973
-659
-434
-224
-87
-208
-124
-48
-46
179
317
520
880
909
991
886
665
618
562
564
605
548
504
539
489
411
277
142
106
163
191
201
131
42
6
-37
-48
-44
-26
37
109
146
143
123
110
103
132
204
287
374
428
433
445
426
405
452
544
681
795
829
810
764
726
715
722
749
790
863
918
898
870
794
738
706
659
640
553
429
278
68
-115
-264
-444
-557
-625
-659
-692
-746
-821
-914
-960
-954
-968
-1039
-1124
-1232
-1369
-1498
-1585
-1669
-1627
-1586
-1451
-1265
-1175
-1092
-1129
-1206
-1105
-925
-692
-396
-344
-267
-206
-239
-53
121
272
562
727
863
1015
873
794
716
619
659
610
572
603
548
462
365
227
151
150
181
218
215
128
43
-54
-104
-74
-62
-18
21
59
96
88
39
-2
-13
44
107
190
278
277
280
240
219
213
241
353
496
609
677
671
625
631
621
614
652
685
764
831
869
936
904
859
842
826
850
807
704
598
438
301
153
13
-117
-241
-342
-457
-583
-773
-900
-985
-1034
-1038
-1044
-1100
-1171
-1262
-1330
-1359
-1389
-1381
-1258
-1093
-1018
-1000
-1099
-1196
-1163
-1033
-831
-539
-471
-408
-333
-364
-167
45
228
508
682
807
975
907
853
837
766
808
825
750
729
667
550
471
304
192
180
234
293
279
186
82
-26
-111
-124
-102
-68
-66
-59
-71
-81
-124
-200
-262
-241
-173
-77
11
55
96
105
105
104
96
163
240
298
367
384
411
394
394
426
483
568
637
647
673
716
706
716
696
680
709
721
711
647
506
346
210
97
32
-8
-127
-216
-307
-471
-647
-818
-981
-1037
-1068
-1144
-1174
-1262
-1317
-1306
-1354
-1337
-1206
-1092
-926
-842
-933
-957
-880
-801
-571
-379
-336
-201
-232
-262
-103
26
213
522
632
796
952
912
973
926
842
854
839
826
858
777
686
591
411
284
223
200
216
216
149
88
-17
-104
-153
-194
-196
-169
-141
-149
-168
-214
-232
-259
-310
-335
-310
-265
-222
-176
-175
-188
-160
-112
-31
58
113
215
292
305
317
291
310
401
469
536
599
607
629
639
619
645
619
592
609
564
537
441
266
129
10
-60
-94
-163
-288
-431
-570
-647
-737
-849
-931
-1003
-1060
-1139
-1227
-1283
-1295
-1281
-1158
-1042
-961
-867
-852
-868
-772
-670
-494
-210
-124
26
103
60
162
265
352
578
699
791
927
893
918
937
893
910
925
856
874
830
731
658
509
397
343
312
280
232
149
87
-39
-141
-184
-236
-270
-294
-335
-357
-381
-426
-440
-483
-441
-400
-366
-310
-274
-216
-138
-114
-86
-43
-1
88
127
169
190
178
202
277
320
391
420
437
527
554
576
627
629
623
627
552
537
507
422
358
224
125
41
-87
-176
-257
-388
-539
-686
-872
-958
-979
-1073
-1154
-1263
-1390
-1405
-1413
-1386
-1253
-1144
-969
-802
-776
-769
-728
-641
-431
-194
-16
112
214
279
346
489
634
838
1054
1179
1289
1307
1235
1229
1172
1118
1122
1086
1057
1030
952
874
782
632
559
525
498
495
409
263
134
16
-62
-108
-191
-261
-294
-321
-366
-463
-555
-592
-608
-605
-597
-597
-577
-519
-461
-409
-375
-337
-238
-92
40
132
212
259
299
325
335
374
429
482
515
573
567
536
493
447
442
445
402
362
325
237
148
6
-100
-197
-279
-353
-451
-623
-815
-953
-1055
-1155
-1263
-1406
-1519
-1575
-1646
-1653
-1663
-1586
-1411
-1235
-1115
-1036
-1071
-947
-742
-616
-303
-109
34
218
240
324
530
615
867
1082
1178
1363
1373
1360
1401
1355
1331
1417
1386
1414
1414
1293
1198
1027
878
817
750
702
618
477
383
268
149
45
-42
-94
-115
-190
-247
-313
-410
-463
-540
-605
-641
-687
-681
-661
-636
-596
-607
-607
-569
-499
-361
-194
-57
58
145
193
238
293
402
547
656
734
750
747
749
734
723
699
664
629
553
448
320
192
96
29
-65
-140
-215
-351
-502
-669
-873
-1013
-1125
-1286
-1361
-1500
-1639
-1735
-1858
-1869
-1725
-1639
-1546
-1425
-1457
-1369
-1205
-1095
-810
-534
-419
-200
-129
-83
153
267
488
787
900
1075
1223
1225
1323
1339
1295
1398
1404
1403
1476
1424
1403
1346
1221
1184
1143
1102
1092
992
848
686
500
392
289
203
132
1
-114
-214
-289
-321
-400
-465
-484
-497
-523
-577
-648
-676
-686
-694
-658
-639
-590
-505
-420
-333
-259
-191
-98
37
187
326
437
515
567
593
639
682
725
762
763
778
771
686
561
458
343
221
101
-12
-92
-214
-369
-508
-649
-771
-835
-951
-1071
-1203
-1367
-1481
-1575
-1673
-1652
-1575
-1535
-1444
-1459
-1495
-1428
-1322
-1163
-887
-728
-599
-447
-391
-244
-73
69
316
561
732
944
1026
1047
1123
1160
1208
1269
1272
1296
1330
1300
1258
1177
1117
1104
1112
1108
1095
999
914
820
721
640
517
442
365
283
186
85
-39
-145
-225
-291
-344
-363
-391
-427
-444
-471
-513
-552
-572
-522
-423
-364
-275
-218
-172
-105
-106
-72
21
93
235
364
416
495
513
560
636
634
664
692
664
631
530
424
304
169
111
25
-81
-217
-390
-541
-687
-847
-958
-1120
-1259
-1335
-1475
-1547
-1604
-1706
-1643
-1555
-1503
-1376
-1403
-1414
-1304
-1232
-1085
-873
-777
-628
-521
-484
-305
-153
4
245
419
566
740
802
899
1006
1038
1087
1115
1122
1153
1177
1156
1141
1071
1040
1045
1043
1034
977
889
811
745
670
615
548
490
417
323
232
158
67
-10
-84
-151
-207
-247
-281
-302
-326
-340
-365
-357
-309
-249
-176
-125
-71
-44
-14
8
52
129
249
341
417
467
489
508
527
586
646
676
688
696
642
594
502
413
342
260
203
77
-50
-208
-375
-523
-653
-771
-878
-1026
-1171
-1269
-1434
-1526
-1595
-1648
-1614
-1540
-1494
-1404
-1393
-1421
-1327
-1251
-1092
-880
-777
-649
-519
-499
-374
-218
-77
147
326
456
629
702
742
852
848
916
972
979
1047
1062
1050
1023
966
928
940
926
935
909
838
781
689
606
561
481
415
349
266
212
142
48
-5
-69
-110
-132
-170
-171
-199
-231
-268
-320
-346
-335
-273
-184
-91
-39
3
41
85
139
184
255
330
389
415
446
463
481
520
551
606
655
658
609
506
422
353
265
216
152
55
-46
-198
-350
-470
-614
-713
-820
-989
-1102
-1277
-1425
-1470
-1560
-1585
-1554
-1544
-1459
-1356
-1326
-1264
-1256
-1192
-1029
-885
-723
-604
-513
-410
-322
-189
-22
106
299
431
551
698
774
862
946
938
973
1023
991
1042
1054
1035
1009
935
890
908
916
909
897
837
778
704
627
546
490
432
376
311
296
236
186
142
53
-5
-65
-98
-106
-102
-126
-138
-164
-169
-108
-53
31
109
129
187
204
217
269
279
332
398
416
449
469
453
470
476
430
431
412
364
364
270
191
133
6
-57
-99
-215
-317
-431
-585
-689
-798
-942
-1067
-1195
-1359
-1443
-1552
-1651
-1690
-1733
-1744
-1688
-1620
-1554
-1401
-1373
-1337
-1241
-1164
-998
-761
-644
-489
-349
-324
-169
-43
77
259
403
490
628
700
740
811
821
850
903
918
935
984
962
971
948
905
900
903
888
874
815
724
644
564
521
486
483
430
382
332
252
184
125
50
31
17
16
36
5
-11
-25
-37
-3
70
133
214
224
218
236
282
358
452
498
547
572
558
610
609
600
604
571
563
556
481
418
350
244
225
150
26
-46
-199
-359
-402
-546
-603
-632
-813
-846
-961
-1132
-1171
-1298
-1403
-1356
-1479
-1521
-1486
-1582
-1460
-1371
-1347
-1226
-1207
-1193
-1029
-964
-820
-631
-562
-406
-278
-195
-47
86
177
359
467
582
694
727
769
819
821
811
841
826
838
824
798
763
754
728
718
701
675
621
555
530
480
470
440
386
359
323
239
227
153
104
104
62
89
99
46
12
-7
-6
57
78
150
206
220
268
297
314
358
406
433
492
513
522
533
515
543
589
568
571
543
472
426
345
260
187
98
34
-38
-148
-253
-392
-500
-598
-672
-721
-803
-899
-981
-1131
-1208
-1259
-1341
-1338
-1362
-1389
-1365
-1367
-1389
-1332
-1299
-1215
-1129
-1078
-993
-921
-840
-723
-606
-481
-350
-237
-99
-19
84
199
295
433
553
634
720
776
785
815
794
800
826
788
813
818
778
774
726
696
713
637
625
611
535
550
509
461
470
416
382
408
342
318
289
219
242
224
201
215
189
208
281
264
320
359
346
410
423
427
479
489
481
534
526
530
582
587
598
611
570
553
543
484
428
361
259
193
128
31
-25
-136
-236
-330
-460
-573
-665
-754
-817
-884
-1001
-1086
-1220
-1294
-1334
-1365
-1370
-1369
-1363
-1356
-1350
-1354
-1311
-1290
-1213
-1143
-1047
-966
-909
-845
-775
-673
-567
-445
-317
-195
-87
34
100
165
246
318
395
496
543
600
654
637
661
689
682
713
713
653
647
562
510
500
459
463
487
451
439
414
330
337
309
281
292
292
302
315
291
281
266
261
304
338
347
372
412
410
433
433
447
489
511
527
541
539
539
541
551
577
582
594
579
573
543
491
454
374
311
253
194
124
78
-10
-107
-211
-320
-398
-478
-549
-616
-677
-752
-819
-917
-985
-1060
-1115
-1125
-1135
-1141
-1134
-1134
-1140
-1125
-1118
-1089
-1038
-990
-925
-861
-831
-754
-704
-657
-537
-465
-371
-265
-229
-139
-53
-3
98
140
177
274
300
347
402
406
447
487
464
511
518
467
501
469
460
476
440
432
431
372
372
354
318
337
335
327
338
327
308
332
321
330
341
366
405
423
446
470
476
498
530
540
557
566
569
594
601
604
631
626
624
641
620
639
650
595
577
520
469
420
314
249
188
99
36
-40
-109
-172
-275
-371
-442
-539
-603
-658
-739
-792
-865
-958
-1023
-1070
-1101
-1083
-1093
-1096
-1091
-1114
-1115
-1099
-1114
-1082
-1016
-984
-916
-868
-833
-789
-745
-691
-602
-521
-450
-352
-297
-248
-189
-166
-119
-63
-10
63
161
216
247
280
289
349
381
407
459
483
495
492
480
480
490
484
492
499
502
486
453
438
440
440
433
440
465
486
491
507
511
515
537
548
583
596
598
613
605
598
624
629
639
671
666
684
708
699
703
674
636
612
591
562
520
470
412
349
282
226
145
91
30
-52
-91
-168
-258
-333
-449
-527
-584
-656
-695
-737
-797
-846
-899
-965
-979
-1000
-1012
-997
-996
-1010
-997
-995
-991
-961
-959
-900
-857
-814
-768
-749
-711
-674
-627
-558
-499
-453
-415
-371
-336
-282
-228
-186
-122
-80
-33
-3
30
40
86
132
184
237
246
277
294
320
331
366
379
394
416
424
424
411
406
405
430
435
438
460
468
473
479
482
490
497
523
540
566
589
581
577
569
580
595
603
620
647
636
639
637
616
616
599
595
592
570
547
511
467
412
360
325
289
241
175
125
75
6
-53
-132
-184
-229
-284
-318
-363
-424
-480
-543
-582
-607
-637
-642
-666
-699
-706
-745
-770
-761
-787
-781
-760
-746
-739
-731
-724
-694
-674
-671
-633
-611
-583
-544
-528
-500
-475
-449
-402
-377
-337
-295
-284
-246
-196
-179
-136
-92
-70
-22
11
27
80
135
154
218
251
248
288
285
290
329
321
327
342
326
368
386
380
406
402
423
455
456
467
480
475
480
494
482
493
481
468
481
465
478
511
500
500
498
482
493
480
455
452
430
397
374
329
303
274
242
215
170
127
85
22
-30
-70
-112
-144
-181
-209
-235
-265
-310
-351
-379
-402
-413
-444
-478
-486
-500
-508
-547
-561
-558
-567
-559
-573
-584
-587
-581
-579
-563
-558
-544
-516
-511
-501
-484
-461
-443
-421
-407
-381
-341
-319
-300
-276
-246
-206
-174
-130
-90
-66
-6
18
38
102
138
173
227
234
263
292
270
321
338
351
394
392
394
395
385
387
405
392
414
425
420
423
412
402
418
437
434
437
436
435
425
416
396
408
402
385
379
365
350
335
322
322
325
317
300
261
240
214
196
176
141
119
84
53
24
-3
-44
-89
-122
-148
-163
-187
-210
-227
-257
-268
-275
-297
-313
-337
-354
-342
-357
-382
-372
-367
-375
-365
-407
-417
-399
-422
-410
-409
-424
-414
-409
-407
-379
-364
-363
-331
-327
-306
-275
-271
-247
-222
-207
-177
-143
-126
-83
-61
-41
-32
-21
0
35
67
98
132
146
160
166
174
186
210
244
244
249
258
247
246
234
223
234
242
229
219
224
212
209
201
198
223
226
230
255
244
244
237
217
229
208
193
189
165
158
157
155
168
160
140
118
106
87
63
63
47
30
22
2
-23
-28
-65
-91
-97
-128
-137
-147
-165
-175
-184
-202
-186
-205
-216
-194
-190
-190
-193
-209
-205
-203
-219
-210
-212
-229
-232
-238
-247
-231
-239
-239
-224
-214
-196
-184
-172
-163
-133
-137
-118
-94
-75
-60
-32
-13
-3
11
36
67
75
96
109
128
128
137
147
154
154
165
189
187
191
192
192
193
202
217
206
199
195
178
181
185
176
184
182
168
162
145
134
129
131
141
142
139
134
126
114
100
88
82
68
61
45
28
17
-18
-41
-57
-71
-81
-76
-85
-75
-79
-86
-88
-100
-93
-114
-121
-136
-145
-156
-153
-163
-175
-166
-170
-161
-157
-161
-152
-157
-148
-146
-145
-139
-131
-121
-123
-127
-129
-120
-119
-114
-106
-117
-122
-124
-108
-83
-82
-68
-59
-46
-33
-24
-15
-8
17
25
47
55
58
57
58
80
75
86
86
100
108
99
106
125
127
142
160
173
181
173
169
178
164
154
168
161
161
156
133
129
120
104
100
100
97
113
111
113
108
95
98
106
107
89
80
59
46
37
19
11
1
-27
-31
-50
-67
-68
-85
-100
-96
-104
-115
-111
-124
-137
-136
-155
-161
-163
-173
-172
-165
-183
-197
-191
-193
-187
-178
-182
-170
-165
-167
-149
-149
-152
-144
-153
-144
-125
-131
-112
-109
-117
-103
-104
-102
-88
-79
-59
-41
-40
-39
-28
-14
2
13
37
49
65
102
114
127
149
140
154
167
152
177
176
166
185
170
168
182
186
190
185
179
175
183
178
188
181
173
170
158
165
161
153
136
127
119
96
98
90
84
86
75
70
70
60
50
45
14
3
-4
-27
-33
-57
-80
-96
-108
-123
-130
-145
-155
-151
-164
-160
-163
-167
-157
-170
-168
-166
-183
-182
-185
-171
-177
-182
-176
-183
-183
-170
-167
-169
-163
-175
-158
-150
-151
-132
-133
-125
-123
-116
-99
-97
-84
-69
-65
-48
-36
-40
-16
-11
1
33
40
66
92
96
122
119
125
142
145
160
167
170
189
197
190
197
198
204
207
204
201
198
187
192
205
199
198
195
195
193
199
194
191
178
175
170
160
156
141
130
118
117
95
91
80
67
74
40
38
27
9
-11
-30
-52
-66
-71
-89
-84
-113
-131
-140
-153
-158
-163
-172
-171
-170
-186
-185
-196
-199
-190
-194
-187
-194
-205
-205
-203
-196
-185
-192
-191
-188
-188
-192
-202
-196
-193
-179
-172
-160
-160
-158
-159
-150
-139
-127
-109
-105
-81
-68
-56
-50
-30
-13
-10
10
30
37
48
65
78
96
94
103
125
134
144
165
169
178
181
182
197
188
199
208
201
215
216
207
204
204
207
223
211
210
214
202
201
201
189
182
177
170
172
146
135
114
103
95
88
81
69
55
48
31
14
5
-24
-35
-46
-59
-65
-80
-96
-102
-122
-136
-141
-148
-151
-161
-172
-178
-182
-199
-196
-197
-196
-187
-182
-186
-192
-184
-185
-172
-174
-171
-158
-169
-155
-145
-156
-154
-142
-142
-121
-119
-112
-104
-111
-98
-89
-85
-65
-53
-52
-26
-29
-20
-13
-5
8
31
43
48
54
64
82
87
106
119
135
152
161
161
162
168
173
182
178
188
189
187
183
179
177
177
169
170
177
168
175
176
168
163
161
150
147
141
131
125
107
102
95
81
80
63
48
34
19
9
12
-4
-18
-38
-58
-67
-91
-96
-108
-117
-122
-134
-137
-148
-169
-167
-178
-186
-177
-184
-175
-176
-190
-185
-180
-181
-165
-169
-171
-170
-182
-169
-163
-172
-168
-167
-165
-150
-146
-146
-140
-136
-123
-115
-103
-81
-79
-73
-54
-59
-44
-40
-40
-10
4
23
41
43
53
59
63
77
77
94
111
106
114
126
129
138
136
145
155
159
164
168
164
165
164
165
182
176
187
188
185
195
211
208
208
202
202
206
202
193
183
170
163
147
143
127
103
88
68
52
35
7
-16
-26
-42
-42
-52
-71
-83
-98
-100
-109
-127
-132
-130
-131
-134
-141
-151
-154
-150
-158
-167
-189
-194
-140
-50
-3
-75
-191
-268
-240
-137
-26
-12
-102
-263
-325
-291
-172
-58
-49
-134
-178
-187
-146
-109
-134
-154
-153
-86
-18
13
-29
-100
-118
-48
66
144
176
125
77
58
82
122
130
151
167
177
188
186
152
125
119
147
178
192
174
151
122
100
112
126
137
142
158
166
170
147
118
108
112
126
137
147
127
121
112
112
118
121
122
110
96
88
59
32
17
-1
-7
-18
-29
-42
-53
-73
-96
-114
-128
-146
-153
-155
-171
-184
-203
-216
-216
-216
-214
-215
-218
-227
-225
-213
-201
-197
-192
-187
-186
-172
-156
-155
-147
-132
-126
-112
-112
-113
-109
-98
-88
-83
-83
-78
-67
-57
-43
-33
-25
-5
9
20
26
32
41
54
60
73
95
99
99
104
110
123
138
138
147
155
176
186
179
174
179
190
196
207
218
221
208
204
195
194
180
172
179
171
165
158
155
157
146
134
130
116
114
112
113
110
83
60
43
29
27
25
6
-14
-35
-49
-50
-59
-60
-66
-78
-86
-96
-113
-127
-134
-148
-156
-157
-160
-166
-174
-185
-192
-191
-192
-188
-182
-186
-186
-196
-200
-203
-206
-206
-204
-192
-190
-177
-175
-177
-168
-154
-133
-115
-108
-104
-104
-102
-94
-74
-55
-45
-33
-15
-8
3
18
26
39
39
49
62
75
80
87
91
101
113
129
137
150
149
150
167
161
158
160
164
170
175
169
178
178
182
187
185
187
183
176
165
159
152
147
139
123
118
114
112
105
102
92
71
67
58
46
35
21
8
-6
-12
-24
-40
-60
-68
-67
-77
-83
-100
-111
-121
-139
-146
-140
-136
-145
-146
-150
-153
-164
-163
-159
-163
-159
-158
-166
-173
-176
-176
-167
-159
-150
-151
-147
-147
-138
-133
-129
-124
-116
-105
-93
-90
-85
-77
-69
-54
-39
-27
-19
-12
-4
8
26
45
50
53
47
70
91
99
103
98
101
107
122
138
140
125
122
136
161
169
169
163
161
165
171
178
174
165
159
157
156
153
144
137
132
136
130
122
109
92
83
84
81
74
62
50
50
40
32
17
2
-3
-3
-3
-17
-38
-58
-65
-62
-63
-76
-88
-93
-101
-106
-113
-125
-132
-145
-139
-135
-133
-139
-152
-159
-162
-161
-160
-158
-161
-156
-152
-142
-138
-136
-135
-132
-124
-118
-118
-114
-118
-113
-103
-92
-88
-91
-85
-73
-59
-52
-42
-35
-33
-28
-20
-8
8
23
33
39
41
44
53
74
93
110
109
106
104
111
126
139
149
153
159
158
162
167
167
173
172
180
189
179
177
168
171
175
173
166
163
157
152
151
137
128
123
120
122
118
104
94
81
71
66
61
52
42
25
11
1
-9
-11
-8
-17
-38
-48
-61
-75
-82
-89
-100
-109
-123
-131
-139
-149
-154
-158
-158
-157
-160
-164
-170
-180
-180
-180
-181
-181
-177
-178
-179
-180
-180
-173
-165
-159
-149
-146
-148
-143
-139
-129
-123
-119
-117
-113
-104
-92
-80
-70
-60
-57
-48
-40
-30
-17
-9
-7
3
19
33
51
68
77
84
92
108
120
130
141
147
152
156
162
164
171
183
197
200
194
191
188
190
195
197
196
192
189
182
171
168
165
165
161
150
145
133
129
125
114
105
91
73
62
56
44
36
32
27
16
1
-16
-28
-35
-43
-51
-59
-75
-90
-96
-104
-110
-119
-125
-134
-139
-139
-150
-152
-159
-160
-160
-163
-173
-181
-176
-176
-182
-185
-184
-179
-166
-157
-154
-147
-145
-145
-141
-135
-128
-121
-109
-102
-94
-91
-86
-81
-72
-55
-43
-33
-23
-20
-14
-3
4
19
30
40
49
54
63
77
85
98
108
118
130
136
144
156
163
172
177
182
188
184
187
190
191
188
185
186
191
190
184
178
173
162
158
154
146
139
129
123
112
99
86
71
59
49
39
35
21
6
-7
-18
-24
-35
-47
-61
-72
-81
-90
-93
-104
-118
-124
-133
-141
-142
-147
-155
-161
-171
-171
-174
-172
-172
-174
-169
-173
-175
-179
-176
-171
-169
-165
-159
-157
-152
-152
-147
-138
-132
-127
-120
-111
-99
-90
-83
-74
-68
-59
-53
-42
-26
-20
-8
4
12
21
33
39
46
57
66
76
84
93
104
113
124
134
136
145
153
157
161
169
173
178
182
186
189
188
187
185
185
186
187
181
172
167
164
160
156
151
144
138
129
122
107
92
85
72
62
57
48
35
25
16
11
4
-5
-19
-30
-39
-51
-66
-75
-87
-94
-95
-100
-109
-119
-122
-129
-132
-132
-138
-140
-146
-150
-149
-154
-153
-159
-165
-171
-174
-170
-170
-167
-162
-162
-159
-155
-154
-150
-147
-137
-125
-119
-114
-108
-103
-93
-86
-77
-70
-65
-62
-52
-43
-35
-29
-21
-10
-2
7
18
31
40
49
55
61
66
74
85
95
99
105
105
111
122
125
135
142
151
160
161
167
173
174
178
176
174
172
167
168
166
160
151
141
138
134
130
127
117
110
99
95
88
77
68
65
59
49
32
15
3
-7
-17
-23
-31
-45
-49
-55
-63
-69
-80
-87
-91
-92
-95
-98
-106
-112
-121
-125
-127
-133
-135
-140
-142
-143
-145
-143
-143
-142
-143
-146
-147
-143
-146
-144
-145
-145
-140
-140
-134
-132
-128
-121
-116
-109
-103
-94
-83
-80
-74
-62
-57
-47
-33
-22
-10
3
15
26
34
44
55
61
75
82
96
107
115
120
131
139
139
146
150
158
163
166
168
168
170
170
170
176
173
171
169
164
163
165
161
149
142
131
125
118
114
108
102
101
89
84
77
68
59
42
35
26
17
12
1
-10
-19
-33
-39
-57
-68
-80
-95
-100
-107
-115
-121
-125
-130
-133
-137
-139
-146
-147
-151
-152
-157
-163
-166
-175
-180
-181
-180
-181
-178
-177
-172
-170
-167
-162
-162
-154
-146
-140
-130
-124
-116
-112
-107
-102
-96
-89
-83
-72
-63
-52
-42
-32
-23
-16
-4
6
16
25
36
45
56
61
67
77
84
93
97
104
115
121
129
140
145
152
160
162
168
172
174
178
181
182
182
184
183
180
178
174
171
165
159
155
153
148
144
137
133
125
113
108
101
88
79
70
65
57
45
37
25
17
7
-1
-1
-10
-20
-27
-37
-44
-53
-57
-64
-74
-83
-95
-100
-106
-112
-117
-123
-125
-127
-133
-134
-134
-137
-139
-142
-143
-144
-146
-144
-142
-142
-140
-142
-137
-136
-136
-132
-128
-120
-114
-103
-92
-85
-76
-71
-65
-54
-45
-33
-27
-16
-12
-12
-7
-2
8
15
21
26
38
44
54
65
68
75
78
83
88
91
96
98
98
102
100
104
104
104
104
103
105
103
105
105
101
100
100
94
92
89
85
83
80
75
73
69
63
57
53
49
45
40
36
30
26
20
19
14
5
-4
-7
-11
-16
-21
-30
-33
-42
-46
-47
-52
-55
-60
-62
-67
-71
-82
-88
-91
-95
-99
-108
-110
-115
-119
-116
-117
-116
-118
-117
-112
-113
-113
-109
-108
-104
-94
-90
-82
-78
-77
-72
-66
-56
-51
-43
-36
-31
-24
-21
-11
-5
-3
9
16
17
23
26
27
33
40
45
53
59
58
59
63
65
65
66
67
71
72
73
73
74
78
77
75
78
78
79
80
82
80
77
80
78
78
78
75
75
70
68
69
61
57
57
55
54
52
52
45
37
35
31
24
21
17
13
7
0
-3
-7
-8
-9
-14
-18
-21
-25
-30
-29
-35
-40
-38
-47
-49
-54
-59
-61
-67
-74
-76
-77
-79
-79
-80
-84
-88
-92
-91
-91
-92
-93
-92
-92
-88
-85
-80
-77
-70
-65
-63
-55
-50
-46
-45
-40
-38
-37
-30
-26
-24
-23
-20
-14
-7
-1
2
5
6
12
13
17
24
29
31
33
37
40
47
50
53
56
57
56
53
52
56
53
52
54
52
54
54
56
55
53
49
49
51
54
55
55
52
49
45
44
44
43
43
43
37
36
32
32
30
25
24
22
19
18
13
10
9
1
-1
-7
-8
-9
-13
-16
-17
-20
-23
-22
-22
-23
-26
-24
-27
-30
-29
-30
-30
-30
-32
-32
-33
-32
-30
-29
-25
-27
-27
-28
-28
-27
-29
-28
-28
-26
-25
-24
-23
-20
-17
-18
-14
-9
-8
-4
-2
-1
1
4
4
5
7
9
11
10
12
12
12
13
16
15
16
15
16
18
19
18
19
21
20
21
18
16
16
12
12
13
11
9
10
7
8
8
7
6
5
5
5
1
2
0
-2
-4
-5
-5
-3
-4
-7
-7
-7
-7
-10
-11
-11
-13
-13
-14
-17
-18
-19
-20
-22
-23
-24
-25
-26
-23
-27
-27
-26
-27
-26
-27
-25
-25
-25
-24
-22
-23
-20
-18
-18
-17
-17
-16
-14
-11
-11
-9
-7
-6
-6
-2
0
2
4
5
8
8
10
13
14
16
17
19
21
23
24
26
29
30
31
31
33
34
34
35
36
36
35
34
32
33
32
29
28
29
28
27
27
26
25
24
25
23
21
19
19
17
16
15
12
10
9
5
5
3
1
0
-5
-3
-3
-5
-6
-8
-10
-12
-13
-16
-17
-18
-19
-21
-23
-25
-27
-27
-29
-28
-31
-31
-30
-32
-33
-30
-33
-33
-32
-33
-31
-32
-34
-32
-32
-31
-29
-27
-25
-25
-24
-23
-19
-18
-18
-14
-14
-12
-10
-9
-10
-6
-4
-1
3
3
4
6
8
9
12
13
14
17
17
18
19
22
25
24
25
27
26
27
28
28
27
27
28
29
29
29
27
27
25
24
24
23
20
20
19
18
18
16
15
15
13
11
10
10
10
10
8
5
5
5
4
2
0
-1
-2
-2
-4
-3
-5
-5
-6
-8
-8
-10
-11
-11
-12
-13
-13
-13
-13
-13
-12
-14
-16
-16
-16
-17
-17
-17
-17
-18
-18
-16
-16
-17
-17
-18
-17
-15
-15
-14
-13
-11
-11
-10
-9
-9
-8
-6
-7
-5
-5
-5
-4
-3
-2
-1
-1
-1
1
1
3
4
5
7
8
8
8
9
8
8
9
9
9
9
9
10
12
10
11
11
11
11
12
12
13
14
14
14
14
13
13
13
13
12
12
9
9
9
8
8
7
6
5
4
3
3
2
1
1
-1
0
1
-2
-1
-2
-4
-4
-4
-4
-4
-7
-8
-7
-7
-7
-8
-9
-10
-10
-10
-10
-10
-9
-10
-10
-10
-11
-11
-11
-10
-11
-10
-10
-10
-10
-9
-9
-8
-9
-8
-7
-6
-5
-5
-6
-4
-3
-2
-1
0
-1
0
3
2
4
7
6
7
9
9
9
10
8
10
9
10
11
11
11
12
11
11
12
11
11
11
11
11
12
11
11
12
12
10
10
10
9
8
8
8
7
6
8
8
8
7
6
5
5
3
3
2
2
1
2
0
-1
-2
-3
-3
-4
-4
-6
-6
-8
-8
-9
-9
-9
-10
-10
-10
-10
-11
-12
-12
-12
-13
-12
-12
-11
-11
-11
-11
-12
-12
-11
-12
-11
-11
-12
-11
-11
-10
-9
-9
-7
-7
-6
-4
-5
-4
-2
-3
-3
-1
-2
-2
-1
-1
0
-1
1
0
0
2
2
3
3
3
4
3
4
3
4
4
5
6
5
5
5
5
3
3
2
3
3
3
3
4
4
4
4
4
4
5
5
6
6
5
6
6
5
6
5
5
4
4
4
3
4
5
4
4
5
5
4
3
4
4
6
5
5
4
5
2
2
1
0
-1
-1
-2
-2
-3
-4
-4
-3
-4
-4
-5
-4
-6
-6
-6
-6
-6
-5
-5
-5
-6
-5
-5
-5
-4
-5
-5
-4
-4
-3
-4
-3
-4
-4
-3
-1
-2
-1
-2
-2
-1
-1
-2
-2
-1
-2
-1
-1
-2
-1
-2
-1
-2
-1
-1
0
-1
0
0
1
3
1
2
1
1
1
0
1
1
2
2
1
2
2
