-11
-10
-11
-11
-12
-13
-13
-13
-16
-14
-13
-15
-14
-15
-14
-15
-16
-16
-14
-13
-12
-11
-8
-7
-7
-7
-6
-6
-4
-3
-3
-3
-3
-2
0
1
0
1
0
0
2
2
3
5
4
4
4
2
1
0
-1
-2
-3
-5
-4
-5
-5
-7
-8
-8
-9
-7
-7
-8
-8
-8
-7
-9
-8
-8
-7
-7
-9
-9
-8
-9
-9
-9
-8
-6
-6
-5
-3
-3
-2
-2
0
1
3
3
5
6
6
6
7
8
7
9
9
9
9
10
10
12
12
13
13
13
13
13
12
12
12
11
10
9
8
7
6
6
4
4
3
2
3
3
2
1
0
-1
-2
-3
-3
-3
-4
-3
-4
-4
-4
-4
-4
-3
-2
-2
-1
-1
0
1
2
1
2
2
3
3
3
3
3
2
2
3
4
4
5
5
5
6
5
5
5
4
3
1
0
-1
-2
-2
-3
-3
-5
-5
-6
-8
-8
-8
-8
-9
-9
-9
-9
-9
-9
-10
-10
-9
-9
-8
-7
-7
-8
-6
-5
-4
-2
-1
-1
0
0
0
2
3
4
5
5
6
6
6
7
8
7
8
8
8
8
8
8
9
9
8
8
9
7
6
5
5
5
2
2
1
-1
-2
-2
-2
-1
-1
-1
-2
-2
-3
-4
-4
-5
-5
-6
-6
-6
-6
-7
-8
-6
-6
-6
-6
-4
-3
-2
1
2
3
4
5
6
6
6
6
6
5
6
7
7
8
7
8
8
9
9
8
9
8
9
8
7
6
5
3
1
1
-2
-3
-3
-3
-5
-4
-5
-5
-4
-4
-5
-4
-6
-7
-7
-8
-8
-9
-9
-10
-11
-12
-12
-12
-10
-8
-8
-7
-6
-4
-4
-3
-3
-3
-2
-3
-4
-2
-4
-4
-4
-3
-3
-3
-2
-2
-1
-1
-1
-1
1
1
1
0
0
-1
-2
-3
-3
-5
-6
-6
-6
-6
-6
-7
-5
-3
-3
-3
-2
-2
-2
-2
-2
-3
-5
-6
-6
-6
-7
-6
-5
-5
-4
-3
-3
-2
0
1
2
3
3
5
5
6
4
4
4
4
5
4
4
3
3
5
5
6
6
7
6
7
8
7
7
6
5
6
5
4
3
4
3
2
2
2
3
4
4
4
4
4
5
4
5
4
4
4
3
2
2
3
2
3
2
3
4
5
6
7
8
8
8
7
7
7
6
6
5
5
5
5
5
5
6
5
5
6
7
7
7
6
7
7
7
6
5
6
4
2
3
2
2
3
3
2
1
2
2
2
1
1
1
0
-1
-2
-4
-3
-5
-6
-6
-7
-7
-7
-9
-8
-8
-7
-7
-7
-6
-6
-7
-7
-8
-8
-8
-9
-8
-7
-8
-8
-7
-7
-8
-7
-5
-5
-6
-6
-6
-4
-4
-5
-4
-5
-4
-5
-5
-5
-6
-6
-6
-7
-7
-8
-7
-8
-8
-6
-7
-7
-4
-7
-6
-4
-3
-5
-4
-3
-3
-4
-3
-2
-2
1
1
2
4
3
3
5
4
5
4
2
3
3
5
1
3
4
4
1
3
4
4
2
3
2
2
4
4
2
2
6
3
4
7
5
8
4
5
6
6
5
2
5
6
4
3
6
8
7
5
10
7
4
4
5
3
1
4
3
3
1
-1
1
-1
-1
-1
-4
-1
-3
-5
-6
-7
-7
-9
-8
-6
-6
-2
-3
-1
-3
1
1
-2
1
4
3
4
5
6
7
8
8
7
10
6
9
4
4
7
-5
-4
-1
-4
-8
-8
-5
-6
-9
-10
-11
-5
-10
-12
-8
-7
-5
-10
-7
-1
-5
-1
4
5
6
8
10
4
10
7
2
7
5
2
1
3
3
-7
0
-2
-9
-5
-8
-8
-14
-16
-8
-15
-18
-14
-9
-9
-11
-5
-5
-2
-2
-2
3
1
3
10
2
11
16
8
12
18
14
15
17
21
18
5
19
20
0
6
16
6
-3
6
4
2
-4
2
-1
-3
-6
-8
-7
-10
-7
-19
-12
-8
-14
-20
4
-13
-9
-5
-6
-4
-3
-4
4
-2
5
5
0
12
3
4
14
13
7
13
11
18
2
-4
11
9
-17
-3
0
3
-21
-16
11
-11
-39
-7
-1
-28
-29
-19
-6
-38
-23
-3
-16
-19
4
-9
-1
0
10
8
-6
10
6
4
-4
9
7
8
8
1
19
27
-16
12
17
-12
-9
-3
6
-26
-26
20
-16
-35
7
8
-24
-20
9
-2
-27
-1
3
-11
5
-4
-6
17
-4
-6
10
7
9
-19
-6
25
-33
-30
18
-26
-27
1
0
4
-11
-15
16
-12
-51
-8
-19
-55
-37
-34
-29
-49
-42
-23
-37
-29
10
-4
-4
0
28
-2
9
34
-13
9
24
17
9
41
54
44
42
63
35
41
39
28
28
39
23
3
30
-2
-34
33
30
-27
-12
62
-1
-59
11
24
-20
-32
47
32
-27
38
59
11
24
57
60
-25
26
86
-27
17
30
28
39
27
51
84
48
58
65
66
59
28
50
38
36
25
61
10
12
14
117
7
-8
113
45
-37
26
39
31
25
-21
65
28
6
7
18
21
37
-18
37
24
-8
-4
2
-6
-7
-2
-74
-6
59
-20
-26
53
103
-7
-51
95
47
-85
-70
45
-33
-93
-39
-10
-40
-65
-25
32
-26
-38
14
-14
-31
-48
25
-48
-56
-8
-46
-6
-33
-25
18
-17
-33
29
-37
35
-29
-38
-8
-52
-56
-112
-7
-35
-125
-74
-18
-133
-105
-102
-33
-74
-105
-43
-58
-51
-67
-69
0
39
-41
-37
7
-37
-28
-73
30
-68
-58
4
-60
-88
-4
20
-11
-11
105
11
-47
83
-29
-19
48
18
20
-23
-90
68
-65
-50
32
-5
-27
-1
-70
45
-39
-59
43
-1
-79
-51
-24
-10
-14
28
126
21
52
17
-57
96
-3
-54
160
-35
-34
27
48
4
-43
48
214
-127
-5
262
-78
-93
138
-3
-73
76
2
86
-64
68
116
-25
-17
197
-48
-75
141
-68
20
25
-54
89
57
-77
-4
19
99
-53
-68
200
19
-162
150
7
-88
75
-71
91
66
-91
158
-24
-88
124
-99
-28
110
-56
-51
95
-79
-4
40
-28
68
66
-47
61
90
-61
-34
49
-23
-15
45
-97
-6
-4
-13
-36
76
19
4
15
-70
87
-28
-118
141
-61
-39
-14
11
-27
-10
6
-7
48
29
-53
21
-56
17
-99
-83
82
-65
23
-89
67
58
-133
-96
151
-40
-35
-79
92
-36
-37
-49
128
36
-61
88
95
-20
48
75
54
82
15
80
21
71
111
0
130
209
-51
42
209
-6
90
-124
98
55
-343
104
131
-177
-36
-66
126
-226
-49
137
18
61
-60
30
126
-147
39
55
17
56
-24
31
63
82
-16
85
12
136
4
5
93
74
65
25
237
68
63
6
153
91
-127
226
162
-200
112
-7
-204
53
-244
181
-75
-2
-18
165
-135
51
-102
256
-75
-60
173
-102
21
-11
-60
36
107
-154
43
-29
-6
58
-80
-60
101
-87
-71
-17
-64
-22
-17
-129
-70
-27
-52
-193
-24
-241
-39
-75
-280
-18
-206
-52
-135
-141
16
-47
-112
287
-279
49
184
-318
148
-112
24
228
-417
52
185
-333
-27
91
13
-11
-80
65
89
-164
-268
255
-135
-89
-58
128
91
-423
52
36
-17
-126
53
105
38
-240
-28
88
-87
-57
47
43
-13
-57
-131
144
-60
50
-46
23
13
-130
-72
-42
194
-284
200
59
-197
150
-67
-33
90
-70
126
-15
-187
364
-201
-16
105
81
0
80
-52
187
118
-163
187
271
4
-57
322
65
-29
-23
174
161
9
-65
520
30
-318
513
-180
116
216
-62
380
-23
-103
350
-129
113
268
66
198
27
224
-18
208
82
114
298
-35
40
229
-35
46
82
-6
275
-264
78
88
-50
-102
-32
148
-94
-174
167
-51
-149
34
-28
102
-26
62
91
73
-82
135
-84
-19
139
-81
64
-74
70
-126
-4
39
51
-127
168
-4
-242
132
-78
-125
35
-314
58
9
-475
253
-274
-154
-22
-160
-89
-109
185
-277
91
-59
-221
134
-365
-64
341
-616
243
24
-387
96
-77
-136
174
-261
52
142
-247
102
-25
-38
83
-172
24
-3
-64
-139
-89
75
-162
-251
-35
-106
-62
-341
14
20
-267
-84
-31
-127
49
-180
103
-158
49
105
-163
-60
147
-59
62
31
-40
78
-74
-167
150
-187
83
113
-394
254
-200
-190
86
-213
64
-63
-303
301
-513
-70
58
72
-49
-1
138
40
139
72
-45
248
187
-55
77
187
145
-36
87
14
190
-114
131
-67
63
-48
-20
64
-135
101
46
-251
206
33
-70
231
15
37
331
-506
399
159
-240
111
273
11
33
53
113
194
-62
123
-28
119
-35
-56
-117
170
-126
210
-285
105
229
-301
67
201
-110
100
-75
20
173
-74
-216
235
192
-413
363
-5
91
55
-134
453
-153
-178
-21
-45
-49
-34
22
119
6
-91
29
-164
-77
289
-427
302
57
-246
419
-134
-28
231
-22
47
76
-58
136
123
-83
-46
-27
-67
-65
-212
-54
364
-443
34
283
-335
0
24
-248
315
-400
-59
390
-299
30
-104
9
47
-372
199
455
-522
276
179
-406
110
84
-179
-95
39
-162
-99
164
62
-165
279
-289
204
-159
-127
405
-361
217
179
-451
388
-136
-155
372
-203
6
378
-111
-51
186
-45
15
73
-340
320
48
-237
383
65
-99
-67
-36
163
-20
-204
440
-171
-203
103
-14
-88
177
5
193
-95
215
-8
-84
118
-42
82
-79
51
-254
108
-38
-42
-169
157
-40
-113
-176
371
-363
78
61
-298
339
-133
187
-71
34
99
-202
51
192
-69
-133
187
17
-214
-71
-18
7
-88
-130
168
-114
-220
-126
60
-234
-145
-28
-211
-30
-327
190
-453
31
35
-172
67
93
114
-260
343
-164
134
17
131
-115
101
-39
133
-353
449
-264
154
55
-270
291
-424
83
-34
-44
32
76
-452
139
-131
-232
177
-42
121
39
-219
113
109
-509
471
-317
112
-111
60
99
-131
-47
166
-197
143
-179
31
337
-351
93
86
-117
-156
61
165
-77
-10
305
-128
-148
330
-51
60
39
18
-31
102
-111
146
-86
122
169
-598
455
-109
-307
209
-277
296
-431
69
204
-345
173
-135
14
155
-319
158
169
-82
-154
292
-1
-24
148
103
324
-203
253
162
-173
317
35
-184
330
-169
160
-71
205
75
-211
220
-15
-18
45
113
150
-6
-146
262
-57
-67
282
143
-236
583
-248
58
260
-366
512
-183
73
528
-387
106
366
-462
408
-197
480
-39
-181
512
-467
21
-36
-134
297
188
-415
682
-626
-65
581
-695
240
555
-675
242
-74
-32
-44
-329
471
-192
-102
-62
426
-214
-514
666
-420
-198
202
-129
-18
-143
60
-253
400
-731
428
184
-693
403
44
-533
389
-510
286
30
-758
657
-389
-422
418
-237
-382
388
-477
48
68
-404
284
-303
-4
-56
109
-317
158
77
-438
385
-196
-198
344
-120
-75
86
102
-136
-50
381
-564
580
-363
-93
237
-498
344
-169
0
97
110
-200
-227
443
-338
48
138
150
-277
206
-212
43
-72
-203
402
-71
-124
253
-191
250
-271
95
415
-564
601
-363
327
-221
-8
165
76
-24
190
-31
-78
158
-63
7
358
-97
13
233
-259
194
-35
-11
363
-236
96
-216
451
-464
-67
727
-700
-38
634
-517
206
170
-179
203
-336
316
80
-305
291
308
-483
207
284
-233
48
518
-350
-91
515
-316
190
351
-330
305
39
-370
281
1
-251
702
-359
-139
408
-572
372
-327
-49
580
-734
275
199
-502
256
143
-76
-494
470
242
-995
853
104
-706
361
-115
-277
223
-295
346
-111
-280
68
140
-330
321
-445
429
-158
-92
-192
303
-344
-310
651
-516
-249
711
-645
-142
311
-520
480
-265
171
139
-510
242
119
-722
887
-8
-543
533
-369
-86
369
-489
257
345
-488
-88
426
-320
-2
95
0
18
-82
318
-225
204
-74
-224
252
-203
101
120
-311
407
-496
97
333
-354
106
225
-199
-51
315
-371
146
54
-72
-33
-106
471
-258
1
227
-102
304
-279
353
125
-110
410
-250
544
-435
-63
841
-759
128
845
-825
249
301
-678
701
-302
-223
719
-583
131
276
-457
324
136
-131
128
64
62
-177
101
75
179
-283
200
510
-796
276
512
-554
355
2
258
41
-807
803
47
-938
802
-152
-238
192
-188
-312
319
-258
-72
229
-111
132
-196
-161
175
36
-176
-100
339
-316
55
116
-337
-6
234
-626
375
98
-266
-141
163
-88
-380
572
-435
92
-76
-185
-109
61
-407
415
-132
-912
1052
-620
-560
933
-880
185
206
-848
589
-505
102
-24
-630
787
-675
-107
262
-143
109
-349
-29
606
-1192
782
74
-889
1079
-766
82
194
-234
298
-463
239
376
-802
226
416
-625
109
326
-289
73
164
-65
144
-182
319
-77
-304
501
-702
601
-123
-326
785
-470
19
513
-446
136
778
-645
481
243
-550
741
-311
-429
1303
-767
-73
1097
-753
545
110
-171
388
58
-171
608
-57
-101
376
83
-437
926
-221
-140
658
-153
207
-126
491
-83
-133
478
91
-214
291
293
-105
142
504
-267
278
190
121
32
-224
859
-618
172
206
204
-72
120
154
452
-505
209
212
368
-686
705
239
-809
469
182
-517
376
-249
184
174
-846
1196
-718
-428
622
-437
-123
482
-773
916
-520
-485
765
-351
-410
692
-291
-273
174
-49
-409
-69
-113
318
-647
-259
697
-779
-1
33
-386
490
-697
-246
280
-355
-405
14
-86
-440
71
-490
179
-786
644
-827
-270
350
-452
-9
-523
207
-103
-757
457
-82
-265
10
-373
528
-844
101
130
-334
156
-134
27
-364
205
-257
67
-243
108
136
-224
-42
302
-254
47
-73
-292
665
-600
594
-339
150
-49
-51
226
-237
438
198
-312
331
97
92
-129
125
391
-290
324
-57
100
0
148
-282
712
-631
298
447
-696
768
-326
-87
481
-484
276
378
-469
589
-229
150
178
-108
41
601
-514
303
323
-727
1055
-745
439
419
-369
161
371
-343
825
-989
1053
-111
-511
725
-127
-41
-134
271
68
-13
189
128
-104
323
-367
358
254
-325
473
-42
-85
23
17
-11
87
0
-18
233
-353
528
-301
-155
856
-933
365
534
-1025
1198
-1020
266
370
-601
314
79
-116
127
-330
383
-214
-483
977
-891
523
-218
-261
406
-465
-97
602
-910
681
-162
-714
839
-642
-223
324
-355
86
231
-863
764
-428
-511
743
-394
-184
172
-265
3
169
-739
965
-671
73
-59
92
-256
-133
610
-931
583
-250
-85
-164
157
-572
582
-662
239
453
-808
487
-73
-548
594
-571
232
189
-457
554
-382
-218
631
-558
16
605
-474
329
-186
43
266
-490
368
-16
-197
356
-408
418
-316
63
388
-547
459
85
-352
308
104
-497
952
-692
284
444
-709
389
130
-500
567
-66
-175
648
-946
878
-270
-354
740
-252
-382
874
-686
436
-324
78
148
-14
-170
369
235
-709
650
59
-557
849
-403
-9
585
-815
856
-228
-567
841
-230
-425
946
-636
622
-170
-581
1047
-726
-79
673
-266
-74
104
-277
440
-636
600
-418
322
-168
-59
-73
-88
86
-256
66
-167
209
-436
183
255
-741
322
505
-1197
948
-395
-197
316
-624
159
175
-339
18
294
-498
-94
327
-459
-78
543
-871
312
190
-710
533
-246
-559
438
11
-1034
1378
-834
-394
858
-959
110
54
-455
362
-356
-285
276
-99
-644
398
115
-737
569
-234
-169
334
-372
100
50
-437
260
31
-282
317
-146
27
-150
96
-94
-27
116
-1
64
60
-403
509
-374
207
82
-151
158
-270
279
-157
230
161
-244
592
-611
60
909
-1291
1100
84
-791
931
-612
222
205
-290
544
113
-269
564
-81
108
-136
257
38
-7
414
-418
265
151
-221
-64
474
-222
84
83
-115
175
-104
39
409
-188
-90
216
-450
336
88
429
-97
-3
87
-283
303
69
16
489
-227
176
76
-300
352
118
-232
167
250
-654
495
-207
-121
419
-607
247
294
-508
291
52
35
-153
-234
439
-287
-147
-52
181
-397
-173
335
-212
-229
136
-119
145
-291
189
-53
-112
73
-205
15
-166
154
19
-207
47
217
-301
-32
314
-37
-361
80
-158
16
-551
359
149
-503
62
70
-150
-275
-86
381
-202
-471
368
95
-491
145
291
-292
15
54
151
17
-316
428
29
-264
191
186
76
-317
289
229
-364
302
89
-254
126
-96
130
-32
-45
340
-204
-209
314
-12
-230
240
-85
132
-165
-79
357
-355
146
65
-121
110
-16
-87
258
-334
96
80
-224
-15
135
-189
11
38
119
-112
243
-79
-28
14
67
-158
166
-194
159
7
-264
186
-129
-104
-53
-17
46
14
-191
223
-112
-4
55
-55
105
20
70
140
-98
78
29
-99
337
-115
171
173
12
-52
154
-57
33
-73
309
-78
20
134
-126
208
-63
147
-6
301
-72
88
67
-65
-25
-100
41
82
-14
-6
-139
-44
43
-240
204
223
-92
115
5
-46
-45
-109
180
0
-136
134
-115
-210
-29
-69
-133
-108
-76
-135
-52
-286
-34
-189
-251
-170
-111
-186
-239
63
-323
-216
-204
-223
-124
-95
-25
-53
-11
-92
-23
4
34
128
130
134
229
178
192
165
236
276
320
233
377
370
236
398
245
363
358
323
379
337
300
134
274
227
201
131
315
289
32
162
387
45
64
306
185
78
68
322
82
-149
230
127
-264
-62
122
-227
-237
-242
-39
-422
-473
-226
-383
-598
-477
-517
-665
-724
-834
-540
-883
-940
-780
-999
-1165
-1062
-1046
-1246
-1340
-1201
-1106
-1380
-841
-240
-234
45
165
-179
120
242
539
926
745
1220
1288
1034
1032
969
955
660
848
1227
894
898
549
132
-120
-308
-476
-655
-565
-423
-277
-403
-611
-626
-667
-632
-357
-58
222
403
753
756
1024
1044
1133
1389
1338
1946
2182
2134
2106
2079
1556
1400
1262
822
1005
783
695
600
122
-246
-550
-844
-912
-907
-802
-645
-791
-683
-837
-945
-749
-720
-458
-326
-96
47
-174
-85
-118
-327
-254
-168
-164
-280
-461
-619
-853
-1157
-1421
-1342
-1656
-1919
-1941
-2275
-2468
-2732
-2739
-2596
-1627
-811
-126
-275
-654
-414
-149
410
1153
1458
1870
2314
2122
1989
1666
1450
1206
1320
1674
1962
1757
977
194
-509
-840
-1164
-1508
-1650
-1305
-832
-1031
-1307
-1794
-2030
-1561
-1362
-815
-102
227
667
835
967
1046
1199
1252
1410
2310
2614
2952
2688
1986
1811
1332
956
654
456
484
747
584
-35
-360
-934
-1230
-1101
-1003
-721
-469
-393
-345
-321
-485
-505
-282
-37
606
1102
1299
1389
1301
1243
1227
1205
1201
1314
1479
1300
1138
595
35
-144
-522
-639
-619
-982
-1193
-1329
-1862
-2052
-2365
-2322
-2241
-2129
-2064
-2250
-2204
-2439
-2264
-2119
-2166
-1997
-2005
-1994
-1561
-1368
-135
883
1472
1804
1125
1364
1407
1945
2477
2547
2943
2591
2197
1527
722
469
-266
-238
78
14
58
-981
-1936
-2831
-3014
-3042
-2946
-2525
-2023
-1342
-1124
-1332
-1600
-1403
-984
-152
812
1545
2394
2389
2214
2067
1855
2093
1992
2284
2716
2946
2858
2030
985
245
-160
-192
-464
-293
-391
-594
-504
-1170
-1249
-1433
-1307
-826
-223
279
496
581
413
622
792
1167
1411
1797
1940
2167
2090
1703
1375
1057
1102
1048
967
678
324
-141
-594
-972
-1274
-1505
-1440
-1482
-1651
-1763
-2020
-2190
-2121
-1948
-1691
-1556
-1604
-1658
-1651
-1746
-1554
-1550
-1646
-1567
-1771
-1523
-1683
-1242
143
1169
2030
1625
807
851
1044
2122
2488
2737
2885
2286
1862
987
384
103
-574
-273
22
250
-107
-1622
-2682
-3384
-3049
-2579
-2429
-2060
-1387
-812
-607
-1120
-1354
-946
20
1214
2058
2722
2897
2426
2021
1717
1790
2114
2010
2150
2269
2292
1696
484
-527
-902
-686
-329
-337
-438
-556
-870
-892
-991
-865
-562
109
646
1216
1429
1199
1175
977
1334
1808
2048
2202
2179
1965
1709
1272
815
589
544
667
424
181
-412
-994
-1278
-1516
-1550
-1485
-1315
-1249
-1246
-1514
-1581
-1564
-1424
-1119
-763
-478
-526
-707
-1212
-1469
-1427
-1452
-1337
-1648
-1936
-2002
-2234
-2173
-1158
301
1354
1185
435
58
428
1263
2255
2303
2548
2522
1812
1139
218
72
-473
-490
-34
-22
-47
-1434
-2988
-3834
-3825
-3088
-2746
-2402
-1907
-1372
-1020
-1445
-1738
-1466
-395
980
1982
2744
2881
2616
2001
1660
1868
2329
2624
2544
2577
2283
1898
733
-309
-795
-596
-125
-179
-180
-662
-1004
-1054
-1212
-734
-178
317
1006
1080
1338
1212
1052
1305
1429
1998
2374
2389
2230
1790
1485
1035
842
902
867
1084
750
282
-354
-859
-1059
-1197
-1028
-891
-770
-796
-1084
-1431
-1571
-1614
-1173
-885
-486
-403
-561
-861
-1475
-1698
-1769
-1632
-1414
-1645
-1867
-2457
-2897
-2796
-2789
-675
932
1858
1541
246
368
327
1762
2722
2661
3370
2453
1805
843
-231
-218
-1140
-723
-376
-153
-468
-2446
-3835
-4722
-4091
-3164
-2608
-1977
-1551
-1060
-821
-1142
-1207
-518
668
2214
3291
3749
3664
2665
1826
1602
2018
2694
2689
2515
1970
1621
902
-481
-1181
-1569
-915
-261
-193
-385
-1163
-1469
-1473
-1098
-259
357
1055
1418
1582
1656
1435
1225
1193
1700
2305
2678
2554
1967
1284
789
621
532
544
567
496
214
-382
-963
-1464
-1660
-1524
-1205
-854
-799
-889
-1348
-1575
-1376
-1174
-790
-440
-334
-345
-560
-974
-1604
-1712
-1747
-1588
-1614
-2130
-2463
-2966
-2958
-2929
-1752
449
1827
2195
847
267
503
1281
3126
3231
3795
3516
2191
1395
59
-17
-574
-792
-290
-227
-12
-1626
-3648
-4901
-5037
-3567
-2473
-1736
-1276
-988
-702
-963
-1080
-649
540
1998
3349
3956
3947
3047
1629
937
1125
2157
2682
2374
1826
941
517
-570
-1495
-1720
-1382
-217
168
232
-432
-1117
-1133
-838
223
1208
1911
2197
2040
2074
1818
1555
1509
1568
2259
2734
2706
2073
1088
458
284
457
633
682
560
181
-433
-926
-1388
-1602
-1461
-1167
-676
-500
-657
-1068
-1540
-1440
-1032
-464
-91
-127
-365
-597
-1156
-1781
-1937
-2141
-1829
-1786
-2379
-2730
-3619
-3541
-3473
-2809
-395
1312
2228
1638
257
538
938
2713
3675
3633
3935
2596
1498
327
-543
-624
-1382
-1126
-988
-967
-1550
-3729
-5184
-5655
-4683
-3020
-2165
-1506
-1090
-847
-512
-640
-280
695
1980
3360
4091
4255
3634
2215
1159
814
1473
2269
2064
1401
410
-191
-824
-1670
-1935
-1842
-959
-99
85
-105
-712
-887
-585
158
1316
2140
2491
2403
2207
2069
1915
1897
1937
2190
2618
2772
2240
1437
686
348
367
497
660
476
163
-409
-905
-1253
-1410
-1217
-1114
-845
-522
-504
-697
-1121
-1307
-923
-515
-93
42
-261
-570
-978
-1608
-2031
-2143
-2081
-2095
-2413
-2931
-3385
-3537
-3530
-2732
-713
1539
2581
2073
1026
595
1284
2924
4165
4568
4202
3092
1673
452
-365
-725
-1193
-1302
-1050
-973
-1638
-3490
-5242
-5784
-4847
-3165
-1858
-966
-587
-401
-288
-241
227
1063
2307
3547
4354
4606
3890
2450
981
366
884
1652
1821
1121
106
-789
-1373
-1996
-2331
-2007
-1280
-479
28
56
-267
-660
-603
3
969
1941
2306
2258
1939
1671
1520
1328
1255
1511
1890
2239
2089
1392
629
94
-4
238
462
512
193
-287
-821
-1191
-1290
-1350
-1188
-1012
-647
-398
-458
-789
-1300
-1099
-606
-189
29
-411
-601
-1086
-1472
-1633
-2107
-2028
-2284
-2460
-2586
-3002
-2988
-3303
-2719
-750
1469
3101
2725
1499
811
1263
2820
4376
4805
4478
3127
1513
442
-354
-756
-1426
-1755
-1385
-1206
-1465
-3179
-5094
-5788
-5124
-3202
-1654
-564
-71
-51
172
205
740
1487
2363
3475
4340
4816
4295
2718
929
-33
374
1185
1450
870
-143
-916
-1510
-2121
-2446
-2261
-1809
-886
-153
303
275
-255
-434
-225
703
1809
2373
2521
2133
1856
1588
1286
1180
1047
1493
1850
1881
1668
812
96
-260
-202
131
275
198
-283
-794
-1088
-1324
-1392
-1368
-1222
-783
-369
-183
-363
-926
-1102
-910
-392
-96
-238
-474
-1004
-1428
-1798
-2251
-2451
-2652
-2672
-2805
-3114
-2980
-3237
-2841
-1404
689
2537
2744
1949
1175
1123
2459
3964
4608
4344
3156
1762
539
-126
-625
-1300
-1752
-1807
-1577
-1583
-2694
-4360
-5445
-5212
-3704
-1910
-536
49
176
304
552
1061
1700
2438
3301
4076
4642
4460
3276
1629
324
108
696
1124
931
97
-803
-1455
-1878
-2105
-2116
-1933
-1421
-656
93
523
393
26
-121
352
1200
2043
2579
2427
2118
1811
1571
1476
1299
1314
1469
1693
1813
1433
761
15
-329
-224
-17
96
-147
-537
-928
-1155
-1218
-1328
-1330
-1101
-653
-241
72
-132
-499
-626
-493
-74
-34
-23
-318
-894
-1196
-1707
-1962
-2320
-2719
-2697
-3098
-2827
-2825
-2559
-1239
411
2213
2599
1988
1272
1208
2415
3797
4738
4482
3174
1717
373
-6
-453
-1024
-1707
-2056
-1703
-1787
-2577
-4134
-5375
-5392
-4182
-2317
-839
-16
125
84
375
931
1768
2347
2961
3605
4239
4480
3538
1994
495
-55
330
693
730
128
-599
-1330
-1911
-2060
-2130
-2027
-1759
-1238
-383
444
670
430
82
147
773
1544
2266
2477
2329
2113
1844
1743
1467
1219
1265
1320
1623
1634
1131
381
-359
-573
-607
-510
-543
-800
-1003
-1206
-1306
-1388
-1561
-1470
-1146
-594
18
210
3
-338
-572
-557
-437
-351
-507
-880
-1166
-1721
-2230
-2658
-3191
-3471
-3617
-3295
-2634
-1807
-143
1045
1495
1504
954
1095
1733
2984
4364
4504
4089
2572
1028
378
-254
-409
-961
-1397
-1340
-1642
-1975
-3281
-4704
-5224
-5059
-3692
-2053
-676
93
45
4
221
879
1717
2276
2875
3707
4402
4505
3461
1975
835
341
638
814
755
475
-237
-898
-1518
-1861
-1901
-2057
-1883
-1374
-472
494
783
664
379
328
759
1198
1813
2339
2425
2447
2294
2024
1720
1324
1092
1107
1417
1718
1552
995
266
-295
-577
-830
-964
-1013
-1031
-933
-976
-1090
-1323
-1563
-1515
-1213
-590
-25
179
198
-103
-445
-582
-677
-874
-1080
-1232
-1530
-1917
-2330
-2776
-3219
-3360
-2916
-1968
-230
1238
1544
1316
871
1018
1539
2403
3458
3777
3692
3031
1944
1335
633
-24
-788
-1323
-1241
-1249
-1472
-2413
-3753
-4460
-4686
-4165
-3125
-1998
-914
-351
-26
314
841
1402
1652
1806
2389
3217
3918
3855
3071
2162
1388
991
706
472
304
-52
-392
-743
-1050
-1232
-1648
-2046
-2147
-1721
-859
-135
416
683
716
846
865
925
1062
1348
1899
2246
2588
2680
2297
1815
1242
1020
1096
1266
1427
1159
847
506
-4
-553
-1210
-1548
-1557
-1377
-1024
-860
-853
-1057
-1321
-1320
-1164
-788
-395
-120
-25
-83
-216
-510
-898
-1274
-1622
-1845
-2079
-2244
-2521
-2698
-2539
-1917
-576
496
879
717
238
567
1293
2172
3037
3122
2991
2409
1771
1543
1109
569
-231
-805
-716
-823
-1164
-2085
-3248
-3905
-4213
-3934
-3302
-2627
-1879
-1540
-1154
-597
-56
566
854
1115
1629
2315
2999
3169
2994
2693
2257
1914
1550
1256
1033
651
158
-296
-526
-615
-989
-1421
-1761
-1808
-1521
-1179
-776
-384
-112
149
339
563
682
691
845
1206
1774
2260
2502
2421
2096
1795
1614
1507
1429
1313
1086
911
764
484
-71
-749
-1310
-1662
-1675
-1488
-1325
-1219
-1325
-1469
-1410
-1335
-1154
-1018
-899
-709
-611
-435
-401
-623
-906
-1301
-1585
-1841
-2037
-2168
-2189
-1767
-751
432
1161
1238
757
355
531
1163
2015
2581
2661
2413
1944
1710
1515
1061
379
-333
-559
-465
-455
-823
-1593
-2377
-2966
-3263
-3172
-2827
-2321
-1939
-1637
-1180
-595
24
432
569
773
1205
1690
2158
2452
2624
2654
2535
2338
2141
1986
1718
1248
680
303
172
78
-201
-544
-918
-1153
-1215
-1230
-1078
-874
-740
-544
-250
84
317
341
418
720
1217
1723
2044
2208
2320
2302
2237
2072
1826
1553
1207
984
856
690
393
-139
-673
-1046
-1253
-1310
-1420
-1570
-1673
-1617
-1397
-1259
-1172
-1200
-1312
-1325
-1236
-1016
-823
-745
-772
-952
-1147
-1317
-1614
-1838
-1743
-1174
-188
742
1212
1198
842
597
645
947
1351
1544
1483
1329
1204
1186
1068
633
51
-432
-585
-648
-833
-1118
-1585
-2010
-2335
-2569
-2501
-2323
-2110
-1998
-1878
-1499
-1043
-584
-282
-23
331
684
1016
1282
1534
1765
1871
1856
1835
1889
1936
1803
1392
955
601
384
234
-28
-290
-530
-753
-858
-867
-868
-897
-979
-1024
-833
-551
-344
-231
-36
320
768
1199
1399
1514
1630
1791
1924
1988
1992
1846
1601
1268
984
776
503
154
-196
-406
-487
-571
-800
-1150
-1427
-1479
-1278
-1060
-921
-854
-945
-1003
-1010
-974
-886
-825
-818
-793
-791
-845
-1058
-1396
-1591
-1399
-754
51
631
812
748
702
775
884
1033
961
861
783
815
997
1150
1059
751
413
202
41
-163
-421
-746
-1070
-1334
-1562
-1636
-1586
-1521
-1507
-1555
-1515
-1388
-1177
-917
-700
-413
-124
152
456
756
1078
1283
1338
1332
1435
1626
1747
1714
1590
1442
1381
1291
1112
842
455
75
-165
-245
-252
-316
-475
-628
-703
-658
-648
-687
-645
-480
-184
140
393
595
718
835
977
1069
1177
1219
1158
1039
875
766
696
622
505
392
301
181
-44
-362
-596
-699
-661
-507
-433
-378
-405
-494
-566
-668
-709
-741
-775
-752
-753
-775
-877
-1116
-1385
-1592
-1529
-1286
-949
-600
-313
-50
97
207
231
156
186
212
246
360
449
562
645
725
796
755
718
626
451
272
21
-229
-430
-583
-607
-638
-643
-719
-892
-945
-932
-837
-721
-688
-670
-665
-556
-333
-151
-2
64
115
272
535
761
857
905
920
988
1119
1202
1109
917
707
590
582
528
413
220
90
48
91
171
146
66
16
-16
0
33
88
160
241
399
579
751
814
693
517
385
439
606
758
850
890
867
783
558
313
144
62
87
118
234
268
173
49
-112
-256
-253
-297
-303
-455
-513
-607
-691
-851
-967
-1064
-1111
-1183
-1266
-1332
-1402
-1409
-1347
-1241
-1054
-904
-863
-796
-740
-604
-487
-451
-422
-396
-337
-293
-232
-120
-26
67
229
352
419
423
321
197
66
-27
-118
-174
-148
-125
-72
-83
-156
-205
-287
-362
-464
-616
-687
-685
-583
-453
-356
-260
-162
18
199
334
423
439
456
492
546
597
565
511
482
535
673
781
865
927
976
979
941
803
630
526
479
543
637
723
741
678
603
540
559
628
659
707
725
763
790
766
674
602
614
600
601
549
491
408
312
235
245
311
233
129
37
-42
-58
-115
-100
-183
-289
-291
-326
-346
-378
-527
-695
-908
-1096
-1252
-1424
-1587
-1683
-1728
-1583
-1403
-1183
-1040
-939
-863
-864
-854
-863
-803
-704
-599
-457
-326
-155
91
309
508
636
726
781
759
735
654
570
414
263
180
109
52
-82
-261
-398
-454
-461
-564
-691
-809
-886
-847
-756
-630
-501
-357
-220
-53
127
253
301
285
277
338
423
499
588
683
777
819
827
816
822
828
798
798
776
721
640
532
481
481
539
563
550
526
505
520
474
426
403
395
439
475
491
485
437
365
311
324
350
306
226
149
63
43
35
36
84
67
96
151
105
101
22
-147
-299
-405
-461
-549
-722
-784
-866
-998
-1162
-1327
-1464
-1544
-1591
-1699
-1794
-1809
-1699
-1470
-1208
-970
-796
-670
-565
-464
-336
-228
-177
-118
-34
92
313
496
638
713
747
802
776
654
460
218
12
-144
-227
-302
-343
-392
-443
-417
-337
-309
-356
-432
-499
-516
-494
-466
-421
-306
-116
128
420
701
883
931
858
749
706
739
783
814
826
904
956
993
981
941
926
903
887
825
764
721
624
536
467
438
450
481
498
498
447
365
288
257
299
343
373
388
395
415
431
430
428
418
400
395
389
376
353
205
48
-43
-72
-76
-117
-163
-233
-306
-376
-444
-527
-547
-626
-721
-880
-1086
-1208
-1341
-1393
-1438
-1479
-1512
-1570
-1668
-1645
-1611
-1496
-1314
-1124
-887
-678
-505
-344
-289
-240
-245
-253
-254
-246
-176
-77
47
178
268
357
407
409
377
305
191
29
-140
-254
-282
-294
-260
-263
-295
-308
-261
-175
-96
-49
-21
-42
-74
-58
58
228
429
632
826
993
1116
1151
1096
992
913
865
858
843
831
847
871
895
875
840
807
784
765
733
643
502
358
297
311
367
403
411
368
346
376
441
483
494
500
501
539
541
506
430
359
343
362
380
369
294
208
147
108
41
-58
-123
-207
-265
-299
-351
-488
-665
-798
-897
-990
-1048
-1127
-1241
-1403
-1475
-1559
-1682
-1780
-1904
-1976
-2003
-1909
-1749
-1487
-1229
-997
-710
-507
-314
-187
-107
-26
7
-19
-79
-97
-4
138
294
434
554
693
763
751
599
337
-8
-314
-537
-619
-561
-453
-340
-256
-118
17
88
88
-1
-69
-81
-21
100
261
440
640
882
1116
1308
1446
1472
1429
1345
1251
1150
1026
885
792
747
739
708
645
605
561
577
593
565
467
308
163
63
43
89
134
159
219
291
354
390
398
398
411
492
569
611
611
596
565
581
591
576
479
350
226
94
-29
-177
-330
-473
-576
-624
-645
-720
-872
-1063
-1215
-1342
-1480
-1573
-1716
-1870
-1954
-2010
-2072
-2156
-2309
-2371
-2303
-2056
-1569
-1046
-602
-209
52
311
558
683
782
745
642
531
482
484
565
547
499
409
363
290
98
-217
-536
-851
-1046
-1160
-1149
-1033
-869
-706
-524
-295
-16
181
299
360
468
646
824
1007
1189
1416
1626
1848
1999
2107
2123
2012
1848
1667
1447
1195
881
539
253
90
11
-19
-42
-56
-87
-57
5
57
69
112
199
313
424
533
574
595
618
676
749
794
795
743
666
661
668
593
465
324
241
195
167
45
-182
-450
-676
-863
-954
-1081
-1216
-1317
-1390
-1382
-1357
-1367
-1475
-1683
-1801
-1881
-1919
-1973
-2118
-2286
-2388
-2410
-2258
-1975
-1493
-793
-105
443
827
1024
1179
1250
1257
1231
1105
965
797
673
647
631
484
188
-164
-424
-725
-1082
-1499
-1843
-2048
-2053
-1918
-1648
-1325
-988
-692
-322
100
538
837
1030
1228
1551
1895
2162
2276
2321
2334
2307
2235
2074
1860
1570
1266
1027
838
646
420
111
-164
-328
-363
-358
-369
-328
-200
29
367
678
912
1053
1144
1177
1212
1227
1208
1156
1115
1133
1137
1046
866
608
335
145
-10
-199
-399
-581
-671
-689
-701
-794
-936
-1082
-1198
-1233
-1258
-1324
-1431
-1512
-1464
-1394
-1378
-1420
-1564
-1746
-1903
-2048
-2214
-2418
-2550
-2472
-2073
-1282
-243
655
1178
1454
1574
1759
1846
1827
1641
1425
1226
1139
1016
953
690
228
-321
-748
-1041
-1337
-1782
-2256
-2528
-2471
-2204
-1928
-1592
-1223
-819
-438
-17
418
806
1031
1197
1442
1816
2083
2140
1972
1810
1697
1553
1285
956
588
337
165
62
-51
-184
-380
-533
-563
-454
-311
-156
53
385
818
1297
1650
1820
1855
1849
1832
1782
1689
1518
1364
1260
1176
1022
808
522
205
-65
-219
-298
-361
-468
-597
-721
-808
-932
-1107
-1315
-1459
-1483
-1404
-1326
-1249
-1205
-1171
-1226
-1308
-1412
-1614
-1929
-2205
-2496
-2752
-2881
-2897
-2688
-2135
-1178
59
1157
1749
1941
1789
1855
1991
2066
2097
2007
1830
1720
1545
1365
999
333
-466
-1119
-1410
-1529
-1743
-2095
-2289
-2201
-1898
-1593
-1298
-988
-561
-101
485
1122
1723
2054
2142
2160
2210
2106
1762
1187
646
314
137
-69
-344
-608
-754
-793
-800
-863
-994
-1127
-1133
-950
-533
-38
398
817
1296
1797
2236
2444
2383
2199
2015
1907
1785
1574
1299
1028
828
710
568
377
173
9
-4
100
161
84
-143
-399
-564
-675
-749
-879
-1022
-1025
-930
-809
-755
-830
-952
-1137
-1345
-1588
-1995
-2518
-3013
-3438
-3652
-3730
-3787
-3554
-2914
-1757
-241
1053
1688
1813
1669
1794
2000
2241
2327
2152
1877
1716
1517
1278
772
-35
-777
-1185
-1192
-1155
-1364
-1759
-2031
-2031
-1720
-1393
-1016
-547
88
842
1716
2405
2799
2768
2517
2261
2052
1711
1168
523
101
-71
-174
-382
-758
-1135
-1305
-1301
-1205
-1175
-1224
-1191
-948
-487
87
556
828
1040
1336
1775
2191
2346
2231
2063
1894
1771
1503
1083
562
136
-62
-86
-46
5
36
93
283
481
531
398
167
-31
-70
-16
-46
-156
-193
-129
-17
3
-127
-361
-687
-991
-1288
-1733
-2265
-2832
-3372
-3684
-3772
-3746
-3521
-2901
-1811
-364
933
1513
1502
1233
1276
1579
1842
2036
1940
1593
1234
817
301
-239
-1062
-1668
-1838
-1484
-1058
-965
-1264
-1480
-1487
-1209
-951
-708
-272
449
1357
2304
2989
3224
3001
2479
1959
1555
1090
480
-145
-468
-421
-338
-507
-957
-1405
-1516
-1241
-850
-569
-437
-298
-49
328
729
1010
1109
1229
1523
1980
2384
2495
2204
1755
1341
1004
640
197
-222
-430
-375
-199
-93
-144
-269
-361
-327
-151
23
95
131
173
275
335
206
-58
-303
-360
-258
-199
-208
-333
-605
-928
-1308
-1893
-2552
-3133
-3511
-3655
-3546
-3338
-2925
-2227
-1017
428
1527
1895
1743
1476
1639
2008
2228
2190
1777
1220
604
-49
-688
-1280
-1924
-2226
-2028
-1406
-914
-971
-1417
-1679
-1570
-1194
-830
-401
349
1273
2122
2716
2860
2620
2062
1385
891
669
416
-14
-469
-686
-739
-913
-1330
-1790
-1905
-1559
-949
-244
312
579
670
693
743
859
1091
1465
1949
2458
2842
2934
2674
2183
1624
1141
876
727
696
681
611
415
108
-329
-664
-731
-466
-55
378
772
934
795
427
-15
-376
-552
-554
-329
-31
191
137
-127
-599
-1108
-1668
-2160
-2545
-2868
-3137
-3340
-3506
-3575
-3421
-2870
-1830
-357
1159
2023
2211
2081
2074
2170
2264
2226
2048
1663
1161
472
-254
-813
-1358
-1773
-1760
-1407
-1019
-918
-1128
-1319
-1265
-1048
-818
-472
174
1010
1768
2211
2299
2112
1776
1329
884
567
238
-207
-680
-1059
-1283
-1451
-1722
-1951
-1904
-1501
-980
-576
-359
-132
170
325
359
448
674
1106
1681
2257
2543
2413
2118
1811
1567
1477
1414
1327
1341
1391
1382
1149
579
1
-278
-236
50
418
689
889
945
884
613
175
-193
-356
-272
-70
61
-21
-291
-638
-928
-1107
-1364
-1779
-2078
-2354
-2738
-3080
-3453
-3836
-3935
-3582
-2686
-1481
-74
1162
1619
1569
1414
1269
1374
1519
1682
1701
1527
947
162
-689
-1201
-1553
-1588
-1253
-774
-367
-290
-549
-783
-808
-751
-578
-192
462
1210
1707
1767
1505
1145
859
586
401
290
75
-261
-766
-1274
-1635
-1889
-2038
-1938
-1486
-850
-359
-167
-258
-430
-388
-239
-80
137
487
922
1336
1588
1630
1479
1295
1307
1505
1777
1933
1866
1681
1459
1246
1015
720
542
602
866
1130
1204
1107
976
871
823
769
665
573
490
472
348
63
-328
-664
-906
-980
-945
-986
-1290
-1753
-2120
-2620
-3098
-3376
-3564
-3479
-3047
-2272
-1226
-141
902
1375
1241
1077
986
1159
1465
1724
1725
1491
843
14
-766
-1248
-1334
-1248
-881
-439
-115
-109
-458
-806
-810
-570
-214
219
735
1246
1473
1225
758
420
327
398
462
484
323
-59
-652
-1313
-1716
-1881
-1845
-1584
-1069
-520
-218
-291
-560
-787
-764
-470
-107
226
510
743
819
767
691
765
1005
1359
1759
2024
1957
1661
1271
929
804
850
1015
1228
1427
1478
1326
1013
750
656
814
1097
1285
1325
1194
945
605
225
-145
-448
-601
-642
-690
-870
-1138
-1582
-2032
-2380
-2676
-2950
-3180
-3128
-2982
-2769
-2143
-1263
-174
870
1239
1201
1037
1039
1253
1510
1655
1675
1288
573
-243
-928
-1224
-1217
-1066
-633
-144
102
-36
-479
-770
-673
-390
-46
400
936
1352
1333
889
381
98
77
99
151
153
-33
-435
-995
-1508
-1783
-1794
-1631
-1319
-883
-501
-403
-515
-694
-730
-612
-457
-231
65
360
490
444
354
350
594
1069
1460
1688
1701
1556
1248
936
699
639
702
866
1114
1330
1287
1018
759
642
776
1071
1340
1492
1455
1308
1117
805
479
184
-9
-139
-299
-550
-886
-1335
-1850
-2242
-2437
-2673
-2874
-2990
-3044
-2866
-2677
-2129
-1372
-448
548
1143
1165
1098
1071
1266
1549
1822
1831
1536
865
32
-670
-1074
-1022
-752
-302
118
267
102
-299
-619
-601
-276
191
651
1125
1417
1377
926
406
151
274
477
537
421
95
-419
-1082
-1694
-1987
-1926
-1583
-1190
-827
-611
-639
-792
-918
-855
-600
-305
-31
241
398
478
419
339
451
759
1242
1642
1776
1616
1261
915
599
439
451
590
698
835
943
891
714
574
648
915
1244
1520
1599
1466
1213
1029
895
686
427
231
46
-307
-683
-1121
-1529
-1871
-2191
-2289
-2492
-2698
-2905
-2993
-2902
-2729
-2134
-1240
-148
873
1196
1101
939
1011
1324
1596
1871
1789
1451
779
-58
-764
-1022
-795
-409
14
274
192
-186
-654
-821
-501
35
515
927
1315
1480
1226
645
211
218
542
766
704
427
-95
-731
-1360
-1768
-1765
-1518
-1227
-1062
-1010
-1083
-1253
-1335
-1207
-772
-257
71
141
114
107
22
48
270
664
1213
1655
1790
1638
1292
900
618
555
626
760
802
661
413
240
258
366
568
894
1246
1406
1345
1163
938
828
888
1046
1118
946
593
136
-423
-962
-1269
-1339
-1527
-1761
-1977
-2319
-2754
-3027
-3039
-2885
-2641
-2182
-1440
-663
159
720
816
742
896
1264
1722
1935
2002
1696
1086
297
-329
-594
-472
-136
160
324
193
-231
-677
-862
-664
-201
311
668
912
1019
866
560
287
302
584
849
831
530
25
-537
-1053
-1430
-1537
-1365
-1169
-1075
-1154
-1354
-1560
-1636
-1460
-1081
-609
-261
-174
-139
-150
-82
73
358
842
1321
1699
1787
1536
1253
1063
897
867
919
966
862
642
327
155
117
346
707
1042
1322
1379
1232
908
739
724
852
999
1071
909
497
20
-498
-991
-1340
-1401
-1459
-1675
-1991
-2354
-2761
-3036
-3078
-2913
-2718
-2461
-1894
-1257
-623
128
633
712
824
1034
1372
1603
1778
1820
1550
1099
543
164
12
140
396
473
436
223
-45
-220
-253
-56
292
641
821
947
906
704
493
408
545
781
882
727
379
-61
-519
-946
-1212
-1216
-1046
-894
-909
-1082
-1241
-1374
-1338
-1113
-806
-458
-203
-70
-17
11
90
281
651
1086
1467
1694
1702
1576
1354
1117
960
884
811
768
703
527
315
316
456
633
856
1079
1164
1086
987
863
760
805
899
923
800
495
33
-423
-845
-1229
-1441
-1513
-1636
-1920
-2206
-2535
-2928
-3149
-3129
-3014
-2869
-2459
-1879
-1344
-793
-199
80
119
305
651
943
1243
1473
1444
1220
882
524
247
210
400
573
613
616
441
215
111
104
203
459
702
742
720
646
519
398
405
541
652
685
587
308
-52
-401
-745
-979
-948
-793
-742
-776
-880
-1025
-1096
-1058
-999
-897
-695
-440
-305
-255
-198
-128
66
385
744
1031
1252
1333
1257
1090
879
685
552
533
621
666
639
595
546
488
518
583
658
753
809
825
768
700
629
567
489
353
235
77
-88
-214
-344
-454
-551
-700
-863
-1045
-1268
-1418
-1528
-1596
-1613
-1612
-1568
-1446
-1325
-1230
-1073
-971
-888
-824
-823
-824
-684
-583
-452
-319
-305
-228
-179
-120
-18
167
353
593
779
874
976
1005
1009
1032
1030
1024
1021
991
959
887
734
566
423
344
296
233
136
18
-107
-213
-297
-373
-416
-375
-279
-176
-90
-57
-51
-71
-50
-7
25
108
199
340
524
646
718
769
758
745
703
581
485
400
353
391
442
464
513
538
570
637
687
787
860
918
977
975
955
930
860
729
526
292
56
-150
-360
-550
-739
-953
-1135
-1325
-1512
-1698
-1864
-1945
-1966
-1962
-1954
-1922
-1819
-1632
-1335
-1105
-940
-863
-878
-883
-784
-702
-592
-461
-441
-411
-385
-336
-257
-145
-32
131
302
479
654
750
804
848
888
932
981
982
970
951
893
811
706
662
666
672
665
577
435
276
148
92
51
45
59
75
83
67
21
-47
-96
-99
-59
-39
-15
64
147
276
387
443
523
610
679
693
639
517
435
374
342
344
343
363
372
374
372
377
417
480
578
676
745
782
806
813
760
630
460
288
152
28
-115
-268
-460
-651
-873
-1117
-1367
-1599
-1741
-1824
-1905
-2020
-2095
-2100
-2014
-1762
-1511
-1373
-1268
-1257
-1229
-1112
-990
-821
-666
-560
-440
-352
-305
-231
-163
-79
50
179
336
497
630
690
708
693
669
668
673
699
698
676
634
563
530
519
536
543
510
435
339
248
195
181
174
179
177
166
145
104
26
-24
-28
-13
-1
19
26
89
211
335
479
598
686
778
800
743
672
590
557
585
589
597
588
548
515
459
434
453
501
568
647
673
683
670
661
663
635
574
468
360
231
75
-96
-283
-486
-649
-848
-1087
-1314
-1509
-1661
-1792
-1933
-2028
-2027
-1934
-1729
-1560
-1456
-1380
-1348
-1279
-1104
-973
-811
-657
-569
-442
-341
-271
-185
-69
64
230
349
465
582
687
781
841
844
836
835
828
831
811
746
668
592
544
540
533
517
483
445
401
360
347
337
346
335
335
336
336
313
258
213
192
171
144
116
84
79
125
185
233
310
378
433
482
490
457
457
449
462
533
577
604
615
602
586
612
667
732
787
799
789
734
679
633
600
543
476
395
272
136
-36
-223
-415
-577
-767
-978
-1181
-1381
-1548
-1650
-1797
-1925
-1970
-2005
-1889
-1772
-1716
-1650
-1614
-1550
-1362
-1209
-1062
-945
-921
-868
-786
-697
-609
-455
-363
-233
-113
-28
111
268
427
560
640
684
689
669
637
597
576
551
538
559
561
549
516
433
384
354
355
377
382
396
388
359
339
339
366
364
316
246
161
96
46
18
18
63
113
185
239
279
333
366
389
401
417
448
505
563
624
659
640
603
566
587
653
755
854
911
927
921
894
873
857
824
784
700
603
479
318
145
-66
-248
-425
-593
-753
-953
-1130
-1297
-1463
-1605
-1702
-1745
-1649
-1561
-1486
-1460
-1468
-1441
-1295
-1145
-990
-848
-835
-790
-758
-707
-600
-455
-353
-203
-88
9
106
184
292
416
509
570
604
618
591
557
505
436
379
340
339
348
358
327
282
225
202
234
272
297
312
289
247
220
210
233
230
189
116
24
-43
-95
-143
-152
-138
-108
-45
-2
51
87
141
210
271
340
425
508
569
622
657
689
713
751
821
922
1030
1094
1112
1088
1037
1000
969
950
898
821
711
566
435
259
69
-132
-333
-500
-635
-804
-972
-1153
-1341
-1444
-1543
-1607
-1577
-1532
-1521
-1483
-1513
-1507
-1375
-1263
-1109
-971
-942
-914
-873
-826
-704
-554
-422
-271
-142
-14
126
249
356
479
589
680
745
778
799
796
743
680
615
553
508
463
409
330
258
192
136
110
110
140
165
166
156
167
204
239
282
299
269
220
154
87
37
-17
-66
-89
-109
-107
-92
-77
-54
5
57
126
217
286
374
438
478
532
601
683
794
892
974
1044
1077
1076
1048
1002
952
923
874
793
681
520
367
224
46
-128
-321
-511
-665
-828
-967
-1123
-1309
-1407
-1470
-1501
-1467
-1498
-1541
-1520
-1542
-1469
-1322
-1233
-1082
-970
-958
-935
-920
-900
-771
-636
-506
-371
-285
-195
-87
19
145
256
339
441
498
540
573
568
563
549
526
488
434
376
294
191
114
54
35
53
68
73
64
37
33
53
83
134
179
205
225
211
172
115
60
15
-21
-72
-104
-114
-132
-115
-87
-32
42
127
207
287
346
383
425
466
531
646
770
865
928
968
991
1016
1025
1005
985
946
904
842
744
624
500
383
251
108
-36
-196
-340
-458
-598
-717
-851
-955
-1026
-1005
-1004
-1022
-1079
-1125
-1142
-1060
-924
-829
-685
-628
-579
-562
-538
-503
-402
-311
-216
-123
-37
39
100
168
239
322
376
429
465
493
521
521
516
498
481
454
397
314
223
122
42
-12
-35
-34
-34
-58
-86
-114
-148
-138
-104
-74
-15
38
68
118
115
85
60
31
8
8
-17
-39
-80
-119
-126
-114
-55
16
91
158
201
211
238
274
343
452
547
630
693
729
749
768
780
800
786
732
661
587
511
429
329
202
70
-69
-218
-370
-516
-646
-747
-827
-891
-935
-958
-947
-943
-982
-1018
-1083
-1089
-993
-881
-745
-630
-594
-562
-525
-489
-412
-308
-209
-99
-12
54
108
169
249
337
424
463
497
493
484
460
446
439
432
430
389
328
245
126
24
-71
-141
-159
-193
-206
-211
-236
-251
-235
-233
-178
-133
-104
-71
-41
-4
31
58
59
54
51
56
47
28
7
-4
0
37
86
136
197
235
277
332
384
451
512
573
638
693
748
806
840
857
860
840
781
688
583
501
434
379
316
207
52
-108
-283
-444
-563
-685
-781
-863
-939
-984
-1002
-997
-983
-1000
-1006
-1032
-1049
-978
-888
-787
-661
-601
-549
-481
-415
-343
-256
-162
-66
36
104
163
213
298
376
443
482
509
529
539
538
525
509
493
480
471
440
368
284
194
101
34
-13
-56
-97
-132
-172
-224
-251
-240
-213
-178
-151
-137
-135
-135
-126
-125
-110
-74
-58
-38
-44
-73
-88
-77
-42
17
87
145
200
251
296
334
403
472
541
619
680
713
738
775
807
842
865
842
786
712
629
559
491
452
371
272
143
-15
-176
-311
-440
-540
-623
-713
-787
-866
-887
-920
-887
-891
-900
-899
-895
-880
-789
-712
-652
-569
-529
-473
-410
-329
-255
-157
-74
29
108
169
221
278
325
373
406
413
430
444
455
456
437
417
398
378
358
327
263
192
127
51
-12
-62
-111
-155
-184
-212
-228
-231
-216
-197
-187
-177
-162
-150
-127
-101
-72
-68
-61
-61
-69
-77
-82
-82
-61
-7
39
101
153
200
260
343
405
469
513
540
568
612
641
661
687
706
712
684
630
540
486
427
363
305
222
124
29
-70
-200
-299
-433
-573
-670
-782
-874
-893
-924
-938
-889
-902
-906
-888
-893
-851
-773
-722
-653
-579
-531
-465
-383
-305
-220
-122
-40
55
121
182
234
271
308
365
406
440
477
475
446
415
392
369
377
368
350
336
293
229
153
62
-7
-63
-93
-125
-158
-190
-221
-234
-232
-211
-176
-142
-113
-91
-78
-60
-51
-51
-47
-56
-47
-18
-18
3
20
57
113
162
217
276
333
398
467
507
533
566
592
611
635
639
619
594
564
519
478
423
368
338
271
188
95
-32
-129
-210
-291
-380
-478
-619
-718
-815
-842
-858
-851
-825
-821
-818
-803
-781
-764
-678
-609
-539
-478
-416
-373
-296
-212
-127
-30
61
128
204
255
291
346
393
423
462
479
482
491
474
462
430
392
385
378
361
346
291
223
182
130
83
54
10
-43
-84
-126
-156
-159
-144
-139
-121
-108
-109
-104
-84
-78
-55
-28
-27
-24
-22
-20
-6
15
34
55
82
126
186
221
263
304
350
409
460
491
509
515
509
515
509
507
474
452
420
382
352
295
214
143
63
-33
-108
-196
-274
-352
-436
-518
-594
-676
-738
-792
-817
-827
-793
-759
-736
-697
-684
-677
-620
-556
-517
-436
-404
-369
-293
-225
-156
-63
3
78
148
192
248
279
309
349
375
402
408
397
377
369
350
316
292
260
226
204
169
134
118
93
54
19
-38
-98
-137
-172
-185
-187
-185
-190
-206
-214
-204
-203
-182
-157
-142
-122
-106
-86
-66
-41
-25
-4
14
38
73
104
149
199
257
312
359
409
466
497
522
550
568
594
598
593
569
541
519
497
448
398
312
210
125
40
-28
-59
-128
-194
-262
-371
-454
-526
-571
-586
-612
-655
-629
-634
-601
-561
-562
-549
-552
-551
-512
-478
-461
-419
-414
-384
-334
-282
-207
-135
-74
9
62
100
135
170
207
253
289
301
307
294
299
295
279
265
246
209
206
208
187
189
151
90
44
-11
-73
-94
-113
-132
-128
-132
-139
-125
-112
-103
-75
-47
-23
-13
-4
4
24
57
101
143
190
224
247
260
287
328
370
425
482
543
590
628
640
658
664
682
693
680
644
589
528
453
416
373
335
269
184
68
-55
-149
-234
-277
-313
-361
-444
-539
-650
-717
-766
-798
-799
-818
-808
-774
-757
-728
-696
-701
-688
-665
-671
-632
-615
-574
-528
-488
-443
-381
-308
-216
-147
-84
-29
6
64
115
153
209
239
243
269
264
277
294
271
251
245
206
208
187
147
118
66
5
-29
-73
-106
-116
-137
-148
-159
-160
-143
-115
-85
-73
-70
-50
-39
-6
34
72
127
176
215
265
301
346
385
410
446
496
539
595
648
681
717
729
736
751
745
745
721
675
628
554
494
434
383
327
282
213
142
21
-78
-175
-246
-271
-316
-385
-465
-563
-658
-719
-769
-797
-797
-798
-798
-798
-794
-806
-798
-757
-775
-741
-739
-740
-722
-678
-642
-564
-506
-436
-356
-300
-233
-192
-148
-92
-13
55
133
178
196
213
219
234
268
298
300
304
295
253
242
201
171
141
105
59
26
-11
-29
-21
-31
-11
-1
7
12
23
36
51
79
114
143
176
211
236
268
297
339
378
411
460
502
506
537
546
571
626
661
688
704
716
726
722
721
694
660
625
587
542
499
445
383
359
311
272
210
127
43
-12
-77
-115
-149
-217
-276
-367
-461
-526
-581
-633
-639
-648
-688
-699
-754
-806
-813
-835
-850
-852
-845
-839
-793
-771
-745
-713
-661
-623
-561
-499
-461
-404
-359
-326
-267
-209
-163
-94
-64
-23
5
19
76
99
117
151
141
123
110
90
75
75
53
44
27
8
18
7
20
34
30
53
76
78
104
128
155
186
202
237
272
312
337
360
384
421
466
517
545
557
577
601
652
697
727
765
771
758
755
723
702
686
661
632
611
567
525
475
407
362
318
284
246
218
193
150
81
-1
-66
-128
-150
-185
-222
-292
-370
-443
-486
-500
-537
-552
-595
-639
-682
-710
-731
-735
-759
-766
-784
-800
-780
-775
-738
-694
-695
-674
-643
-636
-587
-552
-508
-465
-438
-406
-363
-307
-269
-231
-219
-187
-160
-121
-67
-54
-38
-43
-59
-44
-28
-28
-7
-2
-9
12
25
46
74
78
92
112
123
147
164
188
223
240
265
284
293
326
353
376
412
439
453
482
497
533
560
582
640
665
691
708
711
690
686
675
668
664
630
592
556
523
490
472
422
404
380
352
339
305
284
229
178
144
87
30
2
-64
-125
-157
-225
-251
-286
-330
-350
-392
-448
-468
-501
-554
-553
-580
-613
-613
-636
-645
-636
-653
-663
-681
-708
-688
-689
-668
-660
-656
-633
-650
-628
-597
-580
-541
-495
-489
-472
-436
-436
-404
-368
-366
-313
-291
-272
-226
-218
-190
-121
-107
-53
-15
9
36
55
92
117
152
189
217
245
262
282
330
361
395
424
453
478
494
511
529
552
588
623
661
685
700
702
690
698
700
709
722
723
713
695
680
651
633
632
626
623
624
609
584
553
519
495
466
429
372
350
301
258
215
137
84
44
-19
-43
-74
-131
-157
-244
-269
-318
-374
-378
-406
-457
-456
-498
-517
-507
-562
-565
-599
-600
-618
-620
-645
-657
-653
-704
-672
-682
-682
-673
-682
-663
-641
-649
-628
-610
-635
-601
-617
-572
-541
-523
-479
-468
-420
-411
-359
-332
-304
-260
-232
-194
-130
-85
-62
-10
-5
29
50
96
134
189
227
240
269
280
298
312
339
375
414
422
454
460
472
486
486
510
514
520
525
518
520
499
496
509
492
514
512
512
529
519
502
496
463
458
443
415
410
370
326
294
261
221
199
160
129
71
38
11
-21
-43
-84
-112
-164
-163
-199
-196
-210
-258
-266
-297
-326
-323
-344
-365
-360
-406
-407
-408
-425
-415
-434
-452
-465
-474
-471
-443
-446
-438
-438
-464
-444
-465
-442
-409
-418
-391
-385
-377
-332
-323
-312
-278
-282
-249
-232
-204
-163
-170
-130
-137
-81
-57
-47
0
1
5
51
37
65
88
66
124
124
157
194
191
214
221
244
259
280
293
326
340
355
362
352
357
370
384
396
434
417
445
424
413
439
434
448
457
448
438
432
400
406
374
360
340
290
301
266
228
214
183
169
144
110
101
89
51
57
36
23
-3
-7
-35
-45
-60
-94
-84
-128
-130
-145
-162
-172
-183
-211
-222
-227
-243
-246
-253
-252
-266
-277
-301
-308
-328
-333
-318
-335
-329
-326
-338
-340
-341
-346
-324
-304
-299
-277
-284
-288
-241
-256
-245
-209
-225
-192
-178
-178
-158
-176
-186
-163
-164
-140
-114
-114
-95
-105
-79
-58
-33
-22
6
37
17
39
54
91
93
118
119
148
154
160
215
206
231
218
242
245
261
270
275
273
266
248
227
249
217
232
229
208
207
181
188
178
169
159
157
132
123
133
138
131
104
108
86
89
60
67
56
52
48
49
50
40
45
10
12
-17
-2
-4
17
4
-15
-37
-39
-41
-44
-24
-60
-47
-74
-54
-56
-45
-48
-63
-61
-64
-53
-28
-42
-47
-39
-81
-41
-57
-44
-39
-44
-46
-48
-76
-62
-70
-85
-69
-105
-84
-95
-88
-95
-84
-112
-105
-93
-98
-70
-68
-59
-51
-63
-42
-15
-18
3
1
10
29
24
44
56
47
47
42
29
50
35
33
24
9
3
1
0
-19
-12
-12
-37
-30
-39
-52
-42
-66
-60
-54
-87
-60
-78
-98
-78
-97
-76
-74
-70
-64
-66
-61
-61
-40
-43
-42
-48
-56
-47
-37
-34
-22
-16
-18
-13
-11
6
4
11
22
20
35
37
57
57
43
60
50
59
72
66
81
83
81
88
92
110
109
109
119
108
106
94
75
87
69
65
80
56
59
66
56
55
44
52
58
63
71
72
72
75
85
86
102
94
109
129
114
138
135
119
127
117
119
126
99
95
92
65
72
50
50
24
10
4
-19
-22
-48
-67
-84
-95
-115
-111
-136
-159
-164
-174
-196
-178
-196
-207
-191
-220
-199
-176
-200
-171
-173
-197
-164
-186
-175
-167
-176
-154
-130
-131
-101
-86
-101
-72
-81
-71
-52
-50
-23
-24
-11
-2
-12
-4
9
14
42
48
67
83
68
91
87
88
100
105
103
101
97
88
78
65
69
71
68
77
66
57
52
44
57
45
68
66
65
87
81
84
82
86
94
108
120
142
139
161
153
154
164
153
174
167
162
163
145
128
130
102
91
87
54
51
26
6
4
-26
-34
-39
-65
-74
-90
-117
-129
-137
-175
-180
-191
-208
-215
-238
-248
-262
-262
-277
-260
-270
-283
-255
-262
-257
-233
-243
-227
-214
-215
-183
-182
-186
-167
-159
-139
-107
-96
-63
-59
-41
-33
-3
17
51
73
87
107
109
121
114
135
140
155
157
171
170
167
161
157
150
141
146
138
138
136
123
112
88
76
80
84
109
97
104
97
97
97
102
117
129
136
142
138
128
136
142
137
158
158
155
166
152
146
138
124
117
128
112
106
116
91
78
73
46
40
31
-10
9
-22
-45
-60
-98
-119
-143
-147
-163
-165
-192
-221
-242
-261
-261
-264
-251
-258
-280
-306
-314
-312
-309
-273
-284
-255
-264
-267
-242
-254
-229
-229
-211
-200
-175
-169
-150
-138
-148
-128
-110
-78
-60
-17
-17
5
21
21
65
79
103
123
140
146
144
147
158
157
163
167
170
167
166
170
167
165
173
180
200
207
194
199
189
200
185
200
201
187
190
173
170
161
183
171
173
168
152
149
144
137
135
132
122
128
113
97
97
80
79
76
77
79
61
56
32
18
2
-13
-20
-36
-62
-80
-87
-106
-127
-143
-152
-169
-163
-171
-182
-182
-209
-202
-224
-186
-118
-159
-223
-223
-176
-217
-218
-161
-146
-207
-261
-260
-228
-255
-236
-174
-172
-180
-207
-189
-199
-187
-166
-77
-54
-70
-29
-39
-40
-46
3
61
96
105
131
110
93
71
80
95
129
135
161
169
102
92
97
93
84
126
190
162
106
132
124
100
91
157
178
156
147
149
142
112
102
130
162
136
136
140
109
72
92
87
94
102
104
75
20
38
19
-16
28
55
5
-13
-6
-20
-72
-82
-37
-58
-78
-45
-69
-101
-112
-134
-118
-137
-109
-115
-125
-128
-141
-151
-160
-149
-111
-115
-128
-90
-126
-127
-133
-132
-106
-121
-97
-67
-107
-107
-101
-96
-82
-83
-70
-41
-43
-70
-57
-40
-53
-34
-22
-2
26
-4
3
17
33
33
13
65
72
46
72
83
79
74
98
114
88
120
144
113
79
127
139
111
134
152
148
133
120
128
121
116
128
131
118
147
120
92
110
98
90
99
133
113
76
91
84
27
52
73
64
11
23
49
-28
-28
-13
-15
-41
-42
-19
-62
-88
-72
-103
-118
-112
-102
-102
-115
-133
-124
-133
-166
-174
-133
-119
-182
-164
-114
-138
-203
-159
-89
-160
-165
-82
-85
-145
-114
-55
-89
-98
-36
1
-48
-50
23
12
-27
17
45
24
12
25
40
31
6
53
53
33
26
44
44
19
27
54
53
16
28
66
48
23
61
75
52
32
52
94
61
53
127
104
45
73
104
89
43
86
136
44
33
92
80
48
55
102
78
41
61
71
63
38
40
47
40
24
31
12
6
-4
-10
2
-12
-2
-7
-16
-22
-31
-51
-28
-42
-59
-45
-50
-66
-72
-64
-44
-55
-56
-43
-56
-55
-59
-74
-60
-31
-40
-71
-46
-22
-51
-76
-23
23
-32
-47
21
20
-45
-27
40
35
-10
18
79
40
8
43
90
70
32
77
121
76
51
102
115
93
68
131
137
74
88
120
93
65
114
126
89
95
132
106
70
104
101
70
87
105
80
75
97
54
30
59
73
31
31
67
24
-18
2
23
0
-20
-2
-19
-45
-58
-61
-81
-82
-68
-80
-107
-101
-108
-148
-159
-148
-151
-172
-161
-155
-189
-202
-199
-208
-220
-214
-190
-191
-205
-212
-194
-190
-211
-211
-175
-168
-164
-155
-161
-148
-155
-156
-147
-128
-90
-109
-117
-91
-92
-91
-85
-55
-37
-29
-23
-17
-4
-7
8
27
36
65
68
62
88
99
94
92
110
153
143
140
166
170
165
167
183
201
191
199
219
209
204
202
201
187
200
219
215
199
198
180
168
164
158
151
145
143
128
115
103
101
80
68
64
50
39
22
11
-10
-29
-31
-47
-69
-72
-81
-120
-120
-123
-145
-152
-146
-140
-170
-179
-162
-180
-206
-194
-196
-206
-213
-196
-200
-228
-216
-196
-199
-212
-184
-162
-196
-196
-159
-141
-160
-158
-126
-142
-147
-131
-112
-115
-104
-70
-67
-77
-60
-46
-48
-43
-14
11
4
11
29
24
23
35
61
59
58
77
87
87
76
101
123
122
128
154
167
163
167
184
179
170
195
206
210
217
216
215
200
210
213
208
232
234
211
203
216
201
168
172
179
162
148
145
133
111
96
86
83
66
66
68
37
25
6
-10
-21
-37
-32
-45
-67
-73
-83
-108
-121
-124
-133
-143
-142
-138
-151
-175
-183
-182
-196
-187
-172
-175
-176
-174
-179
-196
-198
-191
-189
-184
-157
-149
-163
-150
-146
-153
-149
-129
-116
-108
-93
-99
-97
-77
-70
-71
-58
-30
-27
-42
-29
-14
-23
-21
4
18
19
26
32
30
34
44
61
71
82
101
105
96
97
106
118
117
132
147
151
157
154
162
172
173
183
202
208
201
187
179
177
175
183
179
180
181
162
153
141
134
135
121
107
105
92
78
56
37
38
16
0
-10
-18
-34
-54
-64
-85
-91
-94
-107
-111
-115
-120
-137
-152
-148
-149
-164
-169
-165
-170
-187
-191
-187
-195
-193
-188
-190
-197
-206
-201
-198
-199
-187
-181
-180
-170
-171
-174
-164
-159
-161
-147
-135
-131
-123
-115
-106
-102
-86
-73
-70
-64
-45
-49
-47
-36
-19
-2
-3
12
26
28
32
49
60
71
82
88
100
95
95
104
109
114
124
137
145
146
147
158
153
147
159
163
166
155
156
158
150
151
149
149
152
144
138
143
133
123
117
115
118
103
87
81
69
58
47
40
37
32
24
19
6
1
-8
-12
-19
-34
-38
-33
-48
-60
-61
-57
-63
-81
-75
-70
-81
-93
-85
-84
-91
-95
-93
-87
-102
-107
-95
-99
-108
-104
-97
-95
-111
-95
-92
-109
-105
-101
-87
-96
-92
-72
-78
-75
-67
-56
-53
-61
-52
-41
-40
-34
-22
-16
-5
2
15
20
32
38
45
59
64
66
78
85
80
85
92
106
103
110
125
116
118
122
117
115
113
122
115
111
117
121
110
107
110
101
94
91
85
79
84
83
68
62
59
49
38
26
29
26
20
12
7
5
-9
-20
-14
-16
-32
-31
-34
-49
-61
-63
-63
-77
-77
-70
-78
-93
-92
-94
-108
-118
-108
-104
-116
-119
-117
-116
-123
-131
-120
-112
-112
-109
-105
-111
-107
-112
-109
-102
-99
-89
-89
-92
-88
-85
-86
-72
-61
-58
-47
-34
-38
-45
-36
-21
-21
-10
15
17
13
24
25
20
32
43
54
61
62
79
76
71
82
93
89
96
107
101
105
95
99
107
107
106
105
109
102
99
92
89
88
85
85
85
83
71
68
64
57
50
48
43
26
23
19
1
-13
-13
-14
-25
-31
-25
-41
-57
-48
-56
-71
-73
-73
-81
-93
-88
-86
-99
-103
-95
-100
-112
-105
-100
-102
-103
-102
-101
-110
-103
-102
-112
-110
-101
-104
-105
-95
-90
-89
-90
-82
-76
-74
-66
-57
-54
-45
-38
-39
-32
-23
-25
-26
-15
4
3
15
29
38
43
46
69
71
71
85
92
89
97
108
109
111
114
126
125
125
131
133
133
140
140
133
136
137
137
135
133
136
130
125
120
110
106
105
108
108
106
97
94
82
72
76
64
54
52
45
36
27
17
18
9
2
4
-1
-8
-11
-16
-23
-28
-32
-44
-43
-48
-51
-56
-64
-66
-76
-89
-89
-93
-104
-99
-95
-102
-108
-108
-106
-115
-118
-106
-110
-114
-112
-114
-119
-112
-106
-107
-105
-101
-87
-96
-96
-79
-78
-80
-70
-63
-58
-59
-51
-39
-36
-32
-26
-17
-13
-3
6
15
25
31
36
44
49
60
63
71
82
88
91
93
94
100
102
104
110
113
111
112
119
121
119
124
129
121
117
123
125
113
107
108
101
92
96
94
84
81
77
64
54
58
53
43
38
38
33
20
15
12
0
-5
-8
-18
-24
-30
-37
-48
-51
-51
-62
-67
-61
-71
-83
-89
-92
-98
-105
-111
-108
-119
-129
-127
-137
-143
-141
-146
-145
-144
-147
-149
-154
-159
-153
-158
-155
-148
-157
-157
-149
-148
-149
-148
-136
-133
-131
-120
-113
-109
-98
-88
-80
-66
-55
-44
-34
-30
-21
-10
-6
5
19
28
36
49
58
69
74
92
99
103
114
118
120
121
126
134
131
140
141
142
149
150
146
152
157
152
152
151
148
143
135
140
133
120
123
121
111
103
97
96
80
77
76
72
62
57
54
42
30
30
25
11
5
-2
-8
-19
-30
-27
-34
-47
-44
-56
-63
-67
-72
-81
-75
-96
-79
-86
-110
-93
-102
-123
-111
-129
-120
-130
-140
-125
-133
-143
-131
-128
-140
-124
-124
-126
-124
-132
-121
-121
-125
-107
-104
-106
-95
-91
-91
-80
-70
-63
-51
-56
-45
-41
-41
-23
-15
-14
