9
9
12
13
11
12
13
13
15
16
17
19
20
21
20
21
20
22
21
18
19
20
20
20
20
21
21
22
22
24
23
23
22
21
20
19
20
17
17
17
16
17
16
15
14
13
11
10
9
5
5
4
3
1
2
0
-1
0
-1
-2
-4
-3
-6
-6
-7
-8
-9
-10
-12
-13
-13
-15
-15
-15
-16
-15
-17
-17
-18
-19
-21
-21
-21
-23
-24
-23
-24
-24
-25
-25
-22
-22
-22
-22
-22
-23
-22
-23
-22
-21
-21
-20
-18
-15
-13
-11
-8
-7
-8
-8
-8
-8
-8
-10
-7
-6
-5
-2
1
4
6
9
9
8
9
11
9
9
9
11
14
16
19
22
22
22
23
23
24
25
25
24
24
23
22
24
24
24
26
27
25
24
24
24
20
19
18
18
16
16
15
13
13
14
12
12
12
11
11
10
12
11
8
6
5
2
1
0
-1
-3
-3
-1
-3
-4
-1
-1
-3
-5
-6
-11
-16
-18
-20
-20
-20
-18
-20
-20
-22
-23
-21
-20
-19
-21
-21
-25
-28
-24
-24
-23
-19
-19
-19
-19
-19
-17
-14
-14
-15
-16
-16
-17
-13
-7
-6
-8
-6
-8
-11
-10
-7
-9
-9
-8
-12
-13
-9
-5
1
2
5
4
1
3
3
4
6
9
12
17
19
22
25
19
19
21
22
20
22
19
13
10
13
16
21
25
32
27
23
22
16
14
9
5
3
0
3
7
12
16
18
16
16
17
15
16
14
11
4
-2
-1
-2
0
7
11
10
10
8
-1
-5
-7
-5
-5
-4
-2
-8
-12
-14
-15
-16
-11
-6
-6
-12
-18
-24
-28
-31
-20
-14
-12
-8
-10
-18
-20
-16
-12
-12
-11
-15
-19
-22
-17
-15
-13
-8
-13
-14
-10
-9
-5
-4
-7
-15
-17
-14
-12
-7
-1
-1
-7
-13
-15
-20
-18
-16
-13
-6
-1
1
5
2
4
9
12
20
25
23
20
9
11
12
15
23
28
29
29
35
35
35
36
33
31
28
28
31
27
18
6
5
7
17
29
35
28
13
13
6
7
24
26
22
12
4
1
2
10
9
9
8
11
11
14
14
-3
-14
-21
-26
-16
-5
-1
-10
-14
-16
-12
-13
-8
1
-9
-15
-29
-40
-42
-44
-30
-28
-31
-28
-23
-23
-22
-3
-14
-27
-32
-43
-35
-38
-35
-35
-53
-47
-38
-37
-18
-2
11
3
-14
-17
-27
-37
-29
-22
-25
-25
-19
-19
-20
-7
-13
-15
-16
-11
0
-6
-6
-18
-34
-30
-16
6
35
38
12
3
-10
2
42
73
88
62
42
32
23
63
105
97
68
52
38
3
1
14
17
12
0
12
14
16
29
11
13
0
-18
-23
-25
3
27
53
51
25
26
17
3
-9
19
17
-24
-66
-90
-87
-102
-76
-39
1
36
25
1
-11
-28
-24
-22
-14
5
9
-20
-29
-36
-34
-30
-54
-10
30
0
-25
-78
-113
-121
-108
-45
-9
-22
-29
-80
-100
-43
-9
47
62
30
-4
-74
-77
-36
-27
37
38
16
0
-41
-43
-54
-44
-11
2
53
68
16
-26
-80
-90
-76
-8
66
81
65
20
-38
-40
5
51
81
107
101
51
19
28
31
21
43
67
72
82
77
56
16
-7
-11
-18
37
56
63
48
17
-10
-50
-44
-39
-5
15
33
75
73
44
0
-66
-60
-59
2
75
58
-17
-116
-169
-146
-102
-3
64
60
34
-44
-54
-45
-24
-5
-11
-5
7
-11
-14
-18
-1
51
19
5
59
26
-21
-79
-43
-47
-101
-100
-87
-71
-29
58
28
12
-19
-84
-63
-46
28
57
-11
28
-55
-56
-20
17
62
49
79
39
-14
-23
1
22
-24
-18
-45
-104
-61
16
69
102
104
50
11
-32
32
87
129
146
81
48
-23
-50
24
121
167
149
159
66
-19
-46
-5
103
163
216
113
71
15
-39
0
87
176
138
57
50
19
-27
-14
-42
-10
39
9
49
-17
-26
-64
-99
-20
9
34
17
25
-44
-96
-44
-40
22
75
159
113
-3
12
-69
-111
-38
79
51
25
-8
-76
-103
-141
-38
36
7
52
16
1
-62
-62
-43
-59
1
25
50
20
36
-9
-138
-120
-112
-86
-17
35
4
-113
-203
-202
-191
-101
6
57
10
-61
-55
-73
-83
19
43
34
19
26
13
-37
-32
6
9
31
83
20
-13
-3
9
-86
-69
40
46
72
60
74
8
-81
-43
-13
2
56
112
130
57
-28
-92
-54
-12
76
118
84
23
-15
-1
45
71
83
11
-24
-7
-74
-35
10
-13
-24
-30
8
-46
-76
-16
-2
-73
-85
-36
-31
-3
6
-8
-47
19
95
115
130
132
95
33
-50
24
25
-27
1
-122
-167
-112
-71
-31
-11
-12
-63
-129
-89
-58
-16
-56
-39
-107
-84
-15
-48
62
70
53
98
96
157
39
0
-2
-48
-60
-67
19
6
-10
-51
-94
-30
-13
-4
-38
-20
-34
-105
-132
-157
-55
6
99
144
151
142
63
110
196
216
122
50
119
-1
49
100
7
-69
-147
-171
-80
110
101
16
26
-72
-193
-282
-216
-70
-120
1
79
-15
10
-19
-1
99
72
121
113
50
23
-13
80
-10
-121
-116
-136
11
36
170
156
39
-54
-148
-92
-57
-4
143
94
28
-128
-98
-45
-125
-35
198
264
121
45
25
26
-34
-35
59
104
109
-25
-123
-22
-25
-62
-83
20
-119
-129
-61
30
90
10
131
98
13
110
18
18
-16
-19
24
26
31
-7
-82
-25
107
110
170
55
22
74
-13
75
65
-1
-30
-72
-45
-55
41
111
120
89
92
140
23
1
23
-35
-145
-121
35
56
-30
26
67
-38
18
68
-5
8
16
-26
-83
-56
-33
-108
-114
-1
-14
-93
-79
45
40
53
45
-69
-96
-130
-153
42
125
78
-36
-37
-22
-125
-105
15
-12
46
21
-29
-6
-90
-38
19
116
191
164
177
138
27
-119
-203
-220
-198
-175
-59
-71
-65
16
52
105
72
16
-86
-200
-104
55
41
-85
-47
-130
-221
-91
4
56
50
6
147
62
-22
-72
-226
-195
-65
17
-64
-17
25
-32
12
94
143
-40
-123
19
-29
-20
-107
-127
-96
16
157
146
113
32
-143
-111
-21
150
146
12
-87
-128
-212
-188
-12
123
163
111
73
-3
-114
-133
-53
59
23
-30
-7
-15
-56
-16
-6
-119
-20
0
103
162
118
37
-74
-78
-117
-34
131
161
45
-35
93
29
-35
109
72
65
25
26
12
58
-39
-41
-27
-4
66
44
133
110
67
25
101
251
231
99
80
48
-60
-68
4
-16
52
53
65
11
61
86
-32
-22
10
76
94
44
4
19
11
-7
31
98
130
68
26
54
-37
-44
36
29
71
46
103
106
27
28
14
-11
-16
-18
-29
-37
61
-70
-116
-5
-148
-60
4
52
32
-57
11
-18
-20
1
-12
23
65
5
49
-17
-22
-6
-63
-51
-40
-10
48
57
52
9
-51
-89
-134
-2
14
16
51
-6
-112
-111
-40
-24
-79
-103
-61
-130
-108
-1
7
-10
-4
5
-58
4
9
-26
-100
-113
-36
18
-1
-41
6
-78
-78
-23
37
38
-8
58
8
-30
-55
-28
24
16
68
-36
-133
-96
-126
-17
68
53
-17
-5
18
-19
-6
59
99
78
0
15
-36
-117
-36
10
26
26
14
-8
-52
-97
-19
27
-3
113
206
278
207
36
13
6
-11
17
-36
-21
-55
-6
-19
70
117
91
53
31
72
50
-36
64
56
-36
-107
-14
0
-82
-7
70
110
114
67
3
-79
-126
-98
-128
14
77
40
-11
-53
-58
-84
-119
-2
-71
-61
-57
-56
-61
-98
-98
-112
-17
36
87
58
85
134
-61
-68
-9
58
-11
21
59
-41
-29
-60
-3
39
-26
75
86
41
50
-80
-58
-139
-142
-37
-52
-46
-23
-28
49
-41
-74
-38
-35
-8
-63
-117
-68
-83
-57
13
-95
-87
-93
-47
52
72
76
7
-48
60
-77
-33
-40
-32
-18
-58
-38
-10
-23
-1
-30
13
141
186
75
68
-5
-89
-138
-276
-94
-52
15
118
-50
-100
-108
-97
50
139
177
70
-43
-65
59
44
72
120
30
72
59
88
26
-51
26
51
73
84
48
-76
-166
-25
51
109
94
26
17
-12
62
6
32
16
-46
80
48
72
38
-9
-57
-10
40
46
47
119
183
187
17
41
-16
-55
-34
-24
-14
18
61
77
69
-41
36
-50
41
128
114
135
92
-48
-100
-68
39
53
17
123
83
-6
7
67
-68
-61
-78
-51
38
72
50
8
-20
10
16
-8
43
-20
-60
29
89
138
157
57
37
-7
-77
-93
-85
-184
-171
-87
47
19
-9
59
49
42
53
47
22
14
-17
-2
-51
-110
-147
-15
-39
114
302
238
191
98
5
-122
-144
-104
-183
-142
-61
38
-61
7
5
-70
-11
24
6
-96
-171
-144
-202
-176
-16
-48
5
107
185
155
170
151
71
-51
-168
-162
-167
-142
-127
9
164
159
76
36
-44
-31
-100
-79
-73
-104
-74
-92
-30
3
-13
121
95
109
135
80
-18
-69
-64
-141
-151
-73
34
77
129
173
165
88
-18
-20
-61
-58
-83
-77
-18
45
75
70
90
61
67
16
33
142
190
154
2
-152
-297
-320
-185
23
185
278
268
102
-122
-213
-218
-233
-48
159
94
26
-118
-195
-205
-111
7
84
130
98
75
109
50
-35
-71
-87
-52
-26
35
-17
-31
-64
-59
-136
-4
99
60
35
25
-14
-3
-14
-60
-112
-193
-133
-74
-39
-52
-26
57
97
98
85
26
30
-60
0
-54
-67
-112
-154
-101
-190
-79
40
98
98
85
84
100
-23
-99
-61
-105
-158
-117
-76
3
-92
-143
-41
11
20
37
-25
27
25
-20
8
-55
-121
-102
-58
-14
52
36
36
23
93
83
85
68
-5
-103
-57
-14
14
34
42
9
-5
-34
-29
19
15
17
17
56
-16
-67
-147
-75
-84
-75
25
114
183
169
87
27
-37
-3
-23
41
129
118
85
67
46
-40
-89
36
101
138
124
84
-37
-102
-20
8
46
50
50
83
57
40
52
21
-13
25
91
87
52
72
167
79
74
48
43
18
-76
10
24
11
45
24
139
159
134
108
-55
-97
-80
-100
-113
-79
1
45
118
65
63
14
-32
-43
-7
59
20
-65
-108
-120
-77
-58
51
152
194
150
49
-76
-131
-94
-63
14
62
56
19
-28
-85
-91
-51
16
74
57
82
-15
-128
-192
-176
-126
-52
14
57
3
-91
-58
-75
-63
-30
-2
-54
-125
-63
-82
-129
-131
-46
101
135
197
201
89
-23
-64
-46
-47
-122
-177
-108
-144
-142
-102
-140
-172
-107
57
171
264
188
57
-119
-275
-300
-258
-80
90
111
104
37
-16
-74
-28
70
110
103
117
91
-22
-73
-108
-135
-72
57
130
148
126
101
49
-70
-110
-93
-51
-19
1
44
65
46
72
129
183
147
118
104
49
-29
-90
-63
-101
-125
-100
-58
-40
-22
39
94
106
110
85
41
-43
-77
-50
-25
-11
49
29
50
46
16
32
27
34
35
25
38
5
-41
-68
-34
0
13
78
78
30
-64
-62
-100
-73
-52
-18
3
-25
-48
-86
-142
-101
-17
32
37
28
4
4
2
-6
-22
-71
-75
-55
-30
-48
-24
-37
-70
-79
-43
14
-1
27
64
13
-15
-55
-82
-76
-46
-7
-8
-17
-43
-44
-62
-37
-9
-31
-38
-78
-113
-132
-102
-38
-20
29
50
50
45
28
21
-18
-65
-72
-66
0
57
55
17
9
7
-4
13
50
62
58
64
9
-21
-39
-31
-17
-7
27
25
-2
6
28
17
14
52
58
57
98
125
123
118
119
97
92
93
129
143
97
82
79
73
39
38
22
31
26
32
45
28
15
39
40
70
72
71
45
17
48
29
-20
1
32
12
4
-25
-29
-26
-27
19
32
38
18
-34
-49
-36
-22
-42
-43
-37
-24
-26
-19
-29
-44
-47
-53
-24
-28
-17
-20
-35
-32
-25
1
-25
-44
-87
-135
-136
-133
-120
-108
-86
-91
-89
-88
-93
-58
-38
-13
2
-10
-9
-35
-22
16
48
87
112
123
128
151
171
172
197
226
255
278
284
302
294
308
288
279
267
252
268
238
228
213
193
212
222
249
244
254
231
194
171
147
143
112
82
18
-22
-49
-73
-65
-89
-105
-127
-171
-192
-237
-267
-271
-278
-306
-343
-407
-451
-487
-517
-559
-614
-638
-684
-737
-810
-864
-927
-970
-992
-999
-995
-1044
-1068
-1095
-1122
-1085
-1030
-884
-726
-559
-368
-139
187
512
865
1154
1374
1569
1681
1716
1684
1575
1422
1187
985
798
643
476
296
183
78
51
-18
-107
-172
-220
-264
-333
-400
-424
-471
-504
-537
-523
-458
-341
-195
-26
216
491
803
1102
1395
1661
1920
2125
2235
2242
2171
2008
1754
1437
1046
646
267
-82
-389
-635
-802
-919
-958
-937
-860
-779
-725
-696
-702
-688
-701
-734
-782
-840
-866
-880
-817
-748
-680
-595
-509
-430
-401
-380
-397
-458
-533
-642
-779
-944
-1124
-1333
-1527
-1711
-1858
-1973
-2074
-1994
-1877
-1713
-1448
-1192
-713
-153
387
946
1325
1719
2063
2246
2361
2304
2165
1909
1638
1364
1118
878
547
369
197
161
158
53
-5
-90
-157
-229
-389
-543
-722
-888
-1053
-1144
-1167
-1174
-1107
-1009
-798
-504
-172
190
485
815
1188
1518
1796
1947
2028
2042
2017
1908
1729
1504
1223
973
697
463
299
143
43
-69
-151
-155
-175
-204
-283
-376
-453
-513
-561
-624
-667
-696
-661
-579
-456
-317
-157
37
217
379
524
602
646
617
542
448
300
102
-151
-395
-638
-857
-1080
-1324
-1542
-1700
-1841
-1988
-2136
-2296
-2430
-2557
-2617
-2598
-2565
-2368
-2083
-1760
-1323
-893
-326
347
964
1600
2091
2521
2911
3121
3243
3220
3077
2831
2482
2103
1699
1273
768
320
-66
-388
-600
-897
-1132
-1299
-1420
-1471
-1585
-1637
-1658
-1677
-1690
-1683
-1620
-1527
-1378
-1196
-944
-581
-211
231
679
1137
1657
2117
2531
2832
3017
3079
3036
2911
2657
2306
1913
1522
1095
662
290
-15
-243
-403
-547
-611
-639
-642
-655
-699
-690
-676
-651
-646
-634
-578
-486
-385
-280
-124
59
242
413
549
673
769
803
776
685
553
397
210
-28
-284
-562
-826
-1132
-1432
-1702
-1940
-2131
-2355
-2520
-2658
-2794
-2871
-2934
-2916
-2804
-2545
-2168
-1768
-1284
-793
-124
609
1291
1972
2461
2907
3304
3492
3582
3492
3241
2902
2441
2013
1575
1103
533
57
-348
-678
-952
-1326
-1580
-1766
-1899
-1941
-2038
-2068
-2069
-2068
-2020
-1926
-1734
-1535
-1336
-1103
-754
-306
166
619
1035
1494
1981
2425
2782
2982
3088
3127
3038
2866
2570
2198
1802
1390
980
604
285
30
-193
-374
-476
-496
-501
-512
-506
-501
-440
-392
-380
-372
-351
-265
-160
-63
65
211
353
488
600
694
754
754
703
619
498
352
144
-108
-356
-608
-819
-1066
-1324
-1539
-1737
-1891
-2063
-2251
-2379
-2503
-2574
-2633
-2648
-2626
-2481
-2140
-1817
-1390
-957
-467
271
914
1623
2235
2650
3158
3406
3542
3591
3368
3082
2616
2121
1653
1134
512
-149
-661
-1094
-1374
-1713
-2069
-2230
-2383
-2405
-2452
-2497
-2454
-2449
-2374
-2275
-2104
-1889
-1677
-1449
-1154
-716
-222
302
780
1273
1838
2390
2903
3275
3514
3666
3723
3672
3450
3074
2627
2164
1659
1140
640
185
-189
-518
-758
-900
-968
-992
-1005
-981
-891
-745
-628
-523
-411
-266
-95
51
173
291
439
599
735
837
899
918
905
851
748
634
480
255
0
-281
-515
-754
-1073
-1363
-1643
-1853
-2018
-2286
-2508
-2733
-2908
-2990
-3116
-3122
-3086
-2846
-2400
-1979
-1408
-888
-236
613
1357
2170
2757
3217
3667
3854
3974
3873
3549
3099
2482
1912
1344
758
60
-586
-1103
-1476
-1724
-2068
-2332
-2491
-2585
-2577
-2611
-2596
-2559
-2506
-2393
-2212
-1958
-1689
-1420
-1122
-697
-173
378
913
1406
1944
2526
3102
3590
3907
4069
4133
4099
3931
3589
3091
2519
1917
1299
697
130
-345
-755
-1081
-1293
-1405
-1433
-1441
-1395
-1325
-1190
-1002
-855
-729
-589
-395
-168
42
211
362
548
730
887
980
1022
1037
978
895
778
623
422
146
-132
-392
-642
-884
-1201
-1511
-1775
-2000
-2199
-2437
-2634
-2827
-2920
-2975
-3038
-3002
-3004
-2775
-2340
-1903
-1310
-824
-230
625
1372
2193
2875
3281
3765
4012
4110
4114
3768
3273
2651
1989
1433
815
57
-676
-1241
-1637
-1852
-2156
-2454
-2579
-2649
-2582
-2543
-2546
-2454
-2391
-2272
-2081
-1851
-1586
-1324
-1060
-686
-182
380
935
1403
1874
2438
2988
3484
3765
3876
3924
3887
3730
3359
2805
2218
1630
1035
450
-112
-590
-954
-1240
-1431
-1498
-1480
-1428
-1344
-1251
-1070
-858
-678
-541
-413
-218
45
266
440
599
787
1003
1156
1253
1295
1284
1247
1148
983
801
558
258
-50
-361
-624
-903
-1225
-1517
-1776
-1975
-2166
-2387
-2605
-2759
-2857
-2901
-2965
-3003
-2958
-2841
-2420
-1960
-1461
-881
-404
446
1306
2072
2882
3274
3778
4144
4230
4317
3992
3504
2898
2197
1614
958
166
-690
-1332
-1826
-2120
-2411
-2806
-2958
-3019
-2954
-2857
-2851
-2729
-2603
-2429
-2177
-1891
-1585
-1289
-967
-595
-73
503
1072
1574
2013
2591
3171
3674
3994
4085
4126
4119
3992
3658
3085
2428
1823
1214
567
-74
-640
-1064
-1398
-1633
-1749
-1751
-1683
-1585
-1441
-1244
-981
-746
-569
-399
-192
90
325
506
660
840
1063
1228
1330
1336
1317
1287
1183
1019
812
570
291
-26
-353
-643
-954
-1287
-1620
-1885
-2095
-2320
-2557
-2812
-2975
-3078
-3119
-3201
-3295
-3249
-3130
-2712
-2251
-1788
-1196
-705
137
1057
1869
2741
3221
3766
4200
4378
4521
4276
3819
3223
2550
1958
1301
509
-380
-1051
-1558
-1880
-2200
-2626
-2833
-2894
-2845
-2748
-2735
-2650
-2523
-2349
-2120
-1848
-1566
-1287
-969
-588
-65
501
1088
1610
2094
2676
3282
3836
4175
4316
4359
4352
4218
3856
3267
2546
1892
1235
510
-194
-868
-1359
-1730
-1994
-2131
-2174
-2080
-1949
-1765
-1511
-1216
-897
-665
-434
-162
121
382
561
698
877
1091
1264
1354
1361
1340
1336
1277
1140
938
679
415
104
-222
-542
-881
-1224
-1603
-1932
-2182
-2445
-2691
-2979
-3172
-3244
-3319
-3317
-3413
-3383
-3236
-2985
-2410
-1935
-1318
-708
-108
884
1727
2631
3375
3771
4363
4620
4783
4753
4287
3753
3043
2346
1681
939
39
-800
-1401
-1883
-2139
-2532
-2890
-2972
-2981
-2832
-2774
-2758
-2629
-2443
-2189
-1915
-1613
-1333
-993
-648
-183
388
932
1507
1993
2491
3096
3636
4090
4321
4390
4418
4364
4125
3620
2899
2137
1451
700
-78
-841
-1514
-1965
-2326
-2535
-2615
-2587
-2406
-2170
-1858
-1486
-1105
-737
-443
-152
181
498
752
939
1071
1249
1439
1551
1586
1545
1516
1489
1385
1204
960
693
403
109
-195
-518
-864
-1225
-1571
-1867
-2136
-2419
-2697
-2930
-3110
-3171
-3283
-3368
-3408
-3412
-3239
-2991
-2504
-1950
-1359
-707
-36
913
1841
2736
3475
3911
4459
4752
4849
4741
4236
3682
2952
2188
1463
636
-238
-1059
-1673
-2134
-2422
-2798
-3114
-3190
-3165
-2974
-2887
-2834
-2674
-2479
-2198
-1950
-1666
-1346
-974
-575
-106
453
1041
1661
2184
2714
3322
3891
4363
4565
4603
4590
4487
4179
3592
2817
2008
1272
465
-394
-1203
-1907
-2360
-2705
-2921
-2976
-2906
-2680
-2390
-2043
-1619
-1167
-730
-373
-50
281
619
908
1106
1239
1395
1571
1677
1694
1637
1588
1555
1457
1264
1007
738
454
159
-184
-552
-934
-1325
-1677
-2026
-2325
-2622
-2906
-3080
-3245
-3297
-3356
-3415
-3366
-3320
-3121
-2870
-2404
-1814
-1214
-497
111
1014
1961
2788
3663
4055
4558
4929
4918
4851
4349
3740
3061
2219
1424
588
-254
-1097
-1738
-2286
-2613
-2874
-3197
-3285
-3297
-3147
-2980
-2898
-2732
-2553
-2273
-1998
-1691
-1348
-962
-535
-71
499
1074
1695
2260
2781
3384
3916
4396
4657
4693
4656
4492
4160
3590
2819
1937
1118
287
-603
-1399
-2140
-2633
-2937
-3133
-3136
-3001
-2723
-2352
-1926
-1461
-955
-457
-43
320
640
974
1263
1455
1568
1635
1763
1862
1872
1812
1724
1663
1567
1393
1123
824
527
213
-137
-542
-947
-1354
-1748
-2085
-2435
-2721
-2992
-3231
-3345
-3446
-3469
-3476
-3467
-3342
-3145
-2904
-2535
-1963
-1407
-685
-37
601
1575
2333
3143
3789
4073
4579
4669
4551
4339
3743
3144
2396
1533
769
32
-780
-1503
-2093
-2555
-2734
-3009
-3217
-3254
-3227
-3003
-2864
-2736
-2537
-2297
-1983
-1657
-1301
-934
-482
-43
497
1082
1626
2252
2746
3241
3744
4143
4488
4582
4508
4347
4065
3591
2927
2088
1213
412
-442
-1248
-1981
-2576
-2952
-3176
-3223
-3115
-2832
-2450
-2007
-1513
-1006
-432
68
501
856
1166
1501
1724
1859
1905
1954
2042
2073
2020
1890
1767
1655
1502
1247
932
625
293
-44
-459
-909
-1322
-1728
-2077
-2414
-2725
-2958
-3186
-3333
-3396
-3430
-3363
-3290
-3212
-3013
-2809
-2542
-2109
-1581
-981
-305
284
945
1818
2539
3300
3805
4058
4453
4460
4322
4038
3426
2817
2021
1199
489
-234
-1017
-1732
-2293
-2652
-2774
-3012
-3216
-3231
-3129
-2863
-2700
-2556
-2352
-2068
-1692
-1364
-1039
-697
-260
202
717
1229
1754
2328
2785
3251
3665
4025
4328
4366
4235
4003
3674
3195
2516
1648
763
-3
-785
-1541
-2230
-2784
-3073
-3195
-3191
-3026
-2687
-2250
-1734
-1213
-673
-68
448
859
1155
1425
1705
1880
1933
1894
1878
1903
1890
1776
1619
1488
1382
1237
978
695
408
90
-233
-631
-1044
-1414
-1783
-2138
-2472
-2752
-2941
-3115
-3235
-3306
-3294
-3212
-3124
-2969
-2841
-2567
-2282
-1897
-1256
-770
-111
432
989
1897
2503
3218
3630
3822
4198
4181
4058
3716
3164
2558
1831
1101
383
-231
-1018
-1636
-2124
-2457
-2525
-2806
-2974
-3001
-2860
-2614
-2490
-2367
-2232
-1886
-1563
-1254
-941
-657
-164
276
780
1262
1751
2308
2715
3143
3513
3875
4109
4102
3935
3679
3407
2904
2207
1323
476
-237
-994
-1713
-2404
-2896
-3129
-3185
-3103
-2918
-2515
-2062
-1513
-938
-384
235
723
1100
1370
1652
1891
2015
2025
1942
1958
1969
1939
1799
1592
1474
1363
1212
950
654
359
51
-288
-690
-1070
-1462
-1826
-2180
-2484
-2715
-2921
-3061
-3207
-3223
-3147
-3067
-2915
-2830
-2662
-2378
-2125
-1719
-1172
-709
-89
448
974
1808
2390
3026
3481
3656
4023
4035
3863
3570
3015
2403
1693
950
251
-356
-1101
-1736
-2198
-2530
-2593
-2804
-2965
-2937
-2794
-2545
-2402
-2277
-2093
-1747
-1431
-1138
-841
-533
-62
347
799
1260
1753
2286
2688
3069
3418
3766
3984
3982
3827
3591
3336
2828
2133
1287
464
-210
-968
-1713
-2366
-2810
-3009
-3088
-3011
-2781
-2350
-1827
-1287
-712
-141
448
931
1289
1568
1810
2015
2071
2029
1941
1890
1868
1769
1610
1433
1291
1171
1004
742
451
173
-129
-449
-818
-1173
-1543
-1904
-2219
-2517
-2725
-2922
-3062
-3123
-3139
-3029
-2916
-2800
-2628
-2484
-2207
-1930
-1630
-1055
-592
-47
512
937
1731
2361
2930
3457
3614
3923
4009
3835
3563
3067
2445
1733
1001
257
-317
-1042
-1747
-2184
-2563
-2631
-2795
-3004
-2998
-2886
-2637
-2486
-2355
-2209
-1898
-1572
-1338
-1034
-763
-326
104
512
1001
1485
2027
2440
2788
3150
3510
3777
3790
3641
3378
3116
2664
1980
1178
325
-391
-1118
-1850
-2460
-2899
-3115
-3158
-3050
-2779
-2299
-1739
-1147
-541
64
708
1243
1638
1925
2133
2324
2393
2332
2222
2123
2047
1965
1793
1584
1427
1260
1089
858
550
250
-79
-421
-798
-1184
-1570
-1950
-2265
-2574
-2776
-2944
-3066
-3108
-3126
-3002
-2861
-2675
-2489
-2324
-2070
-1821
-1566
-1118
-620
-137
431
797
1388
2110
2618
3216
3434
3631
3870
3731
3522
3114
2523
1836
1088
351
-274
-857
-1593
-2119
-2496
-2646
-2646
-2841
-2912
-2819
-2593
-2364
-2244
-2126
-1908
-1571
-1318
-1033
-745
-387
66
453
920
1415
1945
2425
2746
3079
3425
3730
3821
3687
3397
3080
2695
2072
1284
389
-407
-1091
-1761
-2384
-2855
-3087
-3157
-3011
-2762
-2326
-1718
-1132
-492
113
723
1314
1722
1987
2177
2347
2438
2447
2306
2139
2061
1971
1879
1670
1433
1272
1108
909
632
310
-19
-337
-703
-1088
-1466
-1862
-2188
-2531
-2777
-2893
-3012
-3036
-3062
-2978
-2772
-2546
-2302
-2145
-1941
-1712
-1455
-1230
-842
-375
35
588
894
1442
2115
2573
3138
3303
3497
3646
3480
3206
2728
2147
1393
681
-89
-691
-1202
-1915
-2329
-2662
-2706
-2652
-2784
-2771
-2642
-2357
-2151
-2021
-1922
-1713
-1371
-1157
-867
-590
-229
226
598
1084
1603
2149
2619
2932
3231
3541
3796
3809
3603
3229
2814
2345
1654
835
-52
-844
-1500
-2104
-2609
-2956
-3048
-2942
-2693
-2312
-1808
-1171
-517
70
636
1189
1682
2027
2185
2296
2403
2465
2434
2265
2114
2040
1985
1868
1640
1407
1237
1062
807
461
77
-253
-606
-1023
-1421
-1829
-2156
-2476
-2790
-2949
-3019
-3019
-3000
-2966
-2824
-2556
-2278
-2077
-1881
-1709
-1488
-1288
-1202
-937
-522
-112
383
686
1102
1791
2328
2871
3155
3262
3457
3335
3005
2570
1959
1214
448
-357
-971
-1412
-2000
-2449
-2701
-2744
-2558
-2540
-2553
-2390
-2144
-1903
-1792
-1724
-1569
-1298
-1103
-906
-618
-246
254
689
1150
1705
2272
2792
3121
3344
3584
3768
3728
3447
2974
2436
1923
1225
385
-466
-1237
-1799
-2313
-2728
-2940
-2937
-2742
-2431
-2004
-1488
-839
-200
303
817
1295
1739
2070
2169
2247
2345
2439
2468
2322
2179
2119
2079
1963
1726
1441
1224
1006
682
311
-100
-451
-803
-1220
-1593
-1915
-2189
-2465
-2699
-2810
-2800
-2722
-2683
-2594
-2391
-2123
-1836
-1638
-1482
-1286
-1128
-1035
-976
-976
-623
-250
87
541
738
1330
1960
2424
2950
3080
3176
3161
2821
2395
1895
1142
279
-479
-1198
-1550
-1907
-2404
-2587
-2662
-2443
-2206
-2180
-2089
-1932
-1753
-1674
-1601
-1575
-1455
-1304
-1167
-815
-391
170
702
1172
1783
2410
3016
3404
3561
3634
3699
3647
3352
2830
2128
1521
911
227
-467
-1172
-1670
-2002
-2219
-2289
-2228
-2015
-1721
-1348
-891
-381
152
589
956
1328
1727
2076
2252
2330
2396
2518
2636
2585
2426
2255
2104
1943
1682
1326
964
634
254
-131
-535
-896
-1201
-1575
-1915
-2172
-2371
-2541
-2724
-2823
-2813
-2694
-2530
-2397
-2206
-1981
-1681
-1427
-1256
-1135
-1038
-1021
-1018
-1025
-1032
-691
-430
-26
359
631
1310
1805
2349
2756
2773
2841
2645
2246
1781
1156
399
-362
-1044
-1535
-1676
-1918
-2116
-2156
-2106
-1748
-1576
-1565
-1560
-1559
-1511
-1557
-1624
-1675
-1580
-1412
-1126
-673
-105
576
1155
1710
2305
2867
3337
3513
3435
3288
3133
2857
2410
1760
1089
595
118
-365
-863
-1291
-1503
-1610
-1664
-1634
-1474
-1244
-1007
-742
-387
79
525
845
1134
1516
1957
2298
2447
2492
2584
2695
2688
2508
2217
1942
1685
1380
1024
643
305
-4
-336
-651
-917
-1160
-1444
-1771
-2063
-2250
-2404
-2555
-2710
-2761
-2650
-2452
-2211
-2020
-1805
-1518
-1257
-1043
-962
-958
-1004
-1070
-1126
-1169
-866
-588
-171
241
527
1188
1714
2257
2576
2523
2522
2298
1874
1322
671
-32
-680
-1225
-1619
-1662
-1758
-1821
-1809
-1718
-1384
-1265
-1322
-1451
-1565
-1581
-1694
-1798
-1820
-1636
-1320
-910
-350
332
1096
1717
2244
2699
3109
3384
3321
3040
2686
2380
2042
1584
1049
544
207
-49
-305
-586
-848
-1009
-1142
-1233
-1287
-1243
-1141
-1033
-801
-448
42
581
1043
1498
1995
2480
2850
2994
2942
2865
2724
2495
2136
1674
1278
933
630
363
115
-78
-257
-457
-669
-908
-1166
-1483
-1875
-2225
-2487
-2652
-2723
-2749
-2655
-2413
-2092
-1746
-1428
-1143
-856
-705
-605
-681
-830
-1012
-1154
-1292
-1235
-821
-477
127
540
1009
1698
2104
2553
2632
2377
2181
1609
1001
419
-194
-785
-1263
-1576
-1570
-1332
-1250
-1137
-1097
-942
-779
-901
-1142
-1478
-1727
-1902
-2045
-1986
-1762
-1319
-789
-165
598
1438
2138
2565
2820
2911
2972
2820
2415
1930
1465
1163
962
759
592
470
377
309
182
-37
-332
-725
-1132
-1484
-1665
-1663
-1555
-1325
-879
-176
655
1490
2142
2704
3156
3404
3463
3201
2772
2300
1790
1351
944
642
444
323
309
301
299
194
-37
-411
-850
-1303
-1773
-2243
-2683
-2966
-3065
-2943
-2665
-2319
-1952
-1541
-1168
-847
-687
-594
-702
-850
-1061
-1316
-1487
-1546
-1474
-1195
-544
0
768
1235
1638
2105
2233
2388
2208
1676
1256
595
19
-382
-756
-986
-1180
-1211
-1009
-707
-598
-574
-765
-888
-1060
-1432
-1736
-2102
-2256
-2257
-2162
-1717
-1139
-433
292
929
1536
2114
2392
2409
2247
1920
1692
1380
1094
918
849
930
1098
1283
1425
1446
1247
852
315
-315
-937
-1595
-2154
-2470
-2435
-2001
-1363
-523
345
1323
2282
2992
3448
3545
3429
3106
2663
2200
1737
1351
1082
968
990
1104
1190
1147
992
685
313
-206
-823
-1442
-2021
-2444
-2677
-2667
-2533
-2351
-2127
-1838
-1495
-1249
-1162
-1216
-1360
-1483
-1608
-1669
-1687
-1584
-1433
-1253
-976
-628
-358
152
528
811
1086
1035
1188
1175
1127
1216
1009
878
766
412
278
103
-133
-369
-717
-943
-944
-1100
-1246
-1453
-1680
-1631
-1696
-1710
-1684
-1642
-1418
-1230
-952
-517
-95
376
750
1044
1386
1635
1667
1666
1528
1471
1488
1385
1367
1282
1278
1325
1277
1167
928
581
151
-362
-885
-1322
-1640
-1811
-1811
-1649
-1187
-569
116
789
1323
1881
2305
2545
2648
2594
2491
2388
2281
2209
2141
2035
1907
1739
1537
1270
890
421
-110
-608
-1020
-1365
-1584
-1727
-1783
-1740
-1669
-1577
-1552
-1648
-1739
-1827
-1931
-1946
-2017
-1966
-1892
-1677
-1323
-1007
-662
-476
-361
-383
-410
-548
-624
-382
-182
236
526
824
1325
1607
1979
2047
1824
1566
1011
436
-83
-549
-959
-1302
-1502
-1373
-1102
-937
-785
-890
-917
-1020
-1263
-1430
-1672
-1736
-1676
-1444
-934
-285
369
971
1464
1840
2129
2135
1973
1696
1339
1119
912
874
908
946
1065
1126
1156
1051
759
293
-250
-850
-1375
-1728
-1923
-1868
-1652
-1191
-533
169
835
1339
1762
2067
2216
2248
2193
2134
2101
2086
2096
2123
2108
2031
1812
1506
1164
750
266
-277
-773
-1147
-1392
-1518
-1556
-1556
-1521
-1500
-1516
-1623
-1804
-1968
-2107
-2153
-2191
-2128
-1976
-1749
-1392
-1062
-780
-546
-542
-563
-711
-844
-924
-1004
-751
-320
229
789
1190
1579
1814
1894
1950
1653
1270
707
42
-399
-658
-792
-883
-971
-921
-670
-597
-634
-868
-1216
-1471
-1769
-1922
-1874
-1686
-1322
-942
-394
318
963
1465
1685
1758
1774
1705
1585
1445
1299
1267
1328
1418
1575
1608
1568
1376
1044
656
163
-337
-832
-1269
-1559
-1618
-1439
-1081
-685
-274
173
562
948
1181
1281
1400
1448
1567
1726
1845
2082
2235
2294
2301
2155
2001
1705
1226
741
209
-257
-574
-867
-1069
-1192
-1274
-1240
-1251
-1314
-1431
-1687
-1900
-2093
-2231
-2289
-2279
-2209
-2050
-1892
-1588
-1285
-1043
-861
-892
-891
-987
-950
-872
-837
-541
-99
396
986
1221
1556
1697
1684
1756
1517
1231
926
433
87
-140
-394
-412
-663
-865
-940
-1095
-1183
-1362
-1622
-1766
-1884
-1848
-1669
-1410
-1018
-662
-288
130
531
933
1191
1337
1515
1604
1777
1936
2000
2084
2020
1924
1798
1561
1299
915
438
-19
-421
-719
-932
-1123
-1171
-1111
-942
-667
-434
-184
35
203
407
590
789
1010
1208
1453
1731
1996
2258
2378
2370
2268
2077
1851
1510
1104
656
227
-93
-375
-590
-745
-894
-986
-1111
-1253
-1417
-1626
-1841
-2072
-2208
-2304
-2238
-2207
-2167
-2053
-1916
-1611
-1365
-1236
-1101
-1093
-1021
-886
-842
-620
-378
25
529
998
1343
1655
1762
1814
1843
1735
1637
1388
964
599
209
-99
-314
-664
-929
-1179
-1371
-1502
-1654
-1793
-1840
-1886
-1849
-1741
-1516
-1188
-865
-576
-292
56
468
860
1165
1429
1668
1901
2105
2253
2346
2339
2224
1998
1688
1387
1060
732
338
-70
-387
-648
-782
-874
-914
-887
-807
-700
-579
-409
-252
-15
161
371
606
836
1158
1412
1673
1906
2017
2144
2139
2066
1950
1698
1424
1094
740
416
82
-207
-426
-664
-871
-1097
-1306
-1468
-1685
-1890
-2101
-2192
-2187
-2146
-2077
-2157
-2073
-2082
-1881
-1671
-1572
-1345
-1376
-1237
-1109
-863
-483
-109
379
834
1331
1619
1782
1837
1749
1839
1692
1612
1427
1070
883
508
251
-49
-426
-771
-1149
-1491
-1727
-1929
-2099
-2145
-2172
-2053
-1851
-1644
-1316
-1061
-776
-534
-279
42
381
742
1033
1345
1614
1919
2158
2292
2364
2311
2215
2015
1713
1413
1081
811
499
202
-96
-297
-411
-520
-531
-625
-612
-584
-565
-450
-366
-223
-99
-2
167
377
672
978
1277
1546
1757
1876
1911
1915
1859
1778
1584
1299
1016
699
442
161
-171
-489
-849
-1177
-1469
-1732
-1886
-2001
-2030
-2053
-2068
-2088
-2125
-2145
-2119
-2019
-1929
-1756
-1661
-1484
-1311
-1048
-728
-340
178
667
1149
1382
1460
1398
1290
1299
1290
1390
1404
1330
1192
914
693
416
169
-140
-460
-776
-1122
-1429
-1723
-1862
-1892
-1805
-1628
-1517
-1355
-1255
-1129
-959
-788
-575
-395
-178
39
323
592
867
1147
1403
1683
1880
1982
1973
1875
1773
1657
1535
1361
1168
930
700
495
311
180
43
-74
-214
-332
-436
-549
-671
-784
-820
-773
-666
-526
-377
-181
51
258
451
627
755
884
956
1022
1118
1174
1219
1172
1100
997
850
666
384
77
-222
-438
-563
-541
-472
-420
-402
-514
-671
-832
-932
-939
-862
-726
-566
-489
-484
-530
-588
-579
-528
-441
-324
-221
-123
-109
-173
-271
-373
-418
-416
-358
-237
-137
-73
-95
-199
-294
-422
-528
-620
-666
-620
-542
-472
-420
-384
-378
-373
-377
-378
-375
-383
-372
-388
-383
-356
-333
-267
-172
-18
164
352
477
535
549
554
576
594
635
702
825
949
1072
1125
1081
968
799
630
479
347
210
105
31
29
29
8
-26
-52
-56
-48
-11
40
120
213
294
407
509
626
739
816
892
965
1023
1010
949
815
668
525
376
249
132
73
27
9
0
-20
-31
-69
-120
-179
-240
-297
-346
-382
-404
-377
-335
-312
-304
-338
-389
-455
-532
-642
-763
-866
-945
-968
-982
-936
-901
-868
-832
-849
-871
-934
-1001
-1070
-1125
-1129
-1077
-999
-885
-758
-626
-491
-391
-323
-296
-307
-310
-307
-290
-236
-162
-45
92
227
367
484
583
654
696
737
762
767
765
804
852
901
926
939
924
900
846
758
657
516
387
248
134
46
-37
-97
-112
-78
-47
-22
-16
-1
22
39
75
119
187
259
360
489
611
743
816
853
877
860
817
722
610
513
442
394
372
362
339
311
263
216
169
114
63
9
-48
-89
-109
-132
-155
-175
-198
-228
-276
-335
-395
-461
-530
-590
-640
-660
-682
-704
-714
-729
-753
-777
-807
-846
-871
-920
-970
-1002
-1027
-1037
-1045
-1059
-1049
-1008
-935
-845
-777
-709
-653
-622
-582
-535
-474
-390
-292
-163
-3
174
350
491
613
705
781
832
844
858
887
946
1001
1046
1062
1046
1006
970
901
827
710
594
464
332
237
178
186
193
210
144
36
-132
-286
-396
-406
-317
-205
-114
-79
-76
-56
67
268
554
814
949
958
844
764
714
776
857
930
977
922
843
695
592
504
484
469
432
352
194
23
-136
-203
-234
-306
-403
-587
-780
-870
-918
-919
-912
-931
-1062
-1208
-1259
-1249
-1247
-1201
-1105
-1046
-1060
-980
-985
-973
-981
-986
-936
-884
-709
-578
-409
-308
-235
-153
-62
121
258
383
434
464
476
503
538
565
601
616
635
610
576
480
348
219
63
-77
-231
-372
-452
-463
-443
-422
-421
-449
-457
-457
-426
-369
-298
-184
-55
105
273
431
586
734
891
1023
1124
1159
1187
1204
1250
1309
1310
1297
1166
1031
841
685
568
455
413
343
296
209
106
0
-89
-147
-171
-160
-153
-87
-36
20
87
76
74
76
81
77
51
-15
-79
-157
-211
-248
-307
-327
-437
-650
-895
-1171
-1336
-1443
-1476
-1460
-1533
-1572
-1655
-1652
-1557
-1424
-1236
-1022
-763
-465
-186
-59
1
21
161
477
808
1111
1207
1105
986
859
852
847
795
696
545
386
266
120
-56
-207
-434
-604
-812
-965
-1023
-1029
-966
-911
-898
-863
-770
-634
-416
-245
-85
68
214
430
653
811
940
983
1017
1053
1091
1146
1157
1183
1210
1208
1162
1089
947
805
669
498
349
165
68
8
-10
39
60
102
142
195
258
318
375
444
484
525
558
570
600
593
576
519
416
264
99
-77
-259
-445
-644
-767
-887
-933
-1058
-1253
-1488
-1722
-1842
-1861
-1821
-1724
-1683
-1646
-1589
-1558
-1384
-1239
-981
-782
-514
-289
-20
301
550
910
1025
1160
1172
1172
1269
1280
1304
1212
1055
916
773
635
486
295
106
-110
-280
-439
-565
-688
-824
-916
-1047
-1066
-1074
-999
-880
-753
-585
-474
-315
-161
48
250
436
569
689
790
904
1009
1092
1136
1139
1117
1058
1034
950
884
766
636
491
337
203
79
-14
-95
-132
-162
-136
-78
-22
68
119
176
248
316
417
489
559
634
699
762
818
826
790
722
599
454
275
73
-92
-271
-400
-561
-753
-963
-1198
-1377
-1518
-1562
-1622
-1638
-1714
-1769
-1800
-1806
-1674
-1536
-1298
-1073
-844
-626
-302
18
398
707
843
909
823
830
912
1034
1172
1173
1004
795
583
450
422
325
205
4
-210
-336
-463
-531
-624
-722
-804
-832
-797
-686
-545
-457
-355
-348
-257
-128
55
274
410
497
548
594
692
816
887
942
890
815
735
632
539
421
288
151
44
-52
-87
-123
-125
-116
-137
-113
-117
-65
-2
78
176
257
355
433
542
613
683
700
680
683
655
655
637
595
540
433
309
159
9
-132
-254
-391
-499
-620
-755
-859
-993
-1039
-1099
-1119
-1119
-1140
-1141
-1109
-1044
-917
-754
-609
-418
-323
-188
-92
5
132
204
282
279
280
290
320
371
383
375
334
303
256
197
103
-43
-165
-301
-350
-388
-437
-462
-521
-505
-471
-392
-317
-273
-262
-294
-330
-373
-356
-326
-231
-131
-52
39
119
236
342
441
462
463
446
483
571
632
691
653
602
541
525
553
574
582
531
451
364
320
280
258
224
179
149
134
176
221
251
249
206
149
129
138
167
190
181
183
183
198
232
252
215
152
42
-36
-55
-21
49
76
47
-53
-188
-293
-329
-337
-307
-345
-392
-456
-505
-502
-493
-442
-417
-331
-251
-134
-75
-79
-128
-230
-260
-273
-193
-120
-44
18
45
94
106
143
123
84
18
-61
-141
-210
-284
-351
-390
-419
-421
-438
-446
-474
-498
-513
-519
-512
-523
-531
-566
-568
-545
-458
-353
-246
-132
-46
58
150
249
347
423
495
555
624
719
837
944
1004
988
949
927
906
897
832
714
585
469
385
323
266
222
186
153
139
132
119
105
74
30
-5
-48
-36
-18
9
43
79
115
141
153
107
59
-16
-38
3
66
125
130
69
-25
-120
-190
-197
-212
-230
-296
-380
-470
-541
-578
-603
-605
-602
-573
-527
-477
-443
-443
-465
-508
-525
-493
-428
-341
-259
-218
-217
-210
-177
-118
-52
-23
-56
-94
-136
-107
-101
-91
-165
-260
-341
-368
-348
-320
-328
-390
-459
-533
-537
-538
-496
-490
-457
-411
-312
-186
-62
34
71
124
181
278
392
529
629
735
815
890
974
1001
1010
956
889
824
787
752
720
657
568
495
450
456
471
469
422
377
334
311
309
301
296
276
278
296
320
351
356
361
352
342
324
291
230
160
99
76
103
147
185
150
63
-68
-187
-280
-357
-426
-511
-600
-678
-714
-753
-764
-767
-743
-688
-625
-563
-547
-566
-621
-649
-666
-613
-546
-452
-396
-372
-331
-286
-212
-188
-198
-259
-313
-357
-352
-331
-326
-327
-359
-358
-344
-321
-325
-344
-388
-403
-397
-382
-370
-387
-404
-396
-320
-212
-96
-17
30
33
48
98
180
265
331
380
420
500
569
629
651
649
629
620
616
620
598
572
531
494
480
467
471
469
479
495
506
532
540
530
503
465
425
426
438
470
514
532
558
560
555
526
503
474
451
430
396
359
296
245
201
174
158
135
103
48
-26
-120
-221
-303
-381
-433
-474
-511
-531
-544
-557
-570
-563
-532
-474
-420
-373
-360
-379
-403
-411
-406
-399
-388
-377
-348
-310
-280
-253
-249
-252
-268
-292
-305
-317
-326
-341
-344
-378
-398
-418
-435
-460
-483
-495
-488
-451
-411
-369
-386
-400
-399
-357
-303
-236
-193
-161
-121
-75
-5
50
114
151
198
231
287
331
359
372
349
341
333
356
372
377
356
328
316
298
295
277
276
270
277
299
318
341
362
366
381
408
450
508
558
613
653
675
697
698
681
671
658
629
592
539
479
410
345
290
230
169
119
73
9
-53
-120
-193
-253
-294
-320
-350
-378
-392
-394
-389
-384
-371
-358
-336
-304
-280
-260
-260
-254
-258
-271
-290
-318
-344
-384
-410
-428
-433
-435
-449
-461
-482
-503
-523
-539
-557
-568
-572
-568
-543
-505
-448
-404
-377
-366
-355
-326
-298
-262
-212
-168
-134
-98
-62
-21
16
39
54
65
79
110
133
130
114
83
83
72
63
56
40
34
36
36
42
48
61
84
107
125
157
195
237
275
312
361
397
424
462
499
541
577
596
606
598
581
569
553
530
524
507
485
456
416
378
333
294
257
215
178
159
131
95
69
37
12
-9
-16
-13
-10
3
30
55
80
96
80
65
43
17
-20
-62
-111
-154
-188
-224
-247
-269
-290
-324
-346
-367
-392
-418
-446
-470
-482
-473
-455
-429
-403
-381
-374
-359
-342
-330
-301
-284
-282
-264
-244
-202
-162
-125
-108
-98
-76
-59
-40
-25
-26
-27
-33
-48
-48
-53
-63
-76
-98
-114
-129
-142
-147
-142
-134
-117
-110
-90
-79
-67
-43
-28
-11
11
45
89
143
203
253
301
338
370
394
428
454
472
485
477
473
460
434
405
374
348
332
319
311
300
287
275
263
249
236
222
209
182
156
144
150
177
217
259
277
293
300
297
276
253
217
167
122
70
28
-12
-50
-106
-155
-197
-233
-255
-283
-320
-358
-386
-398
-390
-389
-379
-380
-367
-341
-335
-319
-308
-310
-313
-321
-316
-310
-292
-278
-271
-263
-263
-243
-219
-205
-196
-196
-199
-198
-199
-204
-218
-245
-279
-307
-311
-307
-297
-287
-281
-281
-282
-265
-245
-213
-173
-135
-97
-62
-12
21
55
90
108
143
183
220
260
284
305
330
350
385
412
424
435
435
434
418
398
373
346
333
310
290
268
256
250
240
233
215
203
201
200
198
190
195
201
217
232
233
228
220
206
195
182
160
133
99
69
36
2
-39
-74
-102
-129
-151
-166
-174
-189
-182
-183
-183
-173
-163
-157
-160
-150
-150
-142
-146
-156
-160
-160
-167
-182
-195
-209
-209
-207
-204
-224
-235
-250
-267
-274
-285
-289
-285
-270
-266
-249
-228
-217
-215
-216
-217
-216
-220
-221
-213
-203
-187
-173
-137
-98
-67
-33
-20
-7
18
36
64
77
91
109
136
169
202
235
267
290
298
306
306
304
297
276
261
245
219
216
212
206
199
190
188
183
182
180
164
151
152
156
162
167
176
184
198
212
216
214
212
200
179
159
129
104
91
78
49
9
-30
-73
-111
-140
-151
-172
-180
-182
-181
-174
-159
-140
-129
-116
-104
-99
-89
-69
-65
-65
-74
-82
-90
-94
-94
-107
-117
-126
-136
-161
-180
-210
-242
-259
-276
-283
-279
-263
-240
-211
-192
-174
-169
-159
-155
-151
-147
-140
-128
-111
-89
-77
-54
-37
-24
-7
16
39
53
62
67
67
70
79
87
109
136
161
188
216
234
253
269
273
269
267
258
245
240
224
217
203
187
177
173
165
158
154
150
139
129
127
127
131
131
131
125
115
110
95
82
74
69
52
35
20
1
-7
-26
-55
-81
-106
-130
-156
-158
-152
-140
-128
-121
-110
-93
-74
-56
-51
-45
-41
-39
-37
-43
-40
-42
-40
-41
-41
-45
-55
-67
-89
-116
-149
-180
-207
-225
-242
-244
-241
-237
-230
-208
-178
-162
-145
-135
-120
-103
-93
-90
-83
-79
-80
-75
-62
-50
-44
-38
-40
-42
-37
-26
-13
0
13
18
21
34
48
66
94
111
136
155
171
188
200
208
215
223
237
243
249
255
242
233
220
208
193
186
177
177
181
179
174
167
158
134
106
87
78
64
58
53
42
39
30
11
-12
-35
-69
-97
-122
-134
-142
-153
-161
-171
-175
-171
-159
-143
-119
-96
-78
-59
-49
-43
-51
-57
-65
-75
-80
-76
-73
-84
-87
-94
-105
-113
-121
-125
-138
-148
-157
-166
-160
-158
-151
-137
-125
-107
-82
-58
-39
-19
0
16
26
37
43
45
44
41
38
38
38
33
29
28
31
27
19
9
4
8
19
32
41
60
74
98
122
144
164
173
186
199
210
228
236
234
228
222
218
210
203
196
189
174
159
152
142
133
119
102
86
71
56
44
34
21
5
-8
-22
-29
-37
-43
-47
-58
-66
-79
-95
-104
-119
-122
-125
-135
-139
-150
-156
-156
-151
-145
-135
-128
-125
-129
-139
-147
-155
-162
-170
-178
-186
-186
-185
-182
-172
-177
-182
-194
-191
-188
-177
-162
-152
-141
-127
-115
-98
-76
-59
-38
-18
6
29
52
75
86
91
94
92
90
77
68
64
53
53
52
56
61
66
61
63
68
75
84
93
107
121
134
143
162
183
204
223
238
248
260
268
269
266
251
228
209
195
176
173
164
152
135
120
108
89
76
57
37
20
11
-4
-7
-12
-16
-13
-8
-5
3
3
-5
-15
-33
-44
-60
-69
-84
-99
-110
-122
-131
-135
-139
-143
-150
-159
-165
-167
-174
-178
-180
-188
-192
-202
-213
-219
-227
-226
-226
-227
-217
-210
-203
-203
-196
-189
-182
-171
-165
-156
-142
-124
-109
-96
-83
-76
-76
-73
-69
-59
-45
-28
-25
-20
-16
-8
1
-3
6
16
19
25
26
31
41
57
65
76
90
112
135
151
166
181
197
220
242
252
267
271
276
271
276
274
268
259
241
224
210
202
192
188
180
171
164
162
160
158
149
136
119
101
92
83
85
79
66
52
42
42
38
30
19
0
-18
-29
-41
-53
-73
-90
-111
-129
-132
-133
-140
-152
-160
-173
-176
-176
-173
-174
-181
-181
-180
-176
-177
-178
-179
-188
-197
-202
-206
-207
-206
-211
-215
-219
-217
-213
-203
-198
-191
-182
-175
-168
-166
-163
-164
-156
-142
-131
-117
-107
-99
-92
-83
-71
-60
-41
-21
-4
17
43
65
80
94
108
128
144
160
185
206
229
249
262
276
290
302
311
320
324
323
329
326
318
314
312
309
302
297
285
267
255
239
231
221
208
198
188
179
165
147
120
97
75
61
48
37
19
-1
-21
-42
-64
-79
-95
-113
-130
-152
-166
-176
-186
-200
-214
-229
-238
-236
-234
-234
-234
-233
-231
-233
-240
-239
-239
-239
-241
-243
-245
-251
-245
-245
-244
-243
-243
-239
-236
-226
-220
-210
-203
-198
-190
-172
-163
-156
-154
-150
-139
-133
-124
-115
-102
-88
-71
-57
-45
-33
-18
-4
5
18
33
48
63
83
97
109
124
138
156
171
187
203
221
241
261
273
290
304
319
332
336
346
344
352
357
363
366
358
345
332
324
312
302
287
268
250
235
212
200
178
156
137
111
89
69
55
33
19
1
-22
-38
-57
-71
-90
-103
-120
-129
-140
-151
-155
-164
-171
-172
-179
-191
-194
-198
-204
-211
-212
-219
-220
-218
-218
-219
-231
-237
-242
-246
-252
-256
-250
-253
-248
-240
-235
-225
-221
-214
-202
-192
-186
-173
-165
-158
-147
-136
-129
-120
-118
-108
-96
-92
-75
-62
-52
-39
-24
-8
2
20
32
36
35
40
52
66
77
92
103
118
134
152
172
186
200
209
221
230
240
245
253
262
268
273
276
277
277
278
276
272
262
254
240
229
221
207
197
187
178
163
151
139
129
117
99
82
65
54
41
26
13
-2
-18
-33
-37
-42
-57
-66
-81
-90
-94
-106
-115
-129
-147
-159
-166
-172
-172
-176
-184
-187
-192
-196
-196
-202
-207
-216
-222
-223
-219
-208
-200
-199
-193
-184
-180
-171
-162
-150
-141
-133
-127
-115
-108
-97
-92
-90
-81
-84
-75
-74
-69
-60
-54
-45
-38
-33
-20
-8
-1
13
21
30
40
46
57
66
76
83
90
98
115
125
138
144
152
160
166
171
175
186
186
183
179
182
182
181
178
173
166
152
146
135
126
108
100
90
85
82
77
79
73
69
62
56
53
44
38
32
28
27
19
5
-2
-9
-7
-10
-14
-14
-19
-25
-39
-48
-56
-63
-72
-81
-82
-93
-97
-105
-109
-117
-130
-131
-135
-136
-139
-140
-142
-143
-146
-149
-146
-140
-130
-125
-118
-113
-111
-102
-100
-102
-102
-105
-106
-98
-96
-90
-88
-86
-82
-81
-73
-65
-54
-44
-34
-30
-28
-18
-4
10
19
28
44
51
57
70
79
98
110
119
135
146
160
171
179
187
195
199
203
208
216
217
210
206
201
191
188
171
159
149
132
128
119
109
93
74
60
51
39
31
25
18
9
-2
-9
-16
-20
-28
-30
-33
-38
-50
-51
-47
-48
-44
-52
-53
-55
-64
-64
-71
-85
-89
-94
-95
-100
-100
-93
-94
-97
-99
-99
-103
-107
-109
-114
-115
-118
-118
-118
-113
-103
-99
-94
-93
-89
-81
-77
-72
-70
-69
-69
-70
-63
-56
-50
-47
-43
-41
-39
-31
-29
-22
-15
-15
-8
-9
0
8
9
17
24
30
40
49
54
61
59
64
77
83
88
92
92
100
110
120
127
131
130
128
131
129
125
116
111
99
90
82
70
59
50
40
31
19
9
-2
-11
-17
-25
-32
-39
-44
-54
-58
-65
-72
-73
-83
-85
-81
-77
-77
-76
-75
-69
-67
-67
-66
-70
-67
-68
-67
-64
-67
-68
-69
-69
-69
-73
-69
-63
-62
-62
-55
-54
-53
-46
-42
-34
-30
-25
-15
-10
0
5
7
12
11
15
19
25
27
27
26
26
34
33
36
35
33
33
33
36
35
39
39
36
30
27
28
31
30
32
31
29
33
32
37
44
47
53
61
64
72
80
86
95
102
104
105
105
106
108
105
97
90
82
80
75
70
64
57
49
42
34
26
12
6
0
-10
-15
-20
-27
-30
-30
-34
-35
-34
-37
-37
-37
-36
-39
-44
-42
-46
-48
-49
-53
-55
-58
-62
-61
-63
-65
-66
-64
-60
-64
-66
-64
-71
-78
-81
-83
-82
-82
-82
-81
-75
-69
-65
-60
-57
-55
-51
-49
-44
-43
-37
-30
-28
-22
-19
-18
-19
-17
-15
-15
-16
-18
-15
-14
-9
-7
-5
-5
-3
0
2
6
15
20
22
30
32
39
43
44
48
54
63
68
77
80
89
100
111
122
126
127
129
134
136
136
133
130
122
114
106
97
90
84
76
69
64
59
52
41
33
24
15
2
-10
-17
-14
-17
-17
-18
-24
-29
-33
-32
-38
-39
-49
-56
-62
-65
-72
-74
-74
-84
-81
-81
-87
-90
-96
-100
-101
-102
-103
-110
-110
-109
-107
-102
-104
-99
-99
-97
-91
-83
-78
-75
-70
-62
-53
-47
-43
-40
-39
-35
-23
-18
-14
-14
-11
-3
2
10
10
10
15
19
25
27
34
32
31
34
37
44
46
51
54
59
58
61
63
64
68
75
81
82
85
92
101
109
114
113
114
117
120
122
121
118
112
110
108
103
98
94
87
81
74
67
60
54
43
35
29
19
9
0
-7
-11
-18
-27
-32
-39
-43
-50
-59
-65
-69
-77
-82
-89
-97
-103
-107
-108
-110
-112
-117
-118
-116
-114
-112
-112
-112
-113
-112
-108
-105
-105
-99
-91
-85
-75
-67
-61
-53
-41
-33
-26
-25
-20
-12
-7
2
9
13
17
20
24
32
36
39
41
40
43
45
45
44
40
39
38
40
38
35
35
39
39
38
36
35
34
35
34
35
35
37
40
43
49
53
57
63
66
72
74
77
76
77
78
79
81
76
73
72
72
70
68
64
59
55
49
44
37
28
22
17
11
5
-2
-11
-13
-15
-19
-21
-31
-37
-42
-44
-46
-53
-63
-68
-66
-69
-68
-70
-77
-78
-79
-79
-76
-76
-76
-76
-73
-70
-67
-68
-67
-63
-59
-52
-46
-43
-39
-33
-27
-18
-12
-8
-4
1
5
8
14
16
18
20
21
22
25
24
25
23
22
24
20
15
10
7
6
3
-2
-3
-7
-8
-12
-14
-15
-16
-17
-18
-15
-11
-8
-6
-5
-4
0
7
14
21
25
33
40
46
53
58
61
64
67
70
70
71
72
72
73
72
73
67
63
58
54
52
46
41
35
27
22
17
11
3
-1
-4
-8
-13
-18
-23
-28
-33
-35
-35
-40
-44
-48
-50
-49
-49
-48
-49
-51
-51
-51
-53
-53
-52
-50
-49
-47
-47
-44
-40
-39
-37
-33
-27
-22
-19
-15
-11
-7
-3
1
4
5
8
9
13
13
16
17
15
15
15
14
9
6
1
0
0
-3
-8
-12
-17
-19
-20
-22
-25
-28
-30
-30
-29
-28
-29
-30
-31
-28
-23
-18
-15
-13
-7
-3
8
15
16
20
23
31
37
43
45
45
51
55
57
57
57
53
54
55
57
53
48
44
41
39
38
34
28
23
20
20
16
10
3
1
1
-2
-3
-6
-11
-15
-15
-16
-18
-20
-23
-25
-22
-23
-23
-24
-26
-27
-27
-28
-26
-27
-27
-25
-24
-22
-22
-22
-21
-18
-15
-13
-11
-10
-7
-6
-5
-4
-1
-1
4
6
5
5
3
4
4
4
1
-2
-3
-5
-6
-9
-13
-18
-20
-21
-23
-25
-28
-30
-31
-30
-30
-32
-32
-34
-31
-29
-24
-23
-21
-19
-14
-8
-3
2
7
11
18
26
31
34
37
42
45
48
51
51
52
53
51
50
45
46
44
40
38
33
29
25
21
20
14
10
5
3
2
1
-4
-6
-8
-8
-8
-8
-10
-13
-14
-11
-9
-10
-11
-14
-13
-12
-9
-11
-11
-12
-11
-8
-8
-8
-11
-12
-9
-7
-4
-5
-8
-7
-4
-1
0
-2
-3
-3
0
4
5
2
0
0
3
4
3
-3
-6
-7
-7
-7
-14
-19
-24
-26
-26
-27
-34
-37
-40
-40
-38
-39
-43
-46
-44
-39
-36
-33
-34
-33
-27
-20
-12
-9
-6
-4
4
13
19
24
25
28
35
40
45
44
43
44
46
50
50
44
41
39
39
39
35
28
22
19
18
17
13
6
0
-1
0
-1
-5
-10
-14
-15
-12
-11
-11
-15
-16
-13
-9
-7
-9
-10
-9
-7
-3
-2
-3
-5
-5
-3
2
3
1
-1
-1
3
6
6
4
3
3
6
8
6
5
3
4
6
5
5
4
1
1
1
1
-1
-5
-8
-10
-10
-12
-16
-20
-23
-25
-26
-28
-32
-34
-35
-36
-35
-34
-37
-36
-35
-33
-28
-26
-23
-20
-16
-10
-5
0
4
8
14
20
25
29
33
35
39
42
45
45
45
45
44
45
45
42
39
37
34
31
28
23
18
15
12
10
5
1
-1
-5
-6
-6
-9
-11
-13
-14
-12
-12
-12
-12
-12
-11
-7
-6
-5
-5
-5
-2
0
1
0
-2
-2
1
3
3
0
-1
1
1
2
2
-1
-1
-1
0
2
0
-1
-1
-2
-1
-1
-3
-3
-4
-5
-4
-6
-7
-11
-12
-12
-13
-16
-19
-22
-23
-24
-24
-25
-26
-28
-28
-26
-27
-27
-27
-25
-23
-21
-19
-16
-15
-11
-7
-3
1
4
8
11
16
18
20
23
26
28
30
32
31
33
32
33
33
31
28
25
24
22
19
17
14
11
8
7
5
3
0
-1
0
-1
-2
-4
-4
-4
-3
-4
-2
-2
-4
-2
0
1
2
3
3
4
5
6
5
5
6
8
8
8
6
6
7
7
4
3
2
2
1
0
-1
-4
-6
-6
-6
-7
-8
-9
-9
-9
-9
-9
-11
-12
-13
-13
-12
-13
-17
-18
-17
-16
-16
-18
-20
-19
-19
-16
-15
-16
-16
-17
-14
-11
-10
-10
-10
-10
-6
-3
0
-1
-2
