SAMPLES:	8856
BITSPERSAMPLE:	16
CHANNELS:	1
SAMPLERATE:	16000
NORMALIZED:	FALSE
-1
-1
1
2
-1
-2
-2
-1
1
0
-2
-2
0
1
0
0
-2
-1
0
0
-2
-1
-1
0
1
-1
-3
-2
-1
0
0
-2
-2
-1
0
0
-1
-2
-2
1
1
1
0
0
-1
1
1
0
0
1
1
1
0
-2
-1
1
-1
-2
-2
-3
-2
0
-1
-2
-3
-2
-1
-2
-2
-3
-2
-1
-1
-2
-2
-2
-1
-1
-2
-2
-1
-1
0
-1
-2
-2
-1
0
-1
-2
-3
-3
-3
-3
-2
-2
-2
-1
0
0
-1
1
1
2
1
1
0
2
3
3
1
0
0
2
3
0
0
1
1
2
1
0
0
2
3
3
2
0
1
4
3
2
2
1
3
3
3
2
3
4
4
3
2
0
2
3
1
2
1
2
2
1
-1
0
1
1
2
2
-1
-1
1
1
1
-1
-1
-1
1
0
1
1
1
1
2
2
0
1
2
1
1
0
0
1
2
1
0
-2
-1
-1
-1
-2
-3
-1
-3
-1
-2
-2
-2
-2
-2
-3
-2
-4
-2
-1
-3
-3
-2
-2
-2
-1
-1
-2
-2
0
0
1
0
0
-1
0
-1
0
0
-1
-1
0
-2
-1
0
0
0
-2
-2
-1
0
0
0
0
1
0
1
1
1
1
0
0
0
0
-1
0
0
-1
-1
-2
-2
-1
-1
-1
-2
-2
-2
-1
-1
-1
-1
0
0
-1
1
0
2
2
0
0
0
-1
1
3
3
1
2
1
2
4
3
2
2
1
1
2
3
2
1
0
-1
0
1
2
2
3
2
2
3
3
5
5
4
4
5
4
6
7
6
5
5
4
4
5
5
4
3
3
2
2
2
1
0
0
-1
1
0
1
0
1
0
0
0
1
1
2
2
0
0
0
0
0
0
0
0
-1
-2
-1
-3
-4
-2
-4
-3
-3
-3
-3
-3
-3
-4
-4
-4
-5
-5
-7
-7
-3
-2
0
-2
-2
-5
-3
1
1
1
-1
-5
-4
-2
-1
0
-2
-4
-7
-8
-7
-7
-8
-11
-10
-9
-8
-8
-11
-11
-14
-10
-11
-13
-12
-17
-12
-12
-18
-18
-17
-15
-12
-13
-14
-15
-15
-13
-9
-8
-11
-13
-17
-19
-19
-17
-18
-22
-25
-27
-29
-25
-21
-20
-17
-16
-21
-26
-21
-13
-7
-13
-18
-12
-8
-6
-2
-6
-9
-10
-14
-13
-6
0
-5
-6
-8
-11
-5
-5
-6
-4
0
2
-1
0
6
6
8
12
14
16
18
26
25
31
35
30
29
28
30
37
43
43
34
29
42
46
45
45
45
46
41
43
37
37
45
46
52
36
25
23
27
28
29
29
30
35
44
42
48
46
33
30
20
13
22
33
34
35
31
19
9
4
17
31
48
43
29
25
16
19
19
19
26
29
29
28
32
32
46
51
36
25
16
18
16
1
3
-4
-14
-14
1
18
11
8
-6
3
20
26
29
19
12
0
-9
-20
-31
-38
-42
-46
-45
-41
-54
-58
-78
-84
-75
-57
-51
-44
-48
-55
-50
-45
-20
-17
-26
-41
-50
-45
-37
-35
-28
-29
-36
-52
-39
-38
-24
-26
-16
-31
-26
-30
-13
-1
33
57
92
188
306
627
722
551
221
63
76
147
261
374
299
9
-195
-236
-225
-120
-71
-71
-134
-184
-174
-262
-278
-372
-242
-175
-128
-172
-197
-185
-144
-4
266
292
-83
-580
-842
-578
11
552
611
109
-429
-704
-341
539
1255
1463
629
-125
-411
289
1190
1472
873
190
-344
-85
192
732
974
788
148
-483
-742
-425
18
32
-149
-628
-689
-704
-832
-864
-831
-767
-743
-947
-796
-547
-203
-235
-652
-845
-694
-272
31
80
87
51
116
32
93
313
456
460
66
48
182
450
478
218
81
61
39
12
67
200
246
52
-202
-316
-48
102
135
-189
-258
-140
-12
168
128
264
226
63
-30
-6
284
424
361
244
173
290
338
339
309
296
368
206
203
160
205
156
-59
-84
-175
-116
-286
-356
-389
-400
-381
-533
-419
-487
-519
-651
-849
-719
-818
-665
-734
-867
-745
-979
-837
-989
-983
-788
-952
-747
-847
-517
-225
-73
111
-5
31
46
192
400
655
816
849
898
881
1037
1102
1022
1023
828
923
955
974
1022
849
701
419
323
211
277
182
118
47
-105
-17
-77
0
-62
-130
-61
40
276
484
633
668
579
643
710
972
1074
1129
1162
1037
1231
1181
1234
1123
1016
933
865
850
763
676
392
142
-74
-188
-262
-417
-591
-748
-941
-1003
-1093
-1088
-1164
-1263
-1376
-1430
-1420
-1268
-1199
-1148
-1190
-1289
-1196
-1139
-1119
-1219
-1147
-1341
-1205
-1545
-1503
-1641
-1686
-1524
-1381
-839
-669
-273
-509
-530
-537
-464
-52
239
327
561
354
660
828
1114
1366
1321
1338
1211
1461
1437
1743
1456
1378
1034
780
803
621
715
414
157
-122
-256
-245
-215
-407
-609
-830
-957
-910
-767
-628
-438
-457
-456
-313
-149
239
310
341
306
384
611
898
1080
1190
1239
1178
1307
1352
1533
1639
1468
1313
1093
989
1066
973
842
553
223
54
-64
-101
-165
-371
-614
-741
-829
-725
-708
-769
-900
-1049
-1072
-994
-909
-768
-814
-797
-883
-774
-725
-587
-548
-776
-786
-1005
-1047
-1034
-1297
-1413
-1529
-1986
-1735
-1783
-1179
-807
-672
-841
-829
-895
-625
-280
-237
127
-28
87
409
791
1321
1677
1551
1712
1629
1927
2172
2101
1958
1628
1362
1232
1272
1140
1245
774
512
62
-135
-169
-372
-625
-1006
-1325
-1480
-1429
-1359
-1150
-1138
-1163
-1216
-1112
-799
-429
-277
-219
-232
-53
281
536
912
1017
1203
1329
1449
1743
1967
2089
2067
1874
1788
1802
1743
1660
1380
1133
988
842
743
596
334
135
-254
-503
-626
-732
-776
-1035
-1264
-1412
-1490
-1511
-1489
-1534
-1496
-1501
-1462
-1344
-1233
-1105
-1085
-1047
-1117
-1028
-1060
-1079
-1174
-1506
-1517
-1796
-1755
-1753
-1479
-973
-761
-591
-708
-608
-406
-289
-21
-45
94
101
155
524
848
1430
1645
1861
1873
2027
2205
2240
2169
1783
1564
1199
1176
1122
1156
1164
893
609
279
84
-45
-382
-740
-1199
-1411
-1474
-1422
-1341
-1263
-1157
-1176
-1016
-920
-615
-456
-388
-350
-348
-144
62
383
625
880
1047
1259
1528
1715
1941
1937
1934
1824
1770
1830
1843
1826
1643
1527
1406
1334
1219
1012
788
497
275
111
-27
-123
-416
-616
-895
-1003
-1116
-1204
-1285
-1425
-1522
-1629
-1590
-1586
-1484
-1520
-1498
-1526
-1433
-1485
-1317
-1467
-1517
-1683
-1938
-1868
-1997
-1759
-1341
-989
-655
-381
-452
14
-69
260
341
380
506
477
499
823
1142
1517
1943
1977
2354
2360
2493
2358
2068
1712
1411
1009
900
700
589
578
270
241
-9
-123
-393
-770
-1269
-1615
-1943
-2006
-2104
-2111
-1985
-1903
-1684
-1421
-1155
-907
-804
-909
-874
-927
-681
-530
-282
-1
279
829
1143
1704
1928
2155
2220
2106
2157
2135
2136
2092
1943
1896
1917
1861
1842
1674
1550
1306
1138
834
591
203
-105
-461
-689
-729
-879
-894
-1109
-1195
-1300
-1386
-1446
-1585
-1662
-1794
-1800
-1709
-1660
-1413
-1445
-1348
-1367
-1446
-1385
-1565
-1650
-1781
-1783
-1586
-1156
-941
-604
-429
-293
77
221
628
730
675
522
341
448
893
1141
1549
1638
1819
2065
2346
2465
2413
1989
1494
1016
576
565
361
406
146
-113
-211
-250
-197
-328
-716
-1185
-1628
-1970
-2117
-2249
-2194
-2149
-2065
-1806
-1377
-953
-478
-416
-422
-510
-481
-303
-197
-45
112
534
1041
1689
2157
2554
2736
2728
2728
2680
2649
2499
2206
1899
1765
1740
1836
1781
1728
1556
1317
1146
825
476
4
-558
-986
-1294
-1458
-1513
-1538
-1523
-1568
-1596
-1571
-1588
-1659
-1822
-1975
-2072
-2024
-1999
-1827
-1761
-1584
-1403
-1379
-1159
-1447
-1302
-1637
-1516
-1256
-1256
-776
-824
-459
-165
84
658
941
1026
1042
747
719
814
969
1081
1295
1310
1692
1963
2280
2575
2173
2100
1398
1082
740
406
179
-201
-493
-655
-530
-429
-221
-474
-644
-1013
-1352
-1470
-1796
-2006
-2153
-2300
-2090
-1772
-1238
-701
-372
-104
-30
127
241
329
253
318
308
582
1012
1425
1987
2300
2684
2767
2901
2942
2767
2555
2159
1837
1572
1409
1277
1185
1097
1076
1019
944
782
457
67
-369
-828
-1149
-1466
-1637
-1723
-1830
-1757
-1738
-1533
-1460
-1395
-1449
-1524
-1578
-1670
-1667
-1795
-1761
-1714
-1640
-1515
-1345
-1343
-1110
-1085
-705
-662
-434
-373
-311
-43
35
464
605
896
894
944
967
1190
1312
1471
1465
1534
1623
1820
1956
1945
1842
1603
1414
1037
909
518
324
-113
-431
-681
-782
-729
-831
-894
-1138
-1214
-1431
-1499
-1740
-1948
-2078
-2204
-2087
-1887
-1520
-1188
-904
-665
-430
-134
113
234
280
345
509
811
1097
1438
1707
1982
2265
2414
2618
2767
2677
2589
2270
2041
1887
1652
1481
1154
1001
817
741
596
471
144
-121
-473
-804
-976
-1278
-1462
-1791
-1929
-1988
-1980
-1925
-1927
-1867
-1934
-1819
-1816
-1754
-1678
-1853
-1688
-1955
-1792
-1888
-1794
-1678
-1592
-997
-966
-314
-309
45
256
418
833
870
1062
1119
1018
1105
1225
1402
1601
1675
1801
1878
2121
2095
2217
1854
1788
1339
994
736
239
147
-350
-489
-827
-796
-837
-827
-930
-1051
-1120
-1317
-1326
-1623
-1705
-1870
-1964
-1865
-1729
-1362
-1015
-696
-332
-59
285
533
624
626
670
775
903
1133
1310
1642
1945
2285
2519
2706
2874
2843
2744
2495
2296
2005
1781
1486
1271
1114
1011
935
787
676
426
196
-130
-429
-754
-1068
-1383
-1658
-1805
-1921
-1976
-2037
-2057
-2035
-2087
-1980
-2064
-2044
-2115
-2183
-2211
-2395
-2272
-2415
-2169
-2219
-1749
-1495
-1190
-729
-693
-140
-26
438
676
784
999
1055
1069
1256
1316
1535
1645
1775
1900
2109
2249
2314
2198
1910
1826
1324
1224
706
372
25
-393
-543
-838
-831
-990
-1023
-1196
-1151
-1218
-1193
-1258
-1540
-1593
-1820
-1807
-1800
-1655
-1399
-1205
-873
-520
-142
261
528
624
683
793
891
1049
1175
1293
1514
1738
2100
2353
2655
2798
2798
2703
2582
2400
2184
1864
1504
1248
1028
966
826
744
610
398
192
-89
-355
-671
-1016
-1412
-1654
-1836
-1908
-2048
-2115
-2145
-2212
-2107
-2144
-2100
-2261
-2247
-2417
-2431
-2510
-2479
-2391
-2359
-1796
-1699
-1099
-880
-629
-165
-44
483
680
820
1097
1063
1228
1435
1565
1792
1894
2029
2187
2457
2560
2721
2413
2317
2048
1639
1477
889
646
131
-248
-538
-743
-772
-937
-1151
-1375
-1432
-1530
-1431
-1575
-1753
-1799
-1978
-1904
-1862
-1725
-1493
-1398
-1112
-867
-516
-64
188
391
579
786
1011
1242
1359
1516
1617
1751
2028
2144
2461
2593
2614
2654
2523
2515
2301
2071
1772
1460
1215
1012
769
589
440
198
74
-202
-391
-653
-924
-1182
-1482
-1705
-1848
-2080
-2147
-2316
-2422
-2403
-2525
-2438
-2509
-2518
-2519
-2715
-2672
-2702
-2701
-2241
-2173
-1651
-1412
-1061
-558
-373
173
449
652
934
1052
1138
1416
1601
1789
1987
2092
2390
2604
2793
2993
2780
2742
2529
2108
1899
1355
976
531
88
-218
-528
-645
-767
-989
-1124
-1202
-1394
-1422
-1601
-1800
-1859
-1953
-1897
-1867
-1736
-1533
-1373
-1128
-822
-588
-233
25
189
427
631
889
1093
1279
1496
1679
1891
2142
2195
2335
2419
2370
2457
2339
2334
2145
1994
1817
1613
1423
1233
963
692
506
201
65
-244
-420
-708
-946
-1144
-1428
-1595
-1819
-2033
-2230
-2352
-2486
-2574
-2656
-2800
-2846
-2997
-2933
-2971
-2881
-2745
-2475
-2287
-1955
-1653
-1424
-905
-632
-77
227
519
776
937
1117
1398
1536
1796
1964
2145
2424
2628
2895
3032
3071
2996
2930
2651
2477
2030
1602
1141
562
254
-199
-404
-672
-895
-1078
-1166
-1215
-1268
-1348
-1545
-1668
-1875
-1930
-2034
-2031
-1953
-1918
-1756
-1509
-1171
-763
-435
-157
100
323
594
753
899
1032
1178
1306
1523
1676
1932
2095
2184
2270
2179
2236
2128
2033
1881
1611
1437
1188
945
727
533
331
166
-74
-252
-472
-688
-880
-1140
-1333
-1564
-1822
-1985
-2181
-2307
-2420
-2611
-2684
-2882
-2949
-2980
-2983
-2809
-2495
-2334
-1960
-1727
-1422
-891
-653
-104
144
341
654
701
886
1120
1236
1509
1656
1911
2289
2595
2905
3099
3071
3129
3031
2799
2615
2147
1818
1343
891
639
257
81
-184
-492
-663
-789
-938
-1042
-1298
-1553
-1720
-1918
-1932
-2024
-2021
-1955
-1976
-1820
-1584
-1324
-1007
-778
-578
-296
-38
326
532
757
977
1143
1341
1493
1632
1759
1890
1921
1998
2021
2088
2090
1995
1925
1771
1655
1509
1231
986
679
395
119
-159
-345
-573
-745
-892
-1060
-1174
-1290
-1438
-1645
-1822
-2151
-2310
-2648
-2841
-3028
-3163
-3095
-3112
-2686
-2557
-2099
-1856
-1580
-1098
-879
-344
-111
19
288
302
460
668
852
1135
1291
1544
1845
2190
2496
2768
2746
2792
2763
2541
2489
2086
1856
1436
1077
816
505
353
159
-97
-289
-417
-616
-665
-907
-1121
-1310
-1509
-1609
-1750
-1783
-1776
-1797
-1719
-1555
-1388
-1116
-876
-663
-413
-123
184
414
621
841
996
1159
1297
1425
1531
1592
1636
1632
1651
1731
1734
1737
1692
1602
1550
1427
1213
979
686
428
133
-162
-375
-680
-894
-1089
-1249
-1302
-1386
-1466
-1593
-1786
-1931
-2115
-2324
-2471
-2707
-2785
-2885
-2651
-2573
-2266
-1958
-1754
-1212
-938
-348
-21
130
401
398
440
608
646
851
939
1095
1406
1680
2057
2363
2464
2542
2614
2484
2483
2171
1853
1529
1057
838
482
325
188
-43
-175
-191
-255
-228
-323
-522
-651
-903
-1020
-1265
-1424
-1501
-1626
-1635
-1553
-1438
-1202
-958
-805
-578
-326
16
257
418
591
746
864
1042
1127
1170
1267
1279
1298
1308
1359
1400
1355
1320
1286
1242
1231
1158
991
848
654
443
182
-91
-371
-682
-922
-1119
-1321
-1374
-1490
-1537
-1722
-1766
-1913
-2028
-2194
-2373
-2466
-2461
-2225
-2259
-1876
-1817
-1472
-1094
-736
-188
33
232
487
414
578
703
695
839
820
1041
1265
1514
1840
2062
2150
2338
2341
2276
2244
1841
1612
1156
816
508
199
50
-129
-312
-316
-302
-359
-258
-438
-487
-616
-740
-809
-981
-1048
-1169
-1252
-1270
-1210
-1183
-963
-871
-745
-569
-376
-102
100
304
505
661
812
1001
1045
1140
1164
1144
1094
1025
1014
1012
1000
979
997
970
1015
940
861
777
609
443
200
-56
-296
-565
-742
-956
-1108
-1227
-1382
-1469
-1698
-1744
-1924
-2099
-2092
-2386
-2145
-2096
-2013
-1613
-1665
-1180
-892
-602
7
106
403
676
592
782
817
792
896
841
1004
1285
1403
1791
1956
2005
2270
2189
2196
2130
1778
1567
1135
770
552
144
13
-190
-471
-415
-508
-504
-449
-592
-599
-696
-766
-784
-962
-1053
-1131
-1289
-1279
-1237
-1227
-1047
-950
-808
-576
-376
-103
69
207
446
523
698
844
841
944
902
891
879
789
811
739
655
683
570
602
576
487
461
350
312
188
47
-112
-315
-488
-583
-753
-883
-957
-1148
-1192
-1455
-1486
-1700
-1786
-1838
-2036
-1685
-1858
-1503
-1410
-1229
-752
-611
-94
240
244
593
580
597
755
689
810
780
836
1078
1302
1519
1863
1898
2059
2238
2138
2278
2015
1802
1498
1033
795
446
130
-14
-362
-554
-510
-589
-407
-441
-472
-463
-565
-563
-642
-816
-949
-1135
-1366
-1349
-1387
-1281
-1138
-1074
-849
-612
-314
-4
165
372
537
585
761
751
780
805
682
643
535
529
566
443
468
410
389
463
396
360
238
130
5
-168
-327
-461
-644
-737
-822
-888
-824
-905
-920
-1064
-1149
-1256
-1395
-1450
-1626
-1457
-1488
-1346
-1098
-1086
-599
-461
-52
367
404
730
777
710
825
739
749
710
617
753
885
1002
1314
1411
1592
1890
1871
2084
1993
1832
1699
1262
1001
633
248
48
-259
-498
-458
-558
-443
-363
-371
-218
-255
-214
-234
-388
-458
-646
-869
-954
-1063
-1099
-1044
-1032
-935
-750
-559
-269
-82
119
371
456
631
682
647
669
536
429
318
219
180
71
-16
-24
-74
-39
-12
-55
-66
-128
-198
-270
-455
-573
-747
-871
-941
-1054
-1054
-1088
-1143
-1203
-1203
-1272
-1222
-1297
-1191
-990
-1056
-692
-643
-442
-67
51
598
757
910
1218
1106
1171
1183
1034
1035
872
808
885
925
1058
1235
1239
1484
1587
1592
1747
1555
1474
1276
968
789
462
229
58
-231
-336
-338
-425
-290
-310
-268
-137
-134
-64
-92
-131
-145
-272
-390
-427
-559
-599
-617
-723
-644
-597
-486
-281
-208
15
214
316
506
461
476
437
247
113
-46
-227
-372
-586
-716
-770
-858
-797
-845
-865
-813
-864
-866
-952
-1049
-1103
-1205
-1289
-1314
-1385
-1351
-1322
-1431
-1314
-1321
-1250
-1179
-1021
-853
-722
-436
-273
79
309
757
1120
1282
1558
1717
1715
1804
1724
1673
1552
1389
1369
1294
1344
1440
1421
1472
1582
1597
1635
1588
1381
1192
865
653
349
60
-119
-353
-543
-574
-602
-545
-464
-427
-308
-252
-106
-41
-14
32
51
26
37
38
-39
-24
-91
-85
-72
-29
102
116
226
349
457
569
622
614
559
487
311
143
-87
-302
-531
-803
-934
-1123
-1223
-1268
-1409
-1454
-1507
-1500
-1543
-1613
-1687
-1734
-1790
-1774
-1814
-1824
-1772
-1803
-1739
-1731
-1542
-1454
-1128
-948
-702
-330
-133
362
611
1029
1460
1592
1897
2080
2079
2220
2106
2016
1910
1745
1759
1722
1672
1759
1714
1693
1826
1708
1746
1622
1368
1197
820
605
292
-49
-276
-528
-757
-749
-786
-762
-668
-675
-519
-459
-309
-159
-143
-70
-16
-25
60
132
145
224
218
292
367
440
599
659
709
822
859
914
907
830
764
588
458
290
69
-124
-368
-635
-852
-1095
-1262
-1447
-1699
-1855
-2103
-2221
-2343
-2525
-2569
-2693
-2698
-2661
-2686
-2597
-2545
-2561
-2400
-2414
-2241
-1915
-1794
-1442
-1113
-844
-263
100
639
1236
1442
1948
2219
2274
2549
2509
2501
2477
2207
2242
2136
2030
2125
1966
1931
2010
1879
1926
1799
1551
1415
1054
783
539
81
-90
-435
-764
-805
-983
-962
-922
-949
-781
-689
-558
-334
-281
-169
-35
-59
94
171
266
393
410
545
666
826
1064
1179
1280
1446
1522
1622
1606
1526
1443
1233
1066
829
545
314
-19
-322
-593
-863
-1067
-1335
-1567
-1828
-2112
-2301
-2536
-2782
-3013
-3202
-3346
-3451
-3472
-3487
-3428
-3374
-3259
-3122
-2809
-2424
-2165
-1744
-1415
-970
-484
40
666
1001
1435
1884
2062
2326
2521
2611
2656
2582
2582
2582
2539
2571
2471
2316
2340
2264
2181
2117
1871
1645
1375
1081
755
351
71
-244
-650
-876
-1015
-1148
-1184
-1230
-1186
-1097
-940
-713
-591
-450
-297
-206
-83
59
135
228
316
365
482
636
891
1096
1227
1459
1694
1876
2046
2079
2036
1930
1765
1590
1301
992
666
281
-54
-331
-644
-874
-1151
-1428
-1677
-1875
-2060
-2311
-2620
-2831
-3118
-3337
-3512
-3703
-3831
-3945
-3897
-3893
-3509
-3251
-2905
-2428
-2154
-1489
-1020
-374
320
571
1080
1473
1630
1991
2121
2247
2336
2267
2403
2511
2527
2727
2672
2622
2735
2642
2656
2533
2221
1969
1585
1255
923
439
147
-189
-605
-725
-899
-990
-1019
-1133
-1089
-1062
-1000
-841
-823
-792
-681
-659
-502
-313
-202
-21
116
264
509
709
1016
1247
1382
1652
1820
1963
2094
2095
2084
2020
1921
1795
1597
1368
1125
798
554
217
-75
-363
-724
-1054
-1408
-1717
-1968
-2330
-2576
-2838
-3137
-3244
-3489
-3598
-3752
-3825
-3850
-3747
-3533
-3374
-3026
-2752
-2304
-1828
-1355
-609
-170
324
883
1215
1597
1880
2063
2191
2193
2223
2324
2292
2380
2434
2334
2431
2442
2454
2514
2389
2290
2075
1816
1596
1190
790
453
-46
-400
-678
-951
-1071
-1219
-1264
-1217
-1198
-1021
-912
-849
-678
-617
-495
-384
-361
-288
-264
-198
-51
63
278
510
694
995
1229
1498
1734
1860
1975
1974
1948
1853
1644
1380
1095
813
509
256
-34
-292
-525
-800
-1006
-1268
-1471
-1711
-2013
-2295
-2511
-2797
-2980
-3203
-3463
-3499
-3683
-3443
-3335
-3215
-2767
-2662
-2164
-1738
-1254
-533
-203
282
730
939
1326
1595
1729
1873
1894
1996
2184
2201
2363
2431
2361
2530
2507
2544
2597
2427
2309
2095
1838
1665
1328
1009
736
300
79
-142
-375
-515
-762
-854
-899
-955
-895
-900
-917
-821
-767
-661
-508
-422
-342
-222
-157
-9
108
214
398
425
599
793
929
1082
1177
1238
1300
1325
1322
1244
1042
895
655
399
201
-86
-363
-638
-905
-1136
-1347
-1527
-1713
-1989
-2199
-2358
-2548
-2705
-2866
-3035
-3168
-3139
-3063
-2952
-2750
-2534
-2244
-1902
-1440
-874
-467
-7
441
765
1111
1452
1668
1778
1813
1876
1935
1962
2063
2049
2008
2061
2108
2146
2200
2188
2110
1960
1806
1677
1409
1156
886
521
253
35
-153
-326
-495
-606
-675
-698
-631
-591
-565
-484
-414
-363
-236
-180
-123
-60
-11
91
143
249
336
362
447
584
695
779
890
913
930
944
939
888
729
604
376
148
-73
-343
-664
-938
-1233
-1484
-1675
-1828
-1920
-2112
-2147
-2218
-2290
-2321
-2427
-2501
-2599
-2592
-2544
-2509
-2383
-2206
-1992
-1696
-1233
-813
-372
101
483
847
1152
1419
1615
1659
1735
1785
1802
1866
1907
1894
1896
1945
1990
2056
2032
2023
1921
1778
1658
1461
1276
1060
814
567
368
210
78
-75
-222
-298
-401
-397
-356
-363
-284
-253
-161
-40
21
166
240
306
389
363
411
421
382
393
399
425
483
505
572
595
609
675
644
619
525
376
203
-54
-349
-656
-1003
-1291
-1575
-1847
-2018
-2189
-2295
-2318
-2368
-2321
-2322
-2345
-2341
-2402
-2405
-2381
-2364
-2330
-2224
-2107
-1829
-1502
-1120
-732
-338
58
441
774
1076
1299
1410
1499
1552
1596
1650
1680
1704
1710
1730
1780
1832
1867
1865
1812
1740
1679
1558
1468
1296
1129
948
748
598
449
284
167
24
-61
-84
-98
-28
10
71
189
274
419
523
615
674
669
684
645
586
540
484
436
432
418
465
487
506
553
541
547
537
405
303
106
-107
-327
-624
-887
-1152
-1445
-1619
-1811
-1944
-2004
-2100
-2065
-2151
-2152
-2163
-2228
-2234
-2300
-2274
-2259
-2225
-2133
-2011
-1845
-1578
-1279
-932
-574
-242
100
408
654
865
1000
1100
1176
1201
1250
1294
1325
1341
1372
1442
1494
1561
1601
1604
1570
1503
1460
1358
1241
1105
955
795
647
501
378
230
115
25
-28
7
25
81
168
270
408
520
632
715
727
730
736
654
605
512
440
383
322
349
363
402
438
489
506
543
487
419
259
58
-156
-418
-657
-918
-1175
-1372
-1487
-1616
-1645
-1651
-1645
-1596
-1604
-1575
-1569
-1662
-1681
-1768
-1847
-1829
-1882
-1818
-1725
-1615
-1391
-1132
-857
-519
-286
-14
238
370
578
665
734
795
779
842
874
881
960
972
1021
1100
1134
1200
1242
1235
1225
1185
1140
1100
983
911
814
656
583
468
369
265
193
129
83
94
107
177
212
319
395
416
515
503
503
492
451
442
362
324
310
281
303
331
351
398
435
440
428
370
300
188
14
-134
-355
-536
-704
-871
-1003
-1073
-1111
-1120
-1096
-1077
-1023
-998
-1013
-1025
-1080
-1236
-1243
-1380
-1443
-1446
-1522
-1392
-1359
-1225
-982
-880
-620
-407
-264
-37
86
205
327
358
450
531
545
678
718
782
920
948
1040
1093
1087
1188
1143
1143
1157
1044
1036
957
856
811
680
595
503
359
299
187
63
36
-59
-77
-25
-69
-9
-26
-23
15
-67
-14
-53
-127
-124
-172
-175
-160
-150
-60
-4
57
195
235
305
352
286
274
176
67
-17
-201
-292
-413
-539
-544
-621
-602
-581
-583
-549
-553
-543
-571
-598
-666
-768
-875
-964
-1037
-1130
-1165
-1166
-1179
-1107
-1028
-879
-794
-650
-495
-387
-241
-146
-18
64
139
226
322
395
506
589
675
789
877
963
1046
1112
1181
1221
1271
1298
1281
1267
1247
1165
1084
994
860
737
600
489
379
284
244
184
152
127
89
57
2
-25
-122
-185
-276
-351
-433
-478
-519
-543
-531
-483
-404
-331
-224
-151
-72
-32
21
11
-3
-59
-130
-214
-298
-367
-424
-466
-467
-474
-431
-372
-324
-262
-268
-154
-187
-183
-202
-278
-333
-463
-487
-597
-694
-697
-793
-729
-777
-678
-610
-605
-419
-456
-292
-227
-174
-85
-33
31
133
131
219
291
288
403
441
520
630
667
781
869
905
1038
1073
1111
1160
1124
1086
1073
942
907
765
678
622
483
457
406
301
272
219
172
115
36
-12
-105
-217
-284
-362
-458
-497
-555
-543
-535
-499
-468
-420
-384
-322
-298
-257
-253
-270
-288
-321
-357
-414
-448
-497
-516
-532
-505
-477
-420
-377
-310
-248
-224
-188
-182
-207
-220
-277
-309
-345
-392
-421
-434
-458
-418
-411
-376
-307
-306
-221
-218
-165
-143
-128
-90
-59
-22
31
77
154
197
282
363
441
532
581
673
706
770
803
823
824
834
797
792
765
741
720
686
675
643
611
598
551
495
443
369
291
217
129
38
-59
-129
-189
-268
-268
-302
-323
-315
-263
-242
-177
-157
-139
-143
-187
-201
-271
-299
-348
-392
-447
-455
-475
-470
-450
-435
-387
-350
-292
-246
-225
-223
-216
-258
-284
-328
-386
-398
-459
-463
-461
-471
-426
-400
-372
-306
-273
-192
-157
-158
-136
-169
-174
-174
-177
-172
-155
-151
-113
-84
-46
47
91
154
243
258
339
375
395
440
412
441
460
451
478
485
498
509
502
510
522
521
538
537
500
480
416
359
284
179
100
10
-82
-142
-206
-243
-268
-301
-288
-291
-267
-232
-214
-181
-183
-185
-191
-210
-225
-254
-286
-301
-319
-335
-304
-282
-238
-168
-95
-36
27
69
100
112
115
108
77
44
15
-43
-78
-106
-134
-134
-170
-149
-164
-156
-138
-143
-144
-161
-178
-180
-185
-177
-175
-180
-174
-169
-143
-107
-55
-19
57
108
175
241
292
346
366
398
407
425
440
439
434
421
420
409
402
382
381
375
358
366
328
303
262
209
149
68
29
-41
-98
-156
-196
-218
-226
-209
-199
-167
-148
-125
-120
-122
-123
-132
-137
-139
-155
-185
-186
-183
-178
-174
-150
-108
-84
-51
-27
6
29
48
50
42
48
28
9
-14
-49
-57
-58
-56
-39
-54
-21
-19
-4
13
7
25
10
-11
-33
-30
-29
-19
-10
4
17
13
46
69
76
91
88
113
111
104
110
97
92
90
76
55
41
26
22
15
12
16
7
12
7
2
-11
-31
-60
-115
-167
-191
-213
-253
-270
-281
-270
-252
-221
-188
-162
-130
-107
-71
-24
31
51
67
70
77
81
87
89
73
64
53
38
39
38
33
42
46
55
73
83
98
102
99
100
98
85
63
43
34
34
34
40
43
53
69
93
117
142
157
165
169
165
177
176
195
199
200
204
202
209
199
183
161
140
112
88
71
49
32
18
19
9
-16
-39
-77
-107
-139
-176
-217
-260
-292
-304
-313
-332
-313
-309
-295
-297
-299
-298
-310
-318
-331
-343
-345
-321
-313
-293
-269
-234
-173
-108
-55
15
71
129
164
183
206
208
207
184
178
168
155
134
125
121
121
126
118
123
119
117
114
116
122
110
101
90
73
52
46
20
1
-8
-32
-30
-40
-20
1
32
82
105
147
177
196
202
203
186
178
160
133
120
89
81
61
50
37
33
36
32
25
10
-16
-50
-80
-116
-149
-195
-225
-254
-275
-285
-282
-288
-289
-287
-292
-271
-280
-281
-291
-297
-291
-306
-293
-275
-253
-207
-163
-113
-62
-11
51
97
146
195
226
261
279
292
292
284
278
275
266
262
267
245
242
222
210
187
161
146
130
115
97
69
50
47
29
32
25
27
38
19
11
9
0
7
7
23
42
52
84
123
161
193
221
241
251
246
238
212
184
169
142
129
113
97
80
49
16
-19
-64
-107
-141
-190
-227
-265
-294
-300
-313
-306
-289
-278
-261
-255
-248
-253
-263
-270
-265
-257
-252
-238
-219
-187
-159
-117
-81
-51
-18
13
47
74
97
115
114
119
125
126
136
146
153
153
148
133
119
94
72
45
15
-11
-32
-37
-51
-55
-54
-44
-20
-14
-7
11
6
4
1
-4
-10
-15
-9
-4
-1
14
23
33
46
59
80
91
96
102
101
87
94
88
84
71
65
47
27
15
-1
-8
-29
-50
-81
-98
-128
-148
-170
-188
-196
-201
-209
-219
-222
-225
-215
-219
-206
-192
-187
-174
-171
-159
-149
-133
-111
-78
-54
-13
20
36
55
72
90
111
132
138
161
168
186
199
203
209
209
203
187
180
140
116
87
51
22
4
-10
-18
-9
-13
-7
6
9
13
13
16
23
26
22
20
16
9
9
8
20
30
46
63
75
94
126
136
150
148
143
134
119
105
79
64
42
13
-23
-52
-77
-106
-135
-159
-184
-212
-239
-257
-289
-297
-308
-326
-325
-322
-318
-304
-290
-281
-255
-241
-215
-183
-161
-137
-118
-99
-80
-54
-20
9
38
63
81
97
111
128
144
150
164
181
187
191
194
203
194
190
186
172
167
156
134
121
106
83
64
47
33
22
-3
-7
2
-3
3
6
19
14
31
54
67
87
103
117
123
135
138
149
141
141
137
129
132
125
111
111
100
100
92
70
56
35
24
2
-30
-53
-73
-108
-129
-153
-175
-192
-204
-210
-220
-229
-226
-233
-234
-224
-219
-199
-193
-175
-149
-125
-94
-75
-51
-18
4
24
49
62
76
99
100
113
121
125
131
126
131
141
146
148
153
145
149
150
148
153
140
138
120
107
89
76
67
62
61
38
38
28
19
4
2
-1
-4
8
9
24
41
54
73
83
92
98
99
103
103
101
100
104
92
83
80
59
46
35
12
-5
-19
-34
-61
-88
-108
-127
-148
-159
-168
-192
-198
-215
-214
-224
-236
-224
-224
-216
-204
-188
-170
-153
-124
-103
-76
-62
-50
-38
-27
-2
15
35
59
84
98
116
144
156
164
161
156
150
141
132
128
122
115
115
101
90
83
76
66
58
55
38
23
14
-2
-17
-27
-35
-33
-27
-20
-13
-9
-3
5
7
20
31
44
61
65
71
79
86
91
88
91
87
80
73
74
67
64
56
42
30
18
-2
-29
-41
-59
-85
-104
-132
-151
-165
-188
-203
-212
-208
-209
-209
-196
-191
-180
-166
-148
-134
-122
-104
-94
-82
-65
-48
-33
-8
14
21
35
58
87
104
131
156
177
190
195
206
202
198
181
163
140
122
101
80
66
59
54
47
48
32
12
-3
-14
-20
-27
-33
-46
-51
-48
-56
-56
-55
-51
-41
-39
-21
-7
13
31
43
54
70
84
83
94
101
109
106
108
103
95
85
75
75
72
62
53
44
40
30
10
-7
-32
-54
-79
-109
-132
-149
-162
-167
-170
-162
-154
-159
-155
-153
-155
-140
-124
-106
-89
-75
-69
-71
-66
-66
-67
-53
-35
-22
6
22
45
50
48
70
76
85
96
99
95
81
72
68
53
42
31
23
17
8
3
-1
0
-2
-2
-10
-8
-9
-19
-28
-41
-35
-32
-33
-34
-28
-24
-24
-19
-10
7
14
20
34
45
49
46
47
52
53
59
72
78
80
79
76
70
71
63
61
59
55
54
40
31
21
14
10
2
-4
-5
-8
-20
-25
-31
-37
-42
-38
-28
-22
-15
-12
0
3
6
16
20
29
33
38
39
37
29
26
23
14
18
17
13
16
7
7
6
3
10
0
-9
-22
-34
-42
-60
-69
-74
-92
-105
-114
-124
-117
-123
-127
-125
-124
-121
-123
-124
-117
-106
-97
-82
-69
-67
-62
-52
-44
-29
-16
-13
5
19
31
44
49
63
71
74
74
75
79
83
80
86
91
88
86
78
80
66
57
48
36
21
10
11
4
2
-8
-5
5
5
11
20
25
26
32
35
33
36
38
37
37
42
43
43
42
35
29
20
15
8
5
-3
-11
-14
-25
-29
-31
-30
-24
-26
-25
-23
-37
-47
-59
-68
-78
-88
-97
-101
-107
-110
-111
-106
-101
-99
-90
-80
-74
-73
-67
-57
-55
-55
-42
-41
-31
-20
-16
-7
-8
0
2
7
12
24
32
38
47
50
54
57
61
64
68
70
75
77
78
70
66
65
64
67
72
76
78
86
85
85
86
79
78
73
67
59
53
44
33
28
23
24
20
22
22
14
8
-2
-12
-21
-33
-43
-48
-58
-63
-64
-58
-49
-42
-33
-24
-17
-11
-9
-10
-12
-18
-24
-28
-24
-30
-36
-41
-54
-56
-69
-67
-59
-53
-44
-39
-35
-30
-27
-36
-38
-49
-52
-60
-65
-69
-76
-74
-69
-66
-58
-51
-47
-36
-30
-22
-19
-12
-6
-6
-3
-5
-7
-9
-1
5
13
22
31
44
56
63
65
67
64
63
53
43
31
18
9
0
-1
-5
-5
-9
-12
-9
-12
-7
-3
-4
-2
-3
-4
0
5
8
2
8
19
21
26
34
40
47
57
64
78
92
103
111
115
117
116
119
108
101
98
87
83
78
73
70
64
61
57
52
48
40
31
21
6
-7
-22
-32
-42
-52
-67
-79
-90
-98
-101
-101
-92
-84
-78
-75
-68
-64
-62
-60
-58
-50
-43
-42
-37
-37
-32
-31
-34
-28
-23
-18
-19
-12
-13
-7
-7
-6
-2
-7
-6
-8
-15
-24
-28
-34
-35
-32
-33
-30
-32
-31
-32
-23
-20
-22
-19
-17
-16
-15
-15
-9
-3
2
10
20
34
37
48
62
62
69
74
78
85
87
84
79
71
70
67
66
61
59
58
52
48
45
43
38
27
18
9
-3
-20
-32
-46
-59
-73
-80
-84
-89
-87
-88
-86
-79
-71
-67
-61
-62
-58
-59
-54
-52
-52
-42
-41
-38
-34
-26
-20
-12
-2
8
15
22
28
27
27
27
21
17
16
10
8
3
1
-1
-5
-7
-12
-11
-13
-15
-17
-16
-14
-18
-22
-25
-28
-28
-23
-24
-21
-17
-11
-4
2
7
14
22
31
39
45
52
52
53
48
50
51
46
48
44
44
41
41
42
41
41
40
42
42
43
38
35
26
19
14
7
2
-2
-3
-8
-5
-2
7
9
18
25
24
29
25
28
24
23
23
21
21
19
24
27
29
29
35
42
41
41
40
38
35
24
21
15
3
-6
-10
-20
-28
-31
-36
-42
-49
-50
-58
-63
-67
-71
-76
-86
-90
-96
-98
-103
-108
-101
-95
-96
-96
-89
-88
-82
-75
-67
-59
-50
-39
-34
-24
-17
-9
-4
3
7
10
16
21
26
29
37
42
44
54
58
62
68
73
73
71
75
70
72
72
72
72
75
79
79
83
89
92
93
94
97
95
95
89
85
81
77
74
65
65
62
58
56
53
46
40
35
26
15
3
-8
-17
-31
-40
-50
-59
-66
-75
-84
-91
-96
-101
-102
-106
-110
-117
-121
-125
-126
-133
-136
-135
-136
-131
-126
-120
-111
-103
-94
-85
-75
-69
-60
-48
-40
-30
-23
-19
-15
-11
-1
3
9
21
31
40
48
60
71
81
90
95
99
104
103
100
101
100
98
97
99
102
107
111
115
119
121
129
128
126
127
125
120
113
108
99
90
76
69
62
51
47
37
29
22
15
4
-5
-19
-31
-41
-56
-66
-79
-89
-103
-116
-125
-132
-137
-143
-148
-151
-156
-154
-153
-149
-144
-144
-143
-136
-131
-126
-116
-111
-101
-86
-77
-69
-62
-55
-50
-46
-43
-35
-31
-26
-22
-15
-4
1
5
13
22
27
36
42
45
55
60
64
66
73
79
81
84
91
98
110
116
122
135
143
142
144
149
151
147
142
139
129
123
111
101
89
79
68
61
51
40
27
11
1
-12
-22
-33
-47
-54
-64
-74
-81
-89
-97
-107
-115
-118
-119
-118
-117
-116
-110
-106
-100
-97
-94
-91
-88
-85
-88
-87
-82
-79
-76
-73
-64
-57
-49
-39
-32
-17
-8
2
11
17
18
20
28
26
24
23
22
27
32
40
43
48
57
61
63
68
69
73
76
79
81
78
81
83
79
84
82
84
90
93
92
85
89
86
82
80
80
77
72
67
60
55
50
41
26
17
5
-6
-15
-28
-33
-44
-55
-62
-70
-75
-88
-95
-98
-101
-104
-107
-107
-110
-112
-112
-113
-110
-109
-103
-97
-90
-82
-77
-73
-68
-61
-55
-52
-44
-37
-35
-29
-24
-18
-11
-6
-4
-4
-1
2
4
4
10
8
4
6
6
5
5
4
4
9
15
14
18
20
24
28
35
38
42
48
54
54
57
63
65
69
72
75
78
84
92
94
95
97
94
97
95
92
89
87
89
84
78
72
64
55
44
27
12
0
-10
-22
-31
-39
-46
-51
-62
-69
-81
-92
-97
-101
-107
-110
-108
-107
-104
-101
-96
-93
-85
-82
-77
-68
-63
-58
-52
-46
-44
-37
-28
-24
-22
-23
-17
-17
-23
-18
-18
-24
-27
-25
-22
-18
-17
-11
-10
-10
-9
-12
-7
-9
-5
7
19
28
35
46
49
54
60
67
76
83
93
104
108
114
117
124
129
125
129
134
132
128
123
123
116
109
101
90
80
72
58
46
38
25
13
2
-9
-17
-33
-45
-57
-68
-76
-84
-89
-101
-110
-121
-133
-138
-148
-148
-151
-157
-156
-160
-163
-162
-157
-156
-159
-158
-153
-144
-137
-140
-137
-130
-128
-125
-118
-113
-109
-101
-98
-88
-73
-72
-68
-59
-59
-58
-49
-40
-30
-23
-14
0
12
19
35
49
62
78
90
106
118
125
132
146
155
159
169
175
177
182
187
195
192
195
206
207
205
204
203
199
196
189
179
173
161
149
132
115
100
85
72
53
39
29
17
3
-9
-25
-39
-48
-57
-63
-62
-66
-69
-74
-79
-84
-93
-96
-99
-111
-121
-126
-134
-142
-145
-149
-154
-148
-149
-151
-150
-146
-142
-148
-144
-139
-135
-132
-129
-122
-114
-111
-108
-98
-83
-78
-67
-58
-52
-40
-33
-26
-12
2
11
22
33
38
49
61
69
79
85
87
94
100
107
106
108
116
115
116
120
125
127
129
132
137
137
137
140
144
136
130
122
116
111
102
98
87
79
67
50
37
21
11
-3
-15
-29
-40
-50
-63
-71
-79
-82
-84
-85
-84
-88
-96
-100
-104
-111
-115
-119
-118
-121
-122
-120
-115
-117
-119
-115
-107
-98
-89
-82
-76
-72
-66
-64
-56
-48
-38
-31
-32
-24
-16
-13
-9
1
15
20
24
34
40
43
45
49
61
73
78
85
92
103
106
107
121
125
127
135
142
149
145
147
149
150
151
146
145
134
134
130
124
114
101
93
85
72
57
47
39
28
12
0
-9
-20
-34
-45
-51
-59
-71
-79
-83
-96
-98
-105
-111
-122
-124
-120
-129
-129
-133
-132
-133
-126
-121
-115
-113
-108
-109
-107
-105
-109
-108
-110
-106
-103
-103
-103
-106
-106
-109
-105
-103
-96
-94
-89
-78
-80
-78
-70
-59
-48
-43
-35
-24
-14
-9
-10
-1
12
24
33
45
55
55
64
76
82
85
93
102
100
105
102
97
99
100
100
98
104
100
97
94
84
80
77
74
77
77
75
71
58
49
51
50
52
53
59
64
63
61
51
51
51
50
47
48
46
43
40
32
26
18
14
11
3
-3
-7
-17
-19
-29
-33
-36
-41
-38
-45
-49
-55
-64
-63
-65
-64
-65
-66
-65
-66
-72
-70
-66
-57
-50
-50
-41
-32
-26
-18
-8
-6
-4
1
8
10
6
8
1
-1
3
2
0
-6
-3
-6
-7
-3
-4
4
7
17
22
21
26
29
30
29
34
31
34
33
29
33
31
33
34
31
34
37
45
47
47
53
48
54
53
49
42
39
37
26
21
10
9
5
3
-4
-16
-15
-26
-29
-30
-33
-37
-38
-38
-47
-55
-57
-63
-68
-70
-74
-73
-77
-74
-72
-73
-77
-77
-73
-65
-63
-62
-56
-52
-47
-38
-39
-40
-34
-26
-18
-11
1
7
13
18
18
23
30
31
33
39
48
51
54
57
58
57
61
66
68
70
68
68
67
68
63
53
48
44
40
38
39
36
32
32
26
23
20
14
8
2
-3
-10
-12
-11
-15
-16
-18
-23
-24
-24
-24
-21
-17
-18
-22
-21
-23
-23
-21
-20
-16
-17
-18
-16
-15
-12
-10
-12
-15
-15
-19
-22
-28
-31
-34
-35
-36
-42
-43
-51
-54
-55
-59
-59
-58
-50
-40
-33
-28
-26
-17
-16
-15
-6
0
8
13
20
29
31
38
45
43
42
48
50
49
50
53
55
52
47
43
40
37
27
30
22
16
11
-2
-4
-9
-12
-13
-21
-26
-24
-28
-24
-24
-22
-24
-26
-32
-35
-32
-33
-27
-27
-22
-9
-7
-7
1
2
3
8
7
13
20
22
23
25
29
27
27
30
28
28
27
24
19
17
14
10
9
8
7
7
1
1
-4
-9
-9
-10
-11
-14
-9
-13
-18
-16
-19
-18
-13
-15
-11
-5
-3
2
0
0
3
7
10
14
14
14
15
13
18
17
18
19
17
17
16
19
21
21
24
21
24
24
26
27
23
22
20
17
10
4
0
-1
-3
-1
-1
-5
-7
-12
-15
-19
-19
-22
-22
-26
-26
-27
-29
-30
-29
-27
-31
-32
-33
-32
-31
-28
-23
-18
-19
-17
-12
-13
-10
-4
2
5
5
7
11
13
15
14
15
17
17
17
13
11
12
8
9
6
7
7
4
5
6
9
10
12
13
14
14
11
12
13
16
13
12
10
12
11
11
11
13
13
9
5
4
3
3
5
2
-2
-4
-10
-17
-18
-20
-20
-21
-24
-26
-29
-32
-34
-31
-28
-27
-25
-22
-18
-15
-12
-7
-4
1
7
6
8
12
14
17
19
21
25
27
25
28
29
32
34
32
29
30
24
22
20
19
16
14
9
3
3
-3
-4
-6
-11
-16
-19
-24
-29
-29
-30
-26
-28
-28
-31
-33
-34
-35
-36
-33
-31
-28
-27
-29
-28
-25
-22
-22
-18
-15
-12
-10
-10
-6
-4
2
5
6
7
8
10
12
15
19
23
21
21
23
23
26
29
32
33
35
35
37
38
40
41
41
40
37
37
36
34
35
34
35
33
33
30
27
28
25
25
23
20
16
13
11
6
5
3
-1
-3
-6
-11
-13
-15
-16
-19
-21
-26
-32
-36
-40
-41
-41
-44
-47
-49
-54
-55
-56
-58
-56
-57
-56
-55
-56
-54
-54
-53
-51
-48
-46
-43
-40
-36
-32
-28
-24
-19
-16
-11
-7
-3
1
5
10
13
15
14
15
16
17
21
23
25
28
26
28
24
26
27
27
27
27
27
28
27
27
31
31
33
34
35
37
39
39
42
44
44
46
46
48
50
51
52
53
52
52
52
53
53
52
51
48
46
41
38
33
30
24
20
15
8
2
-4
-10
-14
-20
-23
-26
-31
-36
-41
-46
-50
-52
-57
-59
-63
-65
-68
-70
-72
-70
-71
-70
-71
-70
-68
-66
-64
-61
-60
-58
-56
-54
-53
-50
-48
-46
-43
-39
-38
-35
-33
-29
-26
-24
-20
-16
-13
-10
-5
-1
2
7
11
14
18
22
26
32
35
40
45
48
51
53
55
58
62
63
67
70
72
73
75
76
77
78
76
76
76
75
72
71
67
65
61
57
55
50
46
43
39
34
30
25
19
16
11
8
4
-2
-7
-13
-17
-22
-27
-33
-38
-42
-44
-49
-51
-52
-56
-57
-59
-59
-60
-62
-63
-63
-63
-63
-63
-62
-61
-61
-59
-59
-56
-54
-53
-52
-49
-45
-44
-44
-41
-40
-39
-34
-32
-30
-29
-26
-21
-19
-18
-15
-13
-9
-6
-3
2
5
10
13
15
19
24
27
32
36
40
45
49
53
57
57
61
63
66
70
70
70
71
69
67
66
64
63
61
59
57
54
50
47
42
38
36
30
24
19
14
9
4
-1
-4
-8
-11
-12
-15
-18
-21
-24
-28
-29
-32
-31
-32
-34
-35
-35
-37
-36
-38
-37
-37
-36
-38
-38
-37
-38
-39
-41
-40
-39
-38
-38
-38
-38
-38
-39
-37
-35
-35
-33
-30
-27
-26
-23
-20
-15
-13
-9
-5
-2
4
5
10
14
16
19
23
29
33
38
41
44
46
46
46
47
48
48
48
46
46
44
40
38
37
35
32
32
32
29
27
25
18
15
14
12
8
7
6
4
1
-3
-6
-10
-11
-12
-14
-15
-15
-17
-20
-23
-25
-28
-28
-28
-27
-28
-29
-30
-35
-37
-39
-41
-43
-43
-41
-39
-38
-39
-38
-37
-34
-33
-32
-29
-29
-26
-23
-21
-20
-20
-15
-10
-5
0
4
10
13
16
18
21
24
26
30
34
37
39
41
42
42
40
40
41
41
40
42
40
38
39
39
39
38
38
38
37
34
33
31
27
27
24
21
21
19
18
15
15
14
11
8
6
3
-1
-3
-8
-13
-15
-21
-23
-25
-26
-29
-33
-37
-42
-46
-48
-49
-53
-51
-52
-54
-54
-55
-56
-55
-53
-51
-48
-44
-42
-38
-37
-35
-33
-33
-27
-21
-18
-13
-9
-6
-3
-1
2
3
6
11
13
14
17
18
18
19
19
19
22
25
27
29
31
32
30
29
30
29
30
31
32
33
33
31
30
27
25
24
22
22
22
22
18
15
10
7
5
4
2
-1
-4
-10
-16
-20
-24
-29
-33
-34
-37
-39
-39
-41
-43
-44
-46
-45
-46
-45
-45
-46
-44
-43
-43
-41
-40
-39
-37
-35
-32
-30
-28
-24
-22
-20
-17
-13
-10
-5
-1
2
5
9
11
13
15
18
20
23
27
29
30
33
36
38
42
45
48
49
50
50
50
52
53
52
51
54
53
52
50
46
43
43
40
39
37
34
31
27
25
21
17
15
12
10
7
4
2
-3
-6
-10
-13
-16
-18
-20
-22
-24
-26
-31
-34
-35
-38
-39
-40
-41
-41
-42
-43
-45
-47
-48
-48
-48
-48
-47
-46
-47
-48
-49
-49
-48
-48
-45
-42
-39
-35
-33
-29
-27
-25
-20
-16
-10
-5
1
6
9
13
18
20
24
28
32
35
39
43
45
47
47
47
49
51
53
54
54
57
54
53
52
50
48
46
45
44
41
41
38
34
32
32
32
31
31
30
29
27
26
24
23
22
21
20
18
17
13
11
9
7
5
3
0
-5
-8
-12
-15
-17
-20
-22
-25
-28
-30
-33
-34
-34
-36
-35
-36
-36
-37
-38
-39
-38
-35
-32
-29
-30
-29
-27
-25
-23
-20
-16
-16
-14
-11
-11
-9
-7
-6
-5
-3
-2
-2
-2
-2
-2
-2
-1
0
-2
-2
-3
-3
-3
-1
-2
0
1
2
2
4
6
6
8
10
11
13
14
14
17
19
20
21
22
20
19
20
22
25
25
24
24
22
18
15
14
14
14
15
14
13
10
7
4
4
5
7
7
6
5
3
4
3
3
3
3
3
3
3
3
0
1
0
0
0
-2
-5
-7
-8
-9
-11
-12
-15
-19
-21
-23
-24
-26
-29
-31
-32
-33
-33
-33
-36
-36
-37
-37
-37
-37
-36
-34
-32
-29
-27
-27
-27
-26
-24
-20
-15
-13
-11
-12
-12
-11
-9
-7
-5
-3
-2
-3
-3
-3
-2
-1
2
5
7
8
8
6
4
5
9
13
17
19
20
21
22
23
25
27
29
34
36
37
37
38
38
40
40
42
41
38
38
38
39
40
37
34
30
26
27
23
21
19
16
14
12
7
4
1
-2
-1
-2
-3
-7
-11
-14
-14
-12
-9
-9
-12
-15
-18
-18
-17
-16
-13
-13
-12
-13
-15
-18
-21
-22
-20
-18
-15
-16
-19
-23
-27
-26
-24
-22
-19
-22
-22
-23
-24
-24
-23
-21
-19
-16
-14
-15
-15
-14
-11
-6
0
4
6
6
6
8
11
14
18
21
23
25
27
26
27
25
26
30
34
34
33
30
28
30
30
30
28
26
24
23
23
25
24
23
22
23
23
21
19
16
15
15
16
18
15
13
8
6
5
4
3
1
0
-4
-5
-8
-10
-12
-16
-18
-20
-22
-26
-28
-30
-30
-29
-29
-32
-35
-37
-39
-37
-35
-34
-31
-32
-31
-33
-32
-32
-33
-30
-26
-21
-18
-17
-20
-21
-20
-18
-14
-11
-11
-11
-13
-12
-11
-7
-7
-6
-6
-3
0
1
2
2
4
7
10
13
12
12
12
10
13
16
18
19
20
21
21
22
22
22
23
24
25
26
26
25
23
23
23
22
19
17
16
15
14
14
11
9
6
5
4
2
2
0
-3
-3
-5
-5
-7
-8
-9
-11
-8
-10
-12
-13
-16
-14
-12
-10
-10
-13
-15
-17
-16
-13
-11
-10
-11
-11
-12
-12
-10
-11
-9
-9
-7
-5
-6
-5
-6
-6
-3
-1
0
0
-3
-5
-5
-3
1
3
4
5
4
5
5
5
7
10
12
13
13
12
9
9
11
14
16
15
15
12
12
15
16
16
16
14
12
10
8
7
5
3
3
