1
-1
-1
-2
-2
-1
-3
-3
-2
-2
-2
0
2
1
1
-1
-2
-1
0
0
1
0
0
-1
-1
-2
-1
0
2
3
1
0
-4
-4
-4
-5
-2
0
0
-1
-2
-6
-4
-3
-1
1
1
-1
-2
-4
-4
-2
1
1
2
0
-1
-1
-1
0
2
3
3
4
2
0
-1
0
1
3
4
4
2
2
1
2
4
6
4
5
4
1
2
3
2
4
5
5
3
3
2
3
4
4
4
4
4
5
4
3
2
3
4
4
4
5
3
4
3
3
3
4
2
3
3
3
2
2
1
2
2
3
3
3
3
1
1
0
1
2
2
3
3
-1
-2
-2
-2
0
0
1
-1
-2
-4
-5
-5
-3
-2
0
-1
-3
-5
-5
-3
-1
3
2
1
0
-2
-3
-2
0
1
0
0
0
-2
-3
-5
-2
1
2
2
-1
-4
-5
-3
-1
1
3
1
1
-3
-5
-4
-3
-1
-1
1
1
-2
-3
-2
-2
1
2
2
1
1
-2
-2
-1
-1
1
1
0
-2
-2
-3
-3
-1
0
0
1
-2
-2
-1
0
0
-1
-2
0
0
2
-3
-2
0
0
3
1
0
2
0
1
0
2
-2
-2
1
2
1
1
-3
-5
-3
1
3
1
-2
-6
-4
-7
-1
-2
0
0
0
-2
-5
-6
-2
-4
-4
-1
1
3
-2
-2
-1
0
-3
-5
1
7
5
4
-2
-7
-2
-1
3
7
2
0
-2
-3
-2
0
3
2
-2
1
2
-5
-1
-3
2
5
2
0
-10
-10
-4
6
5
6
3
2
-8
-8
-3
7
9
1
0
2
-2
-4
0
2
4
-1
1
2
2
7
3
-2
-9
-4
3
8
9
2
0
0
-5
-2
1
0
3
1
-2
-2
3
6
2
-4
-4
2
2
-2
3
10
8
4
-4
-3
-1
-1
3
5
8
6
3
-2
0
1
1
3
0
6
8
5
4
2
-6
-7
-4
2
7
8
4
5
-3
-7
-3
5
5
2
-3
5
7
-2
-2
1
5
-1
-11
-9
3
8
6
-4
-6
-8
-2
-5
-2
6
5
-6
-6
-6
12
10
-3
-15
-16
-8
7
13
12
6
-18
-17
-11
6
2
11
3
4
-18
-13
7
-1
-8
-10
3
9
-4
-7
1
-3
0
-3
0
-9
-3
8
6
6
4
5
-2
-11
3
6
-4
-4
1
2
4
-5
-3
-3
-11
-4
3
7
6
7
-5
-6
-12
-13
3
1
13
14
10
6
-15
-18
-8
-7
11
12
7
-2
11
13
-8
2
9
11
4
-12
13
3
-12
-1
-15
-15
-9
1
-3
15
10
20
20
6
-5
-5
-3
-5
-9
-21
13
7
2
-6
1
7
7
18
-1
5
-13
-1
10
-13
-24
-6
-23
-17
10
12
15
-28
-14
-11
-15
11
15
-12
-15
-8
-9
-10
-21
2
-10
-33
-10
12
-11
0
-3
-20
-7
-14
-21
-31
-30
-18
17
16
14
15
-13
-48
-49
-40
-7
33
-15
6
-18
-10
-27
1
18
18
13
15
2
-17
-38
0
-7
-29
3
-4
-6
-10
-10
26
6
10
30
18
-2
-27
-22
14
23
25
12
-1
31
-14
-20
18
41
32
12
33
23
-19
-24
4
13
41
12
36
29
13
-14
-14
-1
15
-2
-8
-27
-24
31
40
40
83
50
16
-22
-66
-10
-13
20
27
2
-25
14
-34
11
41
49
39
56
2
0
-10
-41
16
-51
-42
-15
-26
-41
25
16
42
22
1
23
14
22
9
-3
-27
-26
-62
-50
-22
38
17
-4
15
-9
5
-8
16
-4
-29
-33
-19
-15
6
-3
0
-25
-4
2
-65
-29
28
30
2
-4
7
7
-70
-50
-13
43
20
27
15
-59
-26
-23
-6
21
16
-46
-9
-26
-32
8
9
41
2
-15
2
15
-29
-11
22
-5
6
-21
-14
34
58
-21
21
19
2
-15
-21
23
19
-3
-40
-16
-26
39
29
47
30
-14
-55
-41
-11
12
20
17
31
6
28
33
33
31
-11
-71
-37
-24
65
35
-28
30
-41
-16
-24
8
67
33
5
-5
-12
3
-55
-74
-42
-45
-9
-16
56
61
26
36
6
-7
1
-4
-7
-9
-75
-10
-44
-10
34
17
35
99
23
-30
7
12
-26
-68
-47
7
-8
-27
13
-4
-6
-6
43
6
49
28
-26
-49
-20
-20
-4
-14
34
71
-45
20
1
-37
-24
-27
30
-42
-42
28
22
-25
9
9
16
-66
-8
67
47
-11
-13
-40
-106
-21
41
51
34
28
22
-8
-31
25
49
-3
5
-33
-80
15
14
-45
34
63
29
-93
-50
-12
42
17
-8
39
58
-60
-74
-14
19
48
-2
7
45
-38
-7
58
4
-8
7
-17
-51
-41
53
99
37
-19
-31
-54
-82
45
40
94
28
-22
-49
-41
-18
80
52
-31
15
-12
-15
-11
21
18
44
-4
-52
33
-41
56
27
-10
-29
-40
-74
1
-10
64
139
19
-6
-23
-26
-91
10
-15
65
64
10
-1
-68
-25
24
15
107
112
16
-24
-76
-16
-13
25
51
-34
-26
9
9
52
50
3
0
-1
48
-21
-6
17
-8
-47
-24
-32
38
60
31
97
64
22
-3
-2
27
35
-56
15
35
-53
-33
33
86
18
41
-5
-21
57
19
45
-3
-78
-48
-97
-57
48
15
61
43
-11
-37
0
76
64
27
-9
-72
-77
-103
-10
97
113
88
20
-63
-119
-61
-57
24
2
77
49
-78
-118
-116
-50
-66
40
67
11
-34
-40
-65
-80
-27
27
12
0
34
17
0
-73
-63
-71
-29
-30
1
81
2
-72
-79
-14
-58
-116
-12
49
-72
-33
-3
49
-27
-109
-64
-32
-12
-28
13
30
12
-12
-31
4
95
15
-94
-38
-19
-4
7
49
69
2
-84
-5
11
-107
-50
-27
11
63
8
7
-7
-49
-14
-15
23
64
49
35
-11
-25
24
-19
14
9
55
70
3
48
48
-14
-27
-18
-30
-28
15
128
117
64
7
-64
-33
-54
30
38
50
-68
-47
-53
36
45
-14
19
-67
-64
-5
2
45
-14
-55
-62
-88
-17
13
55
62
-37
-43
-25
-47
25
-28
13
27
-3
-52
10
-33
-52
-29
-40
-17
-1
23
7
19
-93
-41
-59
-63
-45
-50
-42
-51
18
-3
-4
7
12
-30
37
-1
51
61
-39
-20
-24
-40
26
43
45
65
-31
15
22
-13
34
-12
4
-37
-31
31
52
44
38
-48
9
31
9
63
57
22
-43
-58
21
26
28
43
110
87
37
43
50
8
-55
70
30
80
107
31
74
-16
-25
85
-2
47
88
1
46
18
-38
25
-1
43
-17
16
76
-26
-34
-2
12
38
48
41
40
-59
-18
-75
-48
16
31
66
64
88
40
-57
-16
18
-23
59
8
10
-9
-71
-48
-31
24
33
3
-22
34
31
-33
-28
-46
-14
-29
14
51
-23
-33
12
-32
-3
-2
12
28
-26
-12
92
113
29
8
58
20
-48
25
96
80
34
-3
37
6
11
-20
-39
62
-31
-12
4
73
33
-13
8
2
-72
-30
66
69
29
0
-38
-46
-6
-15
8
110
2
-68
-65
-17
30
-14
-7
36
-36
-39
-69
-49
4
-15
-59
26
-32
-93
-122
-187
27
-51
-73
45
-37
-32
-94
-227
-70
101
-2
-36
-62
-8
-73
-68
-63
-30
-51
-60
9
-39
-118
17
-24
-22
-18
-58
27
-43
-66
-1
35
11
39
-19
-82
-45
-7
26
-38
-15
65
7
-141
56
103
-5
-67
-115
21
47
-96
-60
-44
-5
28
-43
-66
18
-14
-18
-88
10
88
35
16
-16
-145
4
32
2
3
11
11
38
-121
-82
125
-6
-130
4
-29
26
-17
-98
-63
-45
22
72
-78
-11
113
48
-93
-68
48
62
18
52
-55
63
121
43
-21
-67
60
222
87
-34
75
105
123
-111
-60
103
100
-59
107
29
27
51
-31
-39
-13
0
91
43
32
32
-101
-9
120
26
-79
139
85
-50
-10
8
-49
-49
-11
55
72
-100
-72
-7
13
33
70
-36
38
-74
-111
6
45
-1
36
-43
-31
72
-35
9
90
36
-113
-49
8
99
29
-44
54
-51
-86
25
60
6
5
-10
56
-45
-58
7
93
47
-84
-79
98
17
-37
41
69
70
1
87
-9
-70
41
48
28
-98
4
166
48
13
48
-2
76
-54
11
21
-29
103
19
-1
84
-38
96
-15
-66
119
-10
225
24
-199
15
47
1
8
14
122
-16
-100
55
116
56
-58
23
-109
-62
66
-17
40
15
-38
38
-76
-153
39
11
17
-50
-11
92
-60
-52
65
13
-170
-8
161
28
-45
47
-22
-92
-54
70
87
-10
47
-21
-64
79
35
-74
20
95
-11
-86
38
167
-13
-197
2
122
27
30
-123
-80
126
-81
-115
73
20
8
-71
-86
123
-36
-108
17
6
-41
60
-41
28
128
-88
-151
27
112
56
-27
-101
14
12
-61
-75
44
5
-72
-90
8
80
-18
-13
41
-40
-195
-38
232
58
-118
-136
34
2
-179
-31
231
175
-54
-139
-137
40
-5
-90
46
89
31
-93
-205
-49
96
-7
-104
-32
-130
128
133
-99
-6
-30
12
75
-137
23
248
-56
-146
-59
34
135
-2
-69
122
-20
-124
73
34
77
22
-53
7
-58
-51
23
96
45
24
31
-6
-117
-33
26
97
-96
-61
116
111
-3
-33
84
-15
-73
-103
52
101
97
-84
-161
1
0
49
86
112
33
-32
-71
-111
78
171
73
-51
-14
15
28
-199
-29
106
58
90
152
79
-85
-235
-49
132
72
28
76
-12
-65
-172
14
187
-6
-99
-68
145
29
-87
-136
118
133
-177
-138
-22
7
26
-155
20
153
-90
32
-43
-28
48
-54
-84
2
3
-51
147
-93
-83
-22
22
1
5
-139
-34
30
-87
57
57
-176
-113
-36
-1
70
91
-58
-54
-119
-51
98
-86
-62
66
-49
9
-19
-183
43
126
41
-1
-117
77
-58
-119
83
115
-41
-200
-127
-50
6
19
158
25
-72
-115
-88
41
17
-134
-99
-84
29
-92
-111
44
-40
28
74
97
-1
-63
-120
-128
60
107
51
-28
-217
145
137
-151
45
87
144
-92
-145
156
132
-82
67
115
102
-14
-83
91
-26
-6
271
154
44
-176
-208
129
65
176
239
26
-3
-101
38
132
105
114
2
51
74
-49
-83
-95
-50
132
165
133
89
-49
-108
-122
25
128
147
21
-29
-20
-83
70
138
50
20
9
24
-60
-10
-11
32
31
18
226
35
111
27
-112
-112
9
115
37
-53
-5
103
-149
-345
-118
70
129
51
57
57
-102
-97
-139
-111
22
-17
150
-10
4
75
-80
-174
70
-48
-58
34
-29
69
-25
97
103
62
-133
-113
-85
129
69
-18
-134
-16
67
-382
-203
173
170
-37
-43
-40
111
-79
-39
60
52
-85
-193
-198
46
275
138
158
12
-86
-312
-189
3
133
334
225
-131
-156
-259
-276
-143
-4
298
138
61
173
-194
-285
-235
-108
-46
64
241
185
55
-4
-43
-109
-54
65
-26
38
168
100
-131
-66
52
121
-109
25
122
17
2
12
231
80
-151
-270
-119
-25
46
23
195
94
60
-39
30
-51
-207
-177
-64
133
353
234
-161
-229
-232
-116
-49
233
243
220
3
-153
-308
-354
59
206
-74
134
173
-63
-240
-254
-6
126
168
27
-57
-65
-105
-133
-175
-70
-4
4
148
302
49
-35
-73
-258
-70
169
185
68
76
-17
-14
68
64
49
18
36
178
6
-184
-45
-50
38
127
-17
180
277
-71
88
304
212
59
-129
-18
6
-240
-18
125
-127
-167
-142
-14
7
28
-12
-7
-8
-1
-67
41
-1
-15
4
90
203
-42
-126
-55
-57
-121
28
55
120
128
-79
-161
-6
-101
-131
-43
-47
93
-30
-11
-35
-184
-92
-106
-150
19
108
58
-72
-182
-48
-67
-31
67
37
27
-35
-60
-71
-135
-86
-57
-90
35
16
-26
55
105
-14
6
24
-2
-62
16
100
53
97
14
22
-43
-26
-25
-83
67
69
-37
-31
57
31
41
24
-11
107
137
71
-5
-20
32
93
81
113
103
62
45
38
-24
24
24
-17
-32
12
24
-56
-100
-71
-66
-117
-89
-41
-72
-56
1
30
124
148
118
85
1
-16
-11
37
109
111
50
85
69
30
-12
10
69
76
64
4
36
26
-75
-90
-61
47
18
-45
77
110
110
83
29
44
-35
-62
-62
-14
38
0
35
71
84
68
17
-45
-52
-73
-1
-19
-79
-46
-100
-99
-67
-49
-9
25
15
48
63
-6
-51
-64
-33
59
39
25
38
34
-13
7
-4
-8
26
11
41
38
26
13
8
-56
-84
-48
-36
17
28
-3
17
65
12
55
39
20
10
-23
-16
9
19
23
41
53
107
74
52
45
37
49
53
10
18
66
15
13
41
46
24
29
33
9
8
2
-4
-15
-26
-16
7
33
48
-18
-95
-81
-115
-103
-97
-85
-47
-12
-49
-109
-117
-130
-64
-43
-16
3
6
-49
-73
-59
-95
-145
-128
-99
-83
-52
-110
-110
-90
-106
-99
-117
-126
-106
-105
-81
-46
-51
-58
-69
-87
-45
-34
-33
3
24
11
16
13
21
39
25
70
69
63
96
89
95
108
106
143
193
217
196
159
144
155
133
135
137
160
159
165
161
155
183
197
198
202
192
146
119
90
80
18
-9
6
-5
13
30
39
29
20
13
-9
12
25
-17
-30
-47
-74
-110
-136
-152
-201
-293
-352
-399
-441
-480
-531
-590
-605
-643
-640
-576
-568
-574
-538
-521
-503
-478
-538
-548
-575
-612
-623
-620
-617
-608
-591
-489
-351
-158
214
596
928
1146
1322
1497
1547
1521
1434
1092
829
492
101
-178
-329
-399
-495
-560
-478
-317
-226
-52
-20
38
64
112
155
214
406
578
777
1107
1392
1669
1846
1879
1880
1652
1371
1046
607
266
12
-275
-340
-383
-327
-218
1
232
297
322
338
267
117
-23
-173
-303
-425
-413
-375
-318
-190
-116
-64
-6
-12
-74
-218
-353
-455
-591
-659
-746
-842
-922
-1026
-1108
-1147
-1170
-1203
-1330
-1441
-1563
-1671
-1732
-1792
-1749
-1717
-1727
-1636
-1652
-1401
-1080
-566
324
1145
1900
2410
2594
2822
2772
2439
2136
1294
619
-173
-854
-1263
-1482
-1589
-1458
-1349
-845
-402
-134
78
-18
-25
-100
-60
67
149
363
819
1152
1732
2062
2159
2186
1890
1569
1059
365
-178
-725
-1103
-1074
-978
-616
-288
74
531
818
1020
1004
790
577
340
184
188
131
314
485
707
956
1048
1019
851
552
281
-7
-301
-488
-646
-606
-462
-172
96
288
458
508
362
145
-197
-568
-881
-1125
-1122
-1047
-861
-564
-247
68
417
611
657
502
216
-85
-492
-908
-1251
-1572
-1800
-1880
-1870
-1786
-1704
-1561
-1550
-1511
-1599
-1650
-1762
-1848
-1893
-1709
-1414
-815
-103
858
1994
2880
3466
3649
3568
3226
2649
1808
870
-280
-1144
-1974
-2347
-2445
-2213
-1913
-1412
-862
-140
297
492
523
323
234
113
109
146
293
555
994
1329
1735
1826
1683
1428
991
546
-73
-643
-1071
-1242
-1179
-785
-290
354
936
1473
1878
1997
1882
1536
1090
643
291
-59
-181
-251
-83
150
422
745
943
995
1019
884
711
456
132
-30
-184
-195
-127
-67
-64
-9
-61
-114
-269
-463
-635
-830
-865
-779
-644
-404
-191
90
383
524
618
455
222
-21
-352
-621
-868
-1135
-1255
-1342
-1306
-1314
-1325
-1326
-1405
-1490
-1635
-1786
-1965
-2126
-2110
-2041
-1941
-1617
-1273
-648
-147
740
1840
2643
3151
3227
3034
2753
2197
1553
904
-217
-907
-1648
-2091
-2137
-2088
-1881
-1491
-1119
-428
63
210
403
183
148
191
250
323
435
575
959
1123
1265
1326
1023
777
353
-77
-464
-836
-1045
-952
-686
-58
549
1123
1650
2049
2326
2269
1966
1488
948
437
111
-180
-257
-240
-51
295
659
974
1154
1147
1116
982
690
440
152
-53
-156
-208
-134
-80
-104
-61
-117
-197
-256
-423
-487
-527
-467
-274
-101
130
398
532
693
692
520
265
-113
-414
-714
-974
-1150
-1304
-1325
-1257
-1200
-1119
-1166
-1254
-1383
-1554
-1653
-1815
-1975
-2075
-2108
-2020
-1936
-1916
-1743
-1593
-1196
-770
-209
917
1797
2469
2860
2774
2672
2297
1505
989
-237
-1250
-2008
-2739
-2803
-2650
-2434
-1715
-1081
-396
477
633
857
730
566
667
736
792
990
1118
1432
1714
1717
1681
1287
842
282
-289
-762
-1147
-1318
-1081
-640
122
952
1611
2212
2532
2769
2597
2109
1484
827
241
-103
-320
-370
-171
66
562
1051
1371
1506
1486
1251
1040
686
362
109
-159
-287
-315
-265
-164
-113
-154
-133
-198
-232
-310
-348
-341
-279
-132
67
279
394
457
446
350
118
-159
-487
-812
-1052
-1217
-1302
-1290
-1256
-1112
-1054
-1042
-1074
-1241
-1353
-1651
-1792
-1913
-1982
-1946
-1908
-1942
-1824
-1736
-1723
-1735
-1667
-1541
-1225
-809
215
1468
2263
3061
3209
3171
2970
2241
1500
456
-878
-1695
-2392
-2659
-2355
-2124
-1476
-637
125
994
1407
1478
1479
1124
956
911
728
771
823
984
1270
1288
1171
929
455
19
-467
-895
-1068
-1115
-798
-232
504
1366
1993
2470
2809
2868
2605
2032
1235
510
-93
-583
-805
-897
-819
-452
-16
507
1079
1270
1433
1535
1355
1219
923
526
327
8
-170
-185
-408
-440
-410
-464
-369
-289
-324
-242
-178
-128
13
34
81
157
151
167
204
63
-77
-240
-399
-492
-639
-792
-954
-1063
-1189
-1191
-1267
-1353
-1425
-1516
-1549
-1577
-1504
-1481
-1452
-1403
-1437
-1476
-1608
-1867
-2007
-2329
-2331
-2090
-1672
-1071
272
1520
2508
3279
3311
3279
2666
1690
893
-359
-1654
-2312
-2946
-2817
-2292
-1772
-895
60
755
1535
1746
1580
1294
711
391
221
166
170
372
665
1033
1221
1209
958
608
214
-246
-484
-674
-652
-295
261
1012
1853
2409
2826
2983
2869
2504
1805
923
82
-577
-1104
-1327
-1340
-1159
-718
-43
612
1295
1750
2013
2148
1961
1663
1223
559
-8
-435
-834
-958
-1078
-1006
-802
-572
-254
17
114
171
192
133
75
1
-38
-51
-4
71
89
66
-6
-143
-296
-585
-811
-1063
-1309
-1401
-1498
-1563
-1478
-1498
-1417
-1294
-1325
-1131
-1081
-1184
-992
-1204
-1289
-1348
-1873
-1967
-2311
-2728
-2595
-2660
-2175
-1529
-532
1263
2315
3215
3574
3323
3057
2274
1345
378
-1065
-1929
-2467
-2637
-1991
-1487
-891
121
695
1351
1659
1202
851
294
-148
-182
-189
-74
316
652
1164
1505
1475
1278
856
416
-35
-392
-635
-676
-305
324
1073
1912
2484
2798
2903
2692
2211
1423
464
-463
-1151
-1585
-1801
-1714
-1328
-733
141
991
1700
2341
2510
2549
2412
1847
1200
486
-228
-622
-964
-1096
-935
-807
-485
-45
239
406
535
450
417
341
199
130
-1
27
106
167
197
158
89
-41
-236
-396
-652
-879
-1026
-1106
-1136
-1114
-1072
-1088
-1058
-1043
-1034
-1005
-1100
-1109
-989
-1023
-1058
-1238
-1593
-1949
-2398
-2882
-3254
-3471
-3334
-2784
-1991
-164
1685
2966
4121
4340
4206
3638
2466
1437
-57
-1646
-2470
-3141
-3012
-2196
-1681
-759
259
833
1510
1481
966
520
-110
-426
-316
-177
179
655
1068
1590
1774
1608
1225
660
95
-424
-723
-845
-728
-189
522
1295
2106
2567
2711
2700
2348
1822
1103
221
-536
-1082
-1443
-1498
-1333
-967
-276
489
1292
1981
2328
2525
2667
2482
1967
1361
543
-214
-733
-1055
-1161
-1262
-1056
-624
-236
230
582
684
735
754
605
483
218
-6
-111
-322
-306
-299
-391
-367
-356
-414
-439
-528
-587
-733
-876
-924
-1057
-1159
-1260
-1353
-1332
-1398
-1437
-1329
-1411
-1377
-1298
-1523
-1731
-2069
-2637
-3018
-3528
-3815
-3804
-3772
-2886
-1850
-230
2148
3476
4681
4888
4304
3736
2172
857
-356
-2196
-2998
-3265
-3187
-2123
-1383
-561
558
1041
1596
1789
1153
764
223
-113
147
369
690
1088
1372
1748
1889
1590
1089
381
-204
-622
-827
-754
-536
12
858
1668
2413
2890
2922
2825
2560
2089
1380
549
-307
-956
-1381
-1597
-1542
-1338
-774
23
940
1811
2456
2839
3054
3050
2563
1880
957
-51
-787
-1280
-1450
-1495
-1356
-865
-267
291
822
1051
1016
964
726
466
122
-276
-479
-645
-670
-496
-368
-323
-199
-146
-194
-224
-370
-651
-925
-1236
-1459
-1558
-1772
-1796
-1807
-1802
-1681
-1479
-1375
-1402
-1395
-1570
-1946
-2359
-2826
-3231
-3612
-3917
-3749
-3276
-2234
-1003
1179
3373
4614
5313
4716
3925
2819
1006
-22
-1485
-3004
-3258
-3328
-2480
-1207
-554
294
1191
1483
2043
1741
1030
676
106
137
570
841
1065
1328
1425
1634
1431
963
249
-382
-699
-884
-702
-439
6
747
1588
2315
2959
3025
2905
2677
2271
1715
859
-133
-1033
-1635
-2077
-2225
-2166
-1830
-1139
13
1251
2339
3143
3494
3657
3580
2991
2056
910
-267
-1141
-1797
-2023
-1889
-1754
-1260
-460
164
759
1104
1155
1117
916
679
363
-113
-434
-615
-762
-713
-567
-541
-417
-275
-165
-88
-226
-481
-780
-1120
-1366
-1585
-1814
-1961
-2068
-1940
-1721
-1507
-1352
-1290
-1449
-1598
-1909
-2442
-2867
-3380
-3761
-3790
-3616
-2616
-1434
574
3190
4664
5519
5107
4125
2978
1338
68
-1206
-2874
-3455
-3442
-2782
-1551
-748
-18
731
1260
1860
1957
1461
1091
482
392
714
869
829
656
481
504
382
83
-227
-623
-686
-549
-137
285
628
1068
1626
2194
2686
2801
2645
2402
2130
1818
1087
154
-874
-1791
-2392
-2665
-2734
-2439
-1754
-599
896
2389
3605
4337
4561
4358
3923
2822
1506
216
-1124
-1957
-2478
-2573
-2252
-1943
-1190
-213
470
1209
1621
1666
1692
1369
998
504
-155
-501
-807
-1006
-873
-820
-715
-531
-378
-209
-225
-288
-508
-917
-1203
-1400
-1726
-1887
-1962
-1916
-1752
-1636
-1368
-1289
-1450
-1468
-1764
-2177
-2653
-3263
-3656
-4018
-4043
-3511
-2337
-1106
1151
3501
4920
5529
4799
3820
2632
940
6
-1302
-2767
-3157
-3321
-2507
-1430
-795
9
581
1032
1946
1909
1711
1448
729
732
886
801
681
259
55
267
158
298
175
-92
-20
127
387
703
813
994
1338
1763
2327
2505
2533
2359
2126
1761
1036
54
-1033
-2028
-2603
-2822
-2722
-2226
-1395
-139
1331
2847
3989
4651
4738
4321
3560
2550
1183
-177
-1308
-2224
-2740
-2802
-2385
-1748
-1011
-36
909
1503
1895
2025
1837
1381
900
413
-168
-639
-828
-999
-1009
-852
-788
-700
-587
-417
-329
-467
-626
-880
-1159
-1344
-1518
-1637
-1651
-1627
-1570
-1413
-1278
-1176
-1353
-1439
-1712
-2261
-2806
-3364
-3764
-4038
-4142
-3571
-2406
-1146
951
3554
5199
5781
4984
3675
2377
727
-77
-1139
-2441
-3009
-3179
-2563
-1528
-865
-294
71
484
1392
1666
1802
1613
966
776
845
849
723
111
-130
-59
9
494
449
181
47
-83
75
340
358
533
743
1295
2135
2649
2931
2770
2399
1961
1164
177
-913
-2007
-2586
-2777
-2545
-1919
-1142
8
1273
2612
3842
4533
4718
4406
3642
2597
1247
-64
-1144
-2112
-2520
-2513
-2189
-1615
-869
-55
730
1322
1762
1931
1810
1605
1198
689
163
-313
-709
-973
-1013
-947
-875
-779
-613
-506
-458
-587
-812
-1176
-1479
-1569
-1642
-1636
-1506
-1441
-1380
-1263
-1230
-1282
-1554
-1774
-2136
-2622
-3051
-3503
-3988
-4127
-4056
-3608
-2466
-1154
665
3227
4992
5729
5079
3412
2058
673
-74
-451
-1548
-2258
-2501
-2399
-1522
-932
-669
-333
-151
695
1487
1749
1749
1062
507
548
572
599
267
-16
196
394
915
1084
613
202
-276
-417
-117
38
336
677
1159
2081
2695
2990
2861
2228
1703
995
168
-583
-1554
-2152
-2382
-2359
-1870
-1260
-360
779
1983
3259
4191
4565
4501
3730
2684
1423
148
-814
-1650
-2073
-2085
-1890
-1420
-882
-373
224
671
1251
1635
1771
1813
1477
1015
571
5
-440
-763
-905
-778
-732
-633
-533
-623
-751
-956
-1228
-1373
-1421
-1266
-1093
-1060
-986
-983
-1051
-1209
-1334
-1455
-1705
-1867
-2010
-2355
-2786
-3220
-3677
-3948
-4078
-3669
-2577
-1340
664
3370
5127
5703
4925
3227
1912
791
362
80
-940
-1656
-2107
-2295
-1612
-1305
-1165
-850
-639
397
1346
1754
1763
831
205
163
237
600
522
476
777
883
1327
1219
488
-171
-955
-1016
-533
-72
582
925
1372
2079
2415
2645
2345
1756
1441
903
509
31
-851
-1449
-2021
-2268
-1990
-1521
-562
594
1721
2972
3792
4217
4111
3311
2395
1275
320
-281
-771
-1039
-1251
-1434
-1359
-1261
-952
-447
70
819
1442
1829
1962
1629
1149
648
176
-19
-197
-232
-243
-442
-680
-1068
-1482
-1736
-1907
-1867
-1586
-1252
-775
-550
-613
-844
-1272
-1566
-1770
-1838
-1673
-1722
-1780
-2033
-2627
-3092
-3747
-4100
-4160
-4163
-3353
-2289
-931
1713
4000
5179
5106
3560
2209
1263
793
1173
467
-517
-1318
-2377
-2401
-2119
-2017
-1590
-1398
-508
828
1599
1919
992
-50
-264
-90
831
1398
1486
1755
1518
1471
1299
488
-162
-954
-1071
-345
289
1001
1116
832
941
1037
1440
1737
1673
1908
1930
1754
1430
403
-643
-1584
-2222
-2093
-1593
-641
442
1302
2087
2613
2875
3037
2804
2453
2116
1629
1193
637
-26
-585
-1209
-1596
-1599
-1393
-811
-171
386
862
1057
1125
1069
863
830
858
968
1081
852
501
-93
-859
-1501
-2046
-2230
-2115
-1933
-1613
-1417
-1272
-1113
-1177
-1245
-1254
-1306
-1254
-1274
-1306
-1344
-1724
-2052
-2515
-3113
-3400
-3850
-4111
-4090
-3883
-2925
-1626
717
3245
4264
4419
3420
2130
1894
1744
2093
1699
387
-640
-2157
-2769
-2471
-2488
-1819
-1374
-694
589
989
987
58
-924
-616
-25
1266
2316
2390
2479
1896
1355
1081
386
213
-23
-8
651
829
868
445
-357
-453
-181
586
1466
1860
2268
2261
1835
1273
257
-519
-837
-908
-467
14
445
792
762
838
993
1306
1872
2177
2412
2420
1962
1331
469
-191
-474
-620
-498
-411
-355
-162
-164
-169
-130
5
409
790
1134
1348
1307
1163
862
536
338
46
-193
-603
-1085
-1412
-1799
-2037
-2156
-2239
-2042
-1754
-1496
-1260
-1197
-1236
-1420
-1582
-1591
-1597
-1650
-1650
-2019
-2450
-2878
-3337
-3699
-3844
-3334
-2355
-661
1811
3192
3349
2671
1576
1598
2059
2808
3030
1855
580
-1133
-2556
-2554
-2463
-1814
-1141
-658
277
488
291
-563
-1654
-1308
-335
1099
2423
2596
2449
1817
1156
919
653
964
1248
1313
1525
1242
670
-136
-1004
-1088
-524
467
1308
1433
1345
1030
487
77
-359
-489
-180
180
581
773
743
574
202
190
623
1241
1913
2131
2034
1791
1219
612
23
-362
-232
43
232
129
-262
-615
-847
-771
-290
298
846
1147
1147
1014
734
413
173
86
292
580
619
308
-279
-951
-1464
-1698
-1726
-1687
-1703
-1881
-2085
-2204
-2193
-1997
-1793
-1661
-1488
-1491
-1663
-1842
-2202
-2521
-2677
-2667
-2705
-2456
-2152
-1864
-785
1029
2124
2278
1426
911
1386
2305
3425
3213
1755
284
-1610
-2603
-2354
-1779
-943
-710
-611
-295
-313
-401
-1252
-1778
-945
386
1938
2570
2132
1474
670
568
959
1489
2352
2430
2034
1473
679
154
-424
-619
-35
880
1863
1868
961
122
-570
-796
-650
-428
48
312
228
-63
-422
-274
95
552
1293
1933
2450
2494
1903
1287
935
996
1087
925
862
488
-116
-663
-1195
-1366
-1165
-789
-273
141
536
730
596
533
635
916
1218
1250
1024
581
119
-169
-284
-264
-227
-343
-660
-1077
-1554
-2003
-2384
-2568
-2443
-2124
-1683
-1436
-1439
-1663
-2072
-2328
-2392
-2294
-2116
-2151
-2209
-2361
-2244
-1951
-1556
-101
1456
2072
1699
656
499
1269
2438
3678
3174
1958
395
-1615
-2315
-2014
-1215
-543
-777
-825
-953
-1099
-1240
-1898
-1522
-270
1013
2001
1811
1310
764
376
855
1602
2636
3341
2801
1877
799
176
-12
-148
329
1060
1711
1841
870
-106
-544
-623
-351
-193
-78
-97
-565
-1172
-1666
-1496
-599
322
1191
1883
2172
2102
1664
1381
1608
2209
2718
2550
1863
985
84
-567
-1015
-1193
-1069
-926
-854
-927
-1091
-1014
-724
-134
625
1273
1684
1665
1370
1034
697
584
666
768
822
550
45
-549
-1136
-1517
-1752
-1961
-2073
-2200
-2289
-2259
-2245
-2118
-1984
-2020
-2123
-2176
-2195
-2199
-2248
-2347
-2111
-1667
-1099
364
1729
2022
1385
108
-63
1040
2357
3566
3155
1803
446
-1144
-1721
-1327
-652
-170
-721
-1238
-1639
-2044
-2096
-2316
-1657
-130
982
1460
805
79
28
247
1251
2269
3033
3414
2607
1568
780
489
780
806
1018
1355
1256
860
-177
-838
-430
239
771
582
-46
-660
-1448
-1930
-1976
-1473
-438
156
381
478
464
634
825
1323
2133
2848
3223
2765
1897
1215
720
649
660
527
165
-552
-1305
-1941
-2174
-1862
-1415
-829
-347
-93
104
230
519
869
1137
1352
1331
1185
1023
797
656
456
224
-110
-646
-1257
-1881
-2400
-2555
-2598
-2561
-2527
-2555
-2681
-2865
-2839
-2550
-2328
-2097
-2111
-2040
-1745
-1099
638
1984
2164
1389
405
656
1811
2911
3495
2509
1271
73
-929
-882
-314
128
-116
-1154
-1806
-2242
-2432
-2544
-2606
-1559
-156
529
399
-407
-533
37
836
1877
2542
2971
2919
2069
1439
1323
1755
2246
2167
1982
1625
1006
269
-580
-586
168
706
633
-198
-1017
-1501
-1781
-1672
-1371
-835
-339
-387
-585
-631
-296
313
968
1794
2525
2848
2709
2096
1623
1643
1921
2134
1904
1274
442
-328
-753
-1016
-1160
-1209
-1367
-1443
-1449
-1378
-1144
-781
-285
137
388
548
534
573
846
1168
1399
1401
1156
738
235
-240
-723
-1070
-1390
-1922
-2553
-3005
-3296
-3315
-3226
-3140
-3099
-3005
-2865
-2432
-2077
-1542
-138
1106
1504
964
320
897
2242
3473
4052
3057
1832
601
-253
-215
472
1234
813
-668
-1807
-2641
-2784
-2845
-2963
-2224
-1246
-726
-1111
-1900
-1634
-672
561
1716
2216
2541
2331
1701
1436
1608
2474
3095
3022
2835
2287
1764
1198
573
703
1160
1246
632
-609
-1383
-1742
-1782
-1559
-1524
-1389
-1321
-1658
-1793
-1637
-1074
-303
302
1005
1543
1821
1971
1888
2078
2521
2814
2894
2520
1950
1340
873
703
528
215
-221
-931
-1488
-1680
-1613
-1438
-1369
-1318
-1291
-1299
-1142
-915
-609
-131
293
533
608
624
770
898
979
973
682
143
-459
-1138
-1664
-2121
-2444
-2795
-3254
-3495
-3568
-3193
-2769
-2278
-960
-35
58
-530
-985
97
1697
3188
3904
2903
1964
977
419
818
1620
2462
1904
270
-809
-1729
-1760
-1850
-2304
-1896
-1644
-1839
-2563
-3411
-2810
-1764
-693
344
554
908
945
696
1169
1912
2895
3187
2585
2413
2304
2441
2623
2299
2344
2349
1843
1019
-29
-362
-367
-553
-744
-1230
-1626
-1943
-2435
-2499
-2124
-1513
-1066
-1056
-993
-738
-224
416
1032
1652
2080
2182
2029
1957
2231
2499
2573
2325
1956
1615
1144
644
136
-88
-56
-337
-836
-1411
-1824
-1802
-1729
-1588
-1449
-1456
-1445
-1507
-1398
-941
-451
7
226
328
478
515
584
535
230
17
-403
-891
-1455
-2001
-2288
-2276
-2079
-1971
-1276
-506
-515
-1341
-1942
-1079
724
1947
2635
1680
861
558
407
906
1644
2426
2290
631
-396
-810
-745
-348
-824
-858
-826
-1348
-2131
-3048
-2665
-1393
-910
-597
-846
-940
-533
-349
238
1110
1885
2252
1654
1314
1639
2150
2757
2951
2935
2869
2293
1437
684
727
1251
1290
705
-215
-939
-1232
-1340
-1334
-1208
-983
-965
-1353
-1624
-1622
-1257
-648
-106
284
419
387
315
354
870
1516
1861
1835
1665
1627
1665
1732
1737
1593
1447
1182
758
332
-7
-231
-588
-947
-1212
-1427
-1620
-1805
-1981
-1887
-1806
-1695
-1751
-1738
-1454
-1129
-725
-467
-509
-546
-605
-601
-479
-728
-756
-956
-766
-837
-555
195
568
-58
-1027
-1264
-6
1120
1882
1540
411
209
32
342
845
1444
1827
903
-401
-624
-839
-446
-683
-1059
-894
-1060
-1514
-2154
-2300
-1149
-491
-449
-656
-996
-733
-440
-60
641
1213
1568
1190
776
1121
1744
2422
2652
2645
2653
2365
1818
1173
967
1422
1505
1113
304
-387
-569
-631
-623
-599
-662
-573
-766
-1008
-936
-786
-476
-218
-64
93
121
59
-37
42
345
523
409
368
568
830
1035
1136
1145
1210
1225
1120
1048
1037
1142
939
332
-223
-560
-635
-659
-997
-1326
-1704
-1976
-2093
-2181
-2149
-2001
-1912
-1854
-1949
-1971
-1717
-1386
-1248
-1189
-1166
-1068
-618
-487
360
1201
1300
619
-413
-122
1319
1979
2445
1559
632
502
45
434
981
1595
1841
457
-588
-574
-624
-193
-623
-868
-904
-1557
-2335
-2850
-2401
-1001
-571
-719
-1094
-1238
-899
-572
69
797
1296
1306
678
539
1039
1683
2305
2437
2663
2703
2246
1906
1553
1788
2253
1862
1187
362
-108
-76
-222
-272
-368
-750
-934
-1243
-1249
-889
-702
-559
-513
-468
-218
-84
14
226
488
737
540
102
-109
115
513
825
818
594
396
463
588
734
907
1022
943
551
291
208
219
179
-195
-752
-1115
-1413
-1537
-1771
-2039
-2190
-2346
-2459
-2582
-2665
-2600
-2387
-2336
-2120
-1980
-1499
-1290
-617
646
1417
1221
304
-114
1240
2529
3319
3127
1705
1206
631
711
1428
1949
2262
1282
-404
-563
-496
-88
-126
-490
-330
-728
-1763
-2691
-2905
-1850
-1117
-1330
-1712
-1982
-1738
-1556
-1030
-57
711
995
503
167
745
1468
2117
2309
2344
2653
2470
2207
2115
2210
2715
2616
1955
1319
685
551
504
373
337
-192
-815
-1253
-1380
-999
-711
-714
-856
-1126
-1068
-897
-596
-230
59
304
233
121
150
315
600
712
752
756
570
660
709
706
738
660
615
384
78
45
69
257
306
-76
-508
-897
-954
-1022
-1242
-1514
-1969
-2352
-2591
-2649
-2620
-2793
-2917
-3001
-3025
-2419
-2215
-1456
-336
210
184
-544
-354
1265
2315
3340
3333
2390
2175
1436
1578
2300
2897
3133
1801
161
30
25
288
-48
-375
-451
-1002
-1822
-2483
-2264
-1366
-1262
-1717
-2250
-2379
-2120
-2204
-1652
-901
-415
-259
-654
-485
520
1311
1908
1965
2083
2377
2248
2225
2480
2890
3253
2922
2304
1839
1608
1665
1569
1463
1138
521
-176
-745
-842
-644
-618
-855
-1298
-1509
-1379
-1141
-925
-759
-575
-600
-653
-591
-290
168
424
463
447
340
482
726
910
1167
1116
922
716
513
518
551
408
269
-61
-312
-522
-682
-802
-880
-1023
-1364
-1827
-2198
-2404
-2427
-2577
-2913
-3193
-3271
-3042
-2843
-1988
-1224
-1020
-1481
-1693
-680
740
1461
2016
1675
1774
2032
2094
2690
3305
3732
3426
2053
1442
1671
1724
1574
819
364
-219
-1036
-1752
-1937
-1477
-1207
-1824
-2444
-2803
-2524
-2300
-2153
-1592
-1302
-1322
-1572
-1652
-913
90
732
1094
1154
1471
1794
2050
2453
2822
3121
3044
2597
2336
2259
2429
2543
2351
2066
1558
1133
854
633
570
384
-61
-645
-1227
-1445
-1423
-1238
-1151
-1162
-1309
-1504
-1371
-1004
-607
-303
-278
-292
-232
-127
235
550
743
837
709
548
476
537
659
732
583
254
-109
-274
-284
-321
-600
-937
-1265
-1545
-1731
-1787
-1924
-2198
-2504
-2676
-2607
-2584
-1947
-1475
-1372
-1933
-2329
-1658
-392
372
1034
707
530
687
920
1845
2762
3383
3243
2194
1705
2262
2728
2818
2205
1808
1178
499
-280
-665
-422
-430
-1232
-2082
-2705
-2544
-2293
-2319
-2003
-1990
-2181
-2410
-2354
-1614
-688
-249
-101
-154
160
616
1161
1785
2216
2505
2437
2240
2333
2486
2723
2820
2580
2382
1999
1728
1562
1440
1333
1026
569
122
-162
-166
-296
-490
-854
-1262
-1390
-1524
-1387
-1093
-1021
-1032
-1174
-1150
-758
-400
-10
111
22
-29
52
339
640
829
843
586
355
190
96
206
189
-10
-451
-924
-1163
-1213
-1367
-1457
-1771
-2215
-2434
-2377
-2182
-2064
-1533
-1170
-1353
-2000
-2254
-1382
-121
344
571
54
-170
192
601
1382
2140
2423
2158
1383
1250
2050
2625
2623
2065
1691
1145
704
401
338
550
293
-768
-1589
-1967
-1779
-1581
-1849
-1991
-2225
-2517
-2612
-2221
-1491
-947
-862
-1015
-1027
-449
251
935
1479
1642
1693
1593
1594
2097
2661
2967
2964
2544
2087
1804
1892
2138
2283
2078
1536
978
584
426
601
586
296
-179
-739
-989
-979
-797
-592
-637
-945
-1231
-1322
-1069
-634
-243
-249
-441
-532
-340
-25
185
253
269
130
-47
-54
50
257
356
154
-211
-501
-730
-837
-1039
-1117
-1412
-1873
-2288
-2278
-2197
-2117
-1743
-1493
-1773
-2276
-2290
-1301
-118
282
397
-172
-283
12
611
1407
2163
2254
1695
875
1067
1957
2538
2340
1670
1314
923
674
583
685
853
506
-553
-1295
-1586
-1394
-1381
-1564
-1660
-1979
-2499
-2852
-2595
-1767
-1160
-1103
-1286
-1334
-752
-62
501
974
1211
1285
1309
1440
1904
2411
2646
2597
2353
2168
2050
2168
2330
2275
1996
1405
891
660
607
780
813
457
-34
-499
-622
-535
-379
-334
-529
-821
-1052
-1024
-742
-464
-217
-306
-534
-464
-212
28
122
95
110
22
-90
-138
-86
76
32
-219
-556
-759
-813
-793
-852
-872
-1119
-1551
-1887
-1738
-1642
-1472
-1060
-987
-1250
-1808
-2091
-1282
-401
29
200
-265
-432
-322
188
1112
2060
2358
1736
879
946
1744
2615
2518
1894
1495
950
631
553
601
687
251
-605
-1163
-1282
-1106
-1214
-1358
-1481
-1731
-2049
-2396
-2167
-1465
-1160
-1163
-1329
-1382
-1021
-590
-62
493
845
868
683
845
1333
1875
2284
2218
2122
2063
1905
2077
2322
2410
2264
1756
1269
944
800
861
788
507
-32
-480
-670
-714
-555
-506
-646
-777
-935
-999
-877
-616
-295
-258
-311
-327
-223
-79
-28
80
166
80
1
-127
-117
-29
-152
-331
-540
-683
-736
-947
-1109
-1213
-1471
-1778
-2015
-1901
-1720
-1355
-890
-774
-1053
-1532
-1624
-755
107
651
664
136
-100
-37
532
1420
2091
2099
1446
786
951
1582
2206
2070
1695
1359
892
549
484
607
655
155
-531
-973
-1138
-1181
-1432
-1519
-1527
-1617
-1859
-2140
-1993
-1528
-1288
-1098
-908
-667
-425
-349
-80
503
1023
1183
1014
937
1009
1229
1516
1669
1806
1706
1433
1359
1446
1599
1630
1499
1391
1252
1120
913
755
633
416
235
30
-168
-327
-550
-660
-641
-654
-704
-827
-771
-637
-539
-422
-289
-158
-118
-169
-74
131
251
165
-12
-53
-63
-89
-260
-465
-607
-777
-1074
-1272
-1462
-1548
-1757
-1914
-1935
-1761
-1349
-1055
-1167
-1478
-1666
-1277
-440
188
637
542
363
139
208
799
1719
2327
2278
1575
1109
1195
1651
2011
1917
1680
1212
627
199
128
235
98
-373
-704
-867
-995
-1386
-1809
-1847
-1623
-1476
-1552
-1746
-1722
-1646
-1555
-1286
-801
-254
-31
-81
-34
288
737
1078
1349
1600
1667
1593
1502
1577
1798
1912
1829
1666
1499
1347
1107
885
717
681
619
454
272
64
-118
-213
-179
-65
-14
-119
-235
-353
-395
-357
-248
-135
-135
-271
-364
-359
-259
-220
-231
-204
-138
-129
-199
-254
-191
-139
-193
-338
-539
-634
-803
-1015
-1169
-1260
-1376
-1544
-1788
-1813
-1528
-1171
-1053
-1218
-1443
-1418
-1047
-508
130
549
648
412
232
461
1171
1910
2247
2083
1804
1647
1653
1744
1731
1680
1479
1125
807
603
386
9
-529
-824
-777
-650
-819
-1317
-1805
-2060
-2032
-1859
-1608
-1327
-1230
-1315
-1360
-1145
-644
-177
105
376
696
944
1001
987
1133
1402
1638
1773
1837
1865
1795
1601
1465
1468
1534
1455
1185
856
570
355
182
44
-31
-159
-391
-601
-713
-732
-707
-664
-583
-506
-473
-491
-433
-243
-87
12
36
66
95
49
-66
-117
-112
-162
-290
-456
-559
-629
-744
-910
-1021
-1069
-1159
-1352
-1528
-1615
-1503
-1438
-1436
-1287
-1057
-826
-756
-898
-919
-763
-432
36
397
667
633
435
424
733
1272
1677
1748
1743
1750
1788
1745
1599
1494
1362
1191
1034
956
884
562
-40
-627
-941
-896
-812
-898
-1113
-1396
-1631
-1766
-1722
-1489
-1272
-1173
-1065
-840
-505
-250
-173
-79
179
608
965
1189
1337
1391
1393
1386
1445
1618
1767
1801
1731
1597
1459
1287
1090
940
829
670
479
259
78
-100
-298
-539
-714
-812
-829
-777
-701
-636
-626
-672
-733
-702
-523
-291
-105
33
68
45
-39
-112
-80
11
50
51
-7
-125
-323
-592
-845
-985
-1048
-1204
-1405
-1634
-1740
-1734
-1769
-1720
-1518
-1231
-967
-897
-863
-733
-511
-120
228
582
850
874
868
943
1182
1464
1557
1568
1591
1677
1735
1597
1403
1156
898
684
539
535
526
282
-118
-511
-719
-772
-842
-933
-1077
-1201
-1301
-1337
-1229
-1111
-1047
-1026
-951
-681
-341
-75
115
276
498
702
811
897
994
1126
1241
1331
1421
1484
1479
1409
1314
1220
1145
1096
1034
928
761
544
370
207
91
-31
-150
-265
-376
-483
-535
-559
-573
-612
-648
-638
-607
-521
-481
-467
-431
-386
-325
-285
-288
-283
-274
-217
-163
-131
-152
-243
-361
-505
-647
-705
-780
-895
-1092
-1318
-1438
-1472
-1444
-1380
-1231
-1063
-971
-995
-1042
-988
-765
-484
-190
93
340
490
638
825
1120
1386
1505
1531
1563
1656
1731
1731
1674
1533
1313
1043
759
605
482
298
53
-222
-396
-486
-617
-762
-935
-1043
-1090
-1081
-960
-827
-713
-636
-556
-408
-211
-33
124
262
404
565
704
786
815
846
914
1017
1108
1155
1152
1124
1074
1032
1000
982
918
810
642
477
355
277
235
174
77
-66
-244
-403
-433
-401
-370
-400
-446
-480
-450
-418
-414
-408
-415
-429
-449
-455
-465
-500
-545
-572
-529
-462
-437
-418
-434
-471
-545
-632
-716
-769
-841
-976
-1093
-1162
-1204
-1241
-1241
-1155
-1007
-892
-827
-792
-728
-646
-580
-465
-310
-139
2
102
269
508
747
908
982
1094
1263
1402
1465
1423
1354
1276
1155
1056
955
850
679
435
214
73
-6
-88
-266
-447
-589
-698
-758
-791
-723
-623
-530
-461
-366
-204
-23
122
278
436
585
642
617
608
650
748
817
846
869
856
813
797
833
930
972
900
758
623
551
496
447
424
353
238
67
-69
-95
-87
-115
-175
-246
-272
-287
-322
-356
-343
-295
-281
-280
-309
-366
-435
-489
-490
-440
-408
-393
-407
-428
-473
-529
-584
-646
-688
-746
-821
-889
-959
-1043
-1093
-1134
-1126
-1141
-1165
-1157
-1068
-948
-848
-812
-751
-666
-564
-460
-371
-258
-141
-48
67
202
343
490
595
699
797
879
948
981
1016
1032
1005
962
919
883
848
796
687
571
477
382
268
118
-51
-152
-217
-259
-296
-333
-343
-330
-268
-141
23
157
166
112
77
121
238
353
446
512
542
510
497
534
626
688
697
679
706
723
705
676
650
659
666
621
550
470
357
245
173
154
128
78
3
-48
-45
-46
-85
-113
-144
-144
-168
-234
-280
-341
-406
-448
-453
-438
-439
-474
-533
-559
-528
-507
-533
-592
-641
-676
-717
-773
-800
-834
-885
-945
-999
-1054
-1097
-1147
-1159
-1080
-967
-861
-814
-806
-782
-687
-580
-472
-378
-283
-209
-136
-63
37
155
252
326
439
587
734
845
880
929
971
951
904
871
908
957
929
864
811
782
710
595
470
327
185
10
-136
-182
-193
-221
-284
-338
-309
-253
-208
-173
-137
-89
-85
-66
-10
65
133
197
266
377
490
579
656
724
778
792
789
787
786
774
739
732
765
753
682
557
441
357
261
150
38
-64
-135
-205
-243
-235
-231
-235
-276
-318
-345
-382
-398
-386
-416
-455
-529
-601
-615
-566
-475
-423
-407
-406
-411
-433
-439
-424
-433
-504
-597
-677
-723
-743
-757
-796
-879
-952
-1031
-1093
-1098
-1058
-1003
-961
-937
-909
-831
-706
-552
-429
-339
-284
-226
-154
-31
138
299
431
524
636
755
903
1031
1127
1185
1193
1186
1156
1140
1108
1031
914
808
748
706
615
476
314
153
4
-122
-207
-281
-365
-455
-482
-415
-304
-207
-132
-49
46
131
201
278
380
468
523
568
651
738
800
842
897
971
1012
984
890
796
728
663
612
562
484
367
215
93
26
-31
-103
-197
-312
-392
-436
-443
-445
-459
-472
-456
-424
-382
-350
-345
-323
-303
-291
-293
-293
-292
-293
-302
-323
-361
-400
-398
-333
-310
-325
-368
-451
-492
-500
-501
-540
-640
-756
-869
-952
-1002
-1026
-1059
-1109
-1144
-1145
-1096
-1015
-905
-806
-722
-632
-558
-469
-369
-245
-112
-6
64
137
247
388
534
660
780
874
966
1027
1058
1070
1037
975
879
784
709
645
565
466
374
291
218
110
42
5
-36
-99
-188
-229
-203
-148
-100
-55
15
111
190
260
338
455
544
580
587
605
644
689
682
656
627
569
518
466
432
404
343
252
173
110
39
-27
-64
-92
-121
-165
-213
-225
-212
-184
-162
-144
-133
-147
-147
-105
-34
5
8
-13
-10
26
66
74
56
9
-71
-163
-212
-201
-227
-288
-381
-465
-531
-604
-612
-577
-542
-562
-608
-675
-727
-754
-785
-816
-862
-907
-940
-971
-954
-929
-937
-948
-944
-881
-801
-723
-651
-591
-526
-434
-347
-242
-149
-50
26
72
126
191
305
430
510
584
655
743
825
876
931
975
981
931
829
745
707
691
661
598
534
476
418
367
361
363
331
254
162
105
87
78
84
98
140
173
198
242
298
345
364
347
330
301
253
228
207
184
148
97
76
100
153
212
237
249
255
239
234
239
241
236
208
184
167
147
146
154
146
128
86
43
24
22
11
-27
-79
-123
-166
-207
-240
-237
-272
-322
-388
-452
-461
-472
-484
-499
-524
-519
-537
-567
-549
-557
-569
-595
-615
-600
-605
-603
-626
-669
-700
-742
-783
-804
-809
-783
-782
-802
-785
-758
-681
-589
-497
-382
-290
-219
-138
-43
79
202
297
374
423
491
595
706
811
895
945
979
1009
1065
1129
1160
1153
1096
1012
926
835
746
650
549
445
318
220
144
86
31
-42
-133
-221
-287
-316
-302
-268
-233
-242
-262
-246
-202
-130
-60
7
52
65
103
157
221
288
344
393
415
450
508
578
636
658
659
631
596
574
531
466
374
254
151
62
-1
-27
-61
-106
-142
-182
-192
-193
-216
-238
-289
-340
-357
-376
-378
-378
-373
-363
-385
-416
-447
-466
-463
-461
-466
-502
-550
-582
-588
-559
-519
-519
-567
-647
-683
-655
-633
-620
-639
-686
-739
-758
-732
-688
-636
-596
-553
-514
-455
-372
-286
-216
-134
-42
17
77
154
255
363
446
516
591
675
765
832
871
903
909
875
835
812
801
778
724
641
563
489
411
306
199
99
-15
-130
-230
-307
-358
-388
-416
-444
-448
-418
-352
-282
-217
-166
-139
-99
-47
41
137
206
256
311
387
479
577
657
730
770
781
780
760
754
712
662
606
543
483
429
376
320
276
220
144
69
-13
-75
-124
-172
-192
-220
-253
-275
-309
-297
-274
-280
-277
-302
-329
-355
-378
-399
-439
-477
-504
-531
-531
-523
-523
-544
-581
-587
-588
-583
-564
-546
-560
-590
-614
-626
-615
-602
-573
-549
-518
-485
-468
-445
-403
-375
-356
-332
-274
-205
-141
-76
-27
35
94
154
219
286
352
396
427
455
490
526
539
553
577
588
569
525
475
440
399
355
301
229
164
99
61
33
-8
-76
-162
-244
-304
-329
-319
-310
-299
-280
-265
-222
-167
-92
-32
0
49
103
184
285
369
468
531
579
646
703
765
803
830
855
844
839
809
771
735
683
643
574
502
443
371
311
232
150
75
6
-45
-68
-89
-118
-163
-239
-322
-363
-367
-347
-349
-380
-418
-450
-456
-452
-450
-466
-485
-521
-533
-557
-592
-601
-619
-624
-618
-614
-570
-505
-462
-429
-432
-463
-468
-474
-464
-443
-447
-455
-474
-478
-446
-393
-318
-237
-182
-147
-119
-83
-64
-37
5
29
60
105
183
276
354
441
504
544
574
570
566
555
505
451
372
299
236
182
151
120
103
78
24
-31
-89
-153
-212
-303
-369
-419
-439
-419
-392
-331
-249
-174
-70
52
161
257
341
412
456
504
573
639
693
764
833
893
941
980
1003
984
943
888
812
722
616
542
477
416
384
321
262
200
169
155
117
65
-7
-102
-167
-214
-248
-278
-322
-355
-376
-374
-344
-352
-380
-412
-479
-544
-606
-653
-708
-745
-757
-749
-723
-687
-647
-612
-597
-602
-619
-651
-671
-686
-677
-668
-666
-643
-612
-573
-519
-466
-414
-373
-353
-332
-312
-288
-245
-197
-132
-58
2
71
156
237
308
368
396
396
395
407
404
406
400
368
342
311
290
270
223
171
118
76
42
-7
-47
-76
-109
-124
-143
-140
-128
-113
-80
-63
-46
-21
12
71
134
205
303
395
485
558
639
732
803
853
884
877
879
894
909
920
915
890
843
792
764
743
710
643
565
495
429
384
348
312
266
214
161
114
59
11
-52
-122
-193
-266
-319
-358
-383
-418
-452
-484
-525
-577
-624
-665
-697
-724
-755
-789
-826
-840
-832
-834
-823
-823
-830
-837
-868
-863
-856
-829
-798
-789
-754
-693
-617
-529
-457
-396
-356
-313
-274
-222
-179
-144
-112
-90
-24
36
96
150
195
229
254
285
295
303
311
299
284
270
262
250
243
229
210
198
195
194
178
159
142
135
135
128
133
154
177
207
230
242
263
283
320
365
397
422
434
431
468
534
598
656
678
687
680
675
695
717
714
687
655
638
620
607
606
583
552
525
488
458
427
394
348
306
260
203
164
125
86
36
-22
-78
-137
-203
-261
-337
-417
-478
-537
-595
-639
-674
-694
-727
-773
-814
-853
-886
-927
-947
-950
-965
-986
-1017
-1024
-995
-955
-906
-857
-807
-765
-725
-667
-596
-539
-491
-457
-427
-388
-338
-285
-233
-185
-133
-88
-38
12
52
86
89
93
99
89
91
103
112
128
140
144
164
181
209
242
261
272
266
274
288
311
335
334
354
387
407
434
449
456
460
449
441
437
427
435
444
441
436
421
419
422
445
469
465
470
465
468
493
514
527
529
529
530
530
530
537
531
519
509
489
480
471
450
429
389
357
318
277
220
154
109
57
7
-61
-134
-195
-251
-306
-359
-409
-477
-541
-588
-620
-633
-671
-720
-774
-822
-835
-850
-850
-852
-861
-864
-872
-858
-838
-797
-754
-734
-707
-690
-672
-643
-597
-555
-518
-495
-463
-417
-375
-340
-313
-264
-215
-157
-83
-26
26
55
85
126
169
205
226
247
269
293
311
325
345
360
366
366
356
359
350
349
371
392
400
394
380
361
353
360
357
350
341
335
333
334
350
368
351
340
345
349
363
365
357
336
323
311
293
282
288
300
305
311
316
314
311
311
314
307
300
288
276
265
260
252
237
212
189
160
132
116
94
63
30
-6
-49
-86
-116
-153
-188
-238
-289
-328
-358
-376
-393
-429
-481
-526
-567
-595
-604
-607
-614
-630
-659
-670
-661
-658
-649
-649
-655
-651
-641
-623
-607
-582
-550
-516
-482
-452
-414
-363
-314
-281
-248
-217
-189
-151
-97
-39
14
35
49
79
113
157
185
205
233
255
272
286
319
354
362
356
349
348
356
370
382
396
407
422
422
426
441
438
422
398
371
349
338
339
341
332
311
278
249
238
238
226
199
167
142
124
110
105
102
83
73
77
78
80
76
73
73
63
64
63
58
60
59
55
43
33
39
45
41
42
53
53
24
2
-12
-30
-47
-67
-89
-127
-155
-180
-197
-214
-236
-260
-291
-324
-354
-375
-401
-415
-421
-436
-451
-459
-455
-455
-446
-448
-459
-455
-453
-429
-402
-385
-384
-372
-351
-323
-278
-246
-216
-194
-162
-124
-92
-58
-41
-15
15
42
84
118
141
163
189
219
235
260
290
309
332
350
371
376
375
385
402
416
408
423
411
402
402
417
420
395
375
349
328
296
267
243
214
183
159
140
115
97
84
72
36
4
-16
-43
-64
-85
-101
-130
-147
-139
-127
-112
-110
-109
-100
-99
-85
-57
-46
-39
-32
-10
7
20
26
24
15
16
27
29
18
9
9
3
-2
-12
-32
-43
-70
-90
-107
-125
-145
-181
-201
-220
-231
-242
-259
-280
-287
-298
-289
-282
-286
-288
-293
-280
-273
-264
-260
-269
-274
-275
-271
-252
-235
-209
-201
-196
-181
-174
-153
-138
-118
-95
-71
-36
5
41
71
106
117
140
162
186
208
225
255
280
314
328
337
344
344
358
361
359
347
342
340
338
340
321
301
269
249
222
201
170
127
96
64
37
13
-4
-21
-52
-67
-80
-96
-88
-100
-110
-120
-124
-118
-125
-127
-122
-111
-91
-78
-66
-46
-41
-35
-25
-10
9
14
14
13
20
36
41
43
50
46
51
50
55
70
66
59
43
40
36
36
31
24
30
37
32
29
25
13
-4
-35
-52
-69
-83
-94
-106
-121
-142
-165
-184
-188
-178
-183
-196
-200
-204
-198
-186
-177
-166
-167
-160
-142
-131
-111
-88
-64
-41
-18
2
27
51
76
98
116
135
150
164
172
190
215
232
243
239
241
249
244
241
254
241
222
210
201
190
169
156
137
122
94
69
49
16
-6
-30
-61
-88
-117
-148
-175
-197
-212
-223
-231
-236
-225
-212
-200
-195
-196
-186
-181
-165
-144
-121
-96
-71
-61
-56
-48
-40
-19
-2
2
0
-6
1
12
15
30
40
51
69
87
97
100
102
93
91
89
94
107
116
120
138
152
156
164
150
138
123
109
102
75
52
27
5
-17
-38
-46
-46
-54
-74
-89
-98
-112
-113
-115
-122
-126
-132
-123
-112
-102
-89
-70
-43
-22
-8
5
6
11
32
38
43
57
69
92
101
113
135
132
126
124
118
122
117
116
106
84
61
46
29
13
-4
-28
-39
-58
-72
-82
-85
-101
-120
-128
-133
-141
-150
-155
-167
-167
-161
-163
-164
-156
-156
-152
-139
-131
-119
-120
-115
-104
-95
-80
-69
-50
-39
-24
-11
2
27
40
52
60
68
84
83
91
87
88
108
118
139
149
156
156
170
178
188
200
191
190
190
181
184
180
177
181
173
163
149
147
136
125
104
85
65
38
35
27
27
27
18
11
0
-13
-30
-39
-57
-63
-72
-82
-89
-82
-69
-54
-37
-35
-41
-47
-42
-29
-18
-18
-15
-21
-10
7
12
26
26
21
21
22
20
14
3
-10
-21
-25
-32
-46
-52
-58
-61
-63
-61
-69
-84
-102
-116
-122
-122
-125
-136
-146
-157
-158
-155
-152
-157
-158
-166
-163
-161
-152
-148
-146
-141
-137
-122
-119
-104
-85
-63
-49
-41
-23
-15
-3
-1
8
21
38
62
76
89
103
107
109
118
125
127
118
127
133
154
179
187
193
188
187
192
207
220
219
214
216
210
212
210
210
211
208
201
193
184
169
167
154
143
132
117
101
79
65
54
43
20
-1
-21
-37
-40
-51
-62
-77
-101
-112
-119
-125
-123
-130
-136
-147
-157
-151
-143
-133
-133
-134
-127
-116
-117
-119
-122
-121
-118
-115
-120
-121
-119
-128
-131
-137
-135
-129
-131
-135
-140
-141
-130
-129
-127
-125
-133
-138
-131
-126
-124
-125
-125
-123
-121
-109
-99
-88
-79
-75
-67
-55
-44
-33
-21
-18
-8
2
12
21
18
20
24
36
44
53
61
60
68
74
79
86
86
85
88
99
114
128
140
152
160
167
178
188
196
204
216
226
229
225
222
218
218
229
231
233
231
222
209
197
192
183
173
150
130
113
99
86
71
56
33
17
6
1
-9
-25
-42
-66
-83
-92
-98
-105
-120
-132
-148
-155
-159
-156
-151
-146
-142
-137
-123
-121
-124
-128
-132
-130
-131
-134
-139
-148
-147
-145
-140
-123
-115
-121
-118
-122
-120
-111
-117
-122
-126
-125
-130
-123
-120
-116
-114
-112
-106
-109
-100
-108
-111
-107
-102
-100
-94
-87
-92
-93
-87
-77
-60
-53
-51
-48
-44
-32
-24
-10
3
9
15
25
31
44
68
77
88
97
117
131
135
150
161
174
185
194
205
223
231
234
235
227
227
215
215
215
219
219
215
211
200
202
198
196
181
164
147
138
130
117
104
92
81
67
55
42
32
14
-2
-16
-35
-46
-47
-65
-85
-107
-129
-137
-147
-151
-163
-166
-173
-175
-180
-184
-182
-182
-183
-188
-184
-181
-169
-173
-174
-181
-179
-171
-171
-162
-155
-144
-132
-124
-120
-114
-112
-106
-106
-97
-95
-98
-99
-99
-96
-87
-84
-86
-92
-97
-96
-90
-86
-75
-73
-76
-70
-65
-62
-51
-38
-27
-16
-2
13
32
46
51
61
69
77
88
104
119
131
139
144
144
146
152
155
161
164
164
170
174
177
170
168
164
154
154
151
153
161
163
162
170
163
165
171
164
162
157
147
149
148
142
143
148
138
127
121
111
110
94
81
74
66
58
46
25
11
-4
-25
-38
-53
-66
-86
-97
-112
-131
-139
-150
-165
-172
-177
-183
-189
-195
-201
-203
-208
-203
-196
-189
-184
-183
-176
-164
-162
-166
-164
-151
-148
-146
-132
-124
-115
-117
-121
-118
-111
-100
-84
-78
-70
-70
-70
-64
-57
-56
-57
-53
-61
-62
-62
-51
-34
-25
-21
-18
-11
-7
1
9
11
22
31
38
46
51
63
68
72
76
73
79
85
90
102
107
110
114
116
122
129
127
129
131
134
142
146
148
153
153
157
161
166
166
162
161
159
154
147
148
148
146
147
134
135
133
124
125
118
114
103
88
73
61
44
30
19
-2
-18
-33
-40
-47
-65
-79
-89
-106
-122
-131
-138
-143
-151
-164
-170
-171
-175
-171
-169
-171
-172
-180
-179
-174
-167
-160
-155
-149
-140
-134
-120
-105
-92
-89
-81
-68
-59
-44
-37
-35
-29
-26
-20
-15
-11
-5
-4
-3
-6
-1
1
-3
-6
-11
-16
-16
-17
-20
-14
-15
-21
-15
-15
-16
-15
-16
-16
-12
-15
-18
-10
-9
-6
0
-2
-2
3
-1
8
19
26
30
31
37
44
51
58
72
73
82
88
94
101
102
112
115
116
122
119
118
129
129
128
129
132
136
134
132
130
127
120
115
110
99
92
87
81
71
60
43
32
20
1
-10
-23
-36
-49
-60
-65
-77
-84
-94
-104
-104
-108
-106
-103
-107
-113
-119
-126
-118
-114
-111
-104
-101
-100
-89
-76
-68
-60
-60
-55
-47
-41
-29
-17
-4
5
20
33
41
45
51
53
49
53
51
50
46
38
34
36
29
24
12
5
-2
-9
-12
-26
-35
-51
-59
-65
-69
-72
-77
-83
-83
-82
-90
-86
-82
-85
-81
-75
-63
-50
-43
-32
-27
-16
1
21
40
50
62
68
71
84
91
102
111
114
122
125
129
132
133
130
121
122
114
109
105
101
97
85
77
73
68
56
45
39
31
20
5
-6
-15
-24
-31
-34
-45
-59
-70
-76
-80
-91
-96
-103
-112
-124
-129
-127
-119
-122
-123
-122
-121
-111
-104
-94
-94
-93
-86
-77
-61
-56
-48
-36
-24
-14
-6
4
13
26
30
34
42
39
45
46
56
54
57
59
54
57
47
47
41
36
34
24
14
11
2
-3
-9
-21
-32
-31
-31
-33
-32
-37
-40
-39
-44
-43
-39
-40
-43
-38
-27
-20
-12
-4
6
14
15
19
33
40
45
47
54
61
63
70
77
88
91
91
99
104
108
115
114
115
114
101
101
95
96
88
84
81
71
71
61
56
53
47
43
32
20
12
9
3
-6
-11
-17
-27
-31
-36
-44
-49
-57
-55
-56
-59
-59
-59
-62
-61
-59
-57
-49
-53
-51
-45
-38
-37
-29
-26
-23
-14
-15
-17
-18
-19
-13
-14
-15
-13
-17
-17
-20
-23
-28
-30
-37
-44
-44
-52
-50
-47
-50
-53
-52
-47
-45
-39
-35
-39
-35
-42
-48
-48
-52
-49
-50
-46
-49
-48
-41
-40
-31
-26
-21
-19
-21
-14
-7
5
12
10
14
21
29
32
38
40
49
47
51
56
53
56
59
63
62
63
61
65
65
62
59
57
50
46
53
51
50
53
52
49
45
41
38
34
29
27
22
21
19
13
11
6
4
5
4
9
16
20
20
22
20
17
16
24
26
29
31
27
25
27
37
35
36
35
34
32
25
20
24
18
10
15
10
13
13
13
11
1
-9
-11
-16
-24
-33
-37
-42
-50
-57
-62
-65
-69
-66
-62
-62
-67
-72
-72
-71
-74
-74
-72
-71
-72
-66
-59
-58
-54
-54
-47
-45
-39
-33
-37
-31
-30
-31
-30
-27
-26
-25
-26
-30
-28
-29
-31
-29
-27
-26
-30
-27
-24
-19
-19
-20
-18
-21
-23
-25
-22
-21
-21
-21
-22
-25
-24
-20
-17
-17
-16
-17
-21
-19
-14
-11
-8
-6
-7
-1
6
13
20
26
33
37
37
35
41
46
46
50
53
59
68
75
78
79
84
82
80
74
72
67
65
61
52
50
47
47
44
44
31
23
15
5
1
-9
-15
-20
-23
-29
-35
-38
-41
-44
-45
-44
-48
-49
-45
-42
-41
-37
-40
-39
-33
-28
-23
-15
-12
-13
-9
-2
4
8
11
18
24
25
22
28
32
32
36
33
33
35
33
32
34
34
27
17
17
7
1
0
-3
-9
-19
-20
-25
-28
-33
-37
-42
-43
-43
-43
-43
-48
-43
-44
-46
-40
-41
-41
-36
-32
-32
-32
-26
-25
-19
-12
-8
3
10
17
20
25
31
31
40
48
51
51
52
54
61
67
66
65
67
73
71
67
63
57
55
48
43
42
36
28
26
20
17
10
2
-4
-8
-15
-29
-31
-39
-47
-50
-54
-59
-61
-64
-62
-65
-68
-68
-69
-70
-73
-72
-66
-61
-59
-53
-51
-46
-40
-39
-33
-28
-22
-22
-19
-17
-12
-10
-9
-7
-5
-2
-2
2
6
7
9
7
3
-1
-4
-6
-8
-7
-10
-13
-14
-17
-19
-20
-24
-25
-25
-29
-28
-30
-26
-28
-31
-28
-30
-27
-22
-18
-12
-11
-6
-2
5
11
18
27
34
42
45
49
61
69
72
75
81
85
86
88
91
92
92
93
96
97
96
94
91
89
87
82
79
72
71
65
59
53
45
40
34
29
23
16
10
3
-4
-10
-16
-24
-31
-36
-41
-42
-43
-45
-47
-49
-50
-52
-52
-52
-50
-48
-46
-42
-40
-35
-31
-30
-28
-23
-18
-17
-16
-15
-15
-16
-15
-16
-13
-17
-16
-16
-16
-17
-21
-21
-27
-32
-36
-40
-38
-39
-41
-45
-42
-43
-45
-48
-49
-46
-46
-45
-43
-42
-42
-40
-36
-31
-32
-27
-20
-13
-9
-4
3
6
13
19
27
31
35
42
46
51
57
62
69
77
81
82
84
85
89
87
88
86
81
80
82
81
77
74
68
66
61
58
54
50
44
40
38
31
26
19
15
13
7
2
-3
-6
-9
-14
-15
-21
-27
-29
-31
-34
-33
-37
-41
-44
-44
-44
-45
-46
-45
-47
-45
-45
-46
-42
-40
-35
-32
-31
-30
-27
-28
-25
-24
-23
-22
-21
-19
-18
-19
-20
-21
-20
-18
-23
-24
-24
-26
-25
-27
-30
-33
-31
-30
-29
-29
-29
-29
-27
-26
-25
-22
-21
-19
-16
-9
-5
3
5
8
13
15
16
21
27
30
36
42
42
42
45
49
52
52
51
51
51
51
48
49
49
50
51
51
48
44
39
38
37
32
30
26
24
21
16
11
9
8
7
4
-1
-4
-8
-13
-15
-19
-20
-24
-25
-27
-30
-29
-29
-30
-32
-29
-31
-31
-33
-33
-32
-31
-33
-32
-32
-35
-35
-35
-34
-32
-32
-28
-24
-26
-26
-26
-25
-24
-27
-22
-19
-20
-20
-19
-18
-23
-22
-21
-22
-21
-20
-19
-22
-22
-23
-24
-25
-25
-27
-28
-30
-29
-28
-29
-28
-27
-29
-23
-20
-17
-9
-4
3
7
12
16
22
26
31
33
40
46
47
50
51
56
58
59
60
59
62
60
62
65
65
65
64
65
61
57
55
51
51
48
45
41
37
33
29
29
24
18
18
15
12
11
9
7
6
6
6
6
7
5
3
2
2
4
5
2
1
3
3
1
0
0
1
0
0
-1
-2
-1
-1
-3
-5
-6
-6
-8
-12
-12
-15
-18
-20
-23
-25
-25
-28
-30
-33
-35
-37
-38
-39
-43
-47
-47
-49
-53
-54
-58
-56
-56
-55
-55
-57
-57
-56
-55
-53
-51
-47
-44
-42
-41
-38
-35
-32
-28
-26
-20
-17
-13
-9
-5
-1
5
9
13
18
19
24
27
32
35
35
38
38
39
38
38
37
38
36
34
33
31
29
29
26
26
24
22
22
22
20
18
16
15
16
17
19
19
20
21
21
22
23
24
26
28
27
26
26
28
28
28
28
28
30
29
29
26
25
23
21
19
16
13
11
9
6
1
-1
-4
-7
-10
-13
-16
-19
-21
-25
-27
-31
-34
-36
-38
-40
-42
-44
-43
-44
-42
-42
-42
-43
-42
-42
-42
-41
-39
-35
-35
-32
-29
-27
-23
-19
-17
-12
-8
-5
-2
0
5
7
11
14
16
17
19
21
24
23
23
25
25
25
23
22
20
19
17
16
15
13
11
9
7
6
4
4
3
0
-1
-4
-5
-5
-5
-7
-5
-7
-6
-6
-7
-8
-8
-5
-4
-2
-2
-2
-2
-1
-2
1
1
3
6
8
8
8
8
9
10
10
11
11
11
9
7
6
6
6
6
5
6
5
3
3
3
2
1
1
-1
-3
-4
-5
-5
-5
-3
-3
-2
-2
-1
-2
-2
-1
0
3
4
5
6
5
6
8
10
11
14
17
18
20
20
20
21
21
22
23
21
21
19
18
17
17
17
15
14
13
11
9
7
5
1
0
-2
-5
-8
-12
-14
-16
-17
-18
-20
-23
-25
-28
-29
-31
-32
-33
-33
-35
-35
-37
-38
-38
-37
-35
-33
-31
-31
-31
-30
-29
-27
-24
-21
-20
-17
-16
-13
-10
-8
-5
-2
2
5
7
8
9
10
12
12
15
17
18
18
19
20
20
22
24
23
23
23
21
22
21
21
22
23
24
22
21
20
20
20
21
20
20
18
17
17
16
15
16
16
16
16
16
14
14
13
13
14
14
13
13
11
11
11
11
11
12
12
11
9
7
7
5
4
3
2
1
-1
-2
-4
-6
-8
-8
-9
-10
-12
-14
-16
-19
-21
-23
-25
-26
-28
-29
-30
-32
-33
-35
-35
-34
-35
-34
-35
-35
-35
-34
-32
-31
-29
-27
-25
-23
-22
-20
-18
-15
-13
-10
-8
-5
-4
0
2
5
8
11
13
15
17
19
20
21
22
24
25
24
25
25
24
24
24
24
24
23
22
21
20
18
17
16
14
13
13
11
11
8
7
6
7
7
6
4
3
2
4
6
6
7
8
9
10
10
11
13
12
13
14
15
15
16
15
17
18
18
20
18
18
16
17
16
16
14
13
11
8
5
2
1
-2
-4
-6
-10
-11
-15
-19
-22
-23
-25
-27
-29
-31
-32
-35
-36
-40
-41
-41
-43
-43
-43
-42
-44
-44
-43
-43
-40
-38
-36
-36
-34
-31
-27
-26
-23
-19
-16
-14
-12
-10
-7
-4
-1
0
4
6
9
11
12
14
16
17
17
18
17
18
19
20
19
19
20
19
19
19
18
17
17
17
17
17
16
17
16
15
16
17
18
17
18
18
18
18
19
19
20
21
23
24
23
26
25
26
27
27
27
27
25
26
26
25
24
24
23
23
21
20
18
15
13
10
8
6
