-6
-6
-6
-4
-6
-5
-6
-5
-5
-5
-3
-3
-3
-2
-1
1
1
1
1
2
3
2
4
3
3
2
3
3
4
3
2
1
1
2
1
1
2
1
1
0
-1
-1
-1
1
0
1
0
0
0
0
0
0
0
-1
0
0
2
3
2
3
2
3
2
2
2
3
3
2
2
2
2
3
3
2
3
3
2
2
2
1
1
0
-1
-1
-1
-2
0
-1
-2
-2
-4
-3
-4
-5
-4
-3
-4
-4
-4
-4
-4
-5
-4
-4
-3
-5
-3
-3
-3
-3
-3
-1
0
0
0
0
0
0
0
0
0
2
0
0
0
0
1
1
0
0
2
2
2
1
1
1
1
2
1
1
0
0
1
1
1
1
1
2
2
1
2
3
2
3
4
3
4
5
5
4
4
4
5
5
4
5
5
5
3
3
3
2
3
3
3
2
2
2
2
1
1
0
0
0
0
0
1
0
-1
-2
-1
-2
-2
-2
-1
-1
-1
-1
-1
-1
0
-1
-1
0
-1
-1
0
-2
0
0
0
0
0
0
0
0
-1
-2
-2
-2
-2
-3
-3
-4
-5
-4
-5
-5
-6
-6
-5
-6
-5
-3
-4
-4
-5
-4
-2
-2
-2
-1
-1
-1
-1
-1
-2
0
0
0
0
0
-2
-1
-2
-1
-1
-1
-2
-2
-2
-3
-2
-2
-2
-3
-2
-3
-2
-2
-3
-2
-2
-1
-2
0
-1
0
0
0
1
0
1
1
1
1
2
2
2
3
2
3
3
5
5
4
5
6
6
5
6
6
5
5
4
4
3
4
2
3
2
3
3
4
2
3
3
4
4
3
3
4
4
3
3
3
3
3
3
3
3
4
5
4
4
4
4
4
3
3
3
4
3
3
3
3
2
2
2
1
0
-1
-1
-2
-2
-3
-4
-3
-2
-4
-4
-3
-4
-5
-4
-3
-2
-4
-3
-3
-2
-2
-3
-3
-2
-1
-1
-1
-1
-1
-1
-1
-2
-1
-1
-1
-2
-1
-1
-1
-1
-1
-1
-1
-1
-1
-2
-2
-2
-2
-2
-1
-1
-1
-1
-1
0
-2
-1
-1
0
0
0
0
1
1
1
1
1
1
2
3
4
3
1
1
1
1
1
0
0
0
1
0
0
-1
-1
-2
-3
-4
-6
-6
-6
-6
-7
-7
-8
-8
-8
-8
-8
-7
-5
-3
-4
-6
-6
-5
-5
-2
-2
-3
-3
-5
-2
-3
-3
-4
-5
-5
-4
-2
4
11
11
14
14
12
14
14
12
13
11
11
10
5
5
5
6
4
2
3
0
0
3
9
11
9
8
6
4
5
7
6
7
7
4
9
9
5
11
14
11
13
13
15
15
15
15
13
10
6
-2
-4
-5
-9
-12
-15
-17
-22
-27
-29
-28
-28
-26
-24
-21
-22
-16
-16
-13
-11
-13
-11
-13
-19
-27
-32
-32
-24
-17
-13
-9
-12
-14
-12
-13
-10
-8
-7
-4
7
10
1
-1
-2
-3
-6
-6
2
0
-5
-1
-3
-1
3
12
22
26
27
28
29
28
25
24
13
0
-8
-20
-24
-31
-30
-29
-34
-27
-22
-19
-12
3
7
7
12
11
9
7
-1
5
10
8
10
3
0
-7
-12
-2
5
10
8
3
-2
-13
-16
-22
-19
-16
-11
-6
-2
0
1
5
5
4
9
16
23
38
44
44
37
25
19
18
12
9
7
3
4
7
13
7
-8
-14
-11
-6
0
1
9
8
2
12
17
18
5
3
-1
-13
-9
-1
4
15
23
22
19
11
11
-2
1
5
7
16
12
13
14
9
-4
-2
3
8
9
16
13
5
15
19
11
12
11
-1
-17
-8
-5
-17
-11
-7
-10
-14
-29
-26
-13
-19
-17
-10
-7
1
-3
-1
2
-14
-18
-4
2
10
15
20
29
34
29
31
37
28
22
24
13
12
5
9
13
2
-1
-2
4
-3
1
-1
-9
-18
-24
-20
-19
-24
-38
-39
-39
-30
-17
-26
-33
-46
-51
-53
-52
-53
-59
-71
-72
-57
-60
-53
-45
-41
-41
-40
-42
-32
-21
0
3
9
12
-2
-6
-8
-17
-25
-23
-35
-32
-37
-34
-27
-26
-6
-6
-4
-5
-4
3
12
39
51
48
45
42
37
66
47
122
54
257
311
293
192
-55
-53
-168
313
728
1069
879
434
-39
-466
-349
-83
433
568
448
70
-467
-713
-836
-525
-202
133
214
-62
-450
-878
-936
-807
-358
-22
237
202
15
-218
-579
-531
-679
-339
-128
191
228
-105
-230
-652
-366
-62
578
1080
1250
1371
1031
932
814
1097
1270
1545
1333
1016
824
482
446
206
351
-19
-68
-249
-347
-456
-982
-972
-1390
-1318
-1279
-1304
-1187
-1318
-1204
-1303
-1143
-1047
-856
-655
-575
-348
-314
-192
-133
-7
107
202
318
356
360
438
505
528
489
305
336
143
163
55
-94
17
-109
-17
-137
-79
-41
-62
-77
-117
-91
-66
68
68
75
61
101
140
165
251
356
408
412
387
405
451
465
480
363
385
401
392
412
337
396
290
192
92
13
106
80
51
-6
-175
-210
-301
-392
-479
-557
-535
-608
-601
-621
-593
-591
-822
-859
-1011
-984
-932
-906
-692
-574
-309
-200
-135
-174
-379
-273
-363
-138
122
193
493
276
271
323
332
519
580
672
724
806
759
830
807
620
601
351
287
373
288
401
308
163
148
65
67
61
2
-8
-41
-72
-1
185
317
462
531
556
680
680
818
862
928
1053
994
1089
1096
1175
1230
1160
1081
967
871
851
824
683
630
410
248
101
-151
-234
-416
-621
-725
-965
-983
-1033
-1161
-1122
-1338
-1515
-1644
-1848
-1777
-1693
-1778
-1710
-1864
-1948
-1839
-2003
-1825
-1619
-1319
-958
-695
-766
-672
-589
-591
-40
-92
210
355
166
538
607
802
1045
1008
1027
1132
1098
1250
1360
1142
1148
910
674
803
620
653
581
216
166
-58
-101
-100
-302
-397
-535
-651
-600
-468
-410
-293
-378
-393
-274
-156
91
210
244
314
299
430
616
731
965
941
1012
1060
1111
1335
1259
1346
1160
989
979
892
989
868
757
553
426
333
263
199
-61
-166
-512
-651
-706
-840
-759
-963
-1075
-1200
-1315
-1271
-1318
-1456
-1431
-1672
-1569
-1671
-1684
-1674
-2012
-1852
-2151
-1703
-1291
-1022
-553
-834
-717
-736
-592
-87
29
193
255
143
420
808
1196
1538
1555
1506
1548
1612
1771
1878
1618
1567
1297
1286
1422
1360
1329
945
577
223
39
68
32
-152
-475
-807
-985
-970
-877
-868
-959
-1094
-1195
-1095
-861
-565
-422
-369
-383
-314
-38
246
513
623
694
858
1053
1389
1618
1695
1762
1606
1575
1573
1681
1787
1741
1612
1394
1254
1163
1073
750
436
54
-302
-524
-824
-1024
-1351
-1637
-1869
-2052
-1990
-2047
-2124
-2269
-2479
-2466
-2539
-2508
-2469
-2687
-2607
-2565
-2259
-1509
-1270
-695
-673
-741
-413
-489
216
257
378
498
376
783
1062
1689
1845
2072
1984
1961
2119
2009
2231
1816
1648
1438
1231
1427
1364
1307
1038
725
432
255
166
-19
-250
-731
-968
-1125
-1188
-938
-1067
-1093
-1205
-1296
-1109
-956
-709
-658
-677
-748
-616
-407
-4
353
481
760
870
1179
1431
1584
1718
1660
1675
1659
1727
1843
1867
1759
1661
1468
1403
1352
1208
946
573
288
1
-181
-411
-666
-1033
-1421
-1692
-2030
-2015
-2079
-2175
-2127
-2433
-2330
-2488
-2607
-2555
-2830
-2669
-2502
-2258
-1558
-1314
-827
-585
-561
-174
-35
453
522
581
524
540
794
1073
1685
1714
2055
2036
2088
2351
2214
2347
1918
1648
1372
1199
1237
1175
1064
844
724
537
542
508
263
10
-534
-840
-1004
-1094
-919
-1038
-1046
-1106
-1036
-828
-662
-522
-604
-642
-892
-800
-656
-369
25
97
467
630
923
1242
1292
1395
1318
1320
1315
1270
1293
1174
1121
974
995
1022
1026
1049
642
473
29
-242
-499
-917
-1088
-1501
-1588
-1807
-1893
-1992
-2028
-2119
-2282
-2340
-2561
-2523
-2811
-2809
-2939
-2905
-2523
-2400
-1624
-1288
-858
-463
-440
-60
4
435
660
612
784
791
989
1199
1674
1922
2201
2483
2504
2775
2652
2693
2413
1967
1848
1471
1481
1383
1174
1032
900
821
681
605
358
105
-369
-684
-888
-1138
-984
-1129
-1188
-1122
-1115
-868
-750
-631
-625
-672
-724
-746
-682
-507
-233
-150
100
394
590
988
1154
1270
1389
1303
1485
1322
1262
1245
996
989
833
842
825
829
691
455
276
-61
-232
-686
-956
-1313
-1706
-1727
-2032
-1998
-2030
-1947
-1927
-1963
-1908
-2090
-2044
-2422
-2314
-2483
-2422
-2031
-1996
-1162
-1017
-329
4
174
650
629
1085
754
820
627
584
849
938
1547
1594
2131
2303
2457
2680
2448
2430
1863
1535
1133
828
821
584
601
493
577
618
586
630
299
25
-430
-736
-949
-1128
-1067
-1209
-1099
-1003
-755
-431
-289
-99
-197
-192
-347
-414
-352
-376
-223
-221
65
334
644
1055
1202
1346
1314
1266
1164
934
773
552
366
263
245
328
412
409
324
180
45
-171
-440
-785
-1142
-1484
-1688
-1850
-1906
-1903
-1808
-1640
-1660
-1450
-1490
-1497
-1600
-1843
-1868
-2009
-1864
-1552
-1303
-906
-407
-100
378
705
1074
1304
1073
1036
685
519
543
631
778
1019
1326
1628
2040
2254
2421
2274
1950
1616
1086
726
426
-5
-159
-209
-175
103
283
499
482
306
147
-99
-389
-595
-901
-1206
-1234
-1256
-958
-580
-295
97
271
431
480
428
420
282
81
-12
-6
100
387
660
934
1200
1403
1574
1581
1469
1233
892
523
197
-51
-236
-284
-385
-403
-361
-351
-305
-404
-592
-836
-1185
-1448
-1798
-2065
-2190
-2231
-2266
-2048
-1881
-1671
-1450
-1432
-1434
-1499
-1597
-1527
-1353
-1392
-992
-903
-582
-21
208
955
1122
1227
1378
1110
1022
924
811
752
770
804
1182
1431
1728
2067
1999
2035
1907
1560
1340
879
381
76
-285
-371
-284
-231
32
47
33
204
107
63
-45
-405
-617
-845
-1011
-933
-879
-712
-416
-251
57
348
489
768
746
672
717
559
566
554
472
590
634
813
1068
1176
1282
1301
1163
1060
796
477
257
-149
-392
-641
-790
-810
-909
-928
-1006
-1088
-1109
-1193
-1301
-1514
-1674
-1860
-2060
-1999
-2166
-1982
-2078
-1962
-1830
-1801
-1389
-1325
-838
-882
-486
-356
-196
297
322
922
816
1017
1084
967
1111
1012
1114
1003
1174
1207
1476
1639
1735
1874
1661
1695
1493
1287
1127
738
445
200
7
-50
-57
-23
17
23
43
182
156
124
51
-241
-320
-457
-509
-452
-507
-379
-271
-62
153
402
551
707
725
641
724
602
649
619
519
596
567
690
782
722
729
665
578
539
358
171
-19
-362
-558
-812
-1005
-1125
-1341
-1492
-1606
-1713
-1673
-1684
-1737
-1743
-1804
-1814
-1844
-1870
-1911
-1894
-2064
-2000
-2012
-1879
-1627
-1353
-963
-762
-203
-13
480
757
1078
1406
1174
1421
1193
1136
1121
1037
1059
1019
1202
1340
1663
1765
1986
1942
1874
1864
1554
1406
1083
668
284
-38
-257
-373
-399
-350
-297
-251
-92
26
51
85
-45
-252
-340
-512
-550
-589
-630
-549
-454
-200
41
312
508
744
836
886
994
870
916
797
666
715
589
677
633
607
602
562
603
544
478
256
161
-182
-400
-642
-943
-1100
-1456
-1609
-1804
-1902
-1875
-1881
-1833
-1766
-1669
-1628
-1524
-1471
-1553
-1634
-1774
-1953
-1918
-2004
-1666
-1360
-1256
-518
-378
262
736
1128
1731
1611
1833
1687
1472
1274
1178
976
791
944
870
1355
1533
1835
2098
1979
2155
1911
1678
1435
921
395
43
-355
-586
-651
-706
-593
-559
-406
-92
-40
84
122
-83
-143
-276
-418
-427
-526
-558
-464
-363
-139
107
239
531
655
803
1062
1106
1201
1160
1107
1022
947
861
768
696
517
505
364
360
322
153
155
-87
-211
-419
-606
-853
-1213
-1462
-1809
-1987
-2216
-2335
-2410
-2439
-2339
-2191
-2000
-1781
-1684
-1656
-1600
-1801
-1690
-1867
-1583
-1551
-1555
-981
-993
-211
157
830
1468
1587
2166
2111
2159
1944
1840
1453
1149
1061
765
1090
1004
1352
1546
1634
2035
1989
2052
1945
1559
1117
699
201
-200
-495
-772
-840
-965
-809
-529
-408
-128
19
33
157
125
93
48
-139
-227
-307
-339
-256
-150
-67
214
295
579
942
1015
1262
1257
1293
1287
1194
1212
1060
814
736
551
319
298
89
-6
-131
-252
-323
-462
-559
-715
-977
-1268
-1467
-1861
-2031
-2300
-2543
-2579
-2724
-2602
-2604
-2352
-2155
-2001
-1880
-1767
-1676
-1772
-1336
-1415
-1182
-949
-866
-305
-161
554
980
1245
1779
1966
2127
2185
2244
1972
1871
1645
1441
1441
1250
1425
1353
1367
1646
1617
1733
1762
1510
1284
982
615
252
-121
-398
-604
-870
-860
-788
-795
-565
-485
-394
-213
-145
-75
-77
-153
-176
-207
-275
-168
-228
-148
52
65
329
527
695
859
973
1070
1130
1166
1220
1220
979
947
809
560
491
226
68
-95
-272
-330
-510
-625
-736
-955
-1181
-1320
-1628
-1804
-2019
-2289
-2380
-2526
-2500
-2527
-2490
-2382
-2241
-2195
-2049
-1903
-1798
-1413
-1334
-983
-771
-564
-88
165
697
959
1295
1651
1858
2073
2214
2255
2131
2110
1924
1903
1829
1721
1743
1536
1544
1564
1555
1578
1464
1276
1094
867
561
294
-72
-333
-597
-841
-864
-947
-933
-847
-801
-680
-517
-346
-217
-171
-188
-138
-147
-139
-116
-181
-133
-77
-3
228
423
642
834
1009
1167
1264
1375
1425
1364
1144
1071
899
670
549
284
173
-26
-154
-209
-419
-555
-711
-937
-1178
-1382
-1654
-1879
-2132
-2394
-2562
-2657
-2704
-2688
-2740
-2641
-2541
-2451
-2255
-2099
-1779
-1713
-1339
-1091
-802
-321
-32
567
705
1067
1467
1638
1959
2090
2256
2189
2233
2184
2183
2151
2025
2065
1832
1799
1733
1625
1615
1417
1207
1036
858
626
374
62
-206
-486
-729
-792
-928
-1011
-975
-1019
-963
-849
-738
-564
-505
-452
-353
-272
-189
-90
-96
-51
57
75
267
357
499
656
754
988
1089
1222
1380
1449
1439
1380
1315
1178
952
737
498
247
32
-119
-292
-519
-636
-849
-983
-1163
-1391
-1576
-1852
-2059
-2336
-2517
-2653
-2736
-2788
-2761
-2637
-2599
-2436
-2266
-2002
-1860
-1584
-1314
-1107
-766
-455
114
384
753
1158
1360
1687
1916
2112
2130
2167
2145
2143
2124
2081
2102
1938
1946
1870
1764
1778
1639
1457
1260
1063
851
592
325
68
-245
-488
-564
-719
-828
-832
-914
-893
-884
-786
-660
-622
-528
-488
-448
-350
-251
-247
-194
-121
-77
104
226
418
516
656
864
952
1109
1230
1332
1308
1331
1265
1196
1088
913
801
489
354
144
-87
-232
-508
-701
-930
-1134
-1360
-1595
-1842
-2046
-2273
-2453
-2529
-2720
-2782
-2804
-2763
-2727
-2575
-2437
-2195
-2021
-1847
-1471
-1347
-947
-602
-219
201
445
914
1187
1482
1771
2018
2138
2209
2290
2265
2328
2217
2177
2096
1951
1934
1835
1757
1674
1495
1336
1193
982
771
538
229
-23
-307
-511
-618
-841
-911
-970
-1015
-949
-913
-807
-720
-646
-547
-435
-383
-272
-222
-218
-116
-111
11
138
259
438
563
787
1001
1150
1322
1437
1519
1506
1501
1425
1273
1110
953
796
532
407
207
21
-184
-418
-596
-854
-1073
-1356
-1648
-1914
-2161
-2411
-2557
-2732
-2828
-2824
-2811
-2739
-2684
-2489
-2249
-2134
-1895
-1663
-1503
-1136
-847
-466
-118
161
626
920
1255
1646
1877
2042
2171
2256
2280
2330
2281
2221
2122
2001
2011
1880
1819
1755
1555
1460
1311
1129
929
682
438
190
-60
-234
-391
-586
-671
-789
-869
-847
-862
-844
-798
-779
-679
-571
-456
-311
-265
-190
-92
-71
9
85
137
248
325
457
643
760
956
1116
1210
1364
1369
1401
1362
1185
1072
860
620
407
158
-55
-241
-505
-657
-845
-1071
-1201
-1449
-1635
-1873
-2087
-2303
-2497
-2683
-2784
-2814
-2865
-2702
-2602
-2385
-2144
-1933
-1665
-1442
-1108
-777
-451
-191
114
381
624
977
1220
1486
1684
1841
2027
2130
2237
2292
2222
2139
2083
1969
1907
1801
1651
1522
1357
1244
1105
904
739
523
285
101
-98
-279
-431
-592
-709
-792
-842
-807
-822
-820
-763
-736
-659
-557
-495
-427
-359
-283
-178
-76
25
157
217
322
481
579
739
824
917
1024
1093
1197
1220
1191
1141
1079
965
812
651
418
218
-29
-257
-481
-747
-956
-1217
-1461
-1672
-1867
-2049
-2210
-2384
-2493
-2580
-2640
-2611
-2581
-2433
-2331
-2152
-1983
-1825
-1525
-1236
-848
-578
-257
86
348
668
907
1163
1329
1508
1692
1800
1935
2012
2084
2083
2058
2067
2024
1975
1880
1723
1559
1390
1222
1020
812
608
400
236
65
-67
-195
-302
-400
-517
-589
-632
-642
-691
-729
-731
-711
-656
-593
-545
-484
-396
-291
-168
-74
51
159
253
361
472
603
702
814
882
955
1031
1097
1120
1104
1069
1017
945
809
688
473
292
80
-172
-392
-667
-915
-1202
-1449
-1721
-1938
-2131
-2320
-2421
-2569
-2539
-2600
-2548
-2416
-2362
-2155
-2048
-1849
-1696
-1526
-1201
-922
-647
-373
-39
228
548
878
1114
1373
1534
1741
1877
1922
2041
2056
2024
2023
1985
1935
1918
1841
1726
1601
1455
1357
1173
972
813
564
367
222
42
-92
-193
-300
-374
-450
-474
-471
-527
-534
-540
-559
-522
-508
-500
-478
-448
-359
-249
-146
-2
127
237
391
505
619
726
792
877
912
945
981
969
944
921
853
775
721
602
484
329
142
-27
-263
-487
-745
-1047
-1300
-1591
-1837
-2069
-2288
-2446
-2561
-2569
-2588
-2518
-2393
-2275
-2094
-1967
-1758
-1653
-1510
-1280
-1096
-857
-637
-325
-76
205
526
815
1096
1319
1597
1739
1884
2000
2019
2024
1973
1965
1902
1863
1796
1703
1592
1502
1408
1247
1117
942
750
580
419
271
101
-36
-149
-285
-364
-408
-443
-498
-531
-540
-545
-510
-480
-450
-444
-412
-341
-257
-172
-84
7
84
224
306
440
553
615
722
771
857
900
887
887
857
767
729
642
517
394
215
107
-77
-261
-428
-685
-903
-1127
-1349
-1581
-1806
-2019
-2189
-2320
-2412
-2429
-2471
-2391
-2282
-2140
-1982
-1806
-1625
-1500
-1267
-1076
-830
-642
-417
-136
45
342
616
859
1100
1328
1559
1713
1865
1972
2024
1990
1982
1964
1891
1848
1730
1597
1474
1360
1250
1106
961
820
658
515
423
294
159
78
-64
-187
-276
-335
-382
-473
-512
-523
-528
-479
-413
-391
-357
-303
-231
-146
-77
7
64
123
208
292
405
507
558
620
665
720
769
766
766
717
637
600
516
410
303
157
27
-140
-305
-456
-682
-890
-1107
-1330
-1522
-1724
-1905
-2045
-2170
-2241
-2260
-2262
-2191
-2091
-1957
-1853
-1708
-1588
-1468
-1294
-1110
-855
-705
-465
-206
-21
284
547
793
1015
1216
1427
1579
1683
1768
1804
1759
1782
1759
1729
1698
1596
1494
1367
1245
1132
991
839
714
547
418
340
237
166
97
2
-74
-160
-214
-271
-370
-428
-458
-486
-473
-434
-404
-358
-291
-202
-90
-6
89
194
255
313
376
458
523
553
594
635
686
720
747
730
690
662
601
565
465
361
256
94
-42
-209
-374
-535
-733
-940
-1160
-1359
-1543
-1707
-1877
-1956
-2041
-2069
-2002
-2005
-1901
-1828
-1727
-1588
-1517
-1399
-1299
-1169
-958
-811
-636
-397
-190
48
340
618
869
1073
1253
1452
1557
1632
1698
1670
1622
1596
1538
1514
1468
1374
1299
1192
1102
1037
895
791
662
499
416
306
233
163
68
-6
-65
-122
-147
-202
-306
-338
-391
-409
-375
-366
-331
-289
-229
-138
-44
7
127
179
196
302
312
396
418
406
443
408
448
467
430
407
401
357
329
294
198
133
8
-89
-200
-364
-469
-647
-829
-1008
-1185
-1348
-1497
-1624
-1726
-1791
-1832
-1809
-1766
-1754
-1666
-1547
-1531
-1371
-1331
-1250
-1127
-1079
-792
-708
-543
-269
-114
141
397
668
886
1071
1240
1434
1537
1593
1702
1628
1588
1577
1503
1474
1388
1276
1203
1091
1007
937
801
727
628
478
421
350
259
208
120
46
-24
-79
-84
-140
-248
-267
-296
-321
-268
-259
-221
-170
-141
-21
22
96
213
208
274
330
384
418
437
438
421
412
412
445
365
340
330
242
211
147
60
-33
-131
-217
-344
-487
-616
-767
-979
-1144
-1287
-1452
-1550
-1670
-1724
-1756
-1761
-1676
-1678
-1580
-1465
-1459
-1303
-1256
-1166
-1016
-942
-681
-599
-427
-143
16
236
454
688
853
1016
1183
1342
1438
1479
1600
1572
1525
1531
1454
1390
1304
1180
1088
966
852
796
656
578
512
400
368
329
251
218
148
83
27
-36
-51
-112
-201
-213
-227
-250
-211
-200
-165
-121
-56
53
92
143
226
289
319
345
401
413
428
412
397
399
360
368
307
237
217
129
71
-14
-107
-194
-310
-426
-543
-685
-808
-953
-1139
-1270
-1405
-1528
-1646
-1664
-1732
-1726
-1688
-1656
-1522
-1485
-1346
-1204
-1175
-1027
-915
-812
-604
-501
-330
-138
14
235
452
609
822
965
1083
1248
1312
1366
1446
1428
1421
1412
1342
1329
1224
1142
1079
939
849
760
612
522
440
366
336
277
233
230
156
136
106
49
54
-2
-58
-75
-107
-115
-94
-101
-31
-7
47
132
188
251
332
380
422
480
486
527
509
472
477
440
387
352
272
226
151
50
-28
-132
-230
-360
-499
-628
-769
-931
-1068
-1219
-1354
-1486
-1622
-1687
-1767
-1811
-1830
-1803
-1766
-1673
-1558
-1466
-1289
-1219
-1049
-911
-785
-538
-440
-245
-58
92
314
501
697
843
981
1108
1219
1267
1309
1372
1324
1329
1317
1275
1245
1174
1111
1042
930
844
751
611
533
429
337
308
226
183
157
109
107
84
81
78
51
22
31
10
-2
29
23
57
72
147
234
262
354
408
451
515
588
634
619
648
634
587
558
513
466
358
267
205
78
-14
-109
-245
-380
-528
-681
-849
-1041
-1182
-1354
-1519
-1633
-1763
-1849
-1895
-1908
-1903
-1881
-1817
-1706
-1639
-1487
-1358
-1236
-1085
-922
-690
-557
-371
-137
45
224
443
637
796
937
1082
1213
1268
1316
1386
1365
1347
1351
1313
1287
1249
1201
1140
1062
994
907
798
708
614
497
413
339
239
181
127
80
39
16
11
7
-28
-26
-22
-44
-1
16
43
69
111
197
225
304
374
407
462
503
562
551
556
557
532
488
462
437
345
289
224
134
34
-64
-188
-336
-487
-641
-825
-1016
-1198
-1396
-1569
-1732
-1860
-1963
-2053
-2074
-2075
-2061
-1957
-1849
-1775
-1613
-1499
-1328
-1163
-1007
-745
-624
-426
-195
-42
159
362
543
707
860
1003
1167
1248
1325
1431
1411
1430
1455
1408
1376
1304
1229
1169
1058
997
925
785
713
610
493
427
350
274
205
138
89
45
-4
3
-26
-59
-13
-6
16
52
85
125
169
226
290
353
393
455
495
523
606
627
646
675
630
620
559
526
487
394
347
259
160
61
-39
-165
-312
-448
-644
-787
-983
-1167
-1339
-1571
-1705
-1880
-1962
-2035
-2089
-2074
-2050
-1940
-1885
-1728
-1599
-1457
-1284
-1157
-897
-753
-557
-331
-180
8
169
362
510
643
786
914
1019
1102
1214
1236
1279
1330
1323
1331
1300
1284
1233
1157
1102
1012
900
822
723
604
525
449
359
301
230
199
149
105
104
50
-1
3
-3
-6
42
58
123
171
219
320
355
416
468
482
537
549
564
575
554
540
532
509
495
487
441
417
362
294
200
71
-57
-203
-356
-517
-695
-884
-1056
-1226
-1404
-1516
-1670
-1756
-1827
-1908
-1896
-1882
-1821
-1767
-1667
-1580
-1438
-1309
-1138
-933
-808
-597
-419
-257
-60
103
286
415
541
675
777
848
939
1015
1035
1115
1141
1178
1177
1156
1143
1099
1054
1000
911
811
750
646
557
489
402
330
255
197
160
103
92
72
13
-4
-3
-18
-9
9
42
87
132
211
288
335
419
474
522
558
576
627
608
607
602
557
523
496
467
403
376
328
264
186
84
-18
-169
-303
-464
-653
-822
-1011
-1197
-1371
-1515
-1627
-1727
-1775
-1814
-1826
-1776
-1750
-1657
-1576
-1496
-1350
-1274
-1082
-923
-788
-575
-421
-248
-85
85
231
363
474
571
666
711
799
847
864
911
923
946
961
950
935
897
850
800
722
646
580
491
397
335
267
218
181
136
104
56
45
40
-7
-17
-19
-28
-2
14
54
114
154
221
276
339
405
441
465
496
531
541
574
575
577
579
563
578
529
498
450
364
289
184
98
-29
-173
-327
-477
-625
-779
-914
-1065
-1209
-1328
-1447
-1521
-1584
-1653
-1657
-1648
-1621
-1553
-1465
-1373
-1264
-1153
-987
-819
-684
-486
-341
-221
-53
83
226
347
454
571
658
743
844
905
929
968
963
960
960
916
877
819
762
711
639
576
540
464
388
341
278
249
208
170
144
97
78
75
49
50
60
69
105
125
168
207
233
287
325
355
413
450
468
512
532
545
557
552
573
545
543
547
486
457
389
332
261
160
66
-84
-232
-377
-540
-700
-845
-990
-1143
-1236
-1326
-1382
-1423
-1470
-1491
-1492
-1483
-1438
-1361
-1301
-1198
-1125
-1010
-850
-722
-551
-391
-227
-59
92
241
371
466
544
630
682
741
788
796
824
823
825
846
826
815
774
718
677
608
534
471
388
314
256
199
169
132
102
90
76
74
96
94
107
136
142
164
203
225
254
264
302
322
327
370
392
397
407
433
426
450
445
447
451
425
433
387
328
283
193
105
5
-113
-223
-363
-490
-602
-729
-856
-965
-1058
-1142
-1197
-1245
-1293
-1306
-1346
-1314
-1271
-1235
-1131
-1102
-994
-895
-791
-635
-532
-368
-247
-96
57
186
338
410
542
605
671
760
785
838
817
827
812
785
762
708
669
600
560
506
454
406
361
335
274
248
216
167
151
91
78
72
66
94
101
131
151
189
208
246
267
278
306
282
294
287
276
269
256
249
246
235
226
235
208
224
198
163
132
59
-8
-87
-168
-245
-316
-412
-475
-552
-640
-705
-770
-831
-851
-889
-935
-942
-1010
-1006
-1016
-1017
-952
-951
-889
-797
-748
-670
-561
-445
-310
-131
1
134
240
290
397
469
550
664
695
749
759
734
771
740
727
724
661
652
627
580
560
502
443
398
339
288
296
234
204
178
124
152
126
136
168
134
145
162
154
195
194
182
196
154
150
159
124
123
88
67
60
33
25
8
-23
-62
-88
-134
-183
-221
-297
-325
-376
-427
-420
-480
-463
-506
-531
-517
-555
-548
-554
-555
-594
-591
-636
-647
-645
-669
-608
-593
-555
-476
-424
-335
-253
-190
-84
-19
65
124
181
228
280
322
365
433
443
490
532
549
590
589
598
609
585
591
567
544
522
498
475
443
419
381
340
308
285
293
263
268
263
232
250
237
245
236
213
197
163
107
80
25
-16
-44
-86
-124
-158
-183
-214
-238
-264
-287
-335
-377
-393
-457
-503
-522
-580
-607
-640
-638
-616
-594
-528
-454
-416
-348
-283
-258
-198
-177
-164
-152
-166
-166
-159
-199
-164
-211
-189
-145
-177
-116
-130
-86
-123
-114
-92
-119
-91
-134
-80
-96
-85
8
-26
63
94
131
219
230
360
366
429
483
513
572
599
666
651
708
716
743
765
735
793
750
736
745
658
660
597
525
478
374
322
232
157
97
9
-75
-132
-179
-237
-275
-322
-386
-440
-488
-516
-548
-586
-600
-639
-671
-677
-691
-676
-668
-647
-602
-581
-541
-497
-463
-415
-350
-343
-301
-247
-260
-189
-232
-198
-155
-186
-107
-113
-112
-49
-71
-59
16
-76
53
-10
-4
83
-48
67
-18
6
34
18
64
94
136
169
261
262
322
363
354
422
411
428
474
446
486
512
520
570
581
583
647
621
651
684
636
648
595
547
516
436
382
334
229
183
135
52
22
-51
-95
-93
-162
-181
-211
-267
-269
-321
-357
-365
-430
-466
-481
-535
-540
-588
-600
-586
-601
-576
-552
-534
-500
-458
-452
-385
-382
-343
-336
-356
-299
-332
-263
-284
-244
-232
-219
-147
-178
-65
-80
-26
-8
-14
43
4
16
19
17
45
57
103
123
138
195
204
252
264
307
325
322
362
357
374
378
375
391
384
393
406
407
422
415
428
425
428
409
380
395
361
353
324
285
273
198
184
141
83
65
9
4
-36
-70
-78
-113
-126
-163
-188
-203
-229
-234
-264
-267
-287
-301
-309
-343
-337
-374
-379
-392
-421
-423
-434
-431
-426
-398
-396
-382
-361
-335
-291
-281
-236
-235
-210
-180
-181
-134
-127
-97
-78
-68
-23
4
31
59
93
116
128
138
141
160
159
178
201
201
239
249
250
279
274
275
286
263
282
279
266
281
255
276
284
272
294
282
271
266
248
234
226
200
180
168
138
130
94
60
71
40
23
8
-33
-42
-74
-99
-93
-132
-138
-142
-169
-145
-152
-157
-153
-173
-171
-177
-193
-184
-191
-211
-205
-223
-230
-229
-257
-252
-254
-264
-238
-249
-249
-243
-251
-230
-215
-202
-181
-162
-156
-124
-105
-83
-39
-28
5
2
15
48
60
91
104
111
128
129
147
179
190
210
222
213
220
200
188
179
155
163
151
153
170
166
178
179
175
183
168
163
156
152
143
124
123
110
107
110
103
97
100
90
84
61
38
10
-34
-62
-91
-123
-138
-156
-161
-169
-170
-156
-160
-150
-162
-159
-169
-179
-166
-186
-175
-174
-184
-161
-170
-145
-126
-126
-105
-109
-87
-72
-64
-56
-44
-37
-21
0
4
15
38
54
75
97
96
103
97
97
104
132
162
166
186
193
191
190
203
221
233
245
247
267
272
270
278
281
282
268
248
252
233
215
203
176
162
126
100
76
54
50
46
24
19
-25
-55
-82
-119
-120
-165
-191
-208
-240
-240
-254
-277
-295
-291
-275
-276
-282
-266
-245
-246
-235
-221
-197
-198
-189
-173
-161
-162
-162
-154
-152
-143
-138
-133
-133
-123
-119
-106
-98
-83
-84
-88
-79
-72
-52
-42
-43
-47
-50
-35
-26
-31
-22
-12
7
5
25
50
50
53
77
97
107
140
162
185
201
214
232
238
256
272
255
266
270
263
252
249
255
250
262
254
233
216
191
167
150
116
93
78
43
8
-17
-36
-56
-84
-110
-124
-145
-171
-190
-219
-239
-246
-264
-261
-261
-265
-251
-241
-209
-176
-161
-148
-157
-140
-131
-132
-109
-111
-104
-100
-92
-84
-68
-57
-45
-38
-35
-20
-35
-33
-48
-42
-28
-38
-20
-17
-23
-10
-3
8
24
25
40
46
56
53
50
60
59
78
90
116
131
151
182
193
206
210
209
220
224
234
256
246
249
238
233
225
209
211
191
175
160
135
111
82
60
37
19
0
-18
-22
-39
-52
-75
-99
-115
-149
-167
-189
-210
-219
-236
-238
-238
-230
-222
-208
-190
-173
-140
-133
-121
-116
-103
-85
-70
-49
-28
-20
-8
8
15
29
25
29
28
32
20
6
-1
-10
-3
-22
-38
-43
-51
-41
-41
-33
-33
-33
-42
-48
-42
-55
-71
-73
-63
-64
-52
-49
-28
-16
5
35
54
64
82
93
100
123
136
139
143
140
140
144
136
149
146
147
147
126
105
67
51
40
26
20
15
15
1
-17
-38
-44
-45
-54
-49
-45
-51
-65
-78
-77
-73
-65
-53
-43
-40
-37
-29
-6
-1
2
11
16
37
54
63
74
78
80
86
93
92
92
92
73
53
44
33
20
4
1
-10
-20
-26
-28
-23
-29
-38
-47
-39
-27
-24
-29
-45
-54
-43
-32
-33
-47
-42
-37
-36
-13
-4
3
21
8
4
-6
-13
-9
-10
-5
-9
2
10
0
-18
-21
-26
-39
-37
-57
-73
-91
-97
-103
-114
-122
-127
-144
-148
-146
-149
-137
-145
-134
-122
-123
-117
-102
-94
-91
-86
-72
-75
-66
-39
-32
-13
9
23
36
50
65
81
90
109
118
133
154
156
161
168
173
169
165
157
144
125
112
108
96
86
77
68
55
38
32
26
12
1
-20
-33
-40
-59
-68
-81
-84
-78
-74
-68
-55
-54
-48
-34
-40
-40
-38
-39
-34
-18
-15
-1
6
11
13
16
25
31
31
27
22
14
-2
-16
-18
-24
-28
-29
-19
-21
-23
-29
-34
-44
-50
-51
-65
-63
-70
-84
-91
-81
-66
-52
-47
-40
-37
-31
-16
-11
-3
13
18
26
45
54
57
64
77
82
75
71
76
79
89
103
108
104
98
93
90
90
81
79
66
60
49
36
35
18
5
-9
-13
-12
8
13
10
15
13
20
12
1
-9
-22
-21
-17
-23
-22
-23
-28
-23
-28
-26
-27
-35
-44
-54
-65
-77
-85
-89
-96
-104
-115
-115
-123
-124
-119
-132
-123
-119
-118
-110
-108
-102
-99
-94
-76
-71
-60
-53
-46
-31
-19
-2
2
17
31
44
58
74
89
97
100
105
102
109
108
110
121
108
115
118
123
131
129
133
126
119
110
99
94
90
84
66
46
28
18
17
11
11
13
11
6
13
15
3
1
-12
-5
-9
-8
-6
-14
-6
-8
-9
-11
-11
-8
-14
-18
-21
-26
-26
-30
-38
-48
-51
-59
-62
-73
-93
-109
-127
-140
-159
-172
-173
-171
-173
-170
-177
-170
-159
-157
-152
-143
-132
-125
-102
-93
-78
-61
-51
-36
-24
8
33
57
76
80
90
93
105
119
122
126
132
132
128
132
136
133
127
121
113
108
108
88
69
60
46
39
37
28
15
16
15
9
11
-2
-1
-5
-19
-20
-29
-20
-10
-2
0
-3
8
15
21
29
35
41
41
40
32
20
24
24
25
26
27
23
24
22
14
0
-16
-34
-50
-66
-74
-89
-112
-117
-124
-132
-129
-128
-124
-120
-116
-113
-115
-104
-103
-98
-89
-81
-64
-49
-29
-18
5
11
30
50
50
72
97
109
107
111
114
116
117
121
109
104
115
108
105
105
103
93
82
80
81
79
76
76
71
58
49
48
33
18
10
7
5
0
-5
-8
-8
-4
-11
-24
-17
-20
-23
-17
-20
-23
-26
-26
-28
-26
-23
-23
-19
-27
-30
-40
-42
-30
-32
-29
-20
-16
-14
-16
-27
-34
-27
-36
-46
-51
-56
-67
-84
-91
-100
-107
-97
-98
-91
-86
-84
-66
-48
-43
-32
-14
-13
-3
1
14
22
31
47
40
44
52
68
70
77
86
80
79
78
76
74
72
62
62
58
51
54
50
47
36
36
33
29
36
26
32
34
22
21
22
18
12
8
-3
-19
-23
-25
-26
-29
-34
-37
-44
-41
-48
-56
-60
-61
-62
-64
-63
-66
-64
-68
-62
-56
-54
-60
-59
-58
-63
-57
-60
-62
-66
-55
-50
-54
-50
-49
-49
-35
-27
-31
-35
-29
-27
-26
-20
-5
7
9
22
34
42
55
64
68
76
86
95
101
109
115
119
120
125
123
121
127
125
119
102
102
100
86
85
81
71
63
52
36
29
31
21
10
-5
-13
-21
-25
-23
-30
-34
-26
-25
-33
-31
-41
-40
-41
-45
-39
-39
-34
-31
-41
-40
-38
-35
-39
-43
-39
-47
-43
-38
-43
-47
-41
-40
-37
-42
-41
-35
-39
-38
-45
-44
-45
-48
-49
-52
-50
-50
-46
-39
-35
-28
-30
-34
-38
-39
-34
-31
-28
-22
-16
-10
-4
0
12
20
34
45
45
55
61
62
63
65
70
70
76
80
75
80
83
84
87
77
72
68
55
46
38
32
35
31
21
15
8
7
3
-12
-23
-31
-43
-46
-48
-56
-62
-65
-71
-73
-75
-74
-65
-62
-65
-64
-63
-60
-56
-53
-48
-39
-36
-30
-25
-21
-20
-16
-20
-25
-26
-25
-20
-20
-13
-9
-14
-15
-11
-10
-12
-13
-17
-22
-20
-11
-9
-16
-15
-14
-9
0
1
7
7
5
17
17
18
24
22
23
33
37
45
51
53
59
56
54
58
53
51
59
60
60
62
67
73
72
80
82
78
81
82
79
77
76
69
65
56
48
49
36
28
27
15
17
15
7
2
-2
-7
-11
-23
-30
-34
-43
-45
-53
-60
-59
-64
-65
-64
-61
-63
-55
-48
-49
-44
-44
-35
-37
-45
-47
-47
-51
-48
-49
-55
-49
-45
-46
-44
-43
-35
-34
-29
-27
-31
-22
-19
-19
-21
-16
-18
-17
-20
-31
-30
-32
-36
-40
-42
-39
-41
-45
-42
-36
-37
-35
-30
-31
-24
-19
-15
-13
-14
-10
-2
6
14
18
24
35
47
57
67
76
88
89
91
102
103
103
105
103
92
89
86
79
68
63
61
56
50
48
42
38
34
26
16
18
10
4
-1
-12
-11
-17
-20
-18
-21
-22
-21
-26
-31
-27
-20
-21
-24
-24
-22
-19
-18
-18
-19
-28
-29
-29
-31
-28
-27
-23
-24
-23
-15
-13
-9
-8
-9
-8
-7
-8
-12
-16
-23
-30
-37
-33
-30
-26
-17
-13
-12
-12
-11
-10
-14
-16
-15
-10
-4
4
10
14
23
33
39
47
55
52
56
63
72
71
72
76
74
71
73
74
70
67
70
70
64
59
54
42
39
36
28
23
15
2
-9
-12
-15
-21
-27
-33
-37
-38
-39
-39
-40
-43
-44
-48
-50
-50
-59
-64
-67
-71
-73
-72
-72
-80
-82
-78
-73
-64
-64
-60
-66
-73
-74
-80
-85
-86
-87
-91
-92
-88
-84
-80
-78
-74
-77
-76
-72
-74
-74
-73
-63
-59
-51
-42
-35
-26
-14
-3
6
14
28
36
39
44
48
56
65
74
83
90
102
110
114
117
122
119
118
115
107
99
96
91
79
75
74
74
75
73
72
70
65
62
49
41
32
24
15
8
6
6
2
0
0
-4
-2
-3
-5
-7
-7
-6
-11
-10
-13
-11
-9
-7
-6
-12
-10
-15
-19
-19
-28
-31
-33
-39
-41
-41
-43
-44
-46
-52
-52
-58
-58
-58
-63
-68
-69
-70
-70
-68
-64
-63
-53
-46
-40
-34
-26
-18
-13
-7
-2
-1
2
6
10
14
25
34
38
45
47
53
52
56
57
52
52
52
52
48
46
49
44
45
42
40
37
39
35
27
29
23
21
19
20
20
21
20
22
24
23
19
15
9
6
3
0
-2
-8
-15
-16
-22
-23
-23
-29
-29
-32
-31
-37
-43
-50
-56
-61
-64
-65
-70
-69
-70
-71
-71
-72
-69
-70
-71
-69
-69
-65
-62
-54
-52
-49
-44
-45
-35
-29
-23
-14
-10
-1
3
6
17
19
22
24
32
36
42
48
47
48
48
51
53
55
58
60
61
64
64
67
72
71
69
68
67
72
67
68
70
66
71
68
68
69
69
68
69
69
66
67
62
56
53
49
47
46
42
41
41
38
37
32
22
16
8
-2
-5
-12
-17
-23
-29
-31
-38
-40
-42
-51
-57
-61
-63
-67
-67
-68
-74
-74
-74
-74
-70
-70
-67
-68
-72
-70
-76
-77
-73
-72
-71
-75
-71
-70
-72
-70
-69
-63
-56
-56
-51
-47
-42
-39
-34
-32
-27
-18
-11
-5
4
13
20
26
28
33
42
47
53
57
61
69
72
74
76
78
80
82
83
87
84
78
74
71
66
62
62
56
53
50
46
40
32
29
18
11
4
-4
-9
-15
-21
-28
-29
-33
-37
-43
-43
-42
-45
-47
-49
-51
-50
-46
-48
-45
-42
-42
-42
-40
-34
-31
-32
-29
-28
-28
-25
-24
-24
-24
-25
-27
-25
-24
-24
-20
-17
-12
-10
-9
-6
-4
-1
-1
4
1
4
7
7
11
13
21
24
30
35
40
46
54
60
62
71
77
82
84
87
90
93
93
94
94
94
95
92
86
83
82
79
73
68
66
59
50
42
36
28
22
14
2
-6
-15
-23
-30
-37
-47
-54
-58
-68
-73
-76
-84
-93
-99
-106
-114
-119
-116
-118
-112
-109
-110
-110
-111
-115
-114
-111
-110
-107
-104
-102
-98
-93
-89
-85
-81
-75
-69
-65
-58
-53
-47
-44
-37
-28
-21
-17
-5
1
4
9
13
19
22
25
29
33
39
46
51
61
67
75
78
81
85
93
102
102
108
108
106
114
114
115
114
112
110
104
100
96
91
82
74
65
57
54
46
40
32
25
18
8
-3
-11
-20
-31
-40
-48
-57
-62
-69
-71
-74
-84
-89
-91
-96
-100
-100
-99
-100
-97
-97
-95
-93
-95
-89
-86
-84
-74
-72
-72
-70
-70
-63
-58
-53
-46
-42
-37
-31
-25
-18
-12
-5
0
5
7
14
22
27
36
38
45
49
55
61
66
72
76
83
85
88
91
94
98
97
100
101
108
108
109
109
103
104
98
92
88
82
78
71
66
55
46
42
38
30
22
19
8
1
-5
-13
-15
-25
-29
-36
-41
-48
-52
-55
-65
-70
-71
-77
-83
-87
-94
-94
-92
-92
-91
-93
-92
-93
-92
-91
-90
-86
-84
-80
-80
-74
-68
-66
-65
-57
-54
-54
-44
-42
-43
-36
-32
-31
-24
-18
-12
-5
-2
8
15
18
24
28
33
36
41
45
48
55
66
69
73
75
73
76
81
86
87
93
95
95
96
96
96
97
98
96
90
89
85
80
76
68
65
56
49
43
37
32
28
26
20
16
10
3
2
2
-8
-14
-17
-20
-22
-25
-29
-29
-32
-38
-42
-47
-49
-54
-57
-58
-58
-59
-56
-54
-58
-58
-54
-50
-51
-49
-45
-42
-45
-41
-44
-42
-40
-41
-41
-40
-39
-38
-32
-33
-29
-28
-26
-21
-17
-12
-9
-5
-4
1
3
6
10
16
18
22
27
31
34
36
39
41
43
49
51
49
52
51
47
44
47
50
51
49
42
41
43
42
45
40
33
33
31
30
26
27
19
10
3
3
8
6
2
-1
-6
-15
-18
-23
-28
-31
-32
-33
-34
-36
-41
-41
-45
-45
-44
-45
-38
-38
-37
-40
-44
-44
-40
-41
-44
-41
-40
-37
-36
-38
-36
-39
-42
-44
-47
-40
-38
-40
-40
-39
-39
-41
-42
-41
-39
-36
-38
-35
-36
-30
-27
-24
-14
-11
-3
3
8
12
16
22
26
30
31
34
40
44
49
50
50
50
55
58
59
56
54
56
56
54
52
46
44
42
44
44
49
47
47
46
45
45
46
48
43
45
42
39
38
35
36
33
27
24
22
20
19
15
17
16
10
10
7
2
2
-5
-7
-3
-10
-12
-16
-19
-19
-23
-24
-31
-38
-43
-49
-50
-53
-57
-60
-64
-63
-63
-69
-66
-61
-64
-61
-60
-60
-56
-54
-52
-52
-48
-42
-41
-34
-29
-25
-20
-15
-10
-6
-5
2
3
7
10
12
15
20
22
26
28
29
32
30
31
34
35
39
40
39
38
39
40
35
32
35
35
32
31
26
26
31
28
25
18
18
15
13
13
14
12
11
14
12
15
13
11
9
8
7
0
2
1
-3
-5
-5
-11
-14
-13
-19
-18
-21
-21
-21
-21
-23
-29
-30
-32
-35
-32
-33
-34
-34
-35
-34
-34
-34
-34
-34
-30
-27
-27
-25
-25
-24
-24
-25
-24
-20
-17
-15
-17
-15
-13
-13
-11
-9
-4
-2
1
-1
3
4
5
6
5
9
12
12
14
12
12
11
12
16
14
16
17
17
18
17
18
19
22
25
26
27
30
30
30
29
29
31
35
38
34
33
31
31
27
27
28
26
27
23
18
18
16
15
9
5
5
2
4
-4
-6
-8
-12
-14
-15
-17
-18
-19
-20
-25
-27
-30
-35
-36
-34
-35
-38
-35
-36
-36
-34
-35
-33
-30
-25
-22
-20
-17
-16
-16
-12
-10
-7
-1
1
4
6
6
7
9
14
17
17
19
18
18
20
20
22
20
21
22
25
24
25
24
23
22
19
20
20
18
18
15
15
15
12
12
10
9
9
8
11
8
9
9
9
11
9
10
10
8
7
3
4
8
5
4
0
-3
-5
-6
-9
-12
-12
-12
-12
-11
-11
-11
-15
-14
-15
-14
-11
-12
-10
-10
-8
-7
-7
-4
-3
-3
-1
-2
-2
1
2
1
2
2
1
1
3
3
1
2
3
5
6
9
7
6
6
6
5
4
4
3
3
2
-1
0
-2
-2
-3
-6
-4
-4
-6
-3
-4
-3
-3
-3
2
2
4
3
1
4
6
6
7
8
8
10
8
7
5
3
4
4
6
8
7
6
5
4
3
1
0
0
-2
-2
-4
-8
-7
-11
-12
-12
-15
-15
-18
-19
-20
-22
-24
-24
-25
-23
-25
-26
-25
-24
-23
-22
-22
-21
-17
-16
-15
-14
-14
-13
-10
-8
-6
-4
-2
-2
-1
0
-1
0
-1
2
3
3
6
6
6
7
8
8
11
13
16
16
17
18
18
20
20
23
23
23
23
24
24
25
24
22
23
24
24
22
20
20
18
18
17
15
15
14
13
12
8
6
4
1
1
-2
-3
-5
-8
-9
-10
-13
-15
-14
-14
-16
-18
-19
-19
-20
-20
-20
-21
-21
-21
-20
-21
-22
-21
-21
-19
-17
-17
-16
-17
-17
-15
-16
-13
-12
-11
-9
-8
-10
-8
-8
-7
-7
-4
-4
-4
-1
-1
-2
-1
0
-2
-3
-2
0
-1
0
0
1
3
5
5
6
8
10
11
13
15
17
19
23
25
25
28
27
28
30
31
31
32
32
34
33
31
29
27
25
23
23
23
20
20
16
14
11
9
6
4
3
-2
-3
-7
-8
-10
-12
-15
-18
-20
-21
-24
-25
-27
-28
-31
-30
-31
-32
-33
-33
-35
-33
-33
-32
-31
-30
-29
-28
-27
-26
-26
-25
-23
-22
-20
-20
-18
-16
-16
-14
-12
-11
-8
-6
-3
-2
1
4
6
9
12
16
16
19
19
21
22
23
26
27
29
29
30
30
31
32
32
33
34
36
37
37
36
35
33
30
29
28
25
22
18
16
13
10
8
4
3
0
-2
-5
-7
-10
-12
-13
-13
-14
-14
-14
-17
-17
-18
-20
-20
-20
-20
-20
-20
-20
-19
-20
-19
-17
-15
-14
-11
-11
-11
-11
-11
-11
-10
-10
-11
-13
-13
-14
-16
-18
-19
-20
-21
-21
-21
-21
-20
-21
-22
-22
-20
-19
-18
-17
-16
-14
-14
-11
-10
-7
-5
-1
2
6
8
10
12
15
19
22
27
30
33
34
36
37
40
42
44
43
44
45
44
43
41
40
39
37
34
32
29
24
21
17
13
9
6
3
0
-5
-9
-14
-17
-21
-22
-24
-26
-29
-30
-33
-33
-36
-37
-37
-36
-37
-36
-37
-38
-38
-37
-36
-35
-32
-30
-27
-25
-24
-20
-19
-16
-12
-11
-8
-6
-5
-3
-3
-1
-1
1
3
4
5
5
6
6
8
9
12
15
17
20
23
25
25
27
28
31
32
33
35
35
36
35
36
34
35
36
36
36
