-1
-3
-2
-2
-3
-3
-4
-3
-2
-3
-5
-4
-3
-3
-4
-3
-3
-2
-3
-4
-3
-2
0
-2
-4
-3
-2
-4
-4
-5
-4
-4
-6
-5
-4
-4
-3
-4
-4
-3
-3
-4
-3
-2
-2
-2
-2
-3
-1
-1
0
1
1
2
2
1
2
3
2
2
1
3
4
3
2
1
3
3
2
2
2
4
4
3
3
5
5
3
4
4
4
4
4
4
4
4
3
2
4
4
2
2
2
2
2
2
2
1
1
0
0
0
1
0
-1
0
0
-2
-3
-2
-1
-1
0
-3
-2
-1
-1
-3
-3
-3
-2
-4
-4
-3
-2
0
-1
-3
-2
-2
-4
-4
-5
-3
-1
-2
-1
-2
-1
-1
0
-1
0
1
2
3
3
4
3
2
3
4
4
3
4
5
6
4
4
3
3
3
2
3
4
5
3
3
4
3
2
2
1
1
2
1
-1
-1
0
-1
-4
-4
-4
-5
-3
-3
-5
-4
-4
-4
-6
-5
-4
-4
-4
-3
-2
-3
-3
-2
-2
-2
-2
-3
-2
-2
-2
-3
-1
0
-1
-2
0
0
0
1
0
1
2
3
-1
0
0
1
1
0
-1
1
1
-1
-1
-1
-1
-2
-1
-1
-2
-1
-2
-3
-2
-3
-4
-3
-4
-3
-3
-2
-3
-4
-3
-4
-5
-4
-2
-3
-3
-1
-1
-2
-2
-2
0
-1
-1
0
-1
0
1
1
0
1
1
2
1
1
0
0
2
2
1
1
1
0
0
1
0
0
1
2
1
0
1
-1
0
0
0
0
-1
-1
-2
-1
-1
-1
-2
0
-1
-1
-2
-2
-2
-2
-2
-3
-3
-4
-4
-2
-2
-2
-2
-3
-4
-3
-3
-3
-3
-2
-3
-3
-4
-3
-3
-3
-2
-2
-1
0
-1
-3
-2
-4
-4
-4
-2
0
0
1
-1
-3
-1
-1
-1
0
4
3
0
1
4
4
3
2
1
1
5
7
9
9
10
11
5
2
3
3
2
2
6
7
4
2
0
3
1
6
9
9
10
8
10
8
5
7
8
6
9
11
7
9
8
12
12
6
8
11
11
7
6
10
13
9
10
9
3
2
3
2
0
-4
-4
-10
-10
-11
-15
-13
-12
-7
-8
-7
-14
-21
-14
-10
-10
-14
-9
-9
-7
-1
-3
-12
-16
-12
-13
-8
-9
-8
-8
-13
-9
-17
-14
-12
-7
-8
-9
-5
-6
-7
-7
-8
-7
-11
-16
-8
5
14
13
11
5
12
12
9
13
15
23
22
22
18
23
23
28
30
24
28
17
9
13
19
15
15
18
27
28
22
18
15
13
18
17
3
1
2
7
4
-1
2
0
5
-1
6
0
-6
-5
-7
-5
-16
-17
-8
-7
-13
-8
-8
-19
-13
-4
-14
-15
-10
-9
-19
-18
-21
-33
-28
-26
-27
-23
-21
-12
-7
-17
-18
-29
-37
-39
-27
-14
-26
-29
-22
-12
-18
-13
-14
-14
-3
9
10
7
7
-5
-7
-6
-3
-12
-8
-10
0
4
-4
-3
3
6
-15
-12
-8
-18
-13
-13
3
18
12
0
11
17
22
28
25
23
19
19
20
18
34
27
35
32
21
21
6
-2
5
4
4
2
-5
-1
3
1
0
-1
-4
-8
-8
-12
-16
-10
-1
7
15
12
21
11
4
13
7
0
4
-12
-8
-13
-4
-11
-11
-24
-21
-17
-18
0
-12
-16
-9
-16
-2
-7
-7
3
15
25
23
16
15
9
16
8
23
24
33
26
22
30
30
24
26
14
23
18
23
8
20
15
20
40
24
22
29
25
35
13
26
22
20
20
21
28
27
31
29
30
49
40
58
53
35
37
31
23
20
12
13
31
15
22
18
3
20
0
4
14
1
-6
-4
-26
-10
-25
-17
-4
-2
-31
-4
-36
-26
-24
-14
-3
-26
-8
-35
29
27
321
-2
-129
67
-217
-95
-61
-148
256
-209
-165
115
-380
63
-62
-175
110
-179
-49
2
-276
96
-159
452
-73
217
-391
552
571
-559
562
-134
-11
92
-492
500
157
-583
634
-695
186
83
-186
64
-206
-18
-222
-103
-297
-165
-170
-149
-207
-259
-193
-469
1026
269
-496
1187
-369
702
408
-572
1218
-232
-203
1217
-207
-287
985
-613
20
570
-304
573
-488
-763
318
-635
-166
-3
-401
-267
-538
107
-344
-186
205
-116
306
-217
-40
63
128
111
215
652
-70
288
20
37
527
154
244
50
157
-369
-147
-310
-297
-31
-484
-157
-427
-484
-221
-243
-360
-93
-327
-4
-307
-480
119
-329
-219
183
-262
127
53
-118
231
-88
16
281
248
-57
-4
-212
-173
-3
-262
197
-98
0
-413
-55
-167
-336
120
-130
-300
1
-429
17
-291
-199
65
-197
146
-38
-270
288
-259
-81
146
-5
-256
-33
-192
191
-201
-10
384
-63
119
-11
270
127
199
267
296
306
167
-38
68
-36
115
296
-9
109
190
-198
449
71
17
287
-136
318
-200
-195
-28
-179
37
-101
194
-217
57
-306
67
190
-15
153
219
-351
171
60
91
288
162
424
213
268
-30
296
-90
349
184
122
151
144
-7
113
3
-4
-88
-15
23
93
-206
87
-169
-116
2
-110
191
-272
-250
-78
-199
-125
-183
113
-51
27
36
39
150
-153
39
100
-112
-134
4
200
164
-47
-131
207
10
-88
201
139
26
-304
120
-75
74
54
-78
19
11
-160
-39
126
-133
-110
14
-14
-9
-132
-45
37
-185
87
-58
200
-196
100
-40
91
236
-225
295
198
-247
19
39
140
-79
30
311
-152
-66
-81
128
-87
-65
118
-106
-22
-126
-281
-55
31
-186
129
82
84
-16
-115
101
-14
64
103
256
1
113
52
-146
171
-77
-8
365
59
-48
0
-104
-152
12
132
-261
-54
-224
-3
-251
-47
59
-149
57
95
-151
89
70
-115
-3
328
30
-143
339
-9
21
-249
328
59
-33
247
15
28
-123
-131
60
343
2
-269
147
-136
-386
30
249
174
-171
231
228
-21
-105
76
325
131
156
199
41
-25
-127
-46
360
235
-174
152
11
49
-272
-45
193
-204
-186
177
-15
-151
-256
-71
148
29
168
-63
192
7
-148
190
410
-105
-42
183
173
40
-79
293
-76
3
174
-54
-87
-194
-152
47
79
-43
-190
138
-243
-312
233
180
-67
-244
43
-50
-177
-78
-52
39
-76
-34
28
108
-220
-236
114
76
-6
-222
82
-144
-471
-144
156
-41
-113
-80
158
-206
-188
-55
69
44
-140
199
-18
24
-210
-146
-18
-29
90
54
163
-5
-354
-77
39
16
24
-215
118
-105
-212
-33
-18
-104
-147
171
-51
-152
93
-4
-308
-140
112
268
-123
-130
313
142
-146
-62
4
56
262
23
137
115
-288
-135
10
165
96
-7
-16
-128
-158
0
26
33
85
-53
-17
-58
-129
-354
33
356
92
124
192
-38
-185
-71
225
439
180
367
16
-83
-99
-69
173
331
394
154
95
-83
-364
-265
124
410
263
-331
-191
-81
-3
-406
-233
256
133
-45
-406
-16
165
-367
-639
228
489
648
-75
-357
335
-71
-302
265
386
683
-139
-508
34
-132
-142
-159
263
275
-38
-365
-611
-79
299
-370
-74
79
192
-112
-729
-48
-9
-188
228
-12
64
65
-364
-378
-375
-106
532
83
-465
-25
-176
-317
-428
-134
350
30
-49
34
-301
-160
-342
-54
-237
-76
162
-241
148
-437
-322
-399
-333
283
-68
-107
-13
-218
-103
-409
108
108
263
353
-42
-49
-243
375
84
-193
424
705
561
372
65
328
588
330
284
405
727
663
398
87
-28
585
490
117
423
329
482
49
-216
123
47
109
330
-87
-76
308
188
-221
-171
154
309
339
86
146
79
106
3
10
97
379
256
126
106
76
96
316
130
-35
-23
233
157
5
-160
-102
-78
-155
138
26
119
-53
-227
-285
-212
-26
-32
-207
-140
-333
-203
-129
-315
-218
-257
56
-149
-337
-275
-320
-61
-174
-161
-77
-98
-216
-202
-191
-45
-110
-147
-198
-179
19
131
-162
-423
-219
-40
121
-233
-221
123
66
-122
-305
-106
117
167
-72
-41
325
288
124
-229
157
303
-31
-275
-167
171
-55
-365
-398
-45
82
-218
-246
-179
107
-187
-478
-110
95
-170
-359
-203
125
10
-215
-128
-230
93
72
-54
-85
155
336
-363
-712
71
180
-78
-52
-98
76
-232
-360
-207
33
137
23
55
-203
-358
-76
-117
65
-87
-112
475
298
-33
-220
14
355
198
-285
-9
296
137
-457
-391
154
221
-133
-85
23
391
-14
-106
-85
-96
298
-27
-77
13
79
182
-324
-99
103
207
161
-51
256
116
14
-230
-265
90
144
99
-153
47
1
-298
-286
21
493
121
-68
126
-46
-104
-216
124
-17
140
63
-129
9
-73
-117
-104
-229
393
15
-203
-33
-18
-65
-365
-33
180
125
-26
-158
19
70
18
-123
55
267
-64
7
-182
173
127
-86
141
226
286
-90
-214
308
442
69
-111
67
373
78
-259
214
304
223
15
91
224
147
-80
-124
-109
177
334
194
-190
4
-38
-68
121
154
286
331
-134
-156
109
231
0
-43
-56
359
159
-302
105
70
96
-229
-58
286
387
-248
-417
-201
235
201
-61
-103
31
-69
46
-316
-101
189
219
208
-326
109
-48
33
-94
133
193
284
9
29
-174
136
81
313
90
-157
78
235
185
-288
66
115
323
-40
-43
92
237
-55
3
-22
285
63
16
68
-56
172
-22
103
27
103
351
83
52
43
54
218
42
93
211
112
170
-120
102
106
71
162
197
208
23
79
-57
209
53
121
129
-33
-14
129
-44
225
-53
-202
9
140
183
-155
-168
-10
34
-183
-5
-151
39
59
-162
-130
-37
-87
-132
-125
-45
-1
28
33
-182
-100
-104
67
-4
-132
64
-120
6
-262
-190
-87
-46
-92
-66
-283
-249
-41
-128
-356
-281
-102
42
-271
-310
-83
-200
-337
-261
-204
-67
-76
-304
-321
-215
-248
-143
-188
-237
-124
-305
-98
-192
-164
52
-44
-119
-106
-186
-30
-131
-139
-135
-63
-44
-144
-253
-194
-99
-148
94
118
39
-230
-312
13
134
-330
36
-10
152
-258
-490
-92
125
94
-217
-24
76
14
-103
-343
-36
193
10
-116
44
70
-109
-91
-114
45
9
49
99
-200
-89
-173
-2
13
19
193
-18
56
41
10
141
-21
223
200
160
38
63
144
62
213
257
185
74
260
301
-66
164
245
229
249
68
244
68
-1
143
72
236
166
210
97
62
-76
6
354
202
211
68
169
51
81
10
156
315
244
94
22
-41
179
-41
77
-1
98
218
121
-239
-251
-18
65
185
-173
100
189
-128
-303
-368
50
221
-203
-41
-33
-82
-457
-210
-48
-31
-108
-91
-90
-278
-207
8
-258
-152
129
77
-268
-295
-105
-11
-74
-204
-28
24
37
-148
-140
-65
131
200
71
-9
124
99
87
-83
78
405
265
310
108
83
262
276
257
233
418
624
328
135
238
397
445
419
385
451
420
318
273
235
365
364
324
257
227
322
213
112
115
6
148
400
138
-116
-220
100
84
-324
-140
164
-5
-269
-551
-225
-237
-251
-496
-438
-370
-323
-536
-804
-722
-417
-385
-448
-700
-558
-629
-738
-961
-1046
-703
-474
-682
-993
-1057
-823
-709
-816
-733
-479
-203
-266
-162
-184
-114
-104
35
259
525
866
832
578
305
420
773
1106
1225
1210
1089
869
705
615
743
870
832
747
615
453
282
85
28
96
147
128
116
-8
-114
-153
-35
68
190
316
398
459
487
557
642
659
709
803
882
951
956
873
666
667
686
760
661
579
360
166
78
-90
-223
-382
-466
-474
-868
-984
-844
-978
-1043
-1256
-1238
-1250
-1208
-1137
-1332
-1412
-1212
-961
-1214
-1382
-1277
-1119
-1032
-1250
-1142
-1028
-1031
-1271
-1476
-1359
-979
-895
-974
-976
-572
-240
-247
-481
-558
-366
-30
454
756
955
721
366
148
423
1015
1649
1803
1401
959
784
829
950
1092
1219
1140
906
541
299
139
77
14
-17
-5
108
48
-309
-669
-783
-537
-228
-53
-6
-43
-188
-374
-298
139
586
892
959
925
876
895
1006
1097
1305
1491
1642
1559
1208
939
847
851
808
912
854
625
330
-66
-241
-266
-228
-209
-274
-502
-735
-879
-890
-866
-810
-737
-695
-667
-775
-787
-828
-712
-624
-505
-385
-377
-514
-689
-700
-642
-646
-666
-748
-870
-1060
-1192
-1320
-1238
-1255
-1165
-1328
-1303
-973
-650
-451
-698
-761
-553
-258
201
644
928
822
555
497
871
1482
1866
1967
1714
1473
1331
1350
1418
1408
1378
1161
951
625
449
261
25
-195
-390
-369
-406
-566
-895
-1148
-1239
-1091
-838
-717
-711
-741
-745
-580
-319
55
383
581
707
791
955
1201
1425
1582
1604
1684
1714
1718
1674
1629
1469
1242
1134
1115
1036
728
437
215
99
-98
-201
-348
-485
-687
-837
-956
-982
-960
-987
-1088
-1174
-1200
-1118
-1020
-1017
-908
-863
-827
-913
-835
-803
-726
-646
-697
-814
-972
-1054
-1090
-1066
-1246
-1359
-1409
-1449
-1258
-1362
-1090
-921
-709
-633
-834
-754
-573
-197
326
677
813
601
393
531
993
1531
1933
1984
1646
1322
1162
1382
1516
1558
1404
1136
805
508
297
184
30
-141
-271
-464
-658
-934
-1151
-1290
-1232
-1031
-939
-956
-1044
-1038
-930
-632
-279
91
324
351
446
582
880
1210
1495
1700
1646
1635
1631
1655
1775
1789
1779
1511
1292
1152
1024
932
821
706
452
184
1
-71
-197
-268
-334
-456
-625
-766
-765
-794
-846
-867
-807
-821
-907
-940
-812
-852
-806
-833
-844
-789
-807
-704
-849
-1004
-1134
-1256
-1232
-1284
-1253
-1294
-1511
-1432
-1457
-1290
-852
-551
-393
-684
-1015
-748
-282
379
802
784
596
159
237
839
1496
2065
1973
1477
1085
943
1332
1546
1497
1451
1048
683
289
131
195
94
-138
-267
-574
-837
-1086
-1320
-1296
-1278
-1098
-1100
-1288
-1435
-1410
-1181
-831
-486
-208
-148
-255
-142
193
670
1045
1322
1431
1484
1525
1633
1860
2051
2193
2157
1963
1753
1562
1534
1542
1473
1411
1078
746
485
315
360
324
185
-89
-455
-611
-705
-707
-690
-776
-927
-1134
-1172
-1104
-990
-959
-874
-942
-1028
-1064
-1063
-922
-843
-853
-839
-945
-1062
-1109
-1193
-1073
-1035
-1079
-980
-1075
-1018
-762
-571
-413
-489
-634
-465
-181
191
603
534
449
166
265
846
1278
1597
1532
1088
817
851
1253
1590
1431
1144
702
408
402
418
476
291
-115
-444
-704
-765
-755
-914
-1006
-1146
-1181
-1186
-1296
-1234
-1146
-934
-697
-536
-423
-370
-315
-73
295
722
1014
1182
1200
1331
1556
1884
2073
2193
2232
2140
2095
2006
1963
1917
1791
1605
1422
1239
1033
798
610
447
278
130
-157
-379
-608
-807
-891
-1004
-1094
-1240
-1340
-1443
-1427
-1432
-1405
-1398
-1360
-1342
-1269
-1235
-1173
-1155
-1062
-988
-918
-909
-1033
-992
-1083
-967
-1027
-1028
-1059
-1060
-1057
-768
-476
-313
-607
-959
-871
-409
95
457
417
59
-335
-240
409
1095
1448
1225
778
412
605
1102
1595
1468
1100
698
498
558
587
581
388
80
-206
-382
-487
-532
-746
-893
-994
-979
-1029
-1198
-1256
-1153
-932
-735
-631
-613
-617
-492
-158
286
608
711
696
713
971
1461
1943
1999
1901
1736
1660
1845
2073
2340
2220
1773
1484
1261
1286
1327
1330
1152
720
378
243
125
7
-88
-211
-433
-712
-814
-945
-1025
-1031
-1034
-1094
-1227
-1285
-1179
-1085
-992
-913
-888
-1019
-970
-829
-632
-549
-533
-594
-779
-886
-830
-770
-668
-805
-875
-892
-980
-617
-549
-626
-839
-1005
-698
-383
-155
66
-207
-392
-463
-147
518
816
812
587
241
381
813
1258
1369
967
747
562
547
719
730
638
395
21
-193
-343
-377
-383
-551
-665
-806
-942
-1092
-1192
-1060
-801
-658
-618
-697
-708
-536
-266
156
380
455
470
511
731
1175
1575
1804
1772
1633
1644
1773
2028
2201
2224
2053
1751
1478
1516
1551
1562
1363
1037
741
475
372
375
334
152
-244
-588
-750
-790
-719
-793
-945
-1148
-1250
-1324
-1243
-1173
-998
-1030
-1078
-1087
-992
-842
-862
-741
-645
-621
-705
-745
-810
-710
-830
-840
-978
-1023
-965
-1069
-898
-656
-771
-938
-1294
-1176
-666
-476
-211
-416
-657
-750
-665
-18
507
574
476
181
234
550
935
1321
1136
923
830
818
950
924
816
786
547
368
198
42
41
-122
-228
-378
-515
-664
-805
-755
-525
-446
-477
-573
-622
-395
-145
149
346
318
292
333
566
961
1244
1493
1494
1510
1601
1572
1743
1912
1988
2030
1823
1651
1442
1308
1346
1315
1236
985
630
354
186
188
211
-41
-382
-695
-818
-843
-868
-898
-1060
-1271
-1381
-1366
-1264
-1208
-1155
-1148
-1238
-1184
-1097
-926
-928
-844
-699
-727
-814
-935
-896
-785
-820
-954
-1116
-1266
-1272
-1323
-1012
-691
-807
-1188
-1609
-1488
-842
-416
-224
-437
-812
-949
-746
9
689
826
581
217
199
717
1323
1700
1445
1077
919
973
1133
1249
1222
1098
770
390
246
167
289
206
-13
-292
-581
-765
-865
-727
-453
-382
-555
-795
-875
-604
-258
41
234
176
65
117
389
826
1107
1201
1195
1289
1479
1588
1617
1660
1650
1669
1706
1666
1530
1327
1144
1101
1009
928
718
473
275
169
178
10
-274
-506
-585
-566
-572
-684
-839
-1065
-1154
-1072
-963
-952
-988
-1074
-1025
-972
-853
-745
-790
-738
-652
-621
-617
-702
-744
-778
-873
-897
-956
-1057
-1086
-1187
-1025
-646
-688
-950
-1340
-1281
-733
-364
-143
-268
-634
-722
-566
94
723
816
629
359
324
802
1273
1570
1351
1043
1030
1031
1128
1150
1063
1033
780
469
323
157
207
142
-23
-231
-494
-678
-784
-672
-380
-363
-591
-818
-821
-427
-46
119
137
10
-64
130
453
868
1041
1017
848
882
1257
1544
1612
1475
1351
1286
1308
1389
1481
1315
1039
804
764
745
681
543
344
101
25
4
-57
-275
-440
-510
-606
-699
-811
-849
-909
-975
-975
-1003
-1100
-1085
-1010
-906
-899
-891
-960
-992
-888
-738
-680
-742
-931
-949
-1017
-1000
-938
-1031
-1007
-1179
-953
-543
-561
-776
-1076
-1107
-512
-203
109
-104
-463
-446
-294
320
903
925
723
442
460
1049
1418
1622
1307
1015
1039
1124
1218
1144
938
917
655
354
233
113
183
12
-204
-426
-627
-778
-834
-733
-516
-564
-768
-929
-894
-484
-156
-88
-99
-157
-120
58
296
576
685
650
617
759
1015
1195
1221
1132
1058
1106
1198
1239
1209
1146
947
773
721
753
737
649
453
322
239
209
184
83
-30
-169
-276
-387
-494
-521
-528
-619
-707
-852
-873
-874
-785
-789
-805
-893
-967
-908
-842
-771
-811
-894
-1016
-1050
-1063
-962
-1023
-1057
-1023
-1108
-950
-555
-560
-770
-1120
-997
-447
-115
55
-114
-414
-455
-248
334
859
850
637
341
410
900
1346
1535
1205
856
840
918
1053
1040
882
786
494
210
63
41
161
43
-214
-477
-703
-805
-815
-651
-407
-494
-798
-1012
-877
-392
-46
-33
-169
-282
-231
3
320
582
611
472
345
518
905
1243
1311
1123
970
1002
1158
1350
1425
1401
1162
906
861
958
1036
968
778
542
409
411
469
422
271
31
-85
-175
-256
-284
-375
-519
-678
-852
-904
-922
-872
-853
-970
-1067
-1167
-1150
-1061
-980
-911
-946
-1163
-1212
-1277
-1078
-1067
-1085
-1054
-1218
-993
-583
-625
-767
-1089
-936
-359
-128
136
-54
-352
-345
-150
444
973
912
730
422
528
1082
1415
1553
1154
892
954
1027
1151
1091
883
793
477
276
221
185
232
-3
-289
-533
-705
-781
-822
-728
-543
-730
-1033
-1165
-998
-527
-256
-299
-423
-496
-417
-171
146
441
447
341
274
435
850
1129
1155
1106
1034
1080
1216
1319
1454
1410
1217
1060
992
1083
1074
1004
867
646
549
516
488
434
259
86
-85
-216
-278
-351
-414
-527
-711
-865
-984
-987
-880
-863
-961
-1130
-1161
-1112
-1031
-952
-962
-1004
-1141
-1186
-1221
-1070
-972
-1017
-1126
-1121
-683
-493
-736
-1040
-1111
-683
-133
-18
-17
-386
-480
-333
137
754
968
621
317
274
774
1367
1544
1316
826
769
924
1126
1171
1014
778
604
254
131
145
204
81
-268
-550
-763
-848
-926
-897
-752
-699
-1032
-1315
-1270
-872
-464
-414
-545
-638
-589
-390
-105
243
410
334
234
330
721
1108
1298
1236
1158
1169
1252
1449
1633
1685
1542
1257
1152
1244
1369
1334
1165
941
719
614
655
640
538
311
3
-93
-165
-193
-281
-400
-592
-758
-938
-943
-892
-806
-924
-1112
-1160
-1149
-1068
-1024
-1011
-1030
-1125
-1322
-1289
-1251
-1114
-1053
-1209
-1257
-804
-687
-742
-1098
-1155
-702
-288
-64
-74
-422
-437
-375
51
757
969
808
401
326
833
1385
1662
1458
985
985
1059
1218
1264
1118
998
694
312
214
217
296
88
-290
-525
-798
-900
-966
-937
-774
-867
-1212
-1405
-1342
-899
-571
-573
-680
-759
-630
-411
-121
234
362
277
194
357
860
1180
1184
1083
1069
1226
1395
1514
1609
1501
1365
1252
1260
1360
1343
1166
958
800
776
732
623
466
308
223
85
-30
-117
-262
-393
-446
-534
-645
-823
-924
-907
-836
-839
-986
-1065
-1088
-1048
-1011
-987
-1079
-1088
-1304
-1330
-1217
-1148
-1087
-1254
-920
-633
-777
-959
-1118
-923
-220
-106
50
-257
-427
-248
-31
567
1054
943
658
405
679
1424
1657
1672
1179
1001
1157
1263
1323
1237
1014
896
460
193
230
257
242
-212
-530
-756
-938
-1020
-1023
-919
-831
-1179
-1505
-1479
-1140
-653
-648
-810
-871
-791
-540
-269
15
235
151
72
190
539
1054
1136
963
894
990
1172
1368
1499
1553
1332
1111
1053
1185
1353
1310
1093
789
634
639
690
678
545
304
91
-35
-26
-30
-139
-282
-410
-541
-649
-749
-694
-735
-698
-868
-1016
-1073
-1038
-973
-940
-1025
-1138
-1209
-1414
-1210
-1197
-1067
-1294
-1110
-739
-718
-1000
-998
-1046
-462
-149
-78
-94
-419
-238
-119
301
805
943
642
531
470
1166
1455
1510
1233
963
1087
1191
1186
1109
904
741
575
165
202
59
38
-285
-599
-713
-878
-1054
-1157
-1108
-951
-1007
-1377
-1449
-1329
-838
-580
-684
-756
-743
-561
-263
47
378
415
237
272
559
1124
1288
1155
1054
1122
1315
1476
1539
1570
1413
1258
1211
1238
1352
1250
1041
800
682
727
675
546
391
237
155
72
-34
-129
-312
-377
-424
-504
-635
-790
-790
-801
-757
-832
-967
-1075
-1083
-1060
-924
-1012
-1067
-1278
-1368
-1299
-1081
-1126
-1181
-825
-713
-878
-1098
-1079
-711
-158
-57
-23
-410
-437
-224
169
712
1014
763
436
293
838
1535
1677
1408
827
857
1092
1302
1297
1096
813
597
197
114
169
203
-16
-525
-792
-901
-937
-1019
-1045
-987
-1020
-1335
-1466
-1363
-975
-648
-723
-858
-836
-667
-396
-117
183
320
205
186
405
897
1241
1162
1000
983
1158
1398
1509
1547
1441
1242
1189
1244
1348
1326
1118
921
797
758
753
651
513
331
166
40
-6
-29
-162
-343
-419
-488
-603
-737
-755
-720
-721
-780
-928
-1000
-980
-955
-877
-927
-987
-1082
-1194
-1128
-989
-1027
-1041
-611
-506
-708
-971
-1028
-660
-66
124
119
-336
-391
-261
68
711
1106
831
330
114
641
1401
1643
1367
706
655
876
1172
1261
1074
731
463
97
86
213
218
-94
-631
-801
-906
-964
-1090
-1096
-971
-1013
-1381
-1547
-1439
-1015
-655
-728
-908
-952
-757
-479
-149
177
300
136
140
370
928
1293
1165
953
907
1148
1474
1635
1575
1386
1121
1136
1264
1444
1397
1095
805
672
720
794
716
486
246
46
9
21
18
-196
-414
-494
-519
-568
-665
-761
-791
-797
-859
-912
-988
-938
-978
-977
-968
-982
-1128
-1167
-1155
-922
-996
-848
-472
-637
-803
-942
-845
-332
45
81
-74
-495
-235
-85
287
776
864
565
252
220
867
1350
1417
1061
565
696
838
1091
1121
870
582
231
-130
73
244
247
-248
-827
-975
-1027
-927
-955
-1045
-1078
-1294
-1530
-1377
-1130
-724
-635
-886
-978
-822
-477
-168
75
292
249
150
358
725
1269
1392
1181
1074
1115
1378
1658
1770
1700
1392
1151
1163
1355
1571
1410
1036
742
621
702
747
658
457
124
-113
-173
-50
-22
-290
-591
-709
-764
-709
-727
-754
-810
-939
-1055
-1124
-1019
-917
-947
-1063
-1062
-1161
-1070
-1145
-985
-963
-780
-399
-537
-800
-848
-818
-328
104
168
105
-452
-305
-60
358
892
1031
537
227
176
849
1324
1370
1061
466
520
721
944
1053
839
512
229
-216
-88
86
186
-163
-742
-985
-1141
-1141
-1055
-1038
-1011
-1234
-1680
-1632
-1318
-795
-561
-825
-1031
-996
-674
-285
5
290
236
-12
194
640
1247
1485
1211
1037
1099
1423
1763
1866
1794
1517
1272
1291
1438
1693
1586
1142
819
760
866
891
743
534
206
-26
-115
-72
-8
-270
-620
-750
-841
-809
-773
-798
-886
-1015
-1167
-1254
-1144
-897
-923
-1103
-1223
-1264
-1149
-1019
-901
-850
-351
-335
-632
-775
-629
-283
244
315
348
11
-148
104
343
877
1149
909
472
326
679
1296
1371
1212
631
461
614
796
888
723
391
189
-116
-228
-103
-83
-182
-736
-969
-1040
-1118
-1144
-1184
-1189
-1233
-1500
-1626
-1491
-1152
-809
-930
-1096
-1044
-834
-505
-221
25
150
0
31
422
1004
1388
1210
999
1036
1318
1729
1900
1845
1672
1407
1337
1494
1718
1784
1403
974
790
874
1012
886
677
356
30
-110
-62
-2
-93
-469
-730
-895
-934
-864
-863
-874
-1094
-1304
-1412
-1370
-1130
-999
-1188
-1377
-1415
-1352
-1175
-1053
-987
-504
-383
-721
-801
-698
-307
251
391
414
66
-129
207
480
985
1312
1062
620
452
861
1498
1573
1383
796
509
706
919
1099
895
441
149
-115
-141
3
-2
-167
-740
-1035
-1090
-1104
-1032
-1090
-1208
-1273
-1556
-1636
-1445
-1142
-807
-922
-1172
-1190
-941
-524
-222
-32
108
-96
-76
277
861
1296
1227
952
866
1138
1661
1921
1909
1704
1384
1351
1520
1849
1955
1608
1099
857
943
1184
1088
828
447
121
7
26
101
-44
-432
-768
-954
-994
-892
-950
-1018
-1235
-1425
-1516
-1491
-1259
-1155
-1301
-1559
-1610
-1553
-1275
-1222
-1052
-529
-453
-840
-971
-720
-127
436
519
461
22
15
389
766
1291
1586
1187
637
503
1145
1822
1840
1472
796
598
769
1051
1218
1009
491
111
-241
-195
49
106
-164
-825
-1171
-1279
-1227
-1094
-1079
-1234
-1490
-1817
-1778
-1496
-1129
-863
-1039
-1299
-1305
-1033
-622
-312
-122
-115
-287
-196
196
751
1110
1014
808
810
1138
1570
1751
1741
1491
1293
1303
1462
1741
1803
1483
1091
924
1014
1158
1053
804
485
213
41
49
69
-104
-433
-680
-874
-955
-922
-987
-1033
-1211
-1411
-1544
-1562
-1315
-1231
-1388
-1557
-1631
-1529
-1223
-1287
-916
-393
-556
-846
-905
-537
111
533
582
479
53
338
565
1043
1518
1684
1263
809
870
1591
2027
1901
1467
954
1011
1048
1242
1256
1007
551
188
-134
-29
46
15
-352
-860
-1038
-1251
-1284
-1227
-1106
-1192
-1568
-1936
-1826
-1468
-1019
-908
-1226
-1421
-1366
-966
-546
-267
-194
-330
-397
-105
441
925
969
731
653
847
1342
1635
1680
1503
1320
1308
1396
1610
1768
1633
1309
1039
991
1136
1142
974
691
423
224
94
77
8
-221
-515
-771
-910
-897
-984
-1085
-1248
-1394
-1548
-1628
-1526
-1452
-1426
-1596
-1713
-1673
-1447
-1353
-1260
-782
-538
-847
-985
-820
-340
268
473
451
145
122
563
881
1258
1591
1468
1093
942
1337
1969
2039
1720
1219
1070
1283
1399
1400
1217
825
522
238
91
126
70
-151
-678
-972
-1035
-1146
-1253
-1295
-1341
-1426
-1692
-1834
-1655
-1407
-1155
-1225
-1401
-1379
-1163
-856
-588
-425
-320
-364
-253
150
561
853
798
656
735
1109
1439
1580
1501
1378
1309
1340
1507
1675
1678
1453
1167
1073
1144
1174
1055
797
573
382
239
127
43
-111
-332
-635
-829
-896
-960
-1062
-1195
-1323
-1448
-1606
-1637
-1582
-1534
-1547
-1726
-1688
-1602
-1432
-1439
-927
-611
-704
-884
-830
-541
116
520
587
334
124
589
828
1225
1560
1668
1301
1104
1271
1920
2109
1951
1470
1214
1411
1457
1465
1283
1049
786
529
230
206
144
42
-431
-790
-874
-1047
-1219
-1331
-1308
-1363
-1622
-1880
-1825
-1572
-1270
-1318
-1543
-1567
-1377
-1060
-822
-657
-535
-514
-437
-92
314
601
620
533
637
1003
1316
1377
1264
1243
1348
1415
1469
1509
1490
1341
1187
1182
1229
1143
957
708
547
466
371
178
-26
-202
-367
-563
-753
-834
-961
-1111
-1302
-1377
-1427
-1549
-1609
-1634
-1629
-1637
-1722
-1745
-1594
-1463
-1385
-1005
-744
-859
-905
-722
-424
73
384
499
272
180
659
1008
1292
1538
1536
1307
1251
1528
2077
2146
1881
1485
1337
1610
1714
1641
1398
1046
858
697
560
534
354
112
-364
-671
-657
-723
-913
-1141
-1304
-1374
-1548
-1658
-1554
-1457
-1308
-1436
-1625
-1568
-1343
-1061
-920
-861
-777
-687
-490
-114
213
414
402
372
540
943
1319
1375
1182
1109
1223
1408
1535
1589
1532
1298
1128
1173
1280
1263
1056
754
499
411
419
311
62
-175
-377
-541
-712
-807
-872
-1054
-1262
-1453
-1479
-1543
-1609
-1666
-1695
-1769
-1779
-1792
-1726
-1587
-1563
-1155
-919
-1023
-1120
-916
-610
-123
151
299
139
33
490
866
1182
1373
1420
1238
1236
1495
2027
2106
1871
1497
1361
1633
1785
1735
1487
1134
940
854
730
684
510
280
-143
-467
-491
-537
-697
-927
-1141
-1259
-1407
-1526
-1435
-1336
-1273
-1385
-1609
-1558
-1330
-1053
-923
-926
-872
-779
-610
-281
78
293
274
194
333
683
1139
1301
1150
993
1089
1292
1465
1570
1553
1364
1153
1158
1310
1362
1178
887
608
517
514
461
216
-70
-322
-450
-563
-701
-792
-972
-1183
-1379
-1393
-1437
-1520
-1612
-1637
-1699
-1753
-1747
-1696
-1579
-1548
-1500
-1183
-958
-998
-907
-748
-507
-144
146
308
230
270
654
910
1130
1354
1414
1345
1352
1578
1941
1970
1805
1546
1502
1689
1716
1599
1382
1149
1029
926
763
647
481
293
-70
-297
-369
-481
-647
-842
-1009
-1100
-1262
-1376
-1317
-1254
-1208
-1320
-1443
-1404
-1237
-1023
-917
-916
-845
-758
-592
-304
4
154
156
125
263
592
1010
1157
1019
922
979
1196
1406
1494
1469
1305
1099
1114
1245
1354
1182
864
617
507
525
468
245
-16
-261
-466
-582
-710
-790
-936
-1127
-1329
-1424
-1409
-1471
-1580
-1647
-1713
-1765
-1765
-1648
-1597
-1561
-1524
-1467
-1169
-958
-865
-777
-708
-510
-162
73
295
247
360
573
734
1014
1336
1391
1333
1226
1351
1634
1733
1764
1518
1417
1377
1363
1385
1321
1139
987
711
545
523
442
306
-50
-282
-386
-466
-534
-663
-847
-965
-1106
-1139
-1127
-1109
-1015
-1087
-1144
-1099
-1011
-823
-688
-617
-585
-552
-365
-111
151
304
273
300
464
714
1007
1056
995
937
1010
1203
1323
1392
1361
1168
1036
1050
1153
1206
1039
801
551
410
387
315
181
-45
-308
-507
-661
-773
-791
-930
-1154
-1400
-1484
-1447
-1508
-1520
-1602
-1719
-1746
-1727
-1624
-1475
-1507
-1481
-1429
-1110
-884
-811
-672
-681
-514
-148
89
289
300
333
503
654
953
1297
1260
1166
1049
1224
1582
1646
1581
1331
1213
1281
1340
1320
1226
994
827
601
527
561
456
283
-18
-212
-267
-331
-427
-557
-682
-702
-823
-898
-871
-872
-796
-843
-909
-871
-759
-610
-538
-495
-398
-351
-204
11
132
252
308
336
432
591
798
883
846
855
927
1035
1093
1166
1137
1002
879
912
958
919
783
603
428
303
336
288
97
-183
-387
-530
-625
-696
-742
-899
-1109
-1282
-1315
-1302
-1381
-1471
-1529
-1611
-1646
-1600
-1501
-1476
-1509
-1428
-1415
-1160
-899
-811
-839
-725
-606
-223
-14
169
187
195
456
637
868
1046
1083
963
1043
1171
1494
1537
1462
1288
1240
1371
1413
1408
1275
1059
891
811
707
712
607
421
167
-19
-47
-135
-212
-315
-459
-523
-609
-674
-653
-609
-581
-600
-675
-654
-592
-450
-318
-297
-278
-310
-216
-5
173
321
307
237
323
531
752
806
736
723
760
854
1003
966
901
779
757
772
793
745
569
389
306
294
277
171
-103
-248
-371
-429
-518
-639
-793
-923
-1023
-1075
-1148
-1228
-1279
-1365
-1399
-1432
-1398
-1462
-1476
-1448
-1322
-1297
-1245
-1237
-1116
-903
-746
-689
-642
-542
-369
-110
58
246
211
309
432
617
802
1008
993
949
1014
1162
1352
1335
1276
1154
1182
1224
1217
1156
1040
881
814
757
650
556
424
262
98
8
-47
-160
-269
-351
-425
-443
-490
-531
-512
-498
-498
-510
-517
-434
-331
-252
-253
-272
-134
30
150
215
255
286
352
489
598
652
662
668
699
741
804
858
789
693
710
735
675
570
501
441
361
276
199
85
-48
-168
-256
-381
-527
-614
-684
-778
-873
-952
-1024
-1104
-1184
-1207
-1229
-1253
-1296
-1293
-1300
-1282
-1311
-1221
-1182
-1179
-1134
-1014
-961
-832
-614
-478
-476
-489
-317
-145
115
219
311
255
323
519
770
882
923
899
835
925
1097
1324
1286
1122
977
987
1089
1122
1053
886
666
548
524
529
468
315
93
-81
-155
-129
-148
-240
-359
-461
-485
-486
-425
-378
-373
-417
-438
-418
-330
-203
-95
-88
-87
-26
90
225
359
413
408
420
485
599
654
713
662
646
626
703
679
643
580
532
489
423
374
274
206
83
43
-51
-139
-240
-330
-417
-518
-583
-662
-774
-826
-838
-859
-916
-971
-1007
-1013
-1047
-1021
-971
-1016
-1019
-1021
-998
-936
-838
-785
-761
-762
-641
-598
-502
-446
-291
-216
-179
-122
15
116
225
334
367
404
443
595
698
782
813
854
818
842
903
1031
1005
951
855
808
828
818
790
690
572
442
392
347
297
213
113
-22
-110
-115
-117
-154
-224
-288
-329
-303
-247
-203
-181
-190
-195
-138
-43
68
173
180
213
277
368
441
505
530
552
568
597
613
596
575
568
553
489
422
380
314
252
172
87
-3
-99
-158
-213
-312
-408
-488
-553
-593
-648
-706
-785
-842
-852
-836
-841
-867
-893
-899
-889
-864
-812
-785
-799
-771
-738
-697
-610
-586
-588
-555
-519
-436
-349
-354
-304
-255
-222
-121
-100
-18
53
93
124
167
215
298
395
410
472
450
491
552
612
693
650
637
578
608
641
684
645
549
454
401
418
403
348
255
135
75
75
116
43
-33
-85
-107
-59
-55
-55
-88
-93
-62
0
64
81
106
143
208
247
305
359
356
396
438
473
450
416
420
406
405
383
339
257
207
182
161
79
-7
-68
-140
-186
-245
-280
-345
-425
-483
-549
-574
-601
-601
-636
-679
-712
-702
-701
-695
-662
-662
-657
-668
-630
-570
-523
-487
-456
-465
-429
-356
-276
-256
-203
-190
-177
-150
-51
14
55
71
68
78
119
197
263
267
270
249
248
300
383
417
395
371
329
379
412
450
412
384
330
341
341
356
330
297
238
202
187
183
195
169
146
124
103
109
129
133
127
118
115
129
161
190
217
206
206
226
254
284
312
288
264
249
255
265
264
245
215
165
125
105
79
77
24
-21
-77
-137
-167
-191
-222
-282
-340
-386
-428
-456
-469
-489
-522
-542
-557
-553
-540
-531
-513
-516
-514
-509
-496
-467
-432
-384
-353
-355
-339
-273
-232
-168
-115
-92
-81
-56
-24
20
75
105
114
60
74
111
177
204
223
185
181
191
232
269
257
239
196
200
205
246
243
239
161
153
181
211
202
195
177
147
130
141
156
185
174
144
120
112
126
139
180
161
142
146
183
200
229
238
250
247
253
273
296
307
288
264
242
232
223
224
203
150
106
68
30
22
18
-18
-79
-138
-189
-213
-223
-258
-319
-366
-398
-418
-435
-460
-475
-480
-486
-485
-500
-490
-477
-464
-434
-433
-425
-411
-373
-336
-291
-271
-264
-217
-171
-125
-98
-62
-45
-32
-10
27
69
78
96
116
138
126
143
157
182
187
178
176
140
148
165
174
150
124
127
125
121
108
84
57
50
59
64
47
15
-4
-17
-3
26
42
24
-11
-5
31
63
78
71
72
81
120
159
162
171
181
203
218
225
254
264
256
253
243
245
260
256
254
244
217
188
149
133
119
99
68
29
-7
-42
-70
-77
-83
-127
-177
-206
-219
-232
-252
-283
-306
-311
-316
-313
-303
-321
-332
-317
-302
-280
-252
-233
-217
-204
-187
-160
-135
-103
-78
-67
-31
-6
6
8
20
49
72
103
92
89
101
135
173
177
162
150
157
167
180
179
161
130
117
117
143
148
133
95
43
51
67
81
67
25
2
-12
2
44
66
56
11
-15
10
36
65
55
26
9
33
71
97
110
99
94
97
118
142
171
176
168
156
148
170
184
180
169
147
120
92
78
72
67
40
0
-61
-94
-123
-142
-156
-178
-217
-270
-287
-283
-268
-283
-306
-326
-331
-325
-308
-295
-280
-292
-304
-293
-282
-231
-196
-185
-172
-152
-120
-80
-46
-17
9
40
59
81
107
140
169
182
194
193
188
202
235
241
222
195
184
202
203
196
185
158
139
111
101
98
98
93
53
-5
-22
-15
-4
6
-10
-36
-74
-72
-46
-24
-14
-46
-78
-75
-37
20
39
20
17
36
65
102
131
139
123
119
147
181
208
210
201
180
167
169
167
172
162
125
86
61
50
45
27
-15
-63
-109
-135
-142
-160
-198
-237
-282
-311
-317
-304
-309
-345
-379
-386
-382
-363
-342
-351
-366
-379
-360
-321
-290
-269
-259
-246
-212
-162
-120
-93
-76
-47
2
43
84
120
139
154
178
210
242
258
261
268
279
289
286
277
261
264
258
243
218
203
195
172
150
122
104
85
64
43
32
16
9
1
-16
-36
-66
-73
-74
-82
-91
-100
-106
-102
-80
-62
-53
-55
-53
-32
-4
21
32
46
56
72
91
118
147
159
154
144
140
154
182
203
196
164
137
126
136
139
129
86
34
-2
-8
-10
-31
-74
-131
-171
-189
-195
-221
-257
-294
-322
-348
-360
-361
-361
-377
-397
-399
-400
-387
-355
-334
-335
-334
-314
-278
-238
-194
-172
-158
-138
-101
-47
11
49
67
73
100
155
188
215
225
235
251
271
290
296
291
291
293
286
292
301
296
267
243
235
225
216
206
186
158
139
109
83
66
54
53
32
-1
-22
-39
-50
-57
-54
-60
-66
-68
-68
-57
-50
-36
-33
-37
-32
-8
21
39
39
39
57
74
92
102
113
123
119
119
118
129
134
124
106
80
65
53
44
35
23
0
-36
-61
-77
-88
-104
-131
-164
-186
-203
-221
-238
-252
-262
-282
-297
-315
-313
-317
-317
-321
-324
-302
-289
-275
-262
-248
-234
-219
-208
-170
-125
-89
-72
-66
-44
-8
35
65
92
116
130
154
182
205
227
242
249
255
271
287
291
286
273
261
263
265
264
249
222
200
180
175
170
156
133
98
69
51
44
31
17
5
-3
-21
-35
-36
-35
-42
-51
-56
-56
-56
-52
-37
-33
-26
-21
-20
-13
0
10
17
8
1
7
27
42
37
32
23
16
13
18
17
14
1
-21
-33
-31
-28
-37
-62
-89
-100
-106
-125
-144
-156
-167
-178
-199
-210
-221
-225
-226
-231
-239
-246
-246
-244
-232
-218
-208
-203
-199
-188
-160
-143
-130
-112
-98
-81
-49
-22
2
20
39
50
65
94
114
128
133
150
167
188
208
215
221
222
228
236
239
253
261
261
253
240
234
227
223
215
204
177
151
137
118
109
97
79
55
36
25
24
7
-17
-34
-39
-32
-27
-30
-36
-53
-63
-65
-53
-27
-18
-24
-36
-46
-41
-20
3
13
9
-9
-19
-25
-17
-7
-11
-24
-44
-47
-39
-47
-59
-80
-99
-108
-110
-107
-115
-134
-157
-181
-180
-163
-159
-157
-176
-188
-195
-187
-173
-161
-148
-152
-151
-151
-138
-114
-96
-84
-69
-51
-32
-12
5
17
27
46
66
89
110
127
138
141
153
178
206
220
221
221
214
217
226
239
246
241
234
234
237
224
215
200
188
181
167
154
137
112
96
93
87
83
63
41
21
9
9
0
-16
-32
-37
-33
-28
-38
-48
-59
-54
-33
-20
-16
-20
-37
-39
-29
-12
1
-10
-14
-21
-28
-28
-26
-32
-40
-53
-66
-76
-84
-95
-110
-120
-131
-137
-147
-150
-159
-165
-178
-184
-182
-185
-181
-178
-183
-185
-180
-177
-169
-163
-162
-151
-144
-135
-123
-112
-99
-93
-78
-71
-55
-34
-17
2
3
18
32
56
75
90
102
111
130
144
161
174
182
189
192
199
209
211
214
207
201
196
187
181
170
164
151
127
97
81
72
62
45
28
8
-9
-16
-21
-31
-34
-45
-55
-60
-77
-93
-86
-76
-75
-75
-82
-74
-70
-67
-57
-54
-55
-59
-40
-24
-21
-32
-42
-36
-27
-9
4
-1
-12
-29
-38
-25
-17
-14
-24
-51
-60
-69
-68
-62
-68
-78
-96
-98
-107
-108
-113
-122
-135
-140
-135
-138
-128
-142
-148
-151
-143
-128
-115
-106
-107
-109
-103
-74
-49
-26
-9
-1
6
19
41
69
94
111
124
124
136
157
170
185
201
207
214
224
232
233
231
230
230
226
224
216
206
190
177
167
151
140
127
116
93
66
49
38
34
29
12
-5
-21
-32
-43
-58
-64
-75
-78
-83
-94
-99
-108
-107
-104
-102
-102
-109
-115
-115
-107
-97
-86
-84
-78
-70
-54
-44
-44
-47
-52
-46
-36
-18
-21
-40
-48
-55
-47
-46
-40
-52
-79
-91
-93
-95
-93
-96
-114
-129
-145
-151
-141
-139
-137
-143
-146
-134
-130
-124
-111
-94
-85
-80
-61
-37
-15
-1
15
28
40
64
82
96
107
112
117
134
149
172
192
189
191
194
197
209
215
219
221
220
215
204
206
205
204
202
189
178
165
149
144
129
111
101
85
72
61
39
12
-9
-20
-30
-35
-48
-71
-93
-110
-112
-120
-121
-119
-129
-140
-144
-140
-137
-129
-124
-121
-118
-111
-103
-103
-97
-91
-76
-69
-64
-55
-59
-54
-43
-46
-45
-46
-51
-49
-55
-65
-70
-80
-87
-83
-86
-93
-108
-130
-130
-126
-124
-123
-129
-131
-130
-129
-126
-108
-99
-88
-79
-71
-70
-60
-40
-19
9
28
40
45
52
66
82
98
107
111
129
143
149
152
155
163
176
188
202
208
209
216
205
207
212
215
210
197
189
176
166
158
154
142
126
108
86
75
64
52
36
19
4
-10
-24
-44
-60
-68
-79
-84
-89
-94
-99
-105
-111
-111
-112
-109
-94
-90
-95
-93
-96
-94
-82
-70
-57
-64
-76
-72
-67
-56
-42
-38
-43
-54
-57
-55
-62
-69
-72
-69
-71
-67
-67
-65
-71
-84
-85
-82
-76
-77
-81
-85
-90
-88
-91
-84
-78
-82
-85
-85
-73
-63
-58
-55
-44
-35
-29
-16
-4
7
16
33
51
62
75
84
100
114
131
145
159
172
185
196
201
205
211
219
224
228
226
220
214
203
195
191
183
173
155
139
125
114
96
75
65
48
30
12
-4
-20
-30
-41
-50
-51
-56
-61
-69
-73
-88
-93
-96
-102
-103
-109
-111
-110
-108
-118
-114
-109
-103
-102
-97
-98
-106
-106
-101
-95
-96
-95
-94
-98
-95
-92
-89
-87
-95
-95
-100
-99
-95
-93
-89
-95
-97
-97
-92
-93
-95
-93
-91
-86
-84
-79
-71
-71
-71
-65
-57
-45
-36
-31
-29
-23
-12
-2
20
31
33
45
61
78
94
108
115
118
125
137
153
163
170
170
172
168
171
180
181
184
180
176
173
167
164
164
153
143
135
125
117
111
102
83
69
55
44
38
23
6
-9
-17
-20
-25
-35
-47
-51
-54
-53
-52
-57
-71
-83
-90
-91
-93
-92
-89
-92
-88
-95
-98
-101
-99
-88
-84
-87
-91
-94
-91
-86
-89
-88
-91
-93
-95
-92
-94
-96
-99
-102
-97
-98
-98
-97
-93
-85
-82
-78
-77
-74
-66
-65
-65
-64
-63
-59
-54
-44
-32
-25
-17
-10
-6
12
22
26
30
35
42
49
61
73
77
82
88
89
99
111
113
119
121
119
127
137
140
138
134
128
129
133
144
148
147
146
138
137
138
133
128
117
111
102
90
84
74
63
53
44
43
38
31
21
4
-7
-10
-6
-7
-17
-32
-45
-58
-63
-59
-48
-49
-60
-65
-72
-72
-67
-66
-76
-82
-87
-92
-96
-95
-96
-99
-104
-110
-111
-115
-116
-121
-128
-137
-143
-139
-127
-126
-127
-128
-125
-118
-106
-92
-85
-85
-77
-69
-58
-45
-33
-24
-16
-4
10
16
18
23
28
38
49
62
73
74
77
81
90
103
111
121
125
125
122
120
122
127
130
137
137
135
126
115
114
115
119
118
115
104
93
91
98
97
94
90
81
75
70
67
62
53
45
47
40
31
20
10
6
-3
3
0
-3
-6
-20
-40
-47
-48
-52
-54
-62
-74
-96
-112
-123
-129
-132
-136
-142
-147
-158
-162
-165
-167
-171
-168
-162
-161
-165
-167
-168
-172
-171
-162
-153
-149
-146
-141
-142
-139
-128
-114
-106
-99
-95
-96
-89
-80
-65
-56
-53
-49
-35
-25
-15
-3
11
22
32
48
64
70
77
79
86
104
119
131
135
137
134
131
133
142
146
150
153
150
139
131
124
126
131
133
131
124
109
93
87
90
95
88
83
74
66
62
61
55
52
55
52
52
50
46
39
39
44
44
44
42
38
26
16
10
9
5
8
3
-10
-27
-43
-45
-47
-48
-50
-57
-72
-85
-91
-95
-98
-100
-104
-111
-119
-126
-138
-147
-154
-153
-146
-141
-137
-137
-144
-149
-144
-138
-126
-114
-109
-106
-112
-107
-94
-81
-65
-60
-51
-46
-37
-26
-17
-8
7
23
30
37
42
49
58
70
80
87
91
93
91
89
95
98
97
101
105
105
107
101
95
95
98
103
109
106
100
85
72
63
61
67
73
69
67
60
46
42
39
50
54
50
46
35
28
24
25
26
30
33
32
25
19
18
17
12
13
13
9
2
-10
-14
-12
-6
-5
-10
-22
-34
-37
-37
-39
-44
-50
-60
-61
-61
-68
-74
-84
-97
-106
-106
-104
-106
-112
-120
-123
-124
-116
-108
-105
-95
-96
-96
-94
-82
-71
-65
-51
-41
-34
-26
-10
2
12
24
34
41
50
62
75
83
89
89
92
97
100
104
101
98
93
97
102
110
110
109
104
95
91
90
85
84
78
67
59
47
41
41
42
44
39
30
27
18
14
11
8
7
6
10
10
8
2
-2
-7
-1
4
11
14
13
12
11
9
13
23
24
22
17
15
9
11
7
1
-1
0
-7
-18
-19
-33
-40
-48
-57
-60
-63
-69
-85
-99
-105
-107
-110
-115
-122
-128
-136
-141
-141
-140
-131
-126
-126
-125
-126
-132
-129
-118
-106
-93
-85
-81
-80
-75
-64
-48
-30
-17
-4
0
6
12
21
36
45
59
70
76
79
79
83
87
93
95
93
95
93
93
93
93
95
89
86
78
74
71
68
63
59
58
51
48
41
35
33
34
33
29
26
29
31
31
28
33
33
36
47
53
61
66
60
59
65
70
74
76
75
70
67
61
56
56
52
46
41
36
28
21
9
2
2
-3
-11
-21
-35
-43
-53
-59
-61
-66
-75
-87
-97
-103
-103
-97
-95
-100
-107
-109
-114
-110
-105
-103
-97
-95
-92
-89
-83
-78
-72
-64
-63
-55
-47
-44
-35
-21
-14
-11
-4
3
11
18
20
25
28
33
37
41
46
48
51
55
55
54
51
49
46
46
41
40
39
33
30
22
20
17
14
10
7
10
6
7
8
8
6
7
10
10
12
10
7
8
13
14
16
12
13
17
19
25
30
34
32
32
31
34
30
32
33
27
23
17
15
17
17
15
15
10
10
9
6
6
2
-5
-13
-21
-28
-32
-34
-34
-40
-48
-51
-59
-56
-59
-59
-55
-55
-61
-63
-61
-66
-60
-60
-58
-55
-49
-46
-47
-42
-36
-35
-33
-25
-19
-16
-11
-5
0
2
7
15
19
20
24
30
32
33
35
35
33
32
30
34
36
38
33
29
27
24
29
25
26
23
14
5
5
11
14
11
6
-4
-10
-12
-9
-3
2
2
-7
-10
-11
-7
0
0
5
10
3
1
1
5
5
13
14
15
14
17
18
19
24
24
26
20
22
25
21
20
17
11
8
7
7
5
7
3
-4
-11
-16
-17
-14
-13
-17
-23
-29
-35
-38
-34
-28
-27
-30
-30
-34
-32
-28
-24
-17
-19
-23
-24
-23
-20
-12
-9
-3
1
3
4
5
7
9
15
20
18
18
20
18
17
21
21
21
21
22
21
22
16
15
13
12
14
11
9
8
7
4
-2
-2
-3
-6
-9
-9
-14
-15
-18
-21
-19
-18
-18
-17
-16
-18
-16
-18
-14
-12
-10
-8
-11
-11
-9
-8
-4
0
5
9
4
3
4
7
12
16
19
18
19
16
14
16
19
19
15
17
17
17
12
12
9
11
12
12
12
6
5
3
-2
-2
0
-3
-7
-8
-11
-12
-13
-15
-14
-12
-13
-9
-6
-5
-3
-1
-1
0
4
6
6
8
10
9
11
13
15
21
21
20
21
18
20
23
23
20
19
16
12
7
7
5
4
1
-3
-8
-9
-10
-10
-9
-11
-14
-16
-18
-20
-19
-18
-20
-20
-23
-24
-23
-22
-20
-20
-19
-21
-19
-15
-14
-12
-9
-9
-6
-5
-7
-7
-5
-4
-2
1
0
3
4
5
6
9
11
12
14
12
12
12
10
8
8
7
5
5
2
-1
-2
-4
-5
-4
-5
-8
-10
-9
-10
-9
-8
-9
-9
-10
-11
-7
-6
-6
-4
-2
-4
-3
2
5
8
10
11
11
14
16
18
21
20
20
19
17
17
17
19
17
16
14
9
10
11
13
14
14
12
9
9
7
10
11
9
7
4
1
0
3
2
-1
-3
-6
-7
-6
-5
-5
-7
-11
-12
-13
-13
-11
-10
-13
-17
-20
-19
-18
-16
-13
-12
-12
-9
-8
-7
-3
1
4
4
3
4
5
3
4
6
6
4
2
1
-1
1
2
0
0
-1
-1
-3
-3
-4
-4
-6
-11
-9
-10
-11
-11
-9
-9
-9
-7
-8
-7
-5
-3
-3
-3
-1
-1
0
-1
-1
0
1
0
2
0
-1
-1
1
3
5
5
3
2
3
4
6
7
8
9
8
8
7
8
10
11
10
9
9
9
9
8
9
9
9
7
5
3
3
3
4
3
1
0
-2
-1
-1
-2
-3
-7
-8
-6
-7
-4
-2
-2
-3
-3
-1
1
1
3
3
3
3
4
5
6
7
7
6
6
6
7
7
6
8
7
6
6
5
5
4
3
2
1
0
0
0
0
1
0
-2
-4
-4
-3
-2
-1
-1
-2
-4
-4
-4
-3
-4
-4
-7
-7
-9
-7
-6
-7
-6
-6
-6
-6
-5
-5
-4
-3
-3
-4
-5
-4
-4
-3
-1
1
0
-1
-3
-2
0
1
4
4
3
1
1
-1
0
0
0
-3
-4
-4
-4
-5
-6
-7
-7
-7
-8
-9
-8
-7
-7
-6
-6
-4
-3
-4
-5
-6
-4
-3
-2
0
2
1
3
3
4
5
6
5
5
5
7
7
6
5
4
4
4
3
2
1
0
2
2
4
5
3
3
4
4
4
4
3
4
3
3
2
2
1
1
0
-1
0
0
0
-2
-2
-1
0
-1
-1
-2
-2
-3
-3
-3
-4
-3
-2
-1
-2
-3
-2
-3
-1
0
3
5
5
3
2
2
3
3
3
1
1
0
-1
-2
-1
-1
-2
-2
-4
-3
-4
-3
-4
-6
-4
-4
-4
-4
-6
-7
-7
-6
-4
-4
-3
-3
-3
-4
-2
0
2
1
2
2
3
4
2
2
2
3
3
0
1
2
0
0
1
1
1
0
-1
-2
-1
-1
0
0
0
-1
-2
-2
-3
-2
-1
-1
0
0
0
-2
-2
-3
0
0
1
1
1
1
0
1
1
2
2
1
1
2
3
2
3
3
4
4
3
4
4
5
6
6
7
8
8
7
6
5
5
4
3
3
3
3
3
3
2
1
1
1
2
1
1
0
1
-1
-1
-2
0
-1
-2
-3
-3
-2
-3
-2
0
0
0
1
-1
-1
0
1
0
0
3
2
1
-1
0
0
1
2
0
0
0
1
0
-1
0
0
0
-1
-1
-2
-2
-1
-1
1
1
0
-2
-1
-2
-3
-1
-1
0
0
0
-2
-1
-2
-2
-2
-1
-1
-2
-1
-2
-2
-2
-3
-3
-2
-1
-1
-1
0
1
1
1
1
1
-1
0
0
0
1
2
1
0
0
0
-1
-2
-3
-3
-4
-3
-2
-3
-4
-4
-4
-4
-5
-6
-5
-5
-5
-4
-4
-3
-3
-4
-4
-5
-3
-3
-2
-1
-1
0
0
-1
-1
0
-1
-1
0
0
1
0
-1
-2
0
0
0
1
0
1
0
-1
-1
-1
0
1
-1
0
0
0
0
0
0
2
3
3
2
1
1
2
3
3
4
4
3
2
1
2
2
2
2
2
2
2
2
2
1
2
1
3
3
3
3
2
3
2
2
0
2
0
2
1
1
2
2
2
2
1
1
0
1
1
1
1
2
2
0
1
0
1
1
0
0
0
-1
-1
-1
0
0
1
-1
0
0
-1
-1
-1
-2
-1
-1
0
-1
-1
0
-1
0
