-2
-1
-1
-1
-1
0
1
0
0
1
3
1
2
2
3
3
3
4
4
5
4
4
4
4
5
3
4
4
4
4
4
4
5
5
3
2
2
3
4
2
3
3
4
4
3
3
3
3
3
3
4
4
3
4
4
4
4
3
4
4
2
3
3
4
3
3
3
3
2
3
3
4
3
4
4
4
4
3
3
4
3
3
3
3
3
3
4
3
3
3
3
3
3
4
3
1
0
1
1
0
-1
-1
-1
-3
-2
-3
-3
-4
-3
-3
-2
-2
-3
-5
-4
-4
-5
-5
-5
-5
-6
-6
-7
-7
-6
-6
-6
-6
-7
-6
-6
-6
-6
-6
-5
-6
-5
-4
-6
-4
-4
-4
-4
-5
-5
-5
-5
-4
-4
-3
-3
-2
-1
-1
-1
-1
-2
-1
-2
-2
-2
-2
-2
-2
-2
-3
-4
-3
-3
-3
-3
-3
-3
-2
-3
-3
-3
-3
-2
-3
-3
-3
-3
-3
-3
-2
-3
-2
-2
-2
-2
-2
-1
-2
-1
-2
-1
-1
-1
0
0
0
0
0
0
0
0
0
1
2
3
2
2
2
3
3
3
3
3
2
1
1
1
3
3
2
3
2
3
3
3
4
2
2
2
4
4
3
3
3
4
2
3
2
3
3
3
4
4
4
3
4
4
5
5
5
6
5
5
4
5
5
4
4
4
3
5
5
5
6
6
4
5
5
5
4
4
1
1
1
2
1
1
1
1
1
1
1
2
0
0
2
2
2
2
2
1
1
1
2
1
1
1
1
2
1
1
2
3
2
3
3
3
2
4
3
2
2
2
2
0
1
2
0
1
2
0
-1
0
0
-1
-1
0
1
-1
-1
-1
-1
-1
-2
-1
-1
-1
-1
-1
-1
-1
-1
0
-1
0
0
0
-1
0
0
-1
-2
-1
1
1
1
1
0
0
-1
-1
-1
0
0
0
0
0
-1
-2
-2
-2
-1
-3
-2
-3
-2
-3
-2
-2
-2
-2
-2
-2
-3
-3
-3
-2
-1
-2
-1
-2
-2
-1
0
0
0
1
1
1
1
1
1
1
1
1
1
1
0
2
2
2
1
1
2
2
1
1
1
0
1
0
0
0
1
0
1
1
1
1
1
1
0
-1
0
-1
-1
1
-1
-1
-2
-2
-2
-1
-1
-2
-3
-2
-3
-2
-3
-2
-2
-2
-1
-2
-3
-3
-1
-3
-3
-1
-3
-3
-1
-2
-3
-2
-2
-1
-1
-2
-1
-1
-1
-1
-2
-2
-1
-1
-2
-1
-1
-2
-3
-4
-4
-4
-4
-5
-5
-4
-4
-5
-5
-5
-5
-5
-3
-4
-4
-4
-3
-2
-3
-2
-1
-1
-1
-2
0
-1
0
1
1
-1
0
0
-1
0
0
1
1
2
2
2
3
3
3
3
2
2
2
2
2
1
2
0
0
0
0
0
0
-1
-1
-1
-1
0
0
1
1
2
4
3
4
4
3
2
2
1
0
0
0
0
0
-1
-1
-2
-1
-2
-3
-2
-1
-1
-1
-1
0
1
1
2
3
3
5
6
5
4
5
4
3
2
2
2
1
1
0
0
-1
-1
-1
-1
-1
0
-1
1
0
0
1
2
2
2
3
4
4
5
5
4
4
5
5
4
5
5
5
4
5
4
5
4
4
4
3
2
3
1
2
1
0
1
0
0
-1
0
1
2
2
3
4
1
2
2
1
1
2
3
3
2
3
3
1
1
0
-1
-1
-3
-4
-5
-6
-5
-4
-5
-1
-3
-1
2
3
2
2
1
0
0
2
2
1
2
3
1
-1
-1
0
-4
-6
-7
-8
-10
-11
-11
-11
-11
-10
-9
-10
-8
-8
-5
-3
-2
1
1
3
5
3
4
3
4
9
6
7
4
6
7
4
1
3
1
-2
-7
-7
-6
-12
-13
-15
-10
-11
-12
-9
-9
-3
-2
-3
1
-1
-1
1
1
8
9
6
8
6
10
13
10
9
11
4
3
4
5
9
5
6
2
0
0
-4
-6
-4
-9
-5
-8
-9
-5
-7
-9
-1
-8
-6
-10
-11
-1
-9
-5
-2
-4
0
8
9
14
20
15
21
19
12
18
6
12
9
-1
10
-2
-5
6
-2
-9
-9
-19
-17
-22
-24
-22
-22
-37
-28
-18
-17
-4
-14
4
2
-8
14
12
25
25
29
27
21
25
16
24
24
17
13
2
2
-11
-9
-13
-12
-19
-28
-23
-43
-29
-31
-31
-21
-31
-17
-19
-10
12
14
26
23
18
28
24
24
24
35
31
22
24
22
22
7
20
19
3
8
-24
-17
-27
-30
-28
-35
-20
-27
-30
-13
-24
-10
-13
-15
4
-9
7
-2
13
26
16
43
23
44
28
37
40
1
38
-1
3
12
-4
6
-6
3
-11
-6
-5
-22
-25
-36
-20
-21
-40
1
-18
-14
-3
-12
13
14
8
23
11
-2
2
5
0
1
22
9
29
8
33
23
-11
32
5
22
3
-17
7
-33
10
-20
-9
15
-40
-2
-14
-19
9
-54
1
-16
-30
-13
-41
-3
-18
-8
9
-7
5
-21
30
40
35
59
15
36
17
22
39
7
37
24
-5
9
-26
-7
-37
-25
-5
-34
-28
-69
-56
-65
-69
-49
-75
-28
-30
-17
25
22
75
42
40
68
59
54
48
44
68
47
30
58
13
30
6
-17
-6
-60
-54
-87
-99
-110
-68
-129
-90
-66
-131
-39
-108
-33
-60
-77
5
-43
-10
-28
10
15
44
67
78
137
77
106
34
13
14
11
12
-3
16
3
5
-73
-41
-37
-59
-49
-127
-61
-83
-136
-83
-82
-55
-75
-48
11
53
21
61
57
44
63
60
79
65
48
51
111
75
74
105
34
61
30
31
-50
-72
-117
-124
-81
-145
-79
-118
-130
-79
-98
-22
-3
-52
32
-9
85
43
52
109
31
141
49
200
170
89
159
60
164
77
87
109
-17
51
-9
-81
7
-162
-90
-65
-162
17
-118
-37
-67
-134
38
-90
-58
-14
-91
53
-42
10
39
-29
104
42
96
125
140
69
107
21
68
95
-41
73
-11
34
19
-65
26
-60
23
14
-41
35
-52
-7
-27
-52
29
-42
58
-25
-15
65
-50
63
-11
37
100
-72
95
70
-49
70
-187
10
-30
-125
91
-196
-4
-83
-65
51
-93
12
-58
-52
60
34
86
26
-1
2
-84
83
24
16
112
-36
137
-59
44
105
-174
108
-99
41
-31
-211
50
-150
-14
4
-63
55
30
-70
46
-48
-3
4
-158
141
-128
65
80
-140
119
-86
137
28
10
84
-144
116
-172
-27
39
-62
49
-98
39
20
-46
-16
-49
2
-110
28
73
-98
94
-63
48
62
-48
184
63
-1
145
4
76
133
-21
15
-20
-10
55
-19
-30
95
-22
-44
-41
-34
114
-44
5
20
-67
-35
-55
-84
-8
-15
-37
-3
-61
-14
98
-47
22
-51
-79
49
-40
-8
10
-26
-111
-21
1
4
50
-92
-14
-46
-1
11
-134
20
-73
-91
-44
-51
-24
-110
-55
-149
-92
-10
-68
155
-34
-43
60
-176
86
-134
88
48
-52
121
-90
120
12
27
60
-36
101
54
-6
67
25
-77
43
-120
3
51
-253
236
-178
-6
65
-248
166
-82
-19
67
-72
130
-91
-13
150
-40
227
73
103
234
-53
236
16
82
179
-163
295
-128
-5
154
-150
257
-181
51
-21
-175
97
-74
5
25
-71
-128
-47
-58
31
-80
35
88
-84
244
-107
52
103
-94
200
-115
109
113
-153
112
-58
-35
152
-189
149
-156
8
106
-265
276
-301
139
22
-173
147
-248
182
-77
20
96
-8
138
7
98
28
85
65
46
37
-39
121
-5
89
-82
-100
108
-222
53
-20
8
86
-157
39
-137
78
-44
39
82
-138
127
-166
15
232
-156
141
-76
-87
239
-180
170
38
-101
111
-139
-13
156
-68
-35
5
-66
20
86
-25
12
39
-102
140
-106
-80
222
-251
161
-197
-14
187
-355
136
-158
-59
42
-163
103
-150
-51
149
-166
-44
90
-51
87
-66
-67
306
-172
100
219
-102
282
-153
134
-21
42
219
-226
149
-95
36
136
-230
89
-12
-212
128
-57
-54
185
-323
100
-99
-120
152
-191
124
-159
181
-141
-143
354
-408
368
-97
-133
242
-430
285
-156
0
67
-71
115
-225
184
-449
174
8
-441
470
-452
96
-65
-362
426
-396
338
-10
-195
166
-207
162
-124
191
36
-111
268
-237
90
143
-235
280
-160
41
262
-388
420
-279
-136
431
-501
418
-54
-172
341
-395
139
26
-155
164
-65
200
15
-268
214
23
-149
158
-200
244
2
-256
344
-235
4
105
-248
77
-49
45
-84
-126
75
-50
76
138
-79
139
-21
148
168
-129
517
-114
23
355
-285
329
-195
-12
239
-276
183
2
-159
-44
-89
-55
-44
23
-90
-56
-79
-152
57
-25
-49
117
95
113
80
18
149
14
200
-76
-68
189
-114
140
-151
92
-11
-179
103
-122
67
7
-56
-2
-160
64
-103
-40
182
-86
51
-1
26
26
-222
71
48
-48
23
-93
50
-2
32
75
-78
-61
70
52
-233
63
117
-87
79
-18
126
11
14
75
-185
231
-12
-6
126
-174
29
23
-52
113
-138
-116
356
-148
61
124
14
29
-117
-80
209
-216
36
20
-330
248
-169
-71
197
-238
167
34
-130
280
-73
29
138
-145
69
26
-191
234
-68
-83
121
-136
141
-71
-123
246
-216
52
136
-194
150
-193
-105
170
-159
50
-16
-297
287
-90
-105
285
-271
90
108
-75
227
-125
127
28
-95
271
-56
232
-122
19
243
-205
197
-4
-67
33
-34
-113
-58
35
-227
42
-4
-260
135
-276
-53
180
-248
128
-107
-31
263
-234
-23
262
-143
142
-35
-6
112
-15
141
-146
-8
1
158
-29
-317
278
-129
-175
88
-253
56
-97
-192
218
-287
99
257
-360
166
-6
-153
287
-201
-162
438
-109
44
187
-422
273
-39
-141
317
-318
71
-38
-402
33
-210
34
76
-100
-2
-28
-130
260
20
-306
373
-168
47
10
-356
362
-174
88
225
-132
333
148
-242
417
-144
-71
517
-468
71
134
-414
317
-283
-157
362
-245
212
185
-497
350
213
-435
426
-268
-82
405
-342
116
79
-89
115
-126
98
156
-40
-54
99
-108
-166
186
-258
-22
173
-222
367
-165
-32
298
-320
279
61
-21
168
-180
224
-40
-17
70
123
132
2
198
104
-52
-39
136
-86
130
-156
49
112
-211
207
-251
20
199
-99
184
-77
134
116
-199
360
-75
-140
387
-195
152
193
-104
169
-221
92
34
-198
370
6
-264
246
-77
62
74
-270
325
-341
-109
492
-373
327
-76
-270
428
-419
237
163
-182
198
-157
80
45
68
-130
-115
191
-333
342
-178
-153
309
-444
140
-100
-330
419
-507
-194
139
-492
352
-310
-163
238
-263
313
-120
-47
428
-169
-104
213
-140
162
-32
-247
138
-74
-4
43
-33
211
-154
25
170
-162
68
-213
269
-98
-110
233
-166
-57
112
-76
68
75
-302
202
42
-171
13
-52
-228
35
-10
-224
91
-29
-204
-72
110
173
-80
-128
-45
-1
-32
-15
153
-65
37
59
-103
144
-123
-98
109
50
-90
18
-109
126
84
-502
190
11
-437
467
-370
-20
212
-546
346
-52
-305
346
-174
19
98
-181
455
-365
177
210
-356
493
-140
-140
150
-169
330
-118
-177
389
-94
-23
66
-103
156
-29
64
177
-344
372
-72
-187
217
-321
94
84
-127
3
34
-61
94
-237
-123
159
-219
65
-16
-122
91
-61
9
-26
90
46
-75
38
34
117
-100
232
-198
-264
524
-368
-26
298
-395
442
-164
-183
530
-586
143
166
-315
91
-147
-12
-37
37
-151
-47
-115
-70
351
-315
65
140
-189
-8
4
-274
324
-180
-122
255
-302
176
34
-10
-79
98
105
-199
319
-221
148
156
-229
425
-375
297
114
-366
338
-40
-65
162
-101
135
-213
13
199
-217
-82
212
-124
-81
194
-494
166
-138
-116
559
-461
461
-218
-289
538
-667
520
-20
-305
512
-286
249
24
-101
315
-263
296
-31
-67
471
-341
342
-74
-285
613
-393
-73
269
-107
187
-35
70
95
-88
123
17
162
-11
-100
103
-102
97
66
81
180
-131
5
-86
267
-12
-275
498
-294
-49
218
-393
390
-130
33
144
35
-35
-13
152
-197
201
-38
-257
276
-202
-87
-14
58
-22
-18
56
9
-149
66
29
-91
113
-274
267
-157
-253
95
-133
139
-70
31
-42
-40
-162
-115
392
-247
-83
207
-454
80
406
-280
49
220
-261
188
15
-280
413
-602
70
274
-516
391
-335
-32
200
-162
125
-158
-190
211
-263
37
238
-463
175
53
-272
374
-267
-260
248
-193
204
93
-235
225
-64
-200
369
-202
177
-92
-225
483
-112
-117
133
-361
139
156
-233
74
-6
-74
28
-59
95
101
-84
-219
121
127
-90
90
-245
-146
518
-354
-7
233
-492
438
-101
-492
879
-657
84
494
-884
764
-198
-182
751
-734
445
323
-650
338
-281
70
83
-190
31
58
-208
215
-177
-111
269
-184
-61
-36
154
-89
67
-104
-121
11
-181
126
199
18
-204
224
-388
246
77
-416
595
-664
286
338
-983
953
-629
-161
890
-1123
786
-59
-523
664
-457
-10
194
-218
-326
439
-295
-57
488
-600
371
63
-194
379
-499
149
229
-453
516
-117
-125
183
-248
112
227
82
-17
175
-102
179
258
-388
681
-463
32
480
-559
774
-132
-269
547
-456
279
22
-395
646
-445
-23
458
-635
291
284
-681
652
-250
-247
601
-524
260
257
-604
694
-270
-344
826
-574
102
130
-538
635
-295
-56
303
-535
476
-63
-368
527
-500
220
372
-790
815
-445
-282
541
-574
751
-367
-392
706
-807
484
-31
-286
287
-282
90
5
-193
220
-23
-220
256
-118
-17
93
-151
-115
530
-156
-564
694
-201
-12
482
-916
1244
-720
-616
1612
-1289
720
-47
-736
1218
-819
180
391
-584
646
-211
-632
793
-43
-243
102
-388
372
160
-370
344
67
58
18
-296
124
36
33
8
49
-112
94
-1
-80
-21
138
76
-156
229
8
-181
218
-286
-220
590
-424
187
122
-452
347
-271
14
492
-531
-14
197
5
25
-109
-318
66
163
-322
339
38
-238
76
-236
153
27
-8
-251
246
132
-326
135
-224
-242
403
-306
191
87
-177
-83
-225
114
-126
297
-136
-318
497
-478
-84
708
-915
444
-233
-308
555
-356
78
99
-390
-65
303
-356
10
388
-560
345
-76
-312
401
-234
-125
338
-219
-53
552
-778
489
16
-470
629
-360
-245
271
-221
185
-32
-325
408
-121
-305
522
-344
-234
716
-453
3
310
-458
299
33
-391
506
-172
-225
576
-301
-222
337
-338
310
371
-726
551
-141
-410
556
-99
-63
179
-16
-229
274
-406
466
216
-796
756
-274
-147
894
-1313
864
-151
-556
1193
-1071
548
11
-782
964
-300
-18
421
-813
720
0
-306
671
-458
227
-115
-165
492
24
-201
54
-167
420
-17
-7
131
-303
196
-263
104
284
-520
142
157
-310
497
-505
138
410
-427
28
90
101
130
-164
-257
204
242
-272
132
-152
223
109
-299
406
-351
-46
107
-15
102
-169
513
-419
-51
45
144
237
-280
233
-234
54
485
-788
608
-3
-458
695
-1254
1126
-87
-874
1351
-1181
375
66
-659
1071
-1021
589
-270
20
173
-664
771
-712
439
-262
163
-123
-156
352
-517
687
-276
-48
37
-408
685
-702
523
5
-246
261
-804
818
-413
51
-43
-236
646
-588
162
-135
-90
299
-229
8
91
41
-175
169
-211
313
13
-293
577
-882
762
-348
-25
595
-1162
1270
-818
82
169
-534
892
-1170
1209
-551
-5
593
-1543
1650
-984
-6
1289
-2005
1794
-725
-408
1434
-1776
1400
-546
-161
537
-537
511
-290
-101
117
80
-143
-126
197
100
-126
241
-305
-219
508
-648
622
-321
-393
902
-850
708
-515
-58
434
-418
338
-371
481
-402
-39
256
-667
654
-211
-302
294
-165
-133
15
35
-83
563
-824
176
506
-767
642
-516
163
671
-860
618
-4
-305
268
-150
123
188
-150
189
-318
182
44
-63
298
-611
426
-140
126
573
-776
379
-96
-90
483
-801
686
-223
-228
454
-584
713
-696
383
-9
-226
-89
55
162
-533
452
-604
562
-113
-790
1070
-1027
750
-103
-825
1249
-1136
757
-266
158
-114
-253
383
-421
453
-573
749
-107
-324
298
-354
296
158
-199
17
111
-222
476
-432
24
471
-446
581
-710
375
219
-453
849
-892
442
413
-505
193
-101
-168
782
-314
-643
1058
-1008
615
45
-663
849
-763
189
209
-147
56
327
-426
203
-36
-242
610
-487
386
-209
225
144
-194
273
-533
371
-29
-187
329
-435
590
-73
-428
400
-365
195
-227
207
-40
148
-95
-107
91
-375
346
-235
512
-279
-123
-98
66
-21
-299
336
-500
477
17
-333
399
-598
596
-285
-321
494
-158
-41
54
-191
146
-265
25
125
-361
632
-225
-134
124
-345
438
-180
-34
64
-161
390
-339
239
270
-559
113
63
-17
46
-269
261
8
130
-326
321
-409
190
263
-453
381
-74
-139
-114
39
-155
216
26
-279
434
-494
328
-16
-66
156
-593
334
-252
280
-262
148
23
-286
9
15
135
-66
350
-378
51
-213
-114
468
-376
330
-220
58
387
-445
358
-88
109
73
-194
253
9
94
-193
-26
-27
144
-46
-106
146
54
42
136
-72
-53
-57
42
17
-27
163
53
232
-433
-72
-86
232
79
-237
-4
228
-45
67
-426
114
365
-192
-12
-382
201
345
-270
-211
-88
288
-2
-390
504
-186
528
-266
-272
397
-616
793
-476
107
40
-517
482
-278
-103
241
-454
313
-65
-207
155
-290
117
63
-343
-51
-141
339
-182
7
-107
268
-37
-578
437
-401
741
-649
211
-184
-258
564
-558
532
-338
456
106
-234
305
-90
-52
-286
258
-28
187
-20
-96
-57
-273
304
-69
126
3
186
82
-240
125
-217
81
130
-61
294
122
18
-135
87
91
78
425
-598
970
-687
141
362
-374
586
-818
451
110
-143
70
-96
353
-40
117
-277
292
-59
-236
341
-198
435
-693
204
-125
-86
329
41
532
-645
-23
-150
221
284
-401
135
31
482
-779
-14
159
66
97
-448
573
6
89
271
-767
482
-374
538
108
-419
842
-427
399
-557
-184
366
-205
456
-517
268
165
-61
-58
-74
437
-289
-77
-566
299
211
9
163
-499
269
-679
708
-245
225
293
-349
955
-911
291
-258
44
267
-11
158
342
391
-332
243
43
524
-190
-262
418
-373
488
-581
48
-116
-273
336
-507
602
-398
119
-219
-463
387
-367
192
-354
-497
301
58
185
-294
-16
183
211
-93
-192
89
114
102
-261
87
-110
132
-422
97
-59
324
133
-747
17
-483
617
-146
-688
-157
-84
179
-368
149
-380
58
-123
-633
402
-359
404
-311
-518
350
-121
-99
-230
53
-269
449
131
-38
-96
-162
393
-156
374
199
9
256
-488
453
-91
146
46
-419
564
-281
462
-434
-93
155
-334
235
-66
332
-149
-165
-37
69
33
-134
255
24
384
74
-202
221
-96
381
-306
438
38
374
169
-409
278
-224
401
-378
100
182
79
183
-607
-5
-292
370
-177
-213
244
-307
422
-766
156
-76
-260
240
-242
408
-319
87
-235
128
133
-132
387
-6
246
-263
-43
104
300
-188
-166
343
164
70
-142
162
-104
-82
64
256
215
163
125
-275
-126
-61
493
102
-96
85
-78
341
-287
26
193
59
74
-203
218
296
-38
67
-163
339
223
-109
163
241
107
147
121
-120
412
-229
103
-3
220
255
-225
69
-285
26
-143
180
75
-95
58
-391
110
-198
310
-386
-102
-43
-507
402
-597
-231
-289
-243
-30
-605
121
-291
-469
-443
-315
-175
-319
-414
-495
-366
-574
-134
-594
-474
-634
-727
-92
-643
-384
-377
-469
-99
-578
-10
-190
47
-25
-162
220
436
542
237
440
230
680
689
929
1003
699
1116
907
1096
1035
929
1124
985
1190
991
1148
851
757
592
713
1007
712
801
362
483
404
155
457
165
226
285
12
243
-256
-160
-291
-343
36
-178
-349
-577
-571
-668
-486
-657
-601
-754
-956
-936
-1317
-900
-1360
-1540
-1612
-1670
-1433
-1848
-2003
-2089
-1621
-801
-756
-1290
-2135
-2225
-1810
-604
389
220
-122
-1019
-1094
-420
411
1158
1242
1137
802
1104
1258
1472
1331
672
1095
1611
2427
2157
1318
303
137
538
920
1449
1198
791
22
-492
-723
-51
210
265
18
-306
81
74
26
-440
-402
81
647
964
728
594
352
199
498
771
1254
1652
1520
980
596
604
1078
1224
1066
1064
970
951
439
196
-96
127
222
-46
-144
-746
-677
-986
-1519
-1583
-1504
-1253
-1366
-1979
-2428
-2354
-2510
-2292
-2173
-2343
-2388
-2823
-3394
-2610
-2093
-1331
-753
-1649
-2095
-2358
-1876
-489
172
488
245
-281
-286
18
796
1230
1797
1829
1693
2295
1977
2125
2020
1627
2105
2408
2929
2833
2153
1225
723
878
1479
1842
1759
1087
386
-120
-609
-140
-49
115
83
-525
-633
-858
-954
-865
-928
-668
-138
61
-109
-537
-897
-728
-283
325
610
964
778
336
299
236
951
1453
1599
1445
1138
885
855
1065
762
1087
923
878
863
244
22
-326
-326
-481
-440
-559
-941
-1018
-2043
-1956
-1765
-1990
-1637
-2404
-2651
-2759
-3134
-2814
-2622
-2356
-1963
-1362
-1906
-2409
-2535
-2602
-825
-318
117
129
-679
-728
-703
168
1072
2142
2196
2049
1599
1165
1798
2206
2615
2879
3039
2821
2648
1905
1379
1748
1927
2358
2253
1825
1315
614
47
-156
358
650
898
223
-807
-1174
-1334
-982
-650
-352
-352
-379
-963
-1481
-1288
-996
-181
26
9
-5
-95
-272
-365
-91
464
1047
1325
1125
632
450
148
845
1004
1441
1647
758
552
-344
-177
190
282
381
-79
-544
-1127
-1568
-1763
-1497
-1425
-1407
-1894
-2533
-2804
-3089
-3190
-2879
-2345
-1971
-1579
-2316
-2921
-3139
-2997
-1501
-751
-149
-223
-1089
-1477
-1549
-523
735
1955
2063
1505
1046
688
1311
2077
2670
3145
3196
2773
2454
1803
1771
2301
2586
3053
2759
2322
1740
1169
780
819
1431
1729
1810
887
-72
-553
-595
-159
260
522
312
-156
-1172
-1592
-1222
-590
42
-18
-439
-790
-805
-1012
-744
-392
-165
521
-13
162
-197
-546
-50
-287
769
722
933
314
-572
-414
-512
432
322
264
-224
-901
-1230
-1364
-1085
-787
-685
-1346
-1899
-2384
-2254
-2290
-2156
-2274
-2014
-1294
-1604
-1665
-2526
-2896
-2077
-1312
-235
80
-366
-1093
-1774
-1549
-417
1302
2021
1771
857
-53
186
1081
2040
2831
2861
2319
1923
1230
1315
1862
2505
2967
2603
2042
1523
1446
1175
1217
1491
1814
2200
1613
750
203
-4
556
1089
1194
1229
643
-15
-539
-502
40
769
837
177
-501
-987
-735
-451
108
217
143
-402
-987
-891
-773
-35
-204
-135
-526
-806
-739
-1044
-592
-846
-489
-728
-1029
-1041
-1553
-1257
-1578
-1349
-1256
-1275
-1469
-2169
-2068
-2259
-1652
-1874
-1915
-2028
-2452
-1951
-1579
-748
-1172
-1392
-2092
-1832
-870
-286
1029
178
-232
-1126
-974
277
1305
2462
1962
1417
317
509
1357
2150
2959
2804
2412
1769
1272
1214
1987
2361
2692
2392
1639
1480
1020
1159
1217
1496
1760
1535
1270
319
378
281
737
1135
769
901
262
124
-244
-51
353
562
588
-108
-306
-703
-394
-166
44
260
-127
-410
-900
-909
-484
-132
17
-219
-796
-1030
-1186
-871
-519
-491
-529
-1063
-1351
-1543
-1432
-1075
-964
-1032
-1259
-1699
-1954
-1742
-1566
-1239
-1197
-1392
-1644
-1877
-1957
-1476
-1274
-985
-177
-753
-761
-1476
-1405
-439
-250
648
569
309
-424
-824
-282
434
1704
1787
1722
929
45
382
869
2023
2614
2386
1718
788
313
716
1549
2218
2309
1707
805
125
278
617
1496
1662
1242
778
-142
-111
-10
602
1038
864
570
-11
-102
-181
84
376
493
551
98
-120
-326
-276
-51
171
457
233
-38
-468
-437
-271
-76
152
-74
-135
-576
-754
-785
-632
-398
-431
-648
-1057
-1184
-1233
-1112
-1003
-982
-1061
-1187
-1308
-1236
-1089
-1036
-803
-722
-943
-639
-720
-511
-260
-546
-21
-195
-149
95
-142
228
171
391
307
215
149
0
233
184
433
478
338
78
-152
-34
364
577
636
514
202
69
115
375
595
742
577
409
244
69
329
484
614
767
443
337
143
114
335
436
677
491
407
88
155
265
252
526
410
391
261
123
204
405
416
419
222
147
174
228
301
152
130
-69
-113
-179
-121
-45
-175
-295
-515
-622
-554
-474
-489
-506
-768
-892
-878
-766
-585
-485
-485
-505
-601
-694
-480
-228
-18
62
62
68
156
58
233
498
591
717
547
563
462
413
486
555
712
594
386
168
76
128
80
160
169
-33
-313
-465
-500
-455
-452
-518
-578
-687
-766
-775
-818
-856
-707
-610
-553
-531
-571
-554
-544
-472
-327
-45
48
92
47
-53
59
71
238
512
532
438
308
238
386
419
427
453
508
460
341
278
198
232
196
130
165
39
-20
-144
-327
-320
-336
-294
-324
-350
-500
-557
-546
-548
-450
-415
-357
-284
-266
-334
-282
-215
43
287
270
363
361
376
540
595
844
926
993
992
866
918
933
1061
1100
1118
1061
996
885
824
737
704
688
676
688
473
331
100
-8
-51
1
8
-86
-174
-447
-608
-634
-617
-480
-462
-518
-657
-856
-921
-812
-653
-520
-480
-609
-669
-687
-628
-447
-336
-328
-276
-344
-373
-297
-232
-118
-97
-98
-30
-2
-6
-135
-131
-156
-112
-74
-168
-186
-394
-478
-551
-522
-504
-556
-636
-770
-871
-965
-942
-858
-841
-877
-894
-950
-864
-848
-745
-637
-567
-482
-416
-308
-214
-119
-37
128
273
488
642
706
695
747
868
1044
1202
1290
1359
1356
1342
1338
1389
1512
1587
1573
1476
1394
1333
1272
1280
1180
1148
1062
988
909
736
551
465
450
393
366
218
113
-34
-157
-163
-198
-149
-206
-305
-380
-445
-383
-361
-346
-361
-448
-371
-356
-313
-287
-350
-311
-344
-284
-206
-202
-197
-264
-276
-260
-242
-212
-213
-288
-376
-470
-481
-471
-463
-502
-573
-638
-757
-831
-848
-864
-860
-812
-844
-885
-1010
-1006
-931
-837
-761
-808
-762
-789
-721
-728
-677
-476
-402
-308
-317
-291
-251
-161
-61
-8
179
170
315
292
261
394
464
682
726
708
690
687
708
801
847
853
858
798
752
624
634
604
664
689
534
458
313
301
217
237
290
267
257
50
1
-96
-13
141
120
121
-60
-113
-71
5
60
89
70
116
78
21
85
117
232
257
220
154
143
116
133
152
143
163
170
85
-42
-119
-138
-119
-111
-150
-234
-334
-402
-479
-498
-542
-554
-583
-588
-584
-610
-627
-664
-679
-741
-702
-687
-606
-605
-679
-694
-711
-663
-587
-528
-460
-406
-396
-394
-393
-355
-246
-111
75
126
135
64
61
195
296
472
532
592
562
500
490
523
692
754
764
703
618
623
578
609
668
682
695
606
546
480
459
488
521
565
492
461
340
289
284
316
401
359
306
178
144
121
190
234
224
242
119
104
65
38
121
106
78
67
12
-30
-22
-46
-29
-42
-37
-99
-149
-215
-233
-228
-259
-262
-290
-345
-401
-420
-469
-452
-472
-489
-482
-560
-570
-616
-575
-559
-536
-580
-613
-598
-643
-555
-484
-446
-409
-475
-449
-386
-315
-219
-122
-74
-82
-90
-14
111
198
224
219
250
288
334
385
460
422
408
396
407
470
464
474
564
577
471
312
293
314
352
403
457
536
363
205
104
169
265
300
259
267
210
91
38
22
88
124
80
29
27
0
0
-39
-76
-117
-130
-142
-103
-129
-147
-231
-290
-291
-254
-166
-185
-164
-288
-289
-317
-278
-224
-233
-255
-312
-349
-286
-244
-276
-319
-321
-293
-311
-265
-267
-230
-246
-300
-260
-234
-159
-132
-107
-84
-55
-2
10
52
63
119
176
220
262
264
286
302
317
350
366
387
443
487
437
409
385
459
481
439
435
427
446
428
398
376
363
332
327
348
356
327
234
191
157
127
78
62
29
-12
-89
-156
-142
-170
-214
-282
-328
-351
-372
-358
-450
-454
-476
-499
-496
-506
-453
-474
-497
-513
-488
-450
-422
-407
-388
-393
-397
-394
-335
-283
-254
-288
-279
-297
-228
-219
-230
-178
-190
-203
-241
-270
-200
-182
-119
-143
-163
-167
-179
-153
-149
-102
-41
-8
-25
-54
-14
57
87
99
131
135
170
200
196
226
227
280
306
299
307
303
370
346
382
399
399
457
452
482
490
519
514
485
469
451
491
516
538
523
461
356
319
301
339
372
319
273
187
112
76
42
64
84
38
19
-43
-69
-90
-133
-147
-187
-188
-204
-188
-211
-278
-272
-285
-217
-241
-261
-287
-286
-237
-255
-233
-258
-255
-282
-311
-254
-240
-184
-225
-244
-257
-260
-199
-233
-207
-241
-204
-195
-161
-108
-104
-123
-153
-117
-65
-28
10
41
72
100
59
49
1
55
78
162
189
222
185
103
75
110
200
267
289
299
283
183
192
218
280
339
373
334
315
265
277
307
296
325
277
244
169
148
185
199
191
91
60
49
54
29
-41
-22
-64
-24
-71
-131
-105
-192
-212
-227
-162
-63
-72
-191
-277
-288
-276
-215
-167
-92
-95
-182
-223
-239
-199
-232
-260
-213
-192
-107
-197
-226
-337
-343
-354
-305
-253
-255
-247
-362
-392
-405
-392
-281
-270
-237
-386
-393
-352
-302
-225
-315
-199
-201
-178
-189
-203
-141
-86
-82
-31
54
150
131
76
1
129
239
334
338
284
256
223
369
493
534
447
371
396
352
380
413
520
468
435
341
376
337
321
271
237
287
201
146
92
80
89
-20
33
-18
-48
-147
-227
-200
-250
-154
-179
-168
-185
-288
-253
-298
-180
-179
-74
-84
-66
-155
-171
-107
-126
-21
-64
17
68
76
137
45
14
-101
-32
24
59
3
-119
-131
-212
-94
-100
-20
-60
-153
-192
-267
-176
-189
-245
-491
-545
-206
242
657
512
204
-292
-625
-662
-394
86
394
424
59
-299
-482
-474
-290
-89
191
440
656
823
728
248
-209
-474
-509
-151
227
891
1052
755
146
-340
-299
-71
291
475
658
587
343
25
-282
-393
-303
-82
94
279
377
259
48
-314
-300
-284
4
172
29
-245
-529
-540
-467
-344
-67
115
132
-42
-259
-355
-286
-183
-99
-71
22
163
-50
-181
-308
-192
-100
43
299
380
368
152
-49
-129
-127
-79
-21
150
268
163
170
3
-19
9
-64
47
74
208
151
156
60
46
2
45
129
162
268
214
171
81
160
223
209
316
219
292
177
189
196
131
297
252
275
152
62
48
-102
-97
-11
-54
45
42
-10
-81
-213
-111
-106
-231
-118
-179
-39
-97
-214
-130
-224
-209
-269
-186
-151
-76
-85
-21
64
-56
-103
-424
-215
-89
6
229
84
100
-348
-241
-88
-16
132
29
-5
-95
22
5
-108
4
-196
-128
-169
-94
103
-74
73
88
-184
-123
-81
-209
-139
11
32
232
-75
-73
-148
-265
-99
-78
143
381
229
64
4
-295
-79
84
10
155
76
145
-79
-160
111
22
-77
28
358
314
217
167
-111
-126
-300
-23
200
472
214
-45
-192
-123
78
30
104
74
343
144
-105
-39
-257
-261
-387
-29
351
132
-84
-150
-478
-292
-11
37
129
-124
65
21
-224
-568
-175
-38
171
22
79
84
63
-283
-248
-156
243
18
-222
-80
-145
148
-296
-255
-112
82
37
10
-139
-11
161
-127
96
-291
-54
-8
-179
4
-73
129
345
-686
-73
-245
78
61
-257
489
57
130
-151
89
-187
22
109
431
392
168
524
245
-92
-64
386
12
747
402
193
213
-138
736
-286
-47
631
100
329
200
-144
151
-55
744
-30
-503
184
233
498
-735
-75
480
283
-154
-434
260
-178
275
-455
83
56
-155
681
-860
327
270
-20
-54
-768
391
-8
349
158
-457
73
-174
-310
246
193
-153
-25
-447
-218
185
-171
422
78
-796
-97
-846
-111
437
-82
-70
150
-366
-161
-621
-665
467
-148
150
60
10
226
-511
-446
-100
-14
420
43
125
10
333
-94
-15
69
10
886
-407
472
69
-84
554
13
190
388
-5
327
58
-257
277
505
259
-187
-2
178
628
-365
252
-355
80
-227
-31
388
-287
633
-593
-100
-164
-116
159
-52
-132
-36
69
264
-118
-403
30
-519
64
-159
-69
384
-287
330
-498
-680
519
-403
50
5
-81
712
-593
-92
-594
287
67
211
-68
-226
332
-480
207
-342
5
466
-238
89
-290
-292
711
-382
57
-390
256
288
-409
206
-2
100
-204
-114
170
-100
210
-20
408
13
116
-134
-376
249
-172
646
-406
801
-45
-519
-1
-126
574
-397
-316
612
-167
273
-24
-564
94
-129
21
-189
216
-26
246
-605
-109
145
-778
462
-627
-212
424
-75
-421
-271
-87
211
-854
59
27
-130
-137
-781
545
-682
466
-603
-580
281
27
108
-722
155
-7
6
-393
-263
102
492
-440
-23
-38
23
623
-499
127
138
477
-100
30
-157
385
365
-110
285
86
144
798
-177
-30
486
161
451
-383
544
298
383
571
-280
181
-21
305
-15
561
305
497
1
124
-313
-24
431
60
599
-381
630
-109
621
-132
-181
265
293
-60
-24
398
121
-198
228
-454
473
20
-240
-85
-547
497
-20
186
-126
-351
-284
-67
-649
-66
-98
-347
281
-694
276
-296
-180
-391
-642
234
-186
18
-335
100
-90
-653
-389
-160
-213
35
74
97
261
-306
-948
488
-671
336
442
-806
661
-522
-18
-132
-471
709
11
-529
184
-356
264
-562
461
222
-159
316
-867
254
-41
102
222
174
121
129
20
-37
209
-25
432
204
-29
407
187
479
-315
268
596
260
175
-181
288
326
-4
606
342
-82
132
-180
177
433
-285
641
-121
-122
427
-345
354
100
-653
289
-350
351
334
-220
288
-489
160
-556
142
-147
98
-129
-488
702
-220
-68
-334
-700
584
-722
307
93
-265
26
-719
-251
19
-239
-144
-543
-338
363
-134
-125
-721
-100
181
-324
-646
380
-184
213
-693
-249
349
-30
-51
-543
-77
17
712
-805
152
-25
-57
309
-342
396
151
212
52
-164
-82
585
-120
397
107
395
-244
101
261
-280
500
112
686
-196
191
193
-12
113
322
-31
422
-17
-26
691
-456
353
-165
571
154
268
-120
-302
640
-632
561
-266
153
478
-704
147
-171
-280
496
-160
-125
212
180
-523
-265
-239
115
151
-436
429
-629
477
-244
-452
69
-391
566
-707
-271
285
-489
205
-766
205
-171
-230
-294
-7
59
-286
147
-483
-29
-219
-172
-82
-302
-88
173
-374
-163
-184
-188
-173
431
-519
653
-1042
-11
367
-760
502
-453
321
523
-304
-154
12
-342
638
-412
558
-14
248
84
-656
742
-271
700
-51
12
620
-90
408
201
108
865
-459
377
152
-162
795
-628
888
-215
117
535
-420
383
-79
400
-57
-226
-87
530
-8
-583
346
93
114
-253
-131
151
55
39
202
77
-505
419
-259
-248
-233
14
188
-301
315
-817
545
-280
-354
731
-1103
391
186
-212
410
-787
258
35
-242
-4
-14
238
79
-386
-107
-648
631
726
-1228
-16
-44
678
277
-1290
464
593
-143
-170
-479
771
77
203
-866
144
523
-189
366
-620
250
785
72
-671
427
-292
533
574
-554
599
-136
131
352
-463
414
566
-45
178
271
-85
284
242
-103
199
1
332
106
92
-134
341
74
-337
474
-529
268
-108
-104
430
-300
-81
206
-477
154
-304
132
186
-674
511
-229
-65
-85
-440
173
-312
-242
43
-4
-300
-14
-278
-511
269
-517
-371
33
-351
241
-396
-268
-475
-37
-21
-342
-319
-484
698
-748
-366
-132
-156
67
-453
-228
-188
168
-523
140
-619
-302
109
-439
115
-454
20
-273
153
-152
-441
178
-292
837
-457
-127
551
-225
281
-121
-50
307
200
647
-327
84
24
788
101
-141
707
-411
538
196
170
273
-36
715
1
-205
68
824
93
-36
236
-120
1014
-371
183
246
-135
567
-24
-201
343
167
103
198
-229
309
200
-176
286
-173
-124
478
-1
-226
297
38
-269
246
-433
29
182
-296
548
-586
-98
367
-595
-62
-294
191
273
-433
-251
29
-42
-288
194
-286
-12
-57
-354
-6
-471
144
-18
-109
-412
538
-490
-99
58
-1022
965
-648
493
-157
-738
868
-935
486
-429
-231
218
-491
589
-315
204
-17
-299
-89
284
200
-98
142
299
-133
407
-210
568
-231
153
-22
547
145
-117
524
-290
896
-532
375
252
-81
289
-290
638
145
343
-46
-313
428
96
-73
162
81
-3
488
-664
502
-17
175
172
-482
743
-256
321
11
-66
239
131
-274
259
-480
583
-155
-375
270
-200
361
-592
243
-355
143
-365
-130
210
-302
-44
-217
-157
-41
40
-198
91
-467
278
-115
-21
-17
-576
468
-446
53
-273
-72
-50
-266
-91
47
205
-301
59
-590
245
-272
166
-141
-169
625
-664
104
25
-224
221
-324
-91
481
-478
467
-199
-472
537
-367
-22
-246
344
36
-248
115
-199
451
-258
-425
393
-387
365
-41
-582
598
-315
272
-483
11
27
440
-82
-505
500
-266
253
-247
-88
-43
404
-62
-528
305
-416
798
-568
30
199
-43
337
-322
82
-20
338
174
-88
-157
310
127
35
-236
89
591
-228
253
47
148
68
-117
163
-167
143
284
18
34
243
-401
627
-194
-248
523
-367
455
-25
-256
387
-272
-158
230
-681
644
105
-211
-90
-207
342
-410
-103
-163
142
-99
-146
-164
-366
161
-401
18
-205
-74
230
-662
179
-152
-486
168
-229
62
-89
-605
-141
124
-51
-282
-191
-98
175
-197
-579
-99
169
223
-528
-201
18
295
-210
-593
485
-285
165
14
-404
324
-98
447
-72
-409
156
492
-216
354
-181
108
717
-381
680
-333
233
642
-307
579
81
433
206
220
92
131
581
-149
699
6
174
746
-106
502
278
-28
660
-186
800
170
-262
605
-89
500
-93
75
549
-144
87
124
121
220
-16
115
-413
597
-377
74
37
-481
557
-837
405
-96
-169
-175
-546
251
-213
47
-897
-3
143
-265
-360
-395
-6
-97
-392
-328
-44
-360
139
-495
-505
138
-743
691
-767
-464
226
-578
556
-646
-400
46
-161
206
-296
-373
-117
429
-319
-185
-159
129
456
-494
92
-46
321
-71
-128
-49
54
417
186
211
-645
378
287
12
236
-353
674
176
-109
-22
131
532
105
-55
-98
542
239
179
235
-13
331
235
-22
198
60
388
191
204
166
-32
312
-97
215
89
-129
226
33
289
-31
-256
-13
313
-43
-359
-9
-204
593
-492
-284
25
-162
188
-620
150
-247
192
117
-981
245
-215
159
-131
-822
-59
-8
-355
-65
-35
-858
365
-250
-535
-14
-479
385
-223
-632
14
-94
220
-663
143
-246
264
71
-831
677
-650
477
-225
-130
29
53
70
-363
344
-228
445
-446
353
218
-173
373
-324
369
-73
210
398
-282
235
29
460
-16
142
105
70
495
-363
409
-20
344
248
-507
657
-231
551
-318
36
160
214
321
-525
528
-560
625
-302
196
250
-435
425
-318
287
-316
166
191
-111
26
-26
66
6
180
-204
7
-113
241
-177
95
-121
-26
134
-464
400
-319
-212
475
-446
81
-323
-115
410
-682
143
-215
187
-106
-221
-85
-386
567
-460
407
-442
280
-185
-64
253
-464
779
-685
405
10
-136
-58
209
208
-172
387
-586
1035
-437
83
356
-616
1148
-437
241
-88
102
552
-312
172
75
288
60
-127
21
3
371
11
71
8
258
43
132
-107
-227
697
-500
688
-578
267
287
-353
551
-889
708
-391
359
-80
-386
602
-597
248
-563
484
-122
-179
198
-596
528
-190
62
126
-472
394
-228
129
-326
21
73
-127
299
-525
116
87
13
-67
-69
-68
69
-11
-461
410
-227
-125
31
-100
-50
-354
389
-390
174
59
-533
395
-199
-45
-124
-319
285
123
-349
-196
327
-226
100
-165
-328
713
-459
163
-86
-196
305
-120
120
-193
142
226
-88
-131
251
-71
253
-183
-94
161
-89
232
-429
235
-46
-107
63
-250
163
-111
-103
204
-382
104
-94
-5
-122
-62
223
-394
132
-438
241
111
-316
132
-295
557
-298
24
-4
-55
387
-324
-93
317
-17
136
-289
-146
371
-43
64
-198
464
-30
113
14
-99
255
-425
326
-34
115
-134
118
146
-184
276
-240
374
-41
-23
211
-175
122
236
-129
-57
-3
241
-43
164
-180
140
216
-119
213
-49
181
-71
-170
-4
277
204
-227
237
-143
120
75
-358
617
-282
172
-82
97
25
-144
-10
-91
105
-194
159
-245
116
-10
-235
194
-88
118
-134
-181
245
-360
7
120
-422
374
-242
126
-54
-305
300
-243
98
-80
186
-99
-304
123
-87
-77
-1
-168
81
141
-120
273
-60
-232
149
-91
15
264
-341
-51
184
-78
59
56
-199
340
-255
190
109
-275
342
-310
300
-344
-21
320
-400
514
-336
69
209
-42
136
-211
-22
465
-134
-69
-135
83
381
-283
291
-182
163
235
-219
142
-50
121
321
-383
176
-62
246
-68
-108
163
-33
297
-352
184
11
-185
411
-513
540
-147
-129
271
-611
429
-205
-3
172
-237
295
-143
-181
56
-96
348
-430
192
-65
-80
57
-304
61
-29
119
-285
10
-66
-46
54
-195
18
72
-399
175
-220
64
157
-562
484
-385
138
-164
-34
190
-468
418
-431
133
-190
-162
-28
15
104
-189
90
-289
397
-353
57
243
-279
315
-209
-154
289
-37
120
54
-171
198
61
97
-119
91
80
174
-25
-186
219
-172
137
-139
130
-31
283
-53
12
-16
-154
278
-195
195
-50
379
-189
-4
110
-133
438
-549
321
114
31
232
-340
211
-154
15
-158
58
181
-219
350
-451
280
-131
-339
229
-318
268
-19
-29
-168
-87
-212
250
-217
1
-33
-199
234
-159
189
-303
-220
192
-483
192
32
-56
123
-484
409
-349
107
-102
-71
221
-261
436
-377
197
-196
-123
309
-110
191
-76
222
-157
-3
103
-129
221
-335
326
-56
162
93
-253
23
-50
451
-347
517
-205
248
106
-359
493
-134
389
-246
90
426
-151
-1
-11
334
-91
79
-11
160
-109
-121
182
-240
434
-423
14
-69
138
245
-519
158
-234
268
-105
-63
48
-24
90
-354
160
-129
235
-89
8
148
-203
168
-108
30
-70
39
-66
61
47
-299
249
-282
136
-15
-322
342
-286
77
-108
-5
116
-253
154
-251
414
-296
73
144
-144
316
-317
430
7
207
-8
-70
239
-163
255
-92
380
-17
30
59
-186
363
-236
396
-23
32
179
-302
329
-232
162
98
7
218
-156
70
59
103
-90
132
-52
106
-1
-202
257
-149
44
-21
51
227
-350
178
-147
260
-133
-401
303
-164
94
-151
-249
134
-129
-88
-328
-91
49
-78
-55
-342
184
-330
-63
-62
-364
150
-107
45
-227
-276
219
-53
-183
-33
-225
-12
-81
-99
-19
-200
117
-208
44
-286
-84
25
-83
202
-187
76
-101
164
-265
-77
92
9
157
-225
121
203
34
36
-108
-110
80
6
68
79
96
-4
-34
-7
-25
100
134
87
-99
195
20
52
55
-121
293
-113
182
20
-51
284
-5
87
14
180
168
22
25
182
-8
-91
-77
107
54
-56
78
71
-171
81
-100
68
-124
-59
226
-223
266
-153
-57
-17
-16
57
-70
44
46
2
-119
12
139
-69
-32
-217
92
62
-116
-148
-138
203
-202
21
-282
56
-19
-122
5
-220
378
-138
-15
40
-217
266
-65
-19
-183
112
205
151
-186
-317
501
-177
225
-190
-53
318
-111
198
-280
248
40
178
-164
-65
288
-95
141
-14
78
27
83
155
-64
-16
172
138
-61
-132
208
-14
243
69
-83
130
-79
198
-91
-21
133
160
-76
-5
-2
12
170
-129
57
-102
166
86
-94
6
-143
160
-100
-155
-36
-59
41
-66
-142
-35
89
8
-198
-2
-55
105
-119
-67
130
-118
149
-164
-69
-94
72
102
-163
-24
-96
47
-103
121
-51
-8
8
-30
24
-212
114
128
24
-145
113
-20
111
-52
-188
226
-129
312
-26
-159
254
-50
204
-95
24
127
-2
112
-39
33
-9
142
47
-22
-78
-45
236
-99
4
-121
-19
197
-254
-33
-135
113
25
-123
-36
-2
165
-176
-73
-308
149
80
-239
77
-340
70
-119
-207
63
-194
117
-155
-183
-24
1
-145
-232
-50
-184
-1
-169
-90
-48
-141
50
-146
31
-79
-45
72
-165
94
-97
-42
55
-100
67
-79
2
-116
-13
15
93
82
-161
113
-108
-1
-57
-47
180
53
-29
-47
85
-11
-60
-106
64
201
-7
16
-118
42
120
-32
133
-40
256
51
70
85
93
158
73
95
-69
173
-44
46
-146
-78
153
-72
71
-165
-43
-25
-111
29
-111
-17
-55
-175
-17
-68
-71
-57
-120
25
-112
-23
84
-20
10
-6
30
95
-35
-2
-27
-62
172
-58
-86
-49
-30
-15
-113
7
-4
-36
-4
111
-73
-18
21
5
-52
-46
132
59
-34
-53
98
122
13
67
55
63
37
10
132
127
116
-20
53
106
73
65
57
151
91
137
150
112
129
6
125
13
133
180
60
168
-39
184
26
77
99
-52
89
-26
104
-118
-10
4
5
-55
-92
86
-53
-22
-63
10
48
-15
-17
-92
16
-48
29
-12
-46
130
-104
69
-53
-21
-6
-182
59
-121
35
-175
-114
-2
-123
28
-84
-70
-94
9
-35
-14
-118
41
13
-30
-41
-90
105
-99
126
-72
45
76
-152
117
-164
108
-33
-69
81
-156
107
-113
61
-38
-39
85
-41
200
-155
94
52
-13
132
-53
154
9
116
85
86
124
19
60
-55
201
114
53
68
22
124
61
38
-30
72
42
77
61
17
64
16
32
41
22
33
5
-31
-19
5
-20
13
-28
-86
-96
-50
12
-68
-74
-59
-2
-28
-13
-79
-83
2
28
48
-60
2
5
32
10
-81
41
15
-31
-54
-96
32
-65
-48
-172
-43
-22
-48
11
-189
-70
-79
-52
-93
-170
-64
-37
-54
-98
-92
-101
-60
-54
-101
-28
-40
-17
-111
-85
-35
-20
-61
-74
-62
-75
-35
-13
-39
6
-24
24
46
-67
-18
-94
10
-18
-55
5
-50
30
-50
1
11
3
4
-1
18
-6
23
18
11
6
-11
-25
18
-18
-1
44
47
45
58
3
91
-21
-13
40
-42
51
-39
3
1
17
-45
-54
4
-59
-16
-104
-39
-13
9
14
-74
-28
-37
7
-76
-28
26
6
40
-9
21
-25
-16
-54
-79
14
-54
58
-67
2
-24
-64
9
-117
-4
-66
13
28
27
37
-67
-9
-39
55
38
-18
48
-1
71
30
19
92
44
98
18
43
41
96
36
16
72
52
117
-16
67
15
83
77
30
106
18
113
0
68
33
-26
47
19
98
29
69
21
49
121
53
102
48
100
107
93
72
49
71
59
76
14
26
35
49
38
26
37
23
60
7
26
19
37
72
22
46
12
32
33
4
15
-13
29
-5
42
42
-4
51
-18
4
-8
-15
-6
7
22
-6
11
-31
-18
-58
-30
-12
-11
2
-21
29
-19
43
19
13
5
4
65
26
79
1
15
7
18
33
-54
-16
-17
3
-26
-49
-27
-32
-27
-64
-60
-48
-41
-17
-55
-40
-42
-31
-41
-44
-31
-36
20
-31
-26
-68
-58
-11
-47
-62
-105
-23
-9
-64
-48
-63
-19
-33
-72
-53
-62
-2
-35
-40
-47
-23
8
-64
-30
-11
-16
9
-34
-9
-33
-40
-16
-66
-30
-66
-28
-48
-67
-49
-31
-37
-46
-22
-29
-15
-39
-26
-55
-34
-19
-8
2
-27
-7
-24
2
-9
-4
-25
17
38
13
13
-25
13
-16
36
22
-5
-8
-11
7
-6
-15
0
0
-5
7
-34
41
-23
14
-27
-3
0
-3
42
-14
49
-15
66
10
43
28
25
42
22
35
-16
55
18
38
-23
20
23
22
37
-11
47
10
31
35
10
14
32
5
19
2
10
27
8
20
1
9
25
-3
4
33
12
44
-6
21
26
20
27
-17
18
-13
-6
-14
-34
-12
-12
-1
-28
-27
-4
17
40
-7
7
24
56
21
43
13
47
59
18
50
-3
51
22
29
24
9
67
32
29
13
17
67
-1
41
9
28
51
-13
40
-13
51
35
42
29
4
66
17
60
41
40
50
38
54
14
42
40
18
49
16
37
31
22
14
-2
12
9
-2
-11
22
-7
2
-14
6
2
-6
28
-6
-14
16
18
3
-8
-18
6
-5
14
-20
-10
0
-30
-3
-14
-9
-40
-3
-25
-4
-5
-19
32
-14
25
-18
21
45
30
39
14
35
41
57
38
27
42
61
61
47
40
60
46
46
16
40
37
13
35
-22
62
-3
13
11
5
47
-5
27
-27
39
-10
29
8
8
28
-22
30
-47
26
-25
2
2
-33
6
-58
-17
-68
-25
-48
-62
-51
-72
-45
-96
-59
-79
-63
-60
-109
-68
-79
-65
-79
-101
-78
-76
-71
-106
-97
-102
-89
-83
-93
-81
-92
-89
-101
-93
-105
-86
-67
-91
-97
-92
-56
-74
-72
-82
-59
-35
-47
-40
-53
-3
-2
-24
-16
-7
26
22
-2
32
11
41
7
17
35
10
51
-2
32
6
43
36
20
26
-14
10
17
8
11
35
6
25
2
41
25
11
27
12
46
14
13
20
11
13
-16
-6
2
5
-15
-27
-15
-29
-8
-20
-23
-7
-11
-9
-7
-12
-32
-6
-10
-8
-14
-21
-1
-15
-6
-17
0
6
13
7
-15
-1
10
-2
10
-3
16
13
14
9
-2
37
19
24
24
36
34
53
54
39
58
52
64
51
46
60
73
75
40
73
61
85
86
58
68
67
86
63
54
58
79
64
46
44
59
56
61
44
52
55
30
59
36
50
15
27
29
29
23
3
16
8
0
8
-12
6
-4
-16
-10
-27
21
-32
-8
-29
-24
-13
-45
-30
-49
-32
-29
-41
-51
-43
-44
-29
-70
-49
-49
-31
-41
-71
-52
-50
-16
-73
-43
-31
-24
-22
-55
-17
-11
-5
-16
-20
-4
-7
3
-31
-11
12
1
10
0
6
15
16
16
13
23
38
23
27
14
23
28
27
12
30
30
25
27
21
36
19
37
12
27
26
21
26
7
7
9
14
-3
7
0
13
-5
1
3
-8
3
-10
6
-7
5
-19
-15
-6
-13
9
-28
-18
-12
-21
-10
-17
-24
-23
-12
-9
-26
-12
-15
-20
-3
-16
-17
-21
-7
-19
-16
-7
-2
-2
-17
5
-20
-2
-15
-10
3
-22
20
-16
2
-7
-10
18
-12
17
-9
7
0
-10
7
-19
11
-3
-4
-2
-16
2
-19
-3
-12
-2
7
-13
11
-8
-11
-4
-25
-3
-13
-15
-14
-25
-9
-22
-9
-22
-13
-10
-27
-30
-29
-7
-21
-32
-36
-27
-19
-47
-46
-45
-32
-31
-43
-46
-47
-18
-42
-40
-48
-31
-20
-29
-27
-48
-18
-34
-28
-40
-44
-12
-33
-6
-36
-21
-11
-11
-10
-39
-8
-1
2
-9
-12
-5
8
-3
-3
-7
9
24
1
6
14
24
25
12
12
25
26
30
23
18
33
24
45
33
24
41
45
39
25
36
33
56
38
34
32
45
49
33
38
27
43
36
35
34
45
39
41
34
22
50
30
34
24
25
36
32
27
16
23
38
28
17
27
8
41
8
15
1
8
24
-4
29
-14
13
1
8
4
-9
13
-14
6
-16
0
7
-12
0
-20
-8
-3
-11
-18
-25
-7
-8
-7
-22
-24
-11
-10
-12
-30
-16
-20
-11
-28
-24
-21
-13
-13
-27
-10
-28
-10
-27
-20
-18
-13
-16
-20
-13
-24
-12
-17
-21
-20
-20
-13
-9
-12
-26
-9
-19
-6
-18
-29
-2
-23
-6
-21
-6
-15
-5
-10
-20
10
-14
-5
-18
-11
8
-22
-1
-20
-3
-5
-8
-1
-21
5
-15
-3
-2
-1
-5
-3
3
-3
7
-4
3
-8
7
6
-7
12
0
11
9
6
10
0
16
-2
13
-1
3
10
-7
29
-6
22
7
14
9
3
16
-19
15
-15
19
9
10
11
0
25
-9
-3
-14
1
13
13
13
16
17
10
-4
-5
1
-7
3
-12
9
15
9
6
-3
6
6
16
-14
1
-1
5
-3
-15
-3
-2
15
0
-6
0
13
-2
-10
-19
-10
-2
-11
-7
-11
-3
5
-12
-7
-18
-3
-4
-25
-11
-21
2
-3
-13
-13
-12
2
-17
-20
-25
-15
1
-12
-9
-12
7
6
-9
-12
-18
3
-14
-5
-17
-3
8
3
10
-4
15
3
4
-3
-6
10
4
8
7
8
21
12
8
-4
9
9
14
13
5
25
17
23
-9
12
4
6
11
-7
18
2
20
-2
6
12
6
11
-11
4
-3
2
-7
-7
-1
2
6
-2
-2
-1
-3
-3
2
-12
1
-3
0
-11
-8
-6
-6
5
-14
8
-6
3
-11
-13
-2
-6
4
-8
3
3
9
-8
-14
-15
-5
-3
-1
4
6
11
12
5
-3
2
-5
-1
-5
2
10
5
11
2
18
10
-1
9
-6
9
-1
3
8
8
12
4
11
0
7
-3
5
6
0
8
1
17
1
11
0
0
11
-6
3
-5
7
-3
-4
8
2
9
2
-2
3
-1
-2
-14
-8
-2
-6
3
-20
1
-9
-2
-7
-13
2
-10
-1
-23
-4
-24
-12
-12
-23
-2
-13
-1
-17
-13
-17
-21
-11
-24
-9
-7
-7
-9
-14
-6
-16
-8
-19
-5
-9
4
1
-6
12
-14
16
-10
9
7
-8
18
-10
19
0
14
9
0
21
1
20
8
8
16
14
15
3
7
6
2
4
-1
5
11
13
7
5
6
-1
1
-9
-10
-8
-1
-14
-7
-7
-3
-5
-15
-11
-18
-1
-22
-13
-21
-17
-2
-21
-3
-23
-8
-15
-17
-10
-24
2
-16
0
-11
-3
2
-5
3
-9
9
1
3
-8
9
-3
6
9
4
23
7
28
6
14
9
-2
21
-2
16
11
18
26
9
27
13
23
13
4
15
7
19
-3
15
9
16
14
2
14
1
10
1
1
0
2
9
1
5
1
2
3
-6
-8
-9
-2
-13
-9
-8
-1
1
-8
-4
-12
3
-11
-13
-16
-17
-4
-14
-8
-13
-1
-2
-7
-1
-11
-4
-7
-10
-11
-13
-7
-8
-4
-5
1
6
-2
-1
-8
-2
-1
-3
-4
1
10
10
8
1
2
4
4
-5
-5
8
5
10
4
5
9
6
8
-4
7
3
4
3
-2
12
8
17
8
14
18
13
14
-2
12
5
10
6
8
11
12
