-1
-1
-2
0
-1
-1
0
-1
0
-1
0
1
1
1
1
2
1
2
2
2
1
0
1
2
2
2
2
1
0
0
-1
-1
0
1
0
-1
0
-1
-1
1
0
0
1
0
0
0
1
1
2
1
0
-1
-2
-2
-1
1
2
2
1
-1
-2
-2
-3
-3
-1
0
1
0
-1
-3
-4
-4
-3
-2
0
-1
-1
-1
-2
-2
-1
-1
-1
0
-1
0
-1
-1
-2
-2
-2
-3
-3
-4
-3
-2
-5
-5
-5
-5
-4
-4
-7
-7
-7
-7
-6
-5
-4
-2
-2
-3
-3
-6
-6
-6
-4
-3
-1
-1
-2
-4
-5
-5
-6
-3
-1
-1
-2
-4
-5
-6
-5
-5
-4
-5
-4
-4
-5
-5
-4
-4
-3
-2
-1
-2
-3
-3
-3
-1
0
0
1
-1
-1
-2
-3
-3
-1
-1
-2
-1
-3
-2
-2
-2
-2
0
0
1
-1
0
-1
0
0
0
1
2
3
3
4
3
3
3
2
3
4
6
6
6
4
4
4
3
4
3
4
4
4
3
3
3
3
5
5
5
4
4
3
5
6
6
7
6
6
5
4
5
6
7
8
8
7
5
5
5
6
7
7
8
6
5
5
4
5
6
6
8
7
6
6
5
6
6
7
8
8
7
6
7
7
7
8
8
7
7
7
6
5
6
6
5
5
5
5
5
4
4
4
4
4
6
6
5
4
3
2
1
1
2
3
2
2
1
-1
-1
-1
0
1
2
1
0
-1
-3
-3
-4
-3
-1
-2
-3
-5
-6
-5
-5
-4
-4
-5
-4
-6
-6
-7
-6
-4
-4
-3
-2
-4
-5
-6
-6
-4
-3
-2
-2
-3
-4
-5
-5
-5
-3
-3
-2
-4
-4
-5
-5
-5
-5
-5
-5
-4
-6
-5
-6
-4
-4
-4
-3
-3
-3
-3
-4
-5
-5
-7
-6
-6
-5
-6
-7
-7
-7
-7
-6
-6
-5
-5
-7
-7
-8
-8
-9
-9
-6
-6
-6
-7
-8
-8
-8
-8
-7
-6
-4
-5
-5
-7
-8
-7
-5
-5
-5
-6
-6
-8
-8
-8
-7
-6
-5
-5
-7
-7
-7
-6
-5
-3
-2
-2
-3
-4
-5
-4
-3
-3
-1
-1
-1
-2
-3
-4
-2
-1
0
2
2
3
2
2
1
3
4
3
3
4
3
4
3
3
4
3
4
5
4
3
3
3
1
2
2
2
2
3
4
2
2
2
2
4
4
4
5
4
3
4
4
5
6
5
5
3
3
3
3
2
5
5
4
4
2
2
2
2
4
3
4
3
2
3
1
1
2
3
5
6
5
4
3
4
5
5
5
4
4
2
2
3
3
3
4
4
3
3
3
2
2
2
3
3
2
2
1
0
0
0
1
0
-1
0
0
0
1
0
1
1
2
3
4
4
4
3
2
3
2
3
2
2
1
1
0
0
1
2
3
3
2
1
1
1
1
1
2
3
2
0
0
-1
1
3
2
2
1
1
0
-1
-1
-1
0
-1
-1
-1
-3
-4
-4
-2
-2
-2
-1
-2
-3
-3
-3
-3
-3
-1
-1
-2
-2
-3
-5
-5
-4
-3
-5
-4
-3
-5
-6
-5
-6
-5
-5
-4
-5
-5
-5
-5
-5
-6
-6
-6
-6
-8
-7
-7
-8
-8
-7
-6
-6
-5
-5
-5
-6
-5
-5
-5
-5
-4
-4
-6
-6
-6
-7
-6
-7
-5
-6
-6
-6
-7
-7
-6
-5
-5
-5
-5
-6
-7
-6
-7
-7
-7
-5
-5
-5
-6
-6
-5
-4
-4
-3
-2
-3
-3
-4
-4
-5
-4
-4
-3
-3
-2
-4
-5
-5
-4
-4
-3
-2
-1
-1
-2
-1
-3
-1
-1
1
0
-2
-1
-2
-1
-1
0
2
2
1
0
0
0
2
3
3
2
1
2
1
-1
2
2
2
2
1
1
2
2
3
3
4
4
3
3
4
4
4
4
4
5
4
3
4
3
3
3
2
2
3
4
4
3
4
5
5
4
5
4
4
6
6
6
6
6
6
6
6
7
6
5
4
5
4
4
7
8
9
8
8
7
6
7
7
8
6
6
5
5
6
7
9
8
9
8
8
9
8
11
10
10
8
7
6
5
7
6
8
10
7
7
5
5
6
8
8
9
10
9
6
3
1
2
6
7
8
8
6
8
4
2
3
6
6
3
11
7
3
3
2
1
5
9
8
5
-1
-2
-2
-1
-2
1
1
-2
2
-2
4
7
-5
-4
-3
-3
8
4
-1
2
-3
-10
-8
-1
4
6
3
9
0
-8
-11
-2
-3
0
5
-1
-4
-9
-11
-9
-4
-6
-3
-9
-6
1
-8
-13
-19
-20
-7
-12
-11
3
-1
-7
-19
-25
-17
-10
-8
-6
-12
-3
-17
-27
-20
-14
0
-3
-6
-5
-15
-13
-18
-24
-11
-9
-11
-7
-4
-3
-20
-28
-8
-18
-15
1
0
-3
-16
-15
-25
-19
-17
-8
-9
-2
-14
-22
-18
-20
-11
-15
-9
-5
-18
-22
-10
-25
-19
-13
-3
-12
-9
-3
-1
-15
-4
-10
-34
-17
-11
5
-8
-1
5
-5
-28
-21
-1
-3
5
-5
-4
-8
-9
-14
-13
-4
5
4
-6
-3
-4
-5
-12
-12
-3
9
10
5
-4
-1
8
-2
-21
-10
9
18
12
20
0
17
-12
-27
8
-1
8
36
14
-17
36
-10
-7
-10
6
41
33
13
-3
-2
-17
14
-18
31
60
35
6
-14
2
-4
-9
1
45
25
54
32
-29
-12
14
10
8
60
33
30
0
12
0
-4
10
51
32
12
49
8
-10
-5
-3
23
68
26
9
28
1
-12
-13
16
48
13
12
29
9
5
29
-12
-7
16
-1
26
-2
21
38
-8
-23
38
5
7
46
-6
24
0
-19
-20
36
9
35
14
14
35
-16
-14
9
41
25
31
-7
30
10
6
-13
8
26
9
-3
-4
35
2
-14
-5
0
-10
14
-18
-2
13
-10
0
-23
3
48
2
8
31
-25
-13
-13
-20
-6
17
18
11
-24
2
42
-30
17
-38
30
-15
-14
-6
-3
-2
12
-11
-51
41
-12
40
-32
14
20
-9
-44
1
2
4
11
6
-23
-64
-13
-21
11
4
35
10
-62
-51
8
-58
-30
46
-1
0
-26
-16
12
-29
-28
-3
-22
4
26
-1
-16
-33
-54
8
6
-12
21
23
1
-38
-50
-17
8
-32
16
62
-32
-11
-47
-59
-29
21
3
47
-31
-17
-21
-70
25
33
15
-54
-57
-48
30
-66
3
17
-7
-20
-40
-45
-4
-23
-23
25
-30
6
-47
-6
-35
-8
3
-8
1
-31
-3
-17
-15
-36
-36
-36
2
-10
0
4
-7
-14
-40
6
16
17
13
-7
-2
-21
-54
-3
-9
0
21
-2
-12
-16
-18
-4
8
-24
-8
-8
-18
-17
6
-5
-25
8
3
9
-8
-10
3
-39
-61
18
16
-22
2
36
28
10
-7
17
-19
-18
6
47
26
-19
-17
13
16
-69
-12
59
44
2
27
-21
70
2
-41
79
26
4
8
-36
3
68
-3
23
1
-47
-26
37
40
51
50
-30
8
-22
-30
51
38
56
67
-8
-14
20
-20
9
44
9
107
5
10
-53
4
-6
48
-8
30
119
56
62
-22
54
3
37
-9
54
24
-13
8
10
-14
5
82
23
53
7
42
32
-47
7
63
21
28
-16
-6
31
-49
-30
59
27
-4
25
-15
43
26
-8
-11
-36
27
63
63
15
21
0
6
-59
-10
46
-33
34
-43
-63
-26
-31
11
19
23
13
61
-17
32
38
7
24
-29
25
0
-6
-11
52
-63
-13
-82
-8
-29
-32
-8
-43
-13
-35
22
-33
18
8
34
-52
23
-119
-77
-6
8
58
-15
-35
-42
-72
-99
39
36
23
27
-7
7
-5
-38
36
29
-10
-24
7
48
-25
-36
-20
27
21
-7
-42
17
20
8
34
45
27
-3
-3
-20
-27
41
-22
4
-68
-42
38
-4
-7
-2
-52
-37
-16
4
-36
-46
-3
-38
-78
-96
46
11
8
-72
-9
19
14
-67
21
-45
-106
-28
-13
58
48
-1
17
-44
-83
-6
-10
30
19
-14
-39
-31
-56
-33
-83
7
-30
26
43
89
40
25
1
-28
-51
29
10
13
44
-14
61
-48
-66
4
33
15
39
-5
16
-60
-44
-13
-71
-37
-20
-22
1
-28
30
47
-74
-36
-7
-30
-30
19
-4
55
-22
-11
4
30
-11
62
1
91
-22
44
32
-50
84
42
85
72
-7
-17
62
-74
103
14
26
52
12
-2
-2
4
-22
46
9
26
38
26
-14
22
14
46
78
-18
100
58
-3
67
29
41
-3
-36
-29
60
-22
21
-23
-51
-56
-19
45
7
-29
-50
66
-11
-27
12
11
-1
-9
33
38
25
-14
-32
-6
19
18
18
-2
-23
19
-26
-46
-8
-41
-40
-9
61
-8
64
-81
-40
-33
-24
22
61
-28
-2
5
-55
44
6
-7
-14
13
-18
15
-3
8
-23
-18
-27
-43
-67
-9
10
18
-66
-26
-10
-6
-24
10
-17
9
17
-30
44
44
-5
47
18
25
30
27
36
12
-8
97
29
44
31
11
106
3
71
40
74
21
43
-17
112
69
56
57
15
89
-28
100
45
111
66
91
62
23
26
32
141
-6
105
26
37
2
61
-4
72
-22
29
29
-19
-12
-36
-3
-61
36
-26
34
-16
-15
-14
-6
-24
-3
24
-24
-5
-35
1
-40
-36
-40
-6
-3
-31
15
-32
-22
-47
-28
6
-28
-32
-47
-40
-60
-53
-19
-14
-39
-54
-28
-55
-34
-48
-65
-14
-44
-54
-31
-26
-57
-11
-100
-54
-18
-96
-18
-17
-67
-19
-63
-47
-2
-83
-52
-57
-53
-88
-48
-64
-56
-17
-55
-15
-46
-20
-46
-54
-26
-15
-49
-35
-6
-52
58
-57
45
26
-9
43
-13
14
45
46
8
59
14
36
-5
84
76
15
64
28
32
37
38
58
113
-18
70
24
36
61
14
51
48
39
67
86
60
96
37
77
16
11
35
43
33
23
9
31
2
-12
31
38
11
16
-2
-24
23
7
23
-44
-35
-18
-47
-37
-56
-60
-48
-77
-52
-31
-49
-1
-52
-104
-48
-34
-72
-93
-51
-22
-46
-89
-10
-48
-56
-11
-24
-24
-81
-33
-35
-65
-68
-25
1
-41
-22
-35
22
-40
-10
-21
-7
20
1
-8
-17
12
-45
15
-24
17
5
-9
31
53
2
82
58
16
46
-8
28
30
48
48
57
5
58
36
1
57
31
27
43
43
86
53
19
54
37
55
31
60
100
80
179
115
70
49
-17
49
39
-8
19
4
-43
-74
-39
-28
-27
-63
-105
-55
-26
-93
-45
-83
-120
-124
-121
-30
28
-26
-2
-65
-67
-35
-24
58
58
4
8
-72
-21
-20
-22
9
100
132
132
126
87
15
-114
-169
-95
-33
-57
75
38
-102
-219
-118
51
-16
47
165
57
-40
-124
-28
-62
88
9
89
132
9
88
44
84
58
159
-18
160
4
-85
41
-50
4
20
12
-123
141
-119
119
88
-3
-59
52
-109
-95
-100
-62
167
-62
-57
36
7
-73
45
-11
66
157
-54
59
-34
-57
-1
8
104
81
-1
132
120
-82
3
-118
109
0
-146
52
134
-59
72
-20
20
106
-223
109
163
-35
19
-2
-17
21
-150
-27
62
57
123
26
129
12
-55
-133
-88
18
-5
-59
140
1
-34
57
-128
48
-49
-78
82
80
-89
-5
-60
-170
-167
-109
0
-5
-46
37
-48
-153
-49
72
34
9
-64
-63
-112
-32
-3
-23
-3
-27
-130
-136
-37
8
-34
-36
29
-83
-40
9
0
-138
-114
78
103
6
-87
-70
14
-44
-173
32
116
-11
-76
-41
108
45
-80
-91
-25
-90
46
-3
53
-28
-203
-76
31
84
-1
86
-20
-46
-157
-76
12
20
112
137
-34
-117
36
-56
4
-2
100
122
75
-44
32
-62
-178
-41
-15
33
-13
56
125
-11
-107
-44
-49
-73
-188
-74
140
45
17
20
-143
-3
-71
-6
126
-21
76
-45
-146
8
-67
10
88
-184
38
149
118
6
-87
98
81
-18
-50
84
-9
-144
-4
114
127
65
16
121
30
2
43
-21
15
77
53
89
-106
-56
-18
6
88
137
12
22
72
-49
1
5
91
-34
-81
-143
114
198
87
117
4
7
-19
-87
-79
46
96
-1
21
28
-59
-16
-37
11
172
120
100
2
-57
-74
47
-69
-35
21
20
38
75
81
76
102
-17
29
-51
59
45
36
-30
-4
205
10
-21
30
-139
66
105
49
208
-73
-12
-49
-142
-17
109
41
109
12
-18
-5
-30
-25
-115
-36
-7
88
-22
29
-9
-83
-131
37
163
66
-42
69
82
-77
-127
20
99
14
-7
-44
90
46
70
91
-30
-6
9
-91
17
108
37
80
-124
-71
-7
-2
30
-58
-118
94
29
-80
41
15
-40
-203
-46
120
72
74
-17
-67
-28
-13
151
-12
15
71
-50
-198
17
141
129
-13
-138
75
119
4
-48
-88
-50
78
83
108
-31
-17
27
17
-1
22
220
47
-113
-94
11
70
60
-31
74
-19
-133
-26
24
1
13
-39
38
-2
-191
-108
43
74
-9
-27
-20
-151
-247
-156
182
241
56
-88
-264
-147
-88
8
113
28
-5
-30
-111
-143
69
84
52
-147
-161
36
41
-13
15
39
-107
-70
-103
-69
-54
-69
98
66
125
-42
-98
-169
-141
-49
10
-5
46
-15
-135
-89
3
-12
-103
-183
-33
130
35
-14
92
-98
-201
-121
-121
111
139
-82
-71
-36
-54
100
-80
-7
-38
-138
47
36
109
145
-67
-103
-9
-101
-18
37
62
93
-177
225
117
-24
-106
-128
-67
88
10
296
154
-354
125
-161
69
159
-90
186
-53
-158
8
114
194
0
-299
3
34
-24
98
-43
268
-76
-149
47
-19
101
28
181
191
0
-244
-147
65
42
172
263
110
-152
-37
-117
253
-114
45
152
-133
-49
1
-13
146
81
-117
105
0
50
-76
-67
-90
351
69
33
-125
-319
64
186
132
81
140
-42
-232
4
151
210
10
-233
-33
-76
50
442
62
-278
-126
19
189
-221
100
262
14
-269
-163
109
241
-158
-195
301
11
104
-40
44
216
-326
108
199
-211
-76
8
228
121
-100
197
-161
-312
37
202
137
-269
87
0
-156
16
14
-59
35
-242
4
43
-15
248
-103
-71
-105
-166
85
138
4
-45
-53
49
-126
-94
123
-66
79
27
-81
209
-91
-285
40
77
83
-201
37
360
-54
-411
-118
150
293
1
-121
0
80
-180
-178
66
138
262
-52
-263
226
30
-126
-31
-205
150
17
115
94
-179
-209
290
197
-171
-190
187
245
-108
-235
-193
318
115
-125
-83
-134
266
180
-172
-160
85
186
-214
-281
20
446
232
-103
-319
-224
144
161
65
-160
-237
235
255
-51
44
-180
-153
-7
-168
207
246
297
-226
-379
-291
526
273
-355
236
96
39
-101
-52
-2
-259
-123
390
58
-202
-130
-115
-85
-91
339
137
-310
-36
-28
-52
-14
266
-79
-224
-102
112
110
-201
-200
336
88
51
255
48
-184
-461
-189
112
160
13
-138
-242
-110
-71
86
-62
-137
56
-65
-254
188
-48
-305
-24
-211
45
209
-43
-32
80
-68
-32
53
22
49
-198
-189
-13
-12
30
11
113
32
-277
81
4
0
167
-252
-108
178
-233
-306
251
124
123
-17
81
99
-82
-246
146
14
-81
33
77
105
-67
-122
87
274
67
-21
27
72
-113
-60
86
65
120
-77
75
166
-88
84
124
18
-50
64
69
140
-63
-67
-78
-96
-39
39
122
181
63
167
-53
-18
237
-36
-69
184
45
101
11
-346
224
137
-4
177
-29
-46
19
-105
49
-130
-33
300
45
-49
-169
203
203
-252
-39
179
-22
200
-10
-70
12
76
188
-41
32
-13
-89
-6
200
74
96
-40
39
-14
-97
165
97
-195
-41
-2
-7
105
-76
-92
-81
-76
125
66
45
191
61
-117
38
242
130
-69
-43
206
-64
-249
-33
101
-78
-94
175
-41
-372
-88
42
89
112
114
114
-252
-298
-165
242
309
201
-146
-228
-42
260
-39
43
325
-41
-27
67
82
122
18
-4
196
-65
5
73
-138
-304
-137
198
306
151
-180
-272
-226
-298
-239
112
-13
-24
31
-10
108
-65
-84
-19
-32
20
89
219
72
-139
-163
-10
137
27
-109
-7
-42
-159
-100
-48
-7
-25
-61
65
-17
2
50
29
-174
-411
-91
81
32
21
26
-41
-65
-105
-44
75
147
164
-26
-55
-28
-91
-82
-53
28
29
-66
-245
-255
-107
-81
49
-71
-70
-66
-158
-62
-109
-176
-158
-83
-45
105
147
110
-32
-159
-67
66
132
126
26
-37
-24
13
-6
33
68
-67
-46
-10
34
-15
-60
-137
-70
49
100
32
-69
-54
-108
-52
10
-24
-35
9
-1
-31
66
104
17
-43
-58
17
-14
40
16
-70
-9
56
117
96
38
32
73
33
12
0
4
53
23
73
110
71
15
37
0
-51
118
68
39
54
-34
-8
31
-10
62
36
33
35
36
23
118
168
64
47
-4
41
104
86
-1
-52
-58
-22
4
-74
-62
-95
-138
-156
-171
-158
-96
-97
-156
-176
-146
-88
-152
-174
-119
-95
-37
-50
-147
-139
-129
-142
-161
-186
-185
-226
-221
-215
-155
-94
-76
-72
-91
-62
-45
-16
47
-2
-3
42
78
138
181
230
312
373
393
384
412
468
484
499
471
443
461
478
474
460
450
442
424
417
419
366
354
363
348
352
308
352
334
235
223
259
248
235
244
218
149
113
76
74
43
-29
-65
-118
-133
-129
-218
-257
-254
-333
-354
-437
-548
-676
-760
-812
-823
-915
-972
-942
-976
-978
-1001
-1060
-1041
-1079
-1118
-1126
-1207
-1195
-1298
-1315
-1319
-1292
-1147
-1001
-728
-85
603
1227
1707
1880
2046
2027
1921
1839
1479
1040
583
44
-193
-373
-426
-468
-553
-553
-462
-302
-274
-373
-546
-626
-608
-390
-158
142
508
794
1269
1704
1973
2159
2056
1843
1647
1466
1340
1144
1002
890
811
850
871
836
761
605
443
228
18
-156
-442
-649
-721
-743
-633
-436
-260
-65
160
319
372
363
260
105
-73
-246
-359
-479
-545
-583
-607
-555
-540
-551
-652
-876
-1056
-1209
-1383
-1598
-1713
-1833
-1902
-1891
-1929
-1891
-1923
-1905
-1902
-2012
-2084
-2146
-2251
-2306
-2259
-1992
-1015
406
1748
2814
3335
3616
3809
3671
3499
2859
1816
749
-439
-1206
-1564
-1777
-1841
-1932
-1808
-1280
-691
-245
-185
-462
-660
-557
-238
176
502
862
1296
1969
2751
3213
3363
3025
2424
1747
1084
389
-346
-1161
-1741
-1931
-1696
-1146
-661
-243
127
450
804
1032
1057
965
823
818
868
1054
1205
1222
1264
1307
1321
1255
1018
557
61
-355
-609
-725
-824
-852
-745
-441
7
392
637
651
579
411
141
-156
-509
-857
-1095
-1166
-1052
-719
-391
-90
169
383
543
517
289
-169
-717
-1237
-1713
-2105
-2380
-2558
-2692
-2716
-2623
-2530
-2420
-2507
-2531
-2469
-2321
-1803
-1215
-104
1410
2904
4217
4862
4961
4987
4435
3713
2736
1150
-216
-1643
-2693
-3088
-3308
-3170
-2885
-2582
-1790
-1017
-343
159
159
202
383
701
1162
1395
1602
1871
2035
2414
2412
2093
1584
677
10
-615
-1245
-1591
-1970
-2009
-1653
-1075
-195
507
1118
1668
1958
2276
2401
2199
1921
1489
1171
911
660
508
291
157
177
160
232
299
243
261
236
264
320
297
292
305
422
562
564
498
337
107
-121
-444
-741
-976
-1135
-1096
-965
-778
-439
-123
146
336
377
297
17
-380
-848
-1335
-1731
-1946
-2163
-2286
-2267
-2174
-2007
-1957
-2060
-2241
-2571
-2841
-3059
-3076
-2683
-1972
-498
1481
3319
4789
5427
5447
5266
4306
3248
1781
-199
-1698
-3101
-3884
-3913
-3752
-3192
-2487
-1794
-671
151
648
841
528
418
450
726
1140
1261
1516
1769
1866
2040
1689
1047
234
-802
-1431
-1950
-2315
-2281
-2166
-1582
-565
450
1529
2235
2685
3054
3068
2958
2531
1806
1180
587
243
24
-243
-297
-273
-20
490
868
1169
1267
1112
1034
848
630
366
-27
-219
-228
-99
136
246
285
261
206
173
-40
-314
-584
-768
-733
-524
-254
-18
228
463
622
640
473
110
-412
-892
-1342
-1684
-1914
-2056
-2107
-2051
-1910
-1799
-1774
-1930
-2273
-2707
-3118
-3431
-3454
-3156
-2464
-1259
878
3083
4826
5730
5664
5325
4410
3098
1763
-176
-1975
-3303
-4302
-4380
-4156
-3745
-2976
-2389
-1515
-458
115
564
523
327
505
795
1317
1532
1490
1621
1507
1370
1075
300
-380
-1114
-1612
-1547
-1500
-1173
-645
-54
945
1884
2591
3111
3203
3233
3057
2590
2039
1152
260
-451
-982
-1177
-1316
-1325
-899
-302
614
1540
2136
2684
2833
2776
2613
2080
1507
789
100
-237
-469
-511
-510
-622
-573
-545
-596
-619
-776
-881
-765
-497
1
462
810
1116
1256
1336
1183
733
157
-502
-1109
-1521
-1837
-1953
-1987
-2018
-1935
-1847
-1900
-2058
-2385
-2755
-3125
-3483
-3634
-3749
-3517
-2909
-2014
-464
1752
3889
5426
5793
5236
4470
3193
1853
587
-1175
-2608
-3650
-4300
-4088
-3735
-3258
-2574
-2022
-1145
-111
598
1048
1025
928
1149
1537
1963
1989
1689
1478
1113
824
432
-321
-911
-1428
-1567
-1201
-834
-380
153
730
1570
2372
2873
3128
3043
2845
2530
1970
1257
284
-637
-1351
-1903
-2038
-1913
-1555
-731
308
1473
2541
3132
3460
3461
3032
2478
1643
618
-276
-938
-1235
-1268
-1220
-1058
-836
-628
-385
-302
-369
-475
-458
-247
106
576
992
1214
1361
1384
1192
799
169
-541
-1209
-1679
-1889
-1946
-1939
-1868
-1774
-1654
-1535
-1622
-1821
-2195
-2565
-2838
-3144
-3323
-3349
-3287
-2767
-1950
-809
1266
3325
4938
5762
5343
4684
3803
2374
1370
-228
-2028
-3096
-4179
-4282
-3993
-3866
-3217
-2579
-1761
-338
541
1227
1560
1352
1635
1843
2076
2041
1389
922
520
45
-183
-865
-1461
-1663
-1766
-1244
-730
-363
192
696
1432
2354
2849
3150
3122
2977
2811
2258
1532
465
-632
-1477
-2113
-2363
-2230
-1791
-856
408
1810
3058
3767
4026
3935
3516
2721
1716
566
-575
-1350
-1595
-1541
-1309
-1025
-740
-353
-52
146
150
-15
-67
76
347
720
1009
1121
1040
929
723
261
-326
-1062
-1598
-1885
-1939
-1768
-1650
-1543
-1407
-1294
-1215
-1296
-1655
-1980
-2363
-2605
-2736
-2851
-2874
-2996
-2914
-2252
-1558
-384
1633
3235
4519
4827
4326
3996
2908
1803
874
-853
-2124
-3094
-3938
-3758
-3667
-3327
-2525
-1938
-727
459
1130
1818
1850
1767
1964
1868
1873
1376
580
176
-357
-685
-913
-1398
-1497
-1360
-1038
-339
156
702
1261
1751
2461
2938
3125
3111
2795
2467
1924
1099
241
-846
-1739
-2272
-2527
-2327
-1786
-830
481
1870
3208
4087
4338
4229
3677
2866
1756
499
-591
-1525
-1965
-1919
-1759
-1420
-1018
-682
-250
-19
137
200
121
251
481
702
897
911
753
519
154
-215
-745
-1340
-1728
-1880
-1768
-1477
-1202
-956
-847
-814
-778
-976
-1283
-1678
-2047
-2294
-2504
-2620
-2718
-2951
-3071
-2907
-2328
-1438
346
2605
4286
5217
5195
4765
4195
3016
1901
464
-1432
-2718
-3696
-4092
-3841
-3633
-3000
-2108
-1191
167
1163
1703
2064
1875
1885
2006
1876
1537
733
11
-384
-853
-1155
-1502
-1848
-1721
-1429
-834
-126
349
874
1422
1974
2579
2794
2748
2528
2153
1808
1195
402
-546
-1512
-2155
-2436
-2427
-1977
-1203
-113
1257
2615
3689
4165
4126
3673
2953
1919
808
-280
-1316
-1894
-1972
-1736
-1344
-934
-579
-183
112
372
461
394
406
458
612
748
823
750
489
200
-33
-371
-712
-998
-1156
-1145
-1018
-792
-671
-706
-882
-1096
-1374
-1790
-2118
-2411
-2750
-2871
-2885
-2919
-2984
-3120
-2706
-2131
-958
1473
3667
5253
5829
5351
4963
3988
2695
1673
-425
-2193
-3353
-4356
-4260
-4167
-3976
-3136
-2414
-1105
372
1100
1881
2007
1954
2363
2395
2299
1603
467
-138
-848
-1464
-1763
-2358
-2428
-2125
-1617
-646
-5
532
1143
1609
2274
2703
2688
2607
2340
2171
1922
1265
453
-690
-1711
-2295
-2614
-2539
-2157
-1281
90
1622
3224
4329
4697
4611
4005
3158
2052
731
-467
-1566
-2155
-2045
-1751
-1356
-897
-510
-68
301
575
707
578
545
632
689
765
681
479
185
-60
-189
-467
-755
-899
-920
-787
-611
-463
-495
-716
-1020
-1290
-1704
-2163
-2537
-2845
-2989
-2977
-2945
-2903
-3005
-3087
-2622
-1907
20
2736
4696
5911
5931
5277
4796
3582
2438
1057
-1278
-2738
-3864
-4462
-4164
-4214
-3830
-3001
-2081
-408
835
1535
2125
1894
2137
2504
2361
1958
755
-333
-934
-1703
-2027
-2364
-2818
-2460
-1945
-986
71
568
1137
1634
2103
2745
2831
2661
2458
2077
1960
1515
718
-307
-1621
-2538
-2976
-3096
-2695
-2076
-919
948
2658
4255
5197
5224
4871
3940
2864
1737
191
-965
-1782
-2253
-2019
-1780
-1450
-1044
-702
-45
469
825
1205
1190
1280
1479
1422
1232
696
146
-278
-759
-972
-1178
-1415
-1266
-1059
-710
-422
-379
-378
-628
-1051
-1295
-1770
-2254
-2402
-2648
-2598
-2460
-2372
-2363
-2666
-2999
-2733
-2522
-1286
1262
3550
5229
5745
5281
4729
3581
2412
1414
-658
-2264
-3444
-4278
-4073
-3986
-3675
-2986
-2254
-847
515
1355
2128
1955
1933
2258
2222
1976
903
-284
-1019
-1748
-2003
-2122
-2467
-2142
-1687
-812
349
938
1424
1732
2026
2606
2808
2746
2674
2230
2025
1628
842
-106
-1494
-2547
-3044
-3142
-2586
-1805
-601
1197
2778
4237
5135
5120
4674
3721
2678
1633
313
-658
-1400
-1959
-1947
-1934
-1832
-1579
-1291
-718
-158
378
962
1186
1416
1702
1665
1436
874
217
-398
-993
-1252
-1438
-1569
-1405
-1095
-672
-262
-83
-103
-489
-986
-1403
-1975
-2442
-2737
-2867
-2745
-2666
-2449
-2290
-2670
-2923
-2858
-2559
-1214
1416
4111
5914
6207
5572
4726
3427
2326
1290
-635
-2254
-3381
-4044
-3891
-3769
-3588
-3251
-2645
-1362
84
1245
2100
2157
2281
2682
2917
2593
1363
25
-1053
-1863
-2062
-2184
-2445
-2207
-1793
-887
189
812
1227
1430
1789
2420
2840
3091
3097
2724
2408
1836
954
-286
-1859
-3076
-3723
-3706
-2986
-2009
-613
1277
2951
4392
5251
5242
4698
3703
2689
1762
589
-404
-1210
-1900
-2117
-2153
-2057
-1852
-1513
-887
-162
556
1200
1503
1637
1788
1759
1491
925
245
-365
-907
-1202
-1320
-1418
-1304
-1036
-699
-290
-185
-249
-626
-1182
-1675
-2072
-2419
-2607
-2545
-2382
-2071
-1957
-2011
-2331
-3116
-3519
-3315
-2580
-36
3108
5645
6805
6225
5215
4009
2661
1819
387
-1451
-2595
-3613
-3886
-3837
-3971
-3854
-3655
-2714
-1096
498
1931
2573
2636
2973
3140
2982
1988
455
-819
-1813
-2074
-1883
-1906
-1765
-1544
-1161
-317
238
609
808
980
1671
2491
3200
3728
3549
3086
2464
1473
364
-1121
-2545
-3422
-3725
-3152
-2127
-932
636
2079
3300
4275
4670
4550
3984
3160
2441
1498
457
-498
-1537
-2303
-2680
-2694
-2394
-1982
-1342
-554
217
998
1500
1710
1798
1735
1562
1120
550
-81
-752
-1248
-1509
-1590
-1501
-1325
-895
-505
-260
-180
-405
-904
-1534
-2048
-2381
-2630
-2687
-2610
-2565
-2435
-2481
-2508
-2993
-3524
-3354
-2715
-795
2634
5383
6910
6603
5152
3959
2615
1856
1174
-442
-1589
-2600
-3417
-3526
-3945
-4305
-4364
-3986
-2401
-452
1434
2813
3042
3269
3466
3227
2601
1167
-260
-1207
-1658
-1392
-1275
-1380
-1420
-1606
-1263
-699
-283
261
622
1361
2443
3353
4181
4218
3539
2760
1669
616
-507
-1789
-2632
-3060
-2854
-2061
-1225
-119
1041
2056
3119
3870
4240
4189
3687
3055
2234
1193
131
-979
-1853
-2329
-2408
-2151
-1842
-1456
-932
-336
336
951
1401
1764
2008
2087
1891
1359
611
-292
-1153
-1702
-1909
-1835
-1556
-1128
-752
-475
-390
-617
-1108
-1573
-1944
-2100
-2140
-2177
-2239
-2431
-2505
-2663
-3030
-3389
-3704
-3670
-2731
-636
2850
5617
6878
6420
4748
3280
2360
1836
1422
306
-828
-1845
-2871
-3389
-4091
-4802
-5036
-4681
-3118
-849
1148
2411
2573
2595
2787
2668
2350
1455
452
-22
-221
-45
-112
-772
-1512
-2298
-2518
-2064
-1474
-603
232
1133
2419
3519
4255
4270
3532
2812
2033
1282
535
-509
-1415
-2109
-2499
-2316
-1913
-1180
-99
1005
2277
3432
4127
4325
3885
3215
2509
1601
761
-107
-891
-1320
-1550
-1681
-1819
-1969
-1829
-1422
-726
195
1013
1717
2163
2231
1973
1389
593
-244
-959
-1322
-1341
-1200
-1093
-1021
-1117
-1248
-1370
-1466
-1630
-1823
-1839
-1890
-1948
-2019
-2364
-2661
-2917
-3299
-3122
-3340
-3326
-2679
-1684
887
4017
5596
6077
4678
3100
2471
1880
2233
1970
697
-186
-1686
-2852
-3443
-4541
-4820
-4886
-4005
-1773
14
1521
1869
1233
1503
1555
1822
2147
1661
1767
1671
1415
1322
148
-1027
-2182
-3124
-2722
-2132
-1106
-11
464
1456
2167
2630
3052
2592
2488
2568
2410
2451
1632
607
-456
-1764
-2310
-2535
-2112
-1016
-38
1316
2426
2962
3284
2888
2492
2301
2123
2142
1698
1030
404
-566
-1381
-2208
-2835
-2823
-2392
-1439
-371
521
1301
1574
1600
1531
1263
1078
785
446
190
-216
-636
-1178
-1800
-2155
-2398
-2371
-2029
-1776
-1595
-1552
-1671
-1876
-2158
-2375
-2610
-2840
-3000
-2999
-2948
-2944
-2540
-1623
377
3359
5199
5455
4344
2471
1739
1833
2469
2961
1959
584
-1062
-2721
-3280
-3953
-4421
-4381
-3875
-1978
-103
913
850
-381
-711
-143
870
2278
2739
2966
2994
2515
2131
947
-568
-1831
-2810
-2431
-1490
-595
52
-134
-122
232
749
1462
1714
2115
2857
3318
3552
2856
1473
41
-1308
-1903
-1837
-1241
-234
441
994
1465
1518
1539
1299
1200
1683
2357
3041
3037
2187
1085
-210
-1259
-1948
-2377
-2252
-1853
-1278
-639
-333
-65
116
316
824
1369
1862
1966
1580
1014
223
-535
-1161
-1763
-2027
-2198
-2163
-1964
-1959
-2045
-2307
-2551
-2584
-2606
-2362
-2284
-2467
-2669
-2953
-2882
-2769
-2331
-1165
870
3584
5219
4926
3515
1628
1026
1490
2565
3421
2893
1429
-653
-2837
-3692
-4181
-4075
-3599
-2806
-1037
460
850
-7
-1731
-2246
-1478
189
2165
3262
3776
3548
2747
1865
695
-323
-1056
-1424
-896
-133
312
-35
-1046
-1699
-1486
-535
685
1526
2270
2914
3060
2644
1671
535
-218
-557
-373
157
673
1035
902
530
428
453
649
920
1210
1773
2246
2372
1950
1047
269
-195
-504
-658
-875
-1077
-1276
-1400
-1394
-1290
-1001
-466
251
1051
1646
1826
1585
1050
566
209
-13
-278
-702
-1214
-1820
-2323
-2503
-2528
-2435
-2334
-2220
-2118
-2084
-2219
-2680
-3009
-3216
-3006
-2631
-2216
-1375
-191
1882
4192
4738
3999
2258
1059
1500
2487
4008
4307
3033
1218
-1507
-3279
-3794
-3898
-3115
-2685
-1768
-594
-261
-484
-1853
-2792
-2190
-791
1289
2672
3120
3039
2230
1588
1196
1035
1235
1159
1002
836
331
-479
-1707
-2662
-2525
-1483
-15
1048
1350
1488
1354
1034
742
393
505
853
1143
1332
1032
634
150
-150
293
961
1693
2013
1612
1218
767
618
708
686
876
912
794
431
-485
-1318
-1873
-1917
-1364
-830
-397
-253
-303
-150
71
461
954
1294
1536
1449
1069
540
-274
-1076
-1637
-2039
-2099
-1970
-1955
-2223
-2599
-2842
-2945
-2847
-2576
-2482
-2430
-2506
-2703
-2800
-2679
-1872
-391
1916
4237
4672
3470
1664
537
1248
2688
4287
4657
3445
1614
-930
-2782
-3269
-3249
-2479
-1951
-1370
-748
-1009
-1795
-3028
-3389
-2053
-212
1573
2404
2254
1850
1198
987
1343
2046
2868
3066
2625
1851
770
-431
-1607
-2138
-1607
-566
324
435
-72
-366
-397
-281
67
431
954
1309
1236
980
543
394
589
1104
2111
2923
3011
2329
1152
392
232
598
1159
1321
1118
603
-117
-869
-1552
-1816
-1586
-1050
-445
-247
-608
-1130
-1363
-1018
-190
826
1692
1976
1654
1003
255
-229
-445
-559
-695
-1051
-1430
-1915
-2615
-3035
-3336
-3406
-3098
-2846
-2736
-2781
-3130
-3307
-3324
-2910
-1801
-464
1599
3689
4167
3224
1646
778
1646
3134
4669
4850
3583
1701
-693
-2267
-2468
-2041
-1231
-1172
-1368
-1605
-2321
-3077
-3851
-3511
-1701
261
1650
1760
1061
454
79
562
1622
2914
3967
3879
3042
1923
837
134
-346
-292
224
548
277
-794
-1915
-2230
-1749
-841
11
484
540
164
-404
-702
-472
341
1452
2504
3308
3545
2972
1876
941
725
1247
2093
2597
2238
1116
-227
-1181
-1621
-1559
-1055
-643
-483
-660
-1188
-1837
-2242
-1992
-1148
-88
896
1376
1336
1036
703
593
645
810
909
604
-65
-972
-1812
-2366
-2696
-2787
-2881
-3248
-3549
-3806
-3971
-3864
-3466
-2971
-2370
-1588
2
2240
3590
3468
2200
1221
1871
3566
5175
5634
4296
2286
44
-1406
-1423
-752
-231
-576
-1525
-2103
-2722
-3422
-4176
-4214
-2664
-598
755
792
-79
-604
-460
444
1881
3122
3897
3589
2593
1723
1254
1324
1374
1434
1754
1744
1019
-552
-2181
-2647
-2023
-949
-282
-298
-720
-1464
-2119
-2248
-1630
-347
1007
2028
2643
2861
2663
2075
1688
1855
2521
3204
3313
2720
1605
416
-364
-678
-573
-343
-365
-801
-1493
-2020
-2306
-2410
-2292
-1919
-1400
-983
-693
-405
-99
474
1058
1346
1383
1254
1054
634
119
-269
-622
-920
-1321
-1994
-2848
-3813
-4382
-4687
-4712
-4321
-3969
-3488
-2839
-1800
441
2267
2734
2080
1229
1961
3735
5351
6278
5209
3456
1387
-237
-417
185
659
247
-1180
-2106
-2809
-3354
-3906
-4265
-3278
-1645
-541
-499
-1351
-1769
-1316
-189
1557
2975
3835
3624
2631
1979
1836
2203
2548
2590
2786
2751
2049
719
-775
-1307
-960
-367
-173
-690
-1462
-2308
-2922
-2964
-2467
-1541
-630
38
727
1335
1854
2029
2099
2478
3091
3690
3880
3411
2666
1942
1450
1172
858
565
132
-409
-968
-1387
-1663
-1966
-2298
-2524
-2611
-2596
-2562
-2430
-2015
-1295
-340
333
593
713
826
939
1030
942
804
533
170
-312
-1099
-1915
-2818
-3743
-4482
-4823
-4792
-4343
-3795
-2232
-286
807
541
-257
-143
1647
3890
5831
6146
4903
3257
1470
830
1357
2292
2386
1073
-725
-2042
-3044
-3578
-4096
-3752
-2503
-1459
-1384
-2268
-2900
-2696
-1867
-319
1328
2492
2898
2191
1564
1655
2296
3072
3196
3246
3337
3009
2297
1248
589
782
1088
995
226
-855
-1758
-2525
-2719
-2535
-2193
-1917
-2078
-2168
-1724
-787
336
1036
1589
2030
2270
2722
3090
3423
3635
3543
3284
2708
2085
1587
941
390
16
-160
-412
-1069
-1793
-2428
-2720
-2712
-2744
-2853
-3011
-2942
-2579
-2128
-1485
-693
-102
265
400
450
583
728
928
862
557
107
-477
-1361
-2374
-3280
-3662
-3662
-3320
-2169
-884
-346
-1004
-1961
-1757
39
2354
4485
4864
3881
2451
1085
999
2071
3377
3702
2357
510
-898
-1879
-2328
-2759
-2502
-1753
-1459
-2004
-3126
-3641
-3222
-2320
-909
499
1402
1504
690
270
860
2076
3137
3291
3111
2958
2665
2230
1891
1967
2391
2521
2080
1118
124
-732
-1409
-1649
-1595
-1550
-1943
-2732
-3286
-3148
-2301
-1160
-270
181
329
422
730
1483
2460
3322
3863
3778
3366
2936
2431
2129
1813
1540
1292
733
-54
-897
-1494
-1614
-1637
-1748
-2133
-2779
-3344
-3667
-3544
-3055
-2374
-1678
-1320
-1236
-1086
-871
-411
236
696
862
721
352
-63
-744
-1283
-1636
-1761
-1741
-1606
-834
-314
-534
-1357
-2108
-1284
331
1889
3088
2577
1668
677
111
1072
2560
3530
3141
1334
4
-647
-870
-987
-1232
-1009
-955
-1379
-2254
-3110
-2936
-2334
-1572
-479
243
548
123
-472
-69
982
2119
2587
2361
2209
2089
1972
1883
2115
2648
2864
2674
2097
1322
839
369
36
-63
-329
-916
-1912
-2821
-2996
-2519
-1662
-976
-762
-851
-940
-677
-134
694
1584
2219
2732
2832
2760
2742
2513
2479
2477
2344
2017
1223
355
-171
-308
-137
-262
-752
-1519
-2284
-2763
-3042
-2960
-2772
-2645
-2518
-2557
-2441
-2102
-1669
-1058
-624
-262
-188
-234
-173
-244
-342
-381
-546
-492
-808
-860
-101
334
296
-505
-1328
-770
322
1302
2074
1476
789
-35
-251
662
1942
2627
2018
611
-107
-231
-141
-445
-794
-684
-789
-1150
-1941
-2665
-2479
-2031
-1418
-544
2
116
-395
-734
-144
932
1844
2019
1836
1870
1929
2025
1948
2113
2509
2581
2362
1985
1460
1098
818
673
621
295
-510
-1621
-2352
-2439
-1950
-1204
-879
-914
-1099
-1163
-738
-205
359
1036
1315
1563
1751
1827
2007
2158
2348
2440
2327
1995
1330
699
475
601
739
406
-154
-843
-1419
-1711
-1981
-2214
-2417
-2626
-2842
-2994
-2873
-2611
-2299
-1947
-1660
-1507
-1384
-1436
-1181
-950
-539
-166
-100
-212
-367
223
1053
1420
996
39
-268
468
1022
1929
1649
831
33
-613
-142
1011
1673
1497
338
-430
-388
-251
-284
-711
-728
-733
-890
-1219
-1902
-2167
-2063
-1908
-1065
-251
84
-175
-733
-529
318
1144
1563
1536
1673
1789
1962
2117
2198
2482
2534
2286
2182
1890
1519
1126
809
808
726
335
-408
-1146
-1557
-1559
-1344
-1213
-1209
-1229
-1294
-1010
-464
7
374
500
553
653
914
1332
1704
1881
1874
1902
1870
1599
1312
1069
938
942
794
401
-89
-529
-815
-1140
-1475
-1813
-2231
-2614
-2933
-2951
-2870
-2793
-2799
-2857
-2858
-2680
-2406
-2113
-1840
-1503
-1182
-759
-406
-180
828
1582
1918
1608
839
825
1377
1804
2575
2212
1439
445
-417
-132
697
1343
1132
141
-528
-785
-802
-817
-1047
-789
-806
-949
-1088
-1543
-1792
-1931
-2009
-1263
-419
83
-88
-568
-463
74
795
1316
1516
1744
1646
1628
1867
2099
2530
2672
2515
2498
2258
1824
1343
1025
1029
1033
900
540
240
-86
-561
-834
-987
-1078
-970
-945
-808
-608
-569
-528
-450
-206
166
539
825
910
1022
1114
1282
1568
1642
1566
1417
1231
1124
943
619
344
138
-38
-350
-782
-1326
-1831
-2109
-2396
-2547
-2653
-2850
-3087
-3336
-3477
-3361
-3127
-2876
-2632
-2388
-1956
-1564
-858
86
867
1304
1288
1174
1538
1972
2516
3135
3055
2626
1697
887
757
1150
1444
1259
616
51
-388
-726
-1134
-1300
-1166
-1199
-1213
-1317
-1541
-1723
-2117
-2337
-1931
-1202
-578
-482
-669
-678
-445
8
515
1125
1685
1815
1794
1745
1823
2050
2236
2340
2547
2604
2339
1875
1379
1060
941
1012
1036
981
621
27
-452
-732
-846
-757
-693
-706
-796
-988
-1067
-1001
-842
-582
-239
149
414
449
345
273
525
901
1269
1537
1569
1389
1062
719
584
522
434
285
52
-293
-773
-1300
-1771
-2127
-2370
-2486
-2632
-2783
-3055
-3467
-3731
-3712
-3340
-2873
-2324
-1566
-788
-397
-321
-311
242
1115
2093
3013
3301
3101
2533
2039
2088
2536
2829
2648
1941
1272
736
283
-210
-643
-858
-1109
-1328
-1391
-1554
-1820
-2270
-2713
-2663
-2212
-1698
-1398
-1360
-1326
-1253
-1060
-731
-181
463
849
1132
1500
1853
2160
2271
2195
2289
2420
2607
2731
2697
2440
1988
1606
1477
1512
1407
986
485
52
-260
-373
-462
-574
-798
-1050
-1202
-1173
-1012
-858
-806
-740
-526
-198
56
131
119
48
54
269
656
960
975
858
662
549
532
479
389
195
-70
-334
-622
-978
-1313
-1746
-2129
-2415
-2545
-2663
-2786
-2825
-2888
-2680
-2286
-1872
-1585
-1531
-1491
-1029
-521
260
1002
1483
1746
1790
1876
2081
2403
2678
2748
2757
2675
2360
1930
1220
656
258
-133
-403
-546
-730
-1091
-1700
-2260
-2524
-2388
-2133
-1971
-1885
-1912
-1961
-1862
-1608
-1070
-529
-175
189
630
1077
1410
1582
1716
1924
2162
2373
2490
2580
2502
2352
2237
2192
2178
2038
1724
1362
1002
676
358
85
-194
-489
-734
-927
-965
-861
-784
-756
-764
-760
-716
-599
-400
-192
-24
63
130
199
207
202
213
206
181
145
143
156
133
8
-243
-446
-676
-843
-980
-1107
-1277
-1500
-1825
-2075
-2169
-2110
-1832
-1564
-1341
-1262
-1273
-1311
-1158
-976
-501
-30
402
665
743
776
925
1203
1601
1906
2081
2079
1925
1733
1472
1252
961
637
404
251
78
-276
-806
-1255
-1553
-1704
-1825
-1967
-2007
-1951
-1888
-1736
-1619
-1464
-1418
-1347
-1032
-476
170
652
938
1164
1352
1505
1628
1814
2118
2339
2440
2397
2303
2245
2140
2018
1851
1631
1376
1070
830
652
429
117
-322
-691
-863
-920
-922
-895
-774
-630
-482
-373
-340
-361
-362
-276
-72
140
257
275
186
48
-28
-29
-29
-102
-252
-431
-490
-508
-566
-741
-990
-1173
-1268
-1319
-1302
-1266
-1263
-1242
-1155
-946
-774
-706
-774
-820
-754
-565
-233
81
278
379
442
560
763
908
986
1001
1103
1307
1483
1527
1325
1016
648
353
234
233
250
142
-170
-573
-960
-1280
-1457
-1599
-1727
-1836
-1907
-1832
-1642
-1424
-1268
-1197
-1105
-890
-580
-205
158
465
694
930
1244
1583
1860
2001
2056
2173
2340
2495
2517
2350
2067
1816
1624
1450
1255
956
593
299
154
120
39
-265
-661
-969
-1100
-1041
-906
-804
-755
-719
-659
-578
-446
-304
-192
-81
25
157
243
202
71
-93
-169
-189
-229
-334
-527
-731
-861
-932
-971
-1095
-1195
-1266
-1324
-1151
-877
-606
-413
-397
-381
-320
-270
-156
-12
145
297
391
502
624
751
793
751
736
747
779
840
862
886
822
579
306
144
100
90
-53
-263
-477
-635
-738
-869
-1013
-1226
-1460
-1610
-1635
-1564
-1459
-1398
-1335
-1163
-887
-598
-367
-180
-23
191
505
860
1178
1388
1529
1717
1973
2227
2378
2362
2269
2152
2068
1940
1759
1533
1261
978
719
493
255
22
-168
-277
-353
-451
-628
-820
-960
-1029
-1039
-1018
-958
-900
-850
-813
-731
-555
-372
-219
-101
-5
87
103
38
-43
-94
-145
-191
-295
-454
-658
-838
-974
-1018
-995
-914
-817
-726
-687
-674
-679
-620
-451
-246
12
198
286
287
297
412
622
765
835
808
748
729
732
740
693
572
421
264
173
56
-101
-286
-442
-521
-531
-597
-725
-950
-1165
-1292
-1296
-1193
-1127
-1097
-1146
-1190
-1132
-983
-778
-559
-390
-174
59
271
454
632
864
1169
1505
1794
1991
2098
2108
2074
2041
2032
2017
1957
1815
1601
1371
1151
938
743
542
314
64
-204
-415
-546
-640
-739
-843
-929
-970
-1008
-1034
-1073
-1086
-1056
-987
-868
-725
-544
-395
-309
-214
-139
-31
51
73
93
96
108
70
-74
-256
-416
-537
-560
-532
-474
-472
-496
-560
-593
-583
-535
-445
-313
-169
4
133
228
292
360
455
598
740
812
790
718
621
575
595
604
552
395
163
-72
-262
-372
-458
-559
-667
-823
-941
-1061
-1146
-1207
-1213
-1157
-1098
-1034
-933
-830
-719
-591
-445
-258
-85
98
268
437
573
694
858
1097
1410
1661
1787
1832
1853
1894
1919
1853
1749
1610
1468
1313
1153
991
816
642
457
290
130
-97
-369
-600
-769
-842
-860
-911
-965
-1037
-1080
-1105
-1084
-1018
-955
-870
-760
-658
-541
-436
-391
-319
-248
-125
1
59
47
20
36
92
90
15
-104
-173
-175
-203
-223
-274
-343
-407
-453
-454
-404
-374
-334
-283
-171
4
145
243
338
421
536
607
657
654
623
569
502
456
421
322
208
55
-116
-278
-472
-649
-786
-857
-898
-968
-1063
-1136
-1132
-1055
-988
-926
-863
-774
-636
-457
-275
-114
28
170
325
540
746
891
959
1007
1125
1303
1489
1588
1590
1569
1542
1511
1475
1375
1225
1050
874
729
586
423
252
94
-13
-111
-236
-416
-625
-785
-882
-922
-944
-990
-1055
-1114
-1116
-1042
-907
-760
-663
-636
-597
-506
-374
-253
-190
-148
-100
-28
15
36
27
49
97
131
170
194
191
166
110
16
-55
-124
-153
-155
-153
-156
-190
-197
-162
-72
69
194
275
322
358
437
525
588
597
530
455
391
377
363
265
99
-87
-255
-383
-521
-670
-794
-893
-933
-953
-972
-984
-958
-879
-791
-685
-560
-434
-301
-160
-9
152
317
477
632
773
921
1034
1104
1130
1183
1241
1300
1306
1256
1183
1135
1089
1038
969
869
744
589
397
180
-9
-172
-287
-383
-473
-598
-755
-918
-990
-979
-940
-948
-992
-1043
-1037
-945
-823
-693
-582
-512
-446
-388
-332
-255
-214
-173
-137
-89
-41
-10
-5
-18
-17
81
176
264
292
253
218
179
132
84
39
13
17
40
68
81
119
138
168
241
298
330
340
316
324
358
397
389
341
283
216
156
99
9
-98
-247
-387
-510
-607
-664
-738
-780
-786
-766
-730
-670
-598
-515
-428
-316
-223
-102
51
198
346
470
582
701
833
949
1048
1111
1125
1116
1106
1084
1045
971
836
708
607
560
543
501
404
272
141
4
-140
-264
-385
-496
-576
-665
-753
-842
-938
-977
-945
-855
-778
-754
-764
-763
-693
-570
-464
-383
-324
-278
-237
-201
-147
-120
-92
-106
-84
-50
0
37
51
67
94
110
126
135
122
149
163
174
156
129
122
141
206
269
304
310
322
341
368
369
345
304
259
239
230
228
182
119
40
-16
-63
-104
-172
-277
-388
-474
-541
-599
-616
-624
-609
-568
-515
-454
-399
-340
-278
-171
-64
33
121
229
353
506
667
764
843
894
932
952
961
943
910
846
786
719
625
506
363
267
200
159
109
-4
-143
-266
-356
-410
-471
-537
-606
-684
-746
-801
-844
-868
-868
-797
-685
-580
-526
-516
-505
-440
-339
-219
-154
-129
-138
-155
-137
-88
-23
10
13
19
48
63
81
76
73
88
122
175
198
214
221
230
259
301
337
345
346
362
389
391
403
410
443
462
464
423
343
240
161
98
62
18
-48
-122
-195
-245
-292
-334
-381
-424
-442
-474
-500
-513
-511
-468
-384
-283
-193
-131
-99
-24
72
168
246
310
366
434
499
574
618
637
637
635
639
633
580
485
357
260
204
154
95
13
-81
-154
-210
-257
-300
-365
-428
-497
-531
-552
-582
-610
-623
-651
-664
-658
-624
-582
-530
-450
-386
-340
-320
-292
-251
-191
-136
-91
-77
-85
-83
-81
-42
10
63
63
42
9
0
-16
-17
-9
40
90
123
155
193
261
321
385
438
453
460
434
421
418
423
439
438
452
493
523
511
451
357
278
211
153
82
-22
-135
-231
-281
-293
-283
-288
-294
-316
-340
-338
-320
-284
-246
-183
-103
-27
44
108
188
274
364
434
465
490
506
538
525
500
474
455
440
412
391
331
253
174
107
60
3
-79
-175
-271
-333
-369
-412
-463
-516
-547
-576
-577
-572
-570
-578
-580
-554
-505
-457
-427
-402
-372
-313
-229
-154
-123
-130
-139
-117
-76
-37
-19
-38
-77
-93
-70
-20
-12
-18
-60
-103
-127
-130
-118
-109
-107
-73
-30
13
58
88
132
185
236
283
317
329
333
333
343
343
365
375
388
395
391
370
340
299
273
210
132
36
-42
-115
-165
-185
-190
-206
-209
-198
-179
-165
-172
-160
-132
-74
12
81
118
146
182
252
341
413
450
448
429
433
431
433
406
365
326
280
232
171
120
77
30
14
1
-45
-120
-215
-297
-331
-362
-393
-434
-470
-492
-498
-480
-442
-402
-376
-362
-346
-309
-278
-254
-228
-189
-126
-61
-27
-18
-34
-49
-60
-44
-32
-37
-67
-107
-129
-136
-128
-130
-138
-153
-150
-144
-141
-160
-173
-170
-145
-107
-65
-42
-24
-9
21
52
89
128
165
198
218
224
197
163
160
165
187
197
200
208
207
201
172
139
96
43
-1
-25
-41
-52
-69
-61
-37
7
50
97
120
137
150
165
177
172
173
193
235
286
333
361
355
337
318
299
269
241
198
127
53
1
-15
-23
-17
3
11
-6
-40
-92
-147
-192
-226
-270
-305
-348
-384
-396
-386
-340
-295
-254
-226
-210
-201
-184
-169
-143
-108
-88
-68
-66
-81
-78
-62
-28
14
30
11
-45
-100
-162
-206
-229
-235
-217
-214
-201
-196
-195
-195
-198
-177
-153
-137
-125
-139
-141
-137
-133
-111
-69
-15
45
94
151
187
175
166
157
182
198
212
208
201
205
226
245
273
285
282
253
225
199
158
122
90
76
96
126
158
184
195
206
225
231
236
229
208
202
191
200
210
209
216
221
220
210
196
177
154
110
62
28
8
7
2
15
12
-17
-45
-82
-106
-115
-135
-169
-220
-261
-302
-308
-292
-274
-261
-274
-284
-272
-248
-212
-174
-155
-141
-122
-109
-83
-57
-33
-1
22
24
25
2
-27
-69
-104
-118
-124
-129
-128
-107
-107
-97
-106
-113
-122
-125
-135
-139
-150
-172
-181
-184
-177
-154
-130
-103
-74
-44
-13
4
14
29
46
63
86
90
107
141
182
235
281
300
291
272
252
219
192
163
123
100
101
114
114
107
121
149
163
176
158
122
63
24
-4
-23
-29
-25
-30
-21
14
15
14
15
32
38
30
34
36
41
52
76
100
113
115
122
123
98
87
58
18
-16
-39
-51
-70
-89
-97
-103
-103
-117
-114
-97
-76
-31
7
27
42
43
44
70
96
133
149
141
120
100
87
82
73
53
40
22
21
20
22
2
-36
-75
-111
-145
-175
-192
-198
-187
-187
-188
-212
-228
-229
-211
-192
-183
-179
-181
-182
-173
-171
-167
-157
-138
-110
-83
-49
-34
-38
-37
-26
-17
-10
-19
-38
-55
-68
-57
-34
-32
-13
14
20
38
44
28
6
-42
-64
-77
-84
-95
-86
-66
-48
-38
-41
-46
-58
-75
-80
-67
-60
-43
-24
23
84
142
212
264
288
305
298
276
256
247
250
243
244
248
262
270
262
262
254
252
250
247
254
252
255
242
224
211
201
193
190
204
214
202
193
176
166
156
130
100
66
27
-7
-37
-63
-75
-101
-113
-132
-148
-161
-190
-207
-220
-244
-264
-282
-286
-304
-298
-294
-281
-253
-243
-232
-217
-212
-214
-228
-235
-243
-257
-239
-243
-242
-249
-241
-226
-195
-171
-139
-118
-116
-118
-124
-110
-115
-118
-119
-105
-85
-76
-55
-66
-79
-73
-69
-61
-59
-72
-88
-116
-136
-129
-114
-94
-68
-21
23
59
81
128
160
191
213
261
291
317
347
384
423
443
448
431
412
393
396
399
403
375
365
342
324
316
324
342
355
360
364
372
342
307
272
257
246
246
251
254
225
181
141
113
80
59
46
16
-25
-79
-109
-152
-180
-202
-216
-232
-254
-262
-260
-258
-277
-284
-291
-308
-308
-304
-286
-289
-295
-292
-295
-304
-298
-295
-297
-294
-309
-297
-313
-315
-318
-315
-313
-314
-320
-314
-313
-305
-262
-229
-213
-240
-244
-263
-272
-280
-284
-278
-275
-269
-260
-250
-267
-269
-275
-260
-239
-205
-168
-166
-154
-123
-81
-30
14
80
124
181
235
292
338
365
401
426
448
456
472
474
471
485
490
512
514
524
507
511
525
512
586
540
582
563
536
503
474
504
477
534
491
513
434
415
367
329
352
260
313
244
255
183
173
118
64
49
-3
42
-23
-6
-69
-106
-164
-220
-211
-250
-245
-279
-270
-292
-315
-301
-327
-336
-395
-379
-430
-441
-458
-474
-464
-495
-496
-501
-462
-465
-428
-393
-376
-358
-357
-335
-319
-322
-313
-312
-308
-330
-321
-310
-303
-312
-308
-314
-339
-357
-370
-357
-359
-353
-351
-335
-336
-315
-269
-214
-172
-131
-83
-43
7
56
114
169
205
284
333
383
402
434
436
440
437
441
453
431
438
422
432
433
428
440
443
461
471
469
465
464
475
489
518
511
508
499
477
459
439
425
391
364
323
288
243
199
171
136
112
81
62
42
15
-10
-40
-77
-101
-124
-141
-152
-172
-191
-198
-201
-194
-196
-190
-189
-207
-232
-257
-274
-300
-326
-335
-339
-345
-348
-353
-356
-355
-372
-378
-392
-418
-431
-436
-420
-401
-375
-354
-330
-335
-344
-344
-369
-371
-377
-372
-373
-364
-358
-337
-305
-271
-226
-204
-158
-136
-112
-90
-77
-53
-32
4
35
74
117
155
186
221
267
290
316
334
355
374
392
404
407
414
418
437
449
461
465
459
451
439
435
436
435
433
423
424
424
412
393
371
360
333
306
279
248
213
166
114
86
54
31
17
6
-9
-25
-45
-58
-86
-104
-105
-115
-117
-131
-122
-116
-118
-127
-120
-122
-130
-132
-155
-160
-171
-186
-205
-228
-240
-249
-267
-280
-284
-293
-303
-320
-336
-339
-349
-364
-380
-392
-385
-381
-372
-366
-362
-352
-355
-340
-325
-322
-316
-298
-291
-273
-243
-221
-202
-185
-153
-128
-111
-82
-60
-34
-16
-16
-7
5
29
59
82
119
143
174
203
224
248
272
296
295
295
289
294
292
288
283
291
315
329
342
350
350
350
350
340
339
334
319
312
307
311
318
312
292
280
250
225
205
179
156
129
108
87
71
57
39
36
31
25
25
17
3
0
-4
-9
-11
-11
-15
-7
2
-3
-8
-12
-18
-46
-76
-117
-152
-177
-195
-194
-202
-202
-209
-218
-227
-240
-246
-249
-251
-257
-259
-272
-272
-273
-281
-281
-274
-257
-248
-234
-223
-227
-227
-221
-211
-210
-204
-190
-180
-153
-123
-101
-74
-55
-46
-33
-18
-12
-17
-25
-30
-30
-16
4
21
38
64
94
122
143
145
139
149
151
152
158
153
154
151
152
157
167
171
175
185
199
218
229
228
222
221
212
197
193
189
179
168
153
146
137
124
113
90
67
58
38
31
33
33
31
26
27
22
21
24
11
1
-2
-1
2
-4
-13
-26
-42
-54
-64
-83
-108
-124
-132
-154
-154
-159
-171
-181
-201
-201
-197
-186
-182
-191
-198
-202
-198
-188
-188
-190
-180
-175
-155
-131
-110
-93
-89
-81
-61
-35
-22
-8
-4
8
27
52
68
83
92
86
97
105
112
112
103
88
80
93
99
104
98
96
93
92
103
112
119
127
136
146
158
173
178
178
180
178
180
181
183
172
163
163
163
160
155
144
138
129
114
112
106
94
87
63
50
38
23
2
-22
-53
-83
-92
-101
-112
-120
-127
-128
-125
-121
-122
-127
-135
-152
-162
-166
-162
-168
-175
-189
-197
-202
-207
-213
-229
-240
-243
-245
-243
-240
-246
-243
-239
-228
-206
-192
-181
-161
-148
-135
-117
-99
-99
-90
-79
-73
-61
-42
-30
-11
12
27
48
73
84
96
104
108
109
114
120
120
133
137
138
144
140
136
131
124
115
112
108
104
102
95
96
98
108
126
142
144
148
152
150
152
150
140
131
124
126
123
124
126
127
137
134
134
134
125
120
119
110
97
92
76
63
50
34
23
10
-11
-39
-62
-80
-95
-111
-117
-129
-140
-146
-156
-159
-155
-155
-162
-168
-176
-182
-188
-193
-201
-203
-195
-201
-204
-208
-204
-203
-198
-190
-187
-172
-161
-147
-132
-115
-95
-72
-59
-45
-28
-14
2
12
36
55
77
93
102
104
112
128
135
149
167
178
182
181
179
170
170
170
171
168
156
152
141
137
119
106
99
84
68
56
47
45
43
38
45
57
65
70
64
56
47
44
45
43
44
43
48
45
43
43
32
24
19
19
11
3
-2
-5
1
-4
-9
-18
-29
-42
-49
-53
-70
-79
-98
-115
-126
-136
-142
-140
-141
-142
-142
-151
-156
-154
-153
-155
-160
-165
-174
-178
-189
-190
-190
-184
-170
-171
-168
-170
-169
-174
-167
-148
-131
-107
-89
-78
-60
-37
-21
-2
24
42
55
67
79
97
112
128
148
167
181
191
193
192
199
210
216
215
213
208
195
194
192
188
183
174
161
147
138
120
114
110
104
94
83
73
62
55
47
46
38
30
24
12
9
4
1
-2
-6
-7
-8
-11
-17
-19
-17
-21
-24
-18
-17
-27
-37
-47
-60
-68
-72
-78
-86
-100
-115
-121
-125
-129
-137
-148
-148
-157
-164
-165
-175
-179
-183
-187
-189
-190
-192
-188
-189
-186
-172
-169
-164
-152
-148
-145
-139
-128
-124
-109
-103
-95
-86
-76
-64
-55
-40
-29
-10
6
22
36
54
69
84
97
109
120
134
145
150
156
163
172
178
183
183
193
199
202
205
202
201
195
188
183
179
175
168
155
145
131
121
114
101
100
97
87
84
79
72
66
57
48
46
44
41
33
29
25
23
24
27
38
36
35
26
18
21
18
24
12
-3
-9
-20
-22
-34
-48
-63
-73
-83
-92
-100
-115
-126
-138
-143
-152
-160
-163
-174
-169
-163
-162
-164
-171
-176
-180
-174
-175
-177
-168
-159
-156
-155
-148
-142
-137
-122
-119
-119
-108
-99
-92
-80
-71
-66
-55
-45
-31
-17
-3
1
11
21
39
53
58
64
69
77
92
105
114
121
126
132
140
149
156
162
173
177
167
168
169
166
165
166
161
163
158
144
140
138
134
133
129
126
122
116
107
92
88
84
85
82
79
79
73
69
67
71
69
70
76
74
76
66
58
49
41
30
21
4
-14
-29
-49
-69
-85
-102
-111
-119
-133
-141
-151
-156
-164
-169
-177
-186
-190
-192
-196
-201
-207
-207
-204
-204
-202
-201
-193
-189
-183
-175
-164
-153
-150
-145
-143
-136
-132
-122
-115
-105
-93
-86
-81
-74
-64
-51
-38
-24
-12
-4
10
22
33
47
61
71
79
90
96
107
109
115
125
136
142
152
156
163
167
167
167
166
166
162
163
155
145
139
134
132
129
123
120
121
124
117
118
118
115
111
110
109
111
116
112
110
107
100
102
101
94
91
83
79
71
63
49
45
41
33
23
5
-12
-32
-41
-54
-77
-95
-112
-125
-138
-148
-158
-168
-174
-175
-182
-193
-196
-199
-200
-194
-193
-189
-182
-174
-168
-166
-162
-158
-151
-145
-138
-139
-138
-132
-127
-116
-106
-100
-101
-90
-82
-67
-58
-52
-48
-43
-31
-24
-14
-9
-4
6
21
39
46
56
58
61
73
81
91
98
105
106
111
117
121
121
119
120
121
122
122
120
122
118
115
117
117
120
121
120
121
126
126
127
132
132
131
132
132
131
129
132
130
126
128
128
127
119
110
100
89
82
72
62
53
33
19
4
-10
-21
-41
-58
-76
-94
-110
-126
-132
-145
-152
-158
-163
-169
-179
-183
-188
-190
-187
-188
-184
-183
-182
-186
-183
-167
-156
-146
-140
-132
-122
-111
-102
-98
-81
-71
-66
-59
-58
-51
-48
-41
-31
-22
-15
-8
-1
6
15
25
35
45
52
57
62
64
65
65
73
81
89
91
94
92
90
97
99
97
107
113
111
116
116
123
124
121
123
116
114
105
94
96
94
92
89
87
86
87
90
85
82
80
76
67
63
62
52
44
38
31
22
13
14
7
2
-6
-12
-14
-20
-30
-43
-58
-69
-78
-92
-106
-116
-127
-139
-148
-155
-160
-161
-164
-171
-171
-173
-172
-165
-157
-152
-144
-141
-135
-131
-132
-130
-121
-112
-104
-96
-86
-74
-60
-50
-48
-45
-32
-23
-16
-8
-4
1
8
11
11
17
23
28
30
29
34
33
35
45
50
53
54
61
64
66
69
68
70
72
70
63
63
68
70
71
76
87
87
94
99
102
102
99
106
105
101
105
103
101
97
87
86
87
88
87
79
75
74
73
72
73
70
61
50
41
30
19
17
6
-1
-6
-12
-11
-18
-28
-36
-42
-48
-55
-65
-69
-80
-91
-92
-98
-108
-119
-122
-125
-129
-130
-131
-128
-123
-120
-117
-112
-112
-106
-101
-97
-87
-80
-75
-69
-63
-61
-51
-49
-41
-34
-22
-9
-4
6
17
21
28
31
33
34
36
37
36
41
47
49
51
51
60
59
65
72
67
74
74
77
70
64
61
61
59
56
55
49
48
47
47
42
42
43
46
56
54
55
61
60
63
60
53
56
53
51
52
48
48
39
37
40
38
40
41
31
21
19
16
6
3
-2
-8
-12
-20
-24
-35
-43
-47
-55
-62
-68
-72
-77
-79
-85
-87
-93
-99
-103
-109
-111
-117
-119
-123
-122
-117
-116
-115
-109
-103
-95
-91
-85
-80
-79
-73
-71
-59
-52
-51
-44
-41
-33
-28
-28
-19
-18
-17
-11
-8
4
10
17
23
25
29
27
26
24
31
38
37
38
42
55
60
60
61
66
67
70
71
68
71
71
69
64
66
67
70
68
71
63
60
61
60
59
65
63
61
59
57
57
57
60
57
56
57
60
56
50
44
41
39
37
38
36
33
27
25
19
15
4
-1
-11
-21
-30
-32
-36
-43
-41
-50
-49
-54
-62
-65
-71
-64
-62
-58
-63
-69
-74
-81
-77
-76
-73
-77
-78
-81
-86
-83
-78
-75
-70
-60
-56
-52
-51
-45
-39
-31
-25
-18
-16
-16
-11
-11
-13
-9
-8
-1
3
6
10
13
18
17
14
15
15
17
21
24
28
25
22
24
24
29
37
41
51
55
54
54
56
58
58
63
65
67
66
63
66
67
70
69
70
72
75
80
76
75
76
81
79
77
77
70
66
62
54
49
42
38
36
36
37
32
31
28
22
17
17
11
3
-2
-9
-15
-23
-29
-38
-45
-44
-45
-45
-42
-45
-46
-48
-54
-56
-59
-59
-61
-63
-66
-71
-77
-82
-84
-86
-84
-83
-84
-83
-82
-82
-81
-78
-73
-71
-66
-64
-66
-66
-68
-66
-63
-59
-54
-51
-44
-43
-40
-36
-34
-30
-21
-17
-16
-10
-9
-10
-5
-4
-4
-4
-2
2
4
8
13
17
22
31
38
42
46
44
46
47
53
57
58
61
61
62
63
65
67
67
69
65
66
67
69
71
73
76
73
71
66
63
61
57
52
46
38
32
32
31
32
29
27
24
16
13
10
7
8
6
3
-3
-6
-10
-13
-13
-17
-19
-20
-16
-18
-13
-13
-19
-22
-30
-33
-39
-42
-46
-49
-54
-59
-62
-66
-67
-66
-61
-58
-56
-52
-51
-48
-42
-43
-47
-47
-44
-46
-48
-49
-48
-45
-46
-45
-39
-41
-37
-33
-34
-33
-31
-26
-21
-20
-18
-13
-8
-7
-7
-4
0
7
11
15
23
23
26
29
33
34
35
33
41
43
47
51
48
53
52
52
53
53
50
51
55
57
59
61
62
63
64
63
60
59
58
56
57
56
57
56
56
52
48
47
44
44
42
40
33
27
19
15
11
9
12
10
4
5
-1
-6
-8
-11
-11
-10
-13
-13
-16
-17
-17
-21
-26
-27
-28
-32
-33
-38
-40
-46
-49
-52
-58
-61
-67
-66
-66
-68
-68
-65
-65
-66
-69
-71
-72
-70
-67
-65
-64
-60
-58
-61
-58
-55
-55
-54
-52
-52
-51
-50
-46
-44
-41
-37
-35
-30
-27
-23
-18
-12
-5
0
4
13
14
19
25
32
37
43
51
55
59
60
61
62
66
70
74
76
77
77
79
81
83
84
83
85
83
82
82
80
76
70
66
66
63
61
61
57
55
53
51
44
43
38
37
31
22
16
8
3
-2
-7
-11
-13
-14
-15
-19
-19
-23
-27
-31
-35
-40
-41
-40
-41
-44
-45
-48
-50
-51
-54
-56
-57
-58
-58
-59
-59
-62
-65
-65
-69
-71
-73
-72
-72
-70
-69
-67
-66
-65
-62
-58
-52
-46
-44
-41
-37
-36
-39
-38
-36
-32
-29
-25
-21
-22
-20
-20
-19
-15
-13
-12
-4
2
8
10
12
15
18
23
26
29
33
37
38
42
44
44
44
48
55
59
59
60
60
59
61
58
57
54
53
50
49
47
45
41
41
38
36
35
35
36
34
35
33
32
33
33
28
26
24
20
20
18
15
10
11
11
9
8
4
2
-1
-6
-10
-11
-12
-11
-11
-12
-12
-13
-15
-14
-14
-14
-16
-17
-18
-15
-16
-17
-18
-21
-22
-26
-26
-30
-31
-33
-39
-40
-42
-41
-42
-39
-37
-39
-38
-36
-33
-30
-29
-25
-24
-25
-19
-14
-7
-3
-2
-1
2
4
3
5
9
16
19
22
24
27
23
22
23
26
26
25
25
25
22
22
23
20
23
20
20
19
16
14
13
12
10
11
12
12
10
10
9
10
9
8
4
4
3
1
2
3
4
6
7
5
7
6
6
7
5
6
8
7
7
9
7
4
0
-1
-1
-3
-3
1
0
-2
-6
-7
-9
-13
-13
-13
-11
-14
-16
-19
-21
-23
-27
-28
-28
-32
-34
-32
-34
-36
-38
-39
-40
-41
-41
-40
-40
-38
-36
-39
-38
-38
-39
-38
-39
-37
-33
-28
-27
-23
-20
-19
-18
-16
-12
-5
0
6
10
10
11
10
13
13
20
24
26
27
27
27
29
29
28
27
28
28
27
28
25
26
24
23
21
22
20
18
20
19
18
17
18
15
14
11
14
16
17
21
18
17
13
12
12
14
16
17
17
17
19
16
14
11
13
13
13
13
13
11
9
8
2
0
-3
-5
-5
-4
-5
-9
-11
-15
-21
-22
-21
-21
-23
-25
-28
-31
-34
-37
-37
-37
-38
-36
-39
-39
-40
-41
-43
-44
-44
-42
-41
-38
-37
-35
-34
-33
-29
-27
-22
-19
-14
-12
-7
-4
-1
3
7
10
14
17
19
23
25
28
29
30
29
29
29
30
30
32
31
31
33
34
34
32
33
33
34
33
35
34
33
31
29
30
29
30
31
34
34
33
33
32
34
34
33
32
33
32
31
30
30
27
25
23
21
19
18
18
15
14
10
6
3
0
-3
-6
-8
-10
-13
-17
-19
-23
-26
-29
-30
-32
-34
-37
-38
-39
-41
-41
-43
-43
-44
-43
-44
-44
-44
-45
-46
-46
-46
-46
-45
-45
-44
-43
-42
-40
-38
-37
-36
-35
-34
-31
-30
-26
-23
-20
-19
-16
-14
-12
-8
-4
-1
3
7
10
12
14
17
18
19
21
25
26
29
30
30
31
30
33
32
34
34
36
36
35
34
35
35
35
37
38
38
38
37
37
37
35
35
34
34
33
33
31
31
30
29
28
26
25
22
21
19
17
14
11
10
7
5
0
-2
-3
-5
-7
-8
-12
-13
-17
-21
-22
-23
-25
-27
-28
-29
-32
-33
-35
-38
-40
-41
-42
-42
-42
-43
-45
-45
-48
-47
-47
-46
-45
-43
-43
-41
-40
-39
-37
-35
-34
-30
-27
-27
-21
-20
-18
-15
-11
-7
-4
-1
2
6
7
10
12
14
15
16
18
21
22
23
25
26
27
27
29
30
30
30
29
30
29
30
31
32
32
31
31
31
32
30
29
28
29
28
29
27
26
26
25
24
25
24
25
23
23
20
21
20
18
20
19
18
17
18
16
14
13
11
10
10
7
5
2
1
-2
-3
-5
-7
-10
-13
-14
-16
-17
-17
-20
-20
-22
-22
-24
-24
-23
-24
-24
-23
-24
-23
-22
-21
-20
-21
-19
-17
-15
-14
-13
-12
-12
-10
-9
-7
-5
-4
-3
-3
-2
-1
-2
-2
-2
-1
0
1
2
2
3
1
-1
1
1
1
1
1
0
-3
-2
-2
-2
-2
-3
0
-1
0
-1
-1
-1
-1
-1
0
0
0
1
2
0
0
1
0
0
0
0
0
0
2
2
1
1
1
1
1
1
3
1
1
1
2
1
1
1
1
1
-1
0
0
-1
-3
-3
-4
-5
-7
-7
-6
-7
-8
-8
-9
