1
1
1
3
3
1
3
2
3
1
3
4
4
4
6
4
6
5
7
6
5
6
4
9
3
6
6
5
4
4
7
4
2
4
5
3
3
5
2
2
1
5
2
3
2
3
2
2
6
0
3
1
4
1
3
2
3
2
0
2
0
1
0
2
-1
1
1
1
0
0
1
-2
0
-2
0
-4
-1
-2
-2
-3
-3
-1
-3
-2
-4
-3
-4
-4
-2
-4
-2
-3
-1
-4
-4
-2
-4
-2
-6
0
-4
0
-1
-1
0
-4
2
-3
2
-3
2
1
1
1
1
3
-3
3
0
3
-1
1
1
-2
0
-3
2
-3
0
-1
1
0
-1
2
-3
1
-3
1
-1
-2
1
-1
2
-2
3
-1
1
0
1
1
-1
0
0
1
-2
2
0
1
1
1
3
1
4
1
5
2
5
2
4
5
5
6
5
7
4
9
4
11
4
8
8
7
8
6
12
3
13
5
11
8
9
11
6
9
6
10
4
11
3
7
5
3
7
2
7
0
5
3
1
3
1
5
0
2
0
0
-2
-4
-1
-7
-5
-7
-4
-5
-12
-2
-8
-4
-11
-6
-6
-11
-8
-9
-6
-14
-6
-10
-9
-9
-7
-5
-11
-3
-7
-7
-8
-5
-6
-7
-4
-5
-5
-5
-1
1
-4
1
1
4
-1
2
6
3
2
1
9
3
7
8
10
10
9
16
7
15
9
13
10
13
16
6
14
11
12
6
14
11
9
9
12
12
7
9
12
9
4
10
1
10
0
4
5
3
2
0
7
0
2
-3
4
1
-8
-1
-5
-3
-14
-6
-4
-11
-9
-12
-1
-13
-8
-10
-6
-13
-11
-11
-16
-7
-20
-12
-18
-9
-16
-19
-10
-9
-15
-15
-5
-10
-12
-12
-9
-9
-14
-10
-7
-10
-5
-7
-6
-1
1
-2
0
3
5
2
0
7
3
2
4
7
10
2
12
13
14
11
13
20
13
14
15
18
10
11
15
10
13
9
16
14
12
14
12
20
11
11
10
20
11
-1
16
13
3
-3
13
13
-3
4
13
10
-5
7
7
2
-1
-1
3
-11
-3
-6
-15
-6
-7
-8
-16
-10
2
-20
-17
-8
-10
-28
-23
-10
-25
-34
-21
-23
-32
-28
-21
-28
-39
-13
-24
-36
-19
-24
-26
-34
-18
-24
-33
-18
-19
-23
-26
-6
-25
-14
-6
-13
-12
-10
-1
-7
-10
-1
-3
-7
4
-7
10
9
-2
8
10
20
3
4
18
8
5
14
13
12
6
8
22
15
17
21
28
18
30
34
18
25
16
39
20
11
43
18
19
35
20
32
39
19
31
28
44
25
-1
43
33
-7
7
28
11
-10
14
25
6
-5
19
20
-3
4
4
26
-9
1
2
-1
2
-11
-4
11
-1
-18
-9
6
0
-37
-13
25
-25
-42
-15
24
-46
-60
37
-9
-58
-43
39
-17
-63
10
18
-33
-34
-6
10
-20
-12
-23
-5
20
-30
-23
14
25
-48
-20
45
1
-69
-3
36
-29
-65
18
34
-53
-39
34
29
-37
-8
38
20
6
0
37
38
5
7
10
47
-2
-25
31
42
-27
-17
59
-6
-56
28
48
-59
-52
78
-23
-106
24
74
-82
-70
65
26
-120
0
105
-42
-82
47
77
-72
-51
102
32
-96
13
99
-42
-74
86
22
-91
-5
88
-55
-75
82
29
-98
-7
84
-34
-71
39
34
-31
-21
17
18
-16
-28
5
37
-2
-32
-1
61
-20
-58
77
23
-63
20
68
-28
-49
89
28
-75
51
101
-56
-51
149
40
-82
56
137
-16
-75
117
121
-108
23
163
-24
-79
95
82
-89
-8
136
-24
-116
114
94
-129
28
152
-81
-57
119
36
-123
61
116
-96
-38
147
-25
-128
116
65
-128
21
112
-52
-106
122
25
-164
78
36
-105
-8
50
-72
-43
23
-33
-64
30
-49
-56
-18
3
-53
-39
-16
-58
-38
-27
-67
-36
-27
-119
-28
-43
-59
-125
-34
9
-214
-38
39
-214
-75
-8
-86
-158
-52
35
-194
-84
57
-112
-138
21
18
-176
-46
89
-126
-109
84
7
-140
4
93
-73
-56
101
-1
-51
16
82
-35
-42
117
46
-61
82
111
-6
6
126
113
11
51
166
99
-2
127
201
30
54
241
127
33
159
166
100
56
198
132
64
128
147
89
70
108
111
23
109
93
19
104
68
64
-3
133
60
-72
137
67
-63
91
-28
40
0
-89
99
-75
-34
84
-218
126
37
-295
162
-37
-85
-96
13
45
-193
-10
61
-122
-90
38
-65
-171
41
-72
-200
5
-52
-189
-124
26
-123
-243
39
-41
-237
-76
22
-159
-135
-28
-64
-175
-42
-44
-108
-106
-6
-45
-119
-38
-40
-82
-46
-61
-24
-42
-91
2
-13
-66
-11
11
-20
-28
18
70
-21
-38
131
20
-37
116
69
36
69
106
133
28
126
157
61
105
138
127
91
142
131
116
147
101
158
110
115
146
47
144
140
6
192
43
82
118
30
97
66
45
63
53
82
23
-2
56
35
-38
11
52
-78
51
-95
-1
-77
-37
-111
-82
-17
-163
-69
-78
-152
-51
-171
-63
-167
-148
-47
-255
-85
-61
-272
-157
-148
-116
-223
-227
-40
-197
-313
-54
-262
-144
-245
-203
-102
-280
-183
-164
-222
-189
-200
-132
-224
-96
-190
-219
-54
-176
-177
-123
-80
-97
-165
-48
-23
-114
-69
22
-38
-17
65
62
31
112
116
106
151
174
211
218
263
290
306
308
351
379
362
403
445
379
397
403
367
369
331
313
348
280
274
295
260
222
248
202
238
191
130
229
92
111
111
124
49
53
79
58
-41
52
-31
-17
-87
22
-138
-149
-40
-214
-178
-71
-217
-174
-132
-213
-105
-241
-165
-173
-289
-221
-129
-370
-32
-356
-250
-114
-355
-292
-139
-333
-201
-284
-241
-253
-393
-169
-390
-296
-147
-426
-310
-164
-314
-409
-184
-229
-404
-185
-283
-201
-333
-197
-200
-312
-181
-191
-305
-160
-187
-238
-201
-86
-223
-98
-47
-76
-19
59
33
57
137
123
160
221
255
258
369
341
415
439
465
473
511
537
549
544
530
519
486
453
441
409
372
341
345
290
284
233
223
220
179
153
154
164
119
187
188
165
220
170
199
183
189
253
192
264
195
241
293
83
277
275
54
345
130
170
272
4
280
51
-99
326
-195
51
116
-38
-100
14
-62
-214
-27
-181
-65
-120
-243
14
-285
-113
-176
-228
-118
-328
-165
-261
-300
-208
-406
-256
-300
-514
-199
-363
-476
-246
-391
-382
-350
-523
-230
-521
-507
-284
-536
-450
-386
-439
-387
-524
-298
-319
-631
-155
-337
-442
-360
-229
-362
-353
-298
-183
-349
-210
-185
-209
-245
-16
-98
-174
74
-21
-90
72
144
53
126
263
194
217
341
312
309
337
405
368
422
402
451
401
418
433
371
379
371
316
336
329
283
285
267
230
241
245
183
176
242
210
209
277
221
238
330
233
303
340
275
334
248
331
238
200
300
168
162
284
73
184
125
144
49
91
163
-35
-7
117
21
-205
95
-68
-208
-104
-79
-219
-153
-201
-143
-273
-214
-181
-362
-163
-289
-236
-245
-186
-229
-280
-270
-133
-463
-75
-331
-301
-176
-359
-336
-99
-518
-196
-189
-438
-228
-257
-314
-309
-285
-320
-287
-331
-354
-201
-403
-284
-242
-440
-134
-381
-338
-107
-367
-305
-179
-246
-269
-197
-89
-201
-171
-31
-180
-113
-21
2
-32
64
63
7
109
162
116
160
269
263
251
389
370
350
426
461
469
521
545
531
508
553
508
483
504
470
442
441
413
381
363
332
295
283
247
224
202
183
205
158
211
150
167
144
150
213
94
176
243
118
204
170
167
79
109
146
50
135
61
32
63
-14
-40
-40
-71
-20
-117
-96
62
-263
-88
-37
-315
-158
-83
-342
-194
-113
-302
-219
-241
-171
-340
-257
-117
-409
-143
-301
-85
-283
-244
-32
-422
-79
-185
-391
57
-369
-188
-302
-132
-285
-348
-9
-329
-207
-187
-134
-346
-130
-110
-333
-138
-77
-312
-168
-106
-107
-288
-8
-77
-237
-159
-16
-179
-255
-54
-151
-199
-119
-108
-188
-118
-105
-40
-43
-71
-31
8
-86
44
22
41
107
131
184
244
300
307
339
383
426
500
481
500
556
499
508
519
466
457
427
399
365
338
293
226
190
159
143
98
81
98
69
57
107
78
54
61
118
48
112
127
57
168
146
120
180
181
99
77
173
82
32
5
118
-11
-120
53
-120
-102
-110
-143
-98
-147
-197
-62
-278
-200
-143
-262
-236
-164
-217
-153
-361
-49
-232
-351
-16
-338
-46
-333
-39
-165
-312
-61
-239
-254
-91
-305
-101
-281
-174
-215
-232
-165
-273
-176
-177
-245
-181
-207
-115
-338
-115
29
-467
27
-114
-346
47
-266
-2
-248
-179
12
-402
-137
-97
-279
-246
-97
-143
-370
-116
-135
-281
-102
-25
-122
-146
-41
-85
-141
34
5
9
130
165
220
259
319
323
356
429
482
501
527
556
566
600
584
579
577
550
535
518
503
456
379
367
314
232
226
170
110
81
104
69
55
60
32
30
53
57
7
47
54
23
53
70
86
80
99
115
101
105
102
45
35
-5
-51
-70
-56
-150
-128
-136
-207
-180
-192
-198
-187
-234
-173
-200
-232
-182
-153
-220
-94
-219
-190
-25
-267
-75
-55
-150
-13
-89
-42
19
-227
81
-52
-203
-18
42
-253
-85
-97
-140
-168
-244
-111
-153
-257
-164
-275
-109
-287
-380
-43
-383
-327
-241
-237
-293
-398
-94
-268
-496
-220
-191
-464
-365
-132
-381
-505
-187
-318
-465
-278
-241
-269
-307
-94
-155
-286
-74
-43
-134
-20
114
72
89
255
296
271
385
427
447
514
612
604
597
693
643
668
645
655
634
623
600
577
593
479
436
409
325
278
235
195
127
85
115
58
-10
7
10
-69
-31
6
-45
-23
29
-14
4
71
24
96
140
118
153
124
158
63
79
139
-2
48
62
-30
-45
-18
-130
-89
-81
-94
-106
-113
-167
-156
-133
-204
-91
-214
-119
-141
-136
-96
-128
-92
-67
-63
-130
-49
-1
-215
34
-95
-166
7
-142
-152
-98
-77
-199
-259
-120
-110
-342
-286
-115
-395
-317
-189
-337
-263
-256
-335
-285
-310
-242
-424
-247
-217
-363
-269
-270
-381
-403
-294
-351
-406
-306
-332
-408
-392
-344
-302
-355
-197
-180
-285
-208
-109
-187
-86
2
47
79
147
207
268
317
334
400
454
550
574
588
611
635
633
593
625
637
582
585
609
556
526
472
425
380
326
284
241
184
115
118
60
46
15
2
-7
11
20
1
12
1
32
27
32
55
85
87
162
168
137
195
153
156
157
115
111
78
94
90
27
43
-46
-56
-55
-72
-42
-124
-95
-166
-141
-185
-222
-177
-210
-217
-115
-133
-229
-80
-173
-227
-33
-197
-121
-45
-213
1
-72
-192
69
-251
-112
46
-310
-52
-158
-187
-211
-339
-103
-280
-363
-193
-251
-255
-321
-193
-278
-280
-263
-371
-239
-332
-297
-245
-321
-254
-343
-332
-349
-400
-348
-415
-418
-399
-396
-436
-358
-301
-317
-304
-313
-271
-241
-224
-118
-78
-11
21
100
165
249
300
332
425
530
584
637
667
674
678
687
709
731
717
730
714
719
696
621
595
527
467
415
377
327
275
257
237
169
180
134
105
114
119
88
54
94
77
35
69
115
88
129
186
160
208
207
135
165
168
119
74
106
101
39
7
38
-55
-124
-83
-144
-177
-203
-226
-266
-278
-258
-294
-268
-313
-243
-253
-277
-161
-271
-230
-224
-212
-237
-249
-152
-170
-168
-172
-118
-101
-194
-128
-29
-162
-151
-67
-218
-196
-234
-210
-195
-376
-203
-114
-426
-206
-181
-373
-298
-288
-326
-395
-333
-296
-412
-403
-250
-469
-505
-344
-412
-547
-388
-393
-518
-466
-381
-510
-440
-346
-308
-268
-334
-183
-198
-213
-45
-13
6
102
162
210
353
382
443
497
560
709
708
774
780
795
800
784
795
771
738
717
729
657
655
586
489
469
407
367
303
245
219
162
130
98
52
17
16
-1
12
6
-49
-8
-15
-22
63
31
65
106
68
112
118
139
139
147
148
175
100
125
125
33
64
31
25
-10
-30
-3
-69
-97
-101
-126
-129
-175
-88
-96
-160
-52
-185
-97
-91
-279
52
-168
-121
93
-262
95
-162
-179
47
-170
-8
-109
-59
-49
-304
-130
-205
-292
-295
-290
-205
-401
-237
-308
-483
-356
-469
-404
-505
-371
-374
-515
-384
-455
-439
-543
-476
-354
-529
-430
-397
-485
-540
-468
-522
-521
-372
-491
-278
-229
-219
-163
-252
-146
-148
-104
32
80
141
230
246
341
418
449
535
600
737
845
862
873
854
832
875
823
841
904
854
852
843
813
687
612
524
506
435
421
375
282
269
199
153
98
76
71
47
62
101
31
3
9
-25
29
51
75
168
138
154
203
158
124
137
187
80
84
124
67
-46
-9
13
-137
-117
-62
-124
-183
-197
-164
-241
-292
-300
-193
-276
-392
-34
-226
-319
-188
-187
-232
-287
-145
-45
-346
-164
-49
-265
-163
-102
-105
-180
-86
-81
-130
-362
-199
-175
-465
-237
-230
-345
-431
-427
-211
-477
-475
-261
-444
-483
-443
-375
-509
-518
-378
-539
-512
-409
-476
-505
-488
-427
-508
-532
-423
-476
-464
-406
-314
-310
-256
-159
-279
-237
-125
-43
53
120
280
266
240
321
446
484
545
696
791
823
899
902
804
764
834
799
802
844
793
734
658
621
531
419
375
351
342
292
234
151
63
27
13
-13
4
35
12
26
27
6
-23
-57
11
79
156
194
216
182
162
185
189
194
256
237
233
202
155
97
-5
-5
8
1
-24
-26
-97
-163
-257
-305
-273
-289
-381
-302
-166
-395
-286
-258
-340
-316
-316
-223
-215
-281
-183
-193
-347
-202
-129
-196
-138
-13
-228
-214
-287
-229
-307
-370
-271
-203
-541
-450
-285
-555
-589
-437
-306
-468
-587
-385
-504
-625
-560
-399
-414
-666
-384
-440
-566
-546
-482
-447
-653
-425
-420
-503
-421
-439
-207
-280
-56
-42
-164
8
48
145
222
312
402
377
376
567
664
622
764
846
906
1024
977
989
892
879
934
899
890
924
816
687
695
625
559
487
415
439
384
356
292
159
145
101
84
152
144
98
136
56
51
63
-11
-42
29
127
135
158
114
61
37
35
114
138
163
113
57
33
-27
-43
-97
-69
-19
-77
-64
-137
-249
-304
-307
-298
-305
-306
-325
-370
-408
-379
-400
-449
-337
-302
-254
-243
-165
-335
-332
-82
-249
17
-32
-112
47
-195
-16
-79
-92
129
-163
-135
7
-179
-427
-204
-174
-319
-431
-425
-286
-679
-734
-322
-566
-750
-526
-572
-610
-702
-567
-440
-762
-512
-332
-614
-519
-452
-404
-464
-386
-83
-95
-192
-121
-152
-115
67
185
267
326
378
426
374
492
736
674
754
891
931
1032
954
876
869
911
949
970
913
873
778
620
616
582
581
527
425
399
334
274
151
87
64
108
138
69
115
43
-26
-39
-36
57
13
50
106
127
135
64
76
53
92
167
184
180
136
84
-6
8
38
59
44
29
27
-67
-148
-183
-200
-229
-234
-207
-260
-398
-457
-446
-486
-541
-435
-403
-448
-485
-382
-388
-503
-469
-280
-206
-400
-90
-124
-255
-186
-118
38
-216
-69
26
-179
-186
-146
-103
-437
-426
-248
-470
-560
-507
-568
-686
-745
-597
-744
-832
-774
-743
-813
-744
-662
-717
-896
-674
-606
-569
-489
-431
-187
-264
-74
-52
-117
-9
103
275
375
494
524
449
440
581
876
940
978
994
1027
1066
1007
975
1046
1044
1108
1077
1046
1022
882
754
710
779
804
732
570
453
352
326
237
185
268
257
175
107
113
59
29
6
66
143
111
84
76
101
124
126
154
153
215
195
141
135
100
96
6
13
57
51
-15
-75
-100
-124
-150
-196
-215
-257
-297
-349
-447
-474
-494
-565
-600
-574
-582
-632
-647
-616
-575
-583
-581
-489
-480
-462
-375
-324
-276
-284
-241
-179
-174
-168
-199
-134
-166
-200
-189
-296
-284
-361
-384
-284
-380
-483
-513
-512
-573
-544
-578
-663
-626
-745
-694
-693
-742
-700
-853
-694
-512
-561
-482
-302
-301
-284
-292
-222
39
120
225
390
342
357
351
429
752
901
1014
1055
906
945
1040
1058
1098
1130
1155
1181
1010
927
933
830
786
761
820
833
640
467
370
339
406
372
331
338
242
158
133
142
225
228
171
214
202
199
201
192
273
335
302
278
224
221
237
203
225
216
148
99
45
55
68
50
0
-43
-60
-85
-156
-205
-200
-275
-333
-367
-434
-504
-554
-608
-588
-619
-613
-685
-738
-727
-696
-689
-698
-595
-605
-670
-545
-496
-515
-469
-389
-364
-424
-331
-267
-350
-360
-280
-345
-410
-380
-362
-374
-431
-369
-479
-612
-620
-676
-662
-696
-593
-634
-808
-773
-807
-728
-732
-611
-416
-348
-308
-309
-341
-371
-167
171
311
379
407
377
317
476
769
1072
1133
1063
982
1003
1065
1089
1104
1192
1215
1131
1009
899
833
801
799
788
776
742
563
346
233
344
419
380
342
272
233
170
167
264
350
357
299
262
262
251
287
328
421
485
455
400
310
308
355
377
378
342
247
119
45
107
119
116
44
-30
-140
-187
-227
-268
-264
-287
-333
-494
-561
-600
-646
-622
-614
-634
-679
-762
-829
-826
-797
-757
-763
-789
-736
-756
-704
-629
-580
-561
-495
-436
-457
-452
-352
-323
-379
-355
-313
-336
-389
-381
-346
-334
-407
-428
-488
-540
-675
-615
-591
-621
-751
-703
-711
-780
-724
-608
-466
-390
-405
-324
-445
-419
-174
104
268
247
332
371
323
500
907
1114
1106
1024
976
1061
1156
1169
1260
1214
1231
1101
951
911
921
871
818
748
689
645
435
249
239
306
357
230
129
102
65
54
90
218
295
230
115
143
215
265
328
376
460
462
425
394
353
425
499
477
446
453
346
227
201
246
280
224
127
24
-50
-49
-121
-191
-175
-246
-384
-500
-528
-562
-602
-638
-682
-687
-744
-810
-884
-873
-815
-854
-865
-853
-869
-863
-845
-787
-742
-689
-678
-622
-575
-581
-503
-488
-497
-408
-459
-400
-440
-448
-424
-485
-392
-475
-579
-566
-572
-632
-628
-575
-537
-677
-726
-691
-498
-391
-263
-299
-400
-483
-249
64
258
261
314
332
273
455
810
1082
1129
960
939
1088
1241
1293
1284
1291
1305
1211
1118
1144
1058
1020
918
834
818
796
618
430
369
429
427
280
200
135
128
141
122
166
217
179
81
86
206
272
253
242
310
362
404
404
394
497
519
478
506
485
517
453
384
426
494
428
324
199
227
226
145
75
25
-70
-186
-292
-363
-360
-396
-523
-652
-724
-748
-849
-892
-897
-875
-926
-1003
-1053
-1024
-934
-943
-904
-875
-890
-899
-859
-786
-714
-656
-591
-662
-703
-566
-533
-621
-483
-421
-526
-537
-473
-447
-580
-553
-490
-571
-612
-483
-478
-612
-577
-322
-293
-335
-533
-450
-224
-73
107
228
150
66
58
307
714
927
933
801
655
767
1065
1234
1246
1142
1085
1055
955
924
1031
1021
915
747
742
759
595
427
434
482
513
378
200
147
150
203
253
207
245
205
65
54
193
304
313
241
223
311
354
372
387
402
467
422
413
453
465
466
386
364
425
471
404
324
290
289
284
192
125
88
19
-45
-160
-218
-254
-378
-503
-572
-621
-679
-770
-886
-937
-919
-941
-1012
-1059
-1005
-978
-1021
-1018
-990
-933
-949
-912
-879
-824
-810
-795
-836
-740
-664
-662
-654
-715
-638
-646
-663
-615
-615
-655
-666
-751
-733
-656
-609
-676
-544
-488
-298
-431
-525
-460
-218
61
211
134
132
143
167
398
790
1040
1028
822
737
934
1172
1326
1252
1167
1154
1116
1021
1048
1065
1072
949
803
730
765
660
484
393
503
487
336
170
150
220
298
260
229
251
220
129
148
294
396
344
258
235
339
451
486
473
486
556
527
495
519
598
600
541
480
515
526
495
410
413
465
425
313
213
132
92
46
-38
-99
-173
-301
-472
-531
-524
-542
-665
-769
-845
-897
-914
-962
-964
-969
-996
-1052
-1022
-980
-986
-991
-960
-889
-871
-851
-825
-882
-852
-761
-741
-716
-779
-749
-790
-798
-739
-725
-718
-779
-877
-823
-783
-667
-669
-661
-483
-430
-458
-512
-413
-203
62
166
206
184
208
314
486
803
1059
1060
929
832
973
1229
1348
1266
1201
1162
1118
1037
977
1041
1017
858
691
590
560
495
330
265
310
301
142
-28
-41
80
130
120
75
63
82
39
55
196
311
307
250
219
310
474
563
581
624
650
641
628
708
825
843
795
718
684
726
709
628
603
610
571
447
343
259
177
126
66
-39
-150
-289
-463
-528
-550
-580
-668
-827
-923
-980
-1016
-1023
-1044
-1048
-1067
-1130
-1127
-1055
-993
-959
-956
-896
-863
-824
-798
-813
-759
-721
-677
-698
-740
-768
-839
-778
-791
-813
-835
-907
-975
-982
-916
-830
-870
-647
-495
-601
-675
-673
-521
-186
52
207
131
96
135
280
669
1099
1205
1037
963
952
1221
1451
1480
1401
1357
1291
1152
1023
1081
1077
955
797
698
570
491
246
105
183
250
120
-118
-251
-222
-132
-76
-51
-23
-33
-98
-199
-54
174
269
212
167
237
338
491
549
627
741
782
714
680
780
870
844
859
855
831
752
670
593
668
704
597
457
322
212
92
-4
-49
-141
-292
-497
-705
-765
-767
-824
-937
-1023
-1111
-1178
-1247
-1271
-1217
-1159
-1162
-1204
-1170
-1091
-1062
-1021
-882
-773
-742
-714
-750
-729
-656
-547
-523
-485
-576
-669
-681
-768
-649
-625
-705
-697
-876
-798
-836
-776
-488
-419
-399
-585
-710
-491
-131
173
214
177
192
177
301
650
1066
1164
1102
888
940
1225
1416
1392
1293
1278
1299
1124
988
924
932
861
730
559
514
429
176
-34
-57
124
124
-123
-339
-330
-202
-152
-177
-82
7
-24
-156
-125
90
312
318
279
332
493
612
598
639
752
896
907
839
834
903
925
905
865
922
921
791
601
578
654
673
528
350
226
94
-65
-176
-244
-288
-445
-700
-880
-930
-924
-1002
-1124
-1163
-1190
-1228
-1318
-1348
-1313
-1197
-1176
-1180
-1137
-1060
-975
-989
-916
-754
-670
-606
-685
-673
-586
-471
-496
-495
-432
-418
-483
-677
-583
-482
-546
-501
-621
-536
-462
-489
-321
-377
-440
-417
-301
7
207
214
245
172
283
440
730
962
1038
965
849
865
1040
1148
1179
1085
1047
980
924
845
732
696
627
596
518
440
356
209
43
-2
47
111
89
-16
-85
-56
8
63
131
205
265
262
260
330
406
507
546
545
644
683
686
627
611
721
730
691
614
567
543
511
450
400
363
285
224
120
33
-31
-123
-195
-290
-376
-458
-569
-610
-655
-752
-860
-945
-911
-854
-846
-920
-983
-922
-817
-747
-742
-696
-633
-534
-433
-345
-308
-274
-263
-212
-101
-9
-24
-87
-76
-5
81
102
48
-12
-4
43
51
11
-44
-71
-69
-71
-95
-149
-187
-198
-163
-142
-157
-212
-243
-224
-182
-147
-152
-195
-241
-239
-239
-242
-234
-254
-287
-294
-291
-278
-284
-272
-270
-253
-224
-185
-153
-132
-102
-94
-57
-6
52
93
100
146
188
243
295
356
421
482
516
559
637
703
768
806
842
889
951
982
1017
1041
1035
1039
1021
1024
1020
993
957
910
853
793
739
665
597
522
438
337
238
142
40
-37
-107
-208
-310
-408
-472
-521
-562
-626
-680
-723
-745
-770
-795
-792
-809
-828
-858
-866
-849
-836
-819
-803
-765
-736
-683
-646
-613
-543
-464
-375
-318
-275
-242
-198
-144
-96
-45
4
24
14
-14
7
63
99
93
70
50
65
87
94
96
104
115
136
138
118
90
75
89
107
90
45
4
-12
-18
-25
-40
-69
-77
-72
-79
-104
-116
-114
-107
-114
-127
-131
-156
-142
-125
-115
-102
-110
-120
-91
-52
-18
1
32
71
119
161
198
260
314
371
408
436
466
522
569
595
627
664
697
712
722
733
768
775
753
739
726
694
661
613
584
548
485
382
264
193
142
70
-9
-125
-250
-316
-376
-445
-503
-570
-662
-744
-795
-840
-876
-903
-930
-942
-968
-982
-976
-961
-909
-865
-824
-776
-706
-650
-592
-499
-389
-279
-204
-164
-115
-21
68
135
196
243
288
312
342
388
434
473
466
450
447
450
443
440
458
469
474
456
419
402
405
401
381
350
310
268
233
202
165
132
84
44
-2
-55
-127
-198
-229
-266
-305
-370
-432
-483
-519
-524
-526
-513
-518
-526
-545
-531
-471
-420
-370
-340
-301
-233
-166
-97
-9
71
144
198
254
322
383
446
496
541
581
616
627
651
682
710
721
710
686
661
648
626
583
552
519
455
406
362
314
262
201
134
64
-21
-76
-136
-196
-247
-332
-430
-516
-558
-574
-587
-607
-651
-683
-703
-699
-694
-683
-655
-649
-653
-631
-609
-576
-521
-463
-387
-318
-274
-233
-183
-110
-31
48
120
151
180
229
264
331
389
438
454
463
479
480
473
455
461
480
467
411
355
330
337
338
330
306
281
260
229
194
167
135
105
76
48
16
-24
-81
-97
-114
-142
-185
-214
-230
-243
-257
-286
-295
-310
-335
-364
-377
-346
-316
-291
-291
-294
-273
-240
-190
-137
-96
-64
-37
9
85
157
212
250
283
322
362
430
549
650
658
552
365
205
186
271
363
374
254
57
-195
-274
-110
128
276
106
-67
-234
-421
-307
-298
-138
-189
-351
-346
-514
-363
-362
-69
163
-60
-237
-624
-555
-435
-260
99
-267
-461
-698
-725
-355
-76
147
36
-76
-17
103
131
50
-23
-71
223
524
671
638
393
184
65
265
562
705
530
335
128
-157
-235
-50
-11
88
127
217
-4
-259
-186
-150
-90
-167
-85
41
-218
-238
-262
-189
-140
-156
13
-50
-236
-258
-129
-129
-130
-188
-282
-329
-522
-447
-400
-362
-289
-365
-316
-441
-559
-534
-450
-204
-26
32
6
-37
24
185
314
454
548
630
665
750
762
804
801
800
803
808
848
889
833
731
593
478
389
337
301
239
119
-48
-211
-328
-378
-470
-561
-647
-736
-763
-763
-774
-754
-770
-768
-755
-746
-633
-547
-502
-407
-328
-238
-188
-97
23
112
213
304
434
572
673
708
686
671
742
836
916
953
933
891
816
743
724
673
616
548
480
433
384
248
111
-14
-78
-115
-156
-204
-274
-337
-405
-433
-486
-535
-512
-550
-554
-506
-477
-486
-556
-591
-544
-575
-566
-578
-620
-659
-690
-751
-791
-881
-930
-961
-1007
-1051
-1083
-1046
-940
-853
-694
-533
-317
-125
-69
-21
-48
170
445
748
973
1039
1116
1109
1225
1359
1516
1672
1681
1671
1573
1505
1426
1256
1063
844
711
559
404
242
70
-113
-372
-625
-820
-921
-971
-1057
-1130
-1208
-1240
-1220
-1170
-1049
-942
-827
-731
-606
-410
-225
-75
15
120
247
399
542
652
788
887
957
970
985
1035
1125
1158
1100
1012
909
852
809
753
663
512
395
268
182
123
58
-48
-164
-248
-290
-283
-262
-280
-332
-430
-461
-465
-444
-394
-368
-334
-339
-315
-288
-230
-212
-228
-273
-317
-333
-301
-283
-313
-376
-479
-599
-740
-872
-919
-995
-1033
-1121
-1271
-1314
-1496
-1532
-1612
-1557
-1419
-1334
-1036
-755
-418
-118
-141
-52
-98
202
565
903
1270
1407
1610
1632
1699
1850
1936
2135
1999
1877
1712
1663
1672
1410
1131
716
405
127
-130
-264
-459
-655
-972
-1272
-1433
-1509
-1545
-1678
-1811
-1824
-1756
-1541
-1314
-1045
-828
-683
-519
-313
-28
255
443
616
743
948
1105
1267
1399
1483
1526
1500
1470
1511
1529
1481
1338
1139
936
735
553
416
248
83
-118
-293
-383
-406
-451
-590
-689
-727
-716
-668
-651
-606
-573
-543
-523
-459
-355
-230
-110
-37
5
72
104
111
99
84
57
34
-54
-118
-211
-311
-489
-670
-856
-1031
-1173
-1299
-1495
-1652
-1836
-1923
-1977
-2036
-2004
-2008
-1880
-1784
-1523
-1115
-681
-274
-87
1
166
388
877
1187
1586
1749
1928
2054
2195
2439
2574
2619
2494
2253
2110
1947
1805
1517
1216
894
565
267
5
-224
-433
-722
-1014
-1230
-1271
-1259
-1307
-1361
-1405
-1359
-1219
-1003
-710
-433
-159
66
292
545
859
1129
1299
1398
1488
1582
1685
1766
1811
1817
1791
1724
1625
1513
1362
1150
876
543
266
40
-159
-344
-606
-845
-1055
-1140
-1184
-1191
-1199
-1223
-1254
-1211
-1104
-979
-846
-734
-674
-600
-448
-270
-121
31
145
243
302
326
303
282
276
186
53
-130
-266
-421
-578
-763
-993
-1186
-1396
-1533
-1694
-1874
-2005
-2210
-2331
-2434
-2444
-2323
-2193
-1983
-1863
-1562
-1109
-632
-140
187
452
714
968
1328
1585
1869
2068
2197
2274
2398
2596
2736
2724
2554
2300
2083
1835
1554
1147
755
386
22
-282
-496
-677
-856
-1082
-1329
-1489
-1527
-1473
-1479
-1479
-1412
-1278
-1062
-794
-402
-13
373
647
910
1192
1462
1714
1840
1932
2011
2073
2109
2101
2088
2015
1937
1786
1638
1493
1302
1017
634
252
-53
-303
-528
-777
-1014
-1179
-1275
-1342
-1352
-1340
-1296
-1217
-1132
-1022
-896
-775
-614
-501
-366
-188
-42
126
237
327
373
404
425
396
323
197
39
-139
-312
-508
-670
-874
-1132
-1399
-1628
-1831
-1991
-2156
-2346
-2473
-2573
-2650
-2699
-2740
-2680
-2577
-2367
-2062
-1740
-1203
-638
-80
368
718
1028
1366
1671
1957
2136
2280
2371
2406
2467
2626
2699
2682
2519
2294
2091
1876
1548
1093
570
140
-263
-613
-848
-986
-1131
-1238
-1360
-1413
-1343
-1300
-1313
-1351
-1297
-1098
-852
-540
-201
181
603
963
1288
1597
1915
2114
2201
2193
2164
2149
2082
1984
1856
1762
1696
1599
1479
1324
1088
773
412
16
-316
-603
-881
-1121
-1325
-1382
-1347
-1266
-1171
-1095
-998
-877
-727
-579
-447
-310
-174
-39
107
293
499
671
785
807
823
826
774
675
482
251
-11
-265
-524
-771
-971
-1198
-1435
-1705
-1955
-2187
-2402
-2590
-2756
-2908
-3009
-3075
-3098
-3001
-2857
-2659
-2424
-2159
-1814
-1413
-850
-350
124
576
913
1319
1616
1946
2152
2217
2312
2255
2204
2216
2251
2218
2109
1937
1741
1584
1338
1014
589
171
-194
-573
-861
-1060
-1191
-1240
-1292
-1264
-1144
-953
-800
-714
-608
-431
-215
-42
178
435
778
1148
1453
1770
2069
2323
2470
2464
2386
2261
2087
1852
1596
1331
1146
958
764
624
493
360
148
-125
-415
-685
-935
-1177
-1398
-1538
-1550
-1473
-1323
-1108
-855
-553
-287
-61
133
291
405
477
521
582
669
757
843
911
959
986
939
822
633
384
89
-272
-648
-1042
-1365
-1610
-1853
-2053
-2208
-2363
-2456
-2542
-2665
-2759
-2910
-3006
-3071
-3132
-3039
-2908
-2735
-2425
-2086
-1649
-1001
-404
138
592
898
1227
1481
1676
1896
1903
1931
1921
1825
1816
1883
1887
1844
1728
1575
1482
1307
1039
680
259
-57
-422
-748
-946
-1067
-1090
-1066
-995
-832
-536
-313
-160
-60
72
273
411
571
751
988
1322
1597
1887
2214
2527
2725
2779
2704
2558
2374
2075
1721
1314
981
725
476
299
150
61
-38
-174
-350
-547
-724
-965
-1221
-1448
-1569
-1564
-1488
-1319
-1072
-736
-378
-26
264
528
735
869
935
928
916
903
883
851
844
865
887
878
769
607
376
78
-266
-699
-1108
-1492
-1837
-2120
-2366
-2509
-2615
-2620
-2626
-2644
-2624
-2726
-2729
-2820
-2861
-2805
-2810
-2615
-2427
-2102
-1614
-1040
-431
110
582
926
1283
1527
1673
1740
1644
1594
1412
1249
1226
1217
1227
1159
1085
1037
1060
944
696
377
15
-279
-655
-951
-1140
-1242
-1223
-1194
-1033
-739
-346
-42
171
400
629
874
987
1069
1158
1308
1499
1669
1927
2205
2481
2633
2683
2667
2577
2419
2079
1661
1221
839
500
178
-58
-231
-328
-396
-445
-491
-527
-605
-765
-941
-1083
-1166
-1163
-1122
-1018
-842
-554
-187
198
584
902
1154
1329
1436
1446
1392
1294
1145
999
856
752
672
580
473
308
121
-106
-385
-720
-1077
-1421
-1789
-2126
-2408
-2634
-2770
-2849
-2869
-2820
-2761
-2670
-2621
-2592
-2523
-2508
-2448
-2341
-2180
-1917
-1458
-928
-393
117
539
944
1277
1524
1684
1650
1581
1434
1237
1083
979
863
761
691
610
636
651
557
369
126
-116
-397
-688
-918
-1114
-1213
-1242
-1179
-992
-657
-311
1
332
654
988
1239
1400
1499
1603
1734
1842
1950
2084
2238
2360
2416
2442
2415
2359
2167
1851
1487
1132
780
426
83
-199
-422
-585
-678
-740
-757
-751
-768
-799
-843
-865
-856
-851
-816
-726
-556
-320
-25
290
618
919
1165
1363
1504
1588
1591
1523
1380
1171
966
774
585
396
216
27
-163
-370
-602
-843
-1090
-1342
-1635
-1910
-2176
-2430
-2575
-2708
-2760
-2762
-2738
-2633
-2571
-2454
-2355
-2244
-2123
-1957
-1736
-1478
-1072
-711
-294
116
453
845
1119
1375
1465
1427
1361
1172
977
796
651
461
322
212
127
147
102
22
-141
-313
-451
-661
-820
-1005
-1135
-1219
-1232
-1152
-988
-689
-420
-118
209
559
915
1187
1403
1543
1686
1798
1873
1950
2017
2088
2102
2121
2108
2059
1983
1802
1568
1312
1030
742
435
127
-134
-339
-501
-615
-672
-688
-683
-677
-666
-623
-581
-537
-483
-407
-299
-138
46
265
512
753
1010
1206
1399
1521
1596
1613
1541
1450
1281
1087
863
646
424
188
-17
-269
-486
-705
-929
-1127
-1364
-1566
-1807
-2037
-2224
-2384
-2483
-2548
-2578
-2571
-2537
-2449
-2361
-2247
-2117
-1967
-1779
-1586
-1259
-919
-552
-185
130
473
802
1107
1312
1366
1399
1316
1175
987
814
612
406
238
84
64
74
32
-70
-177
-263
-382
-546
-737
-930
-1072
-1190
-1234
-1198
-1027
-822
-610
-333
-3
396
761
1062
1289
1510
1704
1814
1888
1919
1950
1936
1891
1857
1799
1758
1650
1483
1295
1109
913
661
396
144
-60
-241
-406
-558
-676
-740
-773
-778
-756
-705
-644
-572
-475
-359
-187
-10
180
382
592
812
1012
1201
1332
1436
1502
1521
1496
1402
1279
1110
917
716
506
274
43
-163
-392
-621
-847
-1055
-1247
-1443
-1635
-1831
-1990
-2125
-2221
-2309
-2355
-2355
-2332
-2253
-2172
-2054
-1907
-1737
-1545
-1309
-986
-676
-340
-33
229
537
814
1063
1212
1268
1288
1211
1080
936
762
564
368
189
60
-2
-81
-179
-274
-335
-370
-460
-563
-696
-812
-904
-990
-1029
-1008
-901
-781
-611
-349
-27
319
641
909
1158
1411
1609
1737
1814
1835
1833
1791
1721
1648
1554
1448
1301
1128
997
870
708
527
340
161
0
-141
-293
-432
-548
-637
-693
-712
-703
-671
-630
-555
-434
-294
-113
69
256
444
628
809
967
1118
1219
1275
1310
1314
1267
1175
1064
928
775
600
396
195
-1
-199
-436
-644
-847
-1020
-1187
-1379
-1541
-1727
-1849
-1978
-2091
-2141
-2190
-2201
-2177
-2135
-2049
-1943
-1804
-1624
-1420
-1125
-789
-474
-160
101
365
658
919
1123
1222
1276
1242
1145
1041
917
762
564
377
207
125
62
-57
-179
-278
-329
-408
-492
-594
-706
-791
-899
-965
-975
-920
-862
-791
-632
-406
-100
198
471
735
1018
1320
1539
1699
1810
1873
1882
1849
1760
1643
1516
1335
1147
965
810
688
533
377
234
118
8
-119
-243
-386
-492
-589
-682
-751
-808
-813
-791
-714
-593
-437
-246
-41
185
402
634
843
1017
1168
1262
1319
1331
1310
1242
1132
1003
854
717
534
339
146
-55
-238
-444
-646
-847
-1040
-1216
-1384
-1546
-1707
-1818
-1929
-2011
-2049
-2079
-2074
-2043
-2018
-1956
-1844
-1705
-1536
-1302
-1002
-688
-356
-45
241
541
842
1097
1247
1320
1369
1349
1273
1163
1019
845
654
468
318
240
147
7
-130
-226
-277
-362
-467
-573
-683
-756
-844
-912
-927
-886
-823
-748
-611
-413
-169
69
280
530
798
1059
1275
1426
1559
1658
1707
1702
1650
1546
1416
1248
1066
887
712
547
369
225
115
28
-44
-137
-223
-303
-374
-441
-504
-550
-602
-623
-607
-551
-451
-321
-169
12
210
415
630
814
992
1133
1234
1294
1297
1281
1217
1121
999
848
694
518
329
141
-41
-217
-412
-618
-808
-988
-1146
-1300
-1456
-1596
-1727
-1821
-1897
-1934
-1954
-1943
-1917
-1899
-1808
-1712
-1585
-1418
-1206
-904
-609
-280
2
275
563
832
1067
1187
1282
1317
1289
1220
1093
968
797
629
459
327
245
117
-23
-160
-229
-308
-411
-523
-637
-716
-795
-868
-926
-928
-877
-825
-726
-567
-372
-158
40
251
491
754
976
1144
1287
1404
1498
1536
1524
1474
1380
1245
1092
921
766
612
426
254
126
23
-54
-126
-207
-285
-353
-417
-470
-516
-562
-594
-608
-579
-530
-447
-307
-141
54
261
462
661
855
1028
1145
1220
1247
1255
1222
1131
1025
898
766
615
450
295
133
-18
-192
-376
-563
-745
-908
-1067
-1217
-1371
-1516
-1645
-1746
-1817
-1865
-1886
-1869
-1847
-1832
-1763
-1663
-1538
-1392
-1233
-994
-711
-419
-144
90
334
579
810
966
1052
1105
1110
1060
961
867
757
625
491
356
270
226
149
41
-52
-111
-177
-265
-381
-489
-574
-652
-701
-728
-708
-655
-565
-448
-306
-118
54
227
422
628
835
1006
1141
1270
1372
1435
1467
1453
1391
1289
1151
991
840
685
535
394
270
183
119
64
15
-43
-112
-186
-249
-325
-412
-493
-570
-605
-597
-566
-483
-364
-193
10
211
408
602
782
920
1015
1059
1063
1031
953
843
737
617
500
357
208
83
-43
-186
-340
-507
-670
-806
-946
-1087
-1216
-1357
-1472
-1558
-1628
-1685
-1711
-1717
-1720
-1705
-1671
-1586
-1479
-1374
-1241
-1069
-810
-528
-269
-28
200
459
697
885
994
1060
1088
1065
1004
919
847
750
629
521
448
405
356
267
159
78
40
-42
-156
-277
-383
-458
-519
-559
-590
-565
-526
-458
-346
-220
-75
65
222
398
584
757
890
1013
1123
1226
1290
1313
1301
1235
1158
1049
925
790
662
544
444
373
306
263
210
153
112
31
-46
-135
-232
-329
-415
-474
-498
-484
-454
-372
-270
-137
15
172
341
501
640
735
809
838
841
802
718
631
519
409
279
146
43
-52
-151
-274
-407
-546
-669
-781
-905
-1005
-1117
-1234
-1335
-1427
-1480
-1526
-1560
-1591
-1611
-1589
-1541
-1462
-1378
-1280
-1154
-1009
-815
-581
-368
-171
10
194
374
545
684
769
831
864
876
866
855
824
751
667
615
567
534
472
371
284
202
119
10
-97
-200
-268
-336
-400
-433
-448
-438
-408
-365
-290
-196
-83
23
142
292
434
582
704
821
928
1026
1091
1120
1116
1082
1043
983
909
826
737
642
572
514
460
397
325
240
156
82
0
-93
-181
-283
-359
-395
-405
-381
-338
-271
-183
-50
81
205
309
392
465
512
541
534
498
471
410
347
279
196
116
26
-62
-172
-288
-419
-537
-654
-775
-883
-987
-1091
-1193
-1281
-1335
-1381
-1425
-1452
-1477
-1480
-1461
-1426
-1369
-1306
-1212
-1096
-977
-841
-693
-528
-343
-167
-8
137
274
383
495
602
668
734
754
757
751
737
703
645
596
538
475
418
347
277
196
140
87
30
-14
-81
-131
-175
-192
-207
-218
-212
-198
-149
-89
-16
76
183
299
413
520
620
724
804
866
913
934
937
917
881
821
766
699
626
561
496
433
371
304
242
193
147
101
58
7
-42
-71
-101
-112
-105
-88
-66
-20
29
93
165
226
278
326
365
379
370
352
323
274
211
124
43
-42
-133
-235
-336
-445
-553
-646
-736
-811
-882
-953
-1016
-1074
-1115
-1142
-1173
-1208
-1236
-1250
-1261
-1256
-1252
-1217
-1182
-1119
-1036
-927
-808
-680
-559
-443
-326
-231
-136
-43
40
129
211
279
362
432
513
577
637
680
710
730
734
722
696
661
607
552
510
457
410
360
306
265
224
191
153
119
83
61
46
44
58
84
123
172
229
303
368
430
496
550
614
643
655
661
656
654
648
635
611
593
569
545
529
491
455
407
345
304
256
209
157
111
67
33
21
8
11
15
23
45
68
94
109
116
112
96
74
36
-5
-72
-131
-186
-253
-311
-372
-429
-480
-524
-573
-610
-633
-666
-686
-717
-747
-775
-823
-871
-924
-959
-1014
-1058
-1089
-1095
-1081
-1051
-1006
-945
-855
-767
-665
-578
-508
-431
-367
-323
-277
-234
-184
-124
-77
-11
73
160
257
358
444
521
586
630
668
688
688
679
654
629
587
540
499
465
424
387
351
308
274
235
193
160
139
125
131
131
140
154
169
189
207
237
270
293
311
334
359
385
412
437
464
493
518
528
530
541
526
506
482
449
419
388
358
334
306
285
262
234
216
202
196
191
186
177
156
134
99
72
37
-21
-73
-130
-180
-226
-276
-325
-365
-383
-393
-416
-428
-452
-466
-474
-488
-507
-530
-566
-604
-648
-712
-767
-815
-866
-893
-911
-905
-871
-835
-782
-729
-671
-610
-555
-512
-455
-414
-382
-359
-329
-300
-263
-231
-188
-129
-61
13
90
175
262
340
408
462
504
539
553
558
551
546
534
510
493
484
466
461
450
447
437
418
399
371
340
321
302
269
255
234
206
194
187
176
168
161
165
167
170
177
198
207
214
223
230
233
237
238
241
252
257
263
273
278
286
299
300
306
314
314
321
317
303
300
275
256
230
192
150
98
48
5
-54
-122
-176
-229
-278
-312
-338
-364
-369
-381
-397
-411
-415
-423
-452
-478
-509
-534
-559
-585
-605
-609
-613
-623
-615
-601
-583
-562
-538
-527
-510
-486
-459
-439
-422
-407
-402
-391
-371
-351
-322
-273
-221
-189
-136
-76
-36
27
71
104
138
168
203
254
273
311
346
361
385
410
436
466
498
521
562
587
596
605
600
577
544
514
474
428
387
341
309
269
238
214
180
147
115
75
35
4
-25
-51
-75
-98
-119
-127
-136
-135
-125
-106
-76
-46
-6
34
68
107
149
186
219
247
271
284
300
313
315
304
283
255
231
201
155
121
74
15
-30
-65
-109
-159
-212
-258
-296
-334
-358
-391
-412
-432
-451
-471
-490
-502
-504
-508
-513
-507
-512
-510
-503
-504
-507
-496
-488
-489
-490
-483
-480
-480
-459
-435
-421
-399
-367
-327
-287
-243
-197
-157
-117
-79
-45
-3
35
74
113
156
197
246
281
308
353
382
416
447
478
509
541
571
586
596
604
611
611
608
591
561
536
499
449
402
354
307
268
238
206
178
156
126
91
64
51
24
-9
-35
-74
-104
-115
-123
-134
-137
-131
-109
-88
-63
-34
10
40
77
103
123
164
193
219
237
256
268
276
288
292
282
259
238
207
160
129
98
58
17
-20
-67
-107
-126
-168
-208
-240
-275
-310
-335
-355
-375
-390
-409
-425
-426
-438
-448
-453
-458
-469
-483
-489
-490
-487
-470
-446
-424
-406
-388
-379
-364
-345
-337
-331
-321
-304
-297
-293
-284
-261
-231
-197
-162
-112
-56
-10
42
85
114
151
188
225
248
269
290
303
314
331
358
377
397
410
407
413
407
397
374
352
326
300
266
233
201
166
144
108
71
37
9
-15
-32
-40
-38
-55
-70
-65
-68
-70
-65
-62
-61
-47
-37
-28
-13
1
22
40
64
97
122
146
181
209
231
249
263
274
285
293
293
294
295
288
270
246
206
173
145
114
83
46
7
-25
-59
-91
-118
-140
-155
-172
-183
-179
-174
-187
-198
-214
-246
-265
-282
-303
-303
-319
-333
-339
-342
-335
-334
-315
-292
-271
-253
-226
-198
-184
-162
-151
-138
-132
-121
-106
-85
-57
-45
-21
7
25
42
63
98
137
158
177
184
195
213
236
251
271
295
320
337
345
346
342
336
318
293
272
260
246
221
194
167
131
107
87
57
28
1
-18
-39
-59
-79
-97
-114
-133
-151
-163
-176
-178
-183
-191
-187
-199
-182
-158
-146
-118
-96
-82
-65
-39
-17
12
35
56
66
73
79
83
87
76
72
66
65
64
60
62
69
64
48
31
9
-1
-8
-30
-51
-62
-68
-81
-96
-115
-129
-141
-144
-146
-151
-166
-162
-166
-177
-182
-189
-189
-185
-182
-184
-186
-194
-186
-171
-158
-147
-132
-121
-113
-99
-88
-77
-65
-59
-49
-26
8
37
58
78
108
127
140
157
171
198
218
237
260
286
309
331
348
355
365
374
368
360
343
320
292
263
228
185
150
116
91
58
22
-16
-49
-74
-96
-116
-136
-154
-176
-190
-201
-213
-205
-198
-203
-204
-192
-179
-160
-150
-133
-122
-104
-78
-59
-33
-6
17
36
48
56
70
71
64
62
61
57
58
50
42
26
19
14
3
-11
-25
-30
-45
-49
-48
-54
-52
-54
-54
-60
-56
-61
-77
-92
-103
-114
-133
-150
-166
-177
-188
-200
-210
-215
-219
-213
-205
-199
-191
-175
-158
-151
-146
-143
-133
-126
-115
-105
-100
-83
-70
-59
-47
-36
-22
10
35
56
77
89
116
134
154
167
193
212
227
237
254
274
285
296
291
291
284
274
260
239
211
185
159
135
101
74
44
15
-3
-20
-39
-50
-58
-70
-76
-84
-87
-87
-87
-88
-90
-86
-86
-86
-91
-99
-98
-99
-80
-57
-40
-18
3
17
33
49
74
98
97
99
97
91
88
83
65
56
41
24
16
9
-4
-12
-9
-11
-12
1
16
28
42
49
57
57
43
31
5
-25
-47
-76
-102
-119
-138
-144
-152
-150
-145
-145
-141
-127
-112
-101
-87
-88
-86
-84
-89
-93
-105
-110
-121
-123
-121
-122
-115
-113
-100
-81
-71
-45
-16
5
27
49
68
86
102
110
125
130
150
168
171
181
183
187
185
184
184
175
167
155
149
138
120
107
88
64
57
41
13
-2
-14
-30
-40
-52
-71
-79
-90
-86
-79
-73
-67
-62
-66
-60
-52
-46
-33
-22
-13
-7
-7
-8
3
12
18
23
25
36
49
52
55
57
55
56
56
38
29
30
19
9
9
1
-1
-1
3
12
21
36
50
53
58
59
41
34
20
7
-3
-22
-40
-52
-68
-70
-65
-60
-51
-46
-39
-37
-44
-48
-51
-59
-62
-66
-73
-81
-91
-94
-103
-113
-102
-101
-96
-82
-73
-57
-44
-28
-11
2
23
38
52
60
65
77
93
107
116
123
130
134
135
150
160
161
161
158
157
151
149
133
116
106
91
70
51
32
13
-1
-8
-22
-35
-35
-41
-52
-57
-47
-49
-50
-48
-52
-48
-53
-53
-54
-62
-61
-57
-54
-42
-40
-37
-38
-35
-26
-22
-19
-24
-26
-22
-22
-35
-40
-39
-46
-56
-65
-64
-70
-72
-64
-58
-47
-44
-36
-28
-26
-14
-8
-3
-6
-8
-16
-16
-14
-26
-31
-35
-40
-39
-39
-38
-40
-37
-35
-38
-33
-27
-35
-43
-51
-64
-67
-75
-79
-88
-94
-91
-84
-76
-76
-70
-62
-55
-47
-46
-44
-26
-14
-7
5
18
36
49
66
83
100
114
134
152
161
173
173
181
181
186
180
174
172
166
156
139
128
117
106
95
80
72
69
59
54
44
44
42
32
13
-8
-18
-28
-34
-45
-52
-54
-58
-55
-54
-49
-46
-47
-43
-44
-46
-41
-41
-47
-56
-59
-62
-63
-69
-76
-81
-87
-84
-82
-76
-79
-69
-61
-59
-51
-50
-36
-25
-17
-14
-8
-4
2
3
0
-2
-4
-9
-15
-31
-35
-31
-36
-35
-36
-41
-42
-43
-41
-42
-45
-53
-57
-55
-59
-63
-76
-83
-91
-97
-102
-101
-104
-101
-95
-91
-75
-72
-61
-52
-43
-29
-23
-10
-2
11
26
31
43
51
58
72
81
94
103
111
120
131
138
140
136
135
129
124
115
107
97
90
76
66
58
41
30
23
15
7
6
7
8
11
7
9
8
10
11
6
6
-1
-3
-10
-13
-17
-18
-17
-12
-6
-1
12
17
29
40
43
42
35
33
25
17
7
-5
-11
-18
-23
-23
-23
-20
-7
5
15
26
40
48
60
62
70
69
65
58
43
28
12
2
-11
-24
-37
-39
-40
-33
-34
-38
-33
-31
-21
-14
-9
-8
-10
-10
-19
-27
-41
-54
-70
-87
-100
-106
-109
-109
-101
-93
-81
-67
-56
-40
-29
-19
-1
8
24
33
34
41
44
47
50
51
48
47
49
54
56
59
62
62
60
61
55
51
45
38
30
21
15
3
-3
-16
-23
-29
-40
-45
-50
-49
-50
-45
-42
-43
-36
-36
-30
-27
-22
-18
-23
-21
-26
-32
-36
-39
-40
-46
-48
-47
-46
-42
-39
-35
-38
-33
-29
-29
-26
-27
-25
-16
-9
-8
-4
1
3
11
15
23
25
28
34
37
40
39
45
45
42
37
28
21
15
11
2
-3
-5
-11
-14
-11
-10
-15
-10
-11
-12
-4
-3
-1
-2
2
-1
-4
-11
-22
-28
-35
-35
-37
-40
-42
-38
-32
-23
-15
-8
7
20
31
37
50
61
68
73
75
73
68
68
60
53
45
43
34
29
22
13
12
10
13
7
7
8
6
8
8
8
5
-3
-6
-15
-26
-34
-41
-47
-51
-53
-60
-57
-57
-55
-49
-45
-37
-34
-26
-23
-17
-15
-16
-14
-20
-24
-33
-36
-40
-44
-46
-48
-45
-39
-35
-29
-19
-9
1
11
22
33
38
46
49
53
50
46
39
33
26
16
13
7
2
1
0
1
5
7
11
16
18
19
22
26
26
27
24
18
14
11
6
0
-5
-8
-11
-10
-9
-10
-9
-4
-2
2
2
1
5
7
11
12
14
13
15
13
15
18
16
18
20
22
21
20
20
21
24
21
17
13
13
8
5
3
-1
-2
-2
-3
-7
-6
-8
-2
0
0
0
-3
-2
-5
-8
-12
-13
-16
-18
-17
-17
-16
-15
-11
-7
-7
-8
-6
-6
-5
-4
-5
-3
-7
-6
-10
-12
-13
-15
-15
-17
-13
-12
-10
-5
-1
3
7
12
11
13
10
8
8
5
1
-6
-8
-14
-22
-26
-31
-35
-35
-33
-32
-29
-24
-21
-14
-10
-6
-1
1
4
7
5
7
4
-1
2
2
0
-3
-2
-2
0
-2
2
3
4
8
5
7
9
12
11
16
18
17
21
19
20
20
20
20
17
18
17
18
17
20
20
23
22
22
21
17
21
17
18
18
15
13
10
7
2
2
-2
-1
-3
-4
-2
-2
1
3
7
9
10
11
9
8
9
10
9
7
5
6
1
-4
-8
-12
-15
-19
-23
-26
-27
-32
-29
-29
-30
-28
-30
-29
-31
-33
-35
-37
-38
-42
-42
-49
-49
-50
-48
-46
-46
-42
-40
-34
-32
-26
-25
-20
-16
-14
-9
-8
-3
3
7
11
14
19
24
28
33
37
38
41
45
47
49
50
53
55
56
57
55
54
54
53
50
48
46
43
39
36
33
31
29
27
24
20
18
15
14
10
7
4
-1
-3
-7
-8
-9
-11
-13
-13
-14
-16
-15
-16
-12
-13
-15
-16
-16
-15
-17
-14
-14
-11
-12
-12
-10
-9
-6
-4
-1
-2
-3
-4
-6
-5
-6
-8
-11
-12
-16
-18
-19
-21
-21
-24
-26
-29
-31
-33
-33
-34
-33
-35
-35
-36
-37
-36
-35
-36
-36
-35
-35
-35
-32
-32
-29
-27
-24
-23
-21
-17
-13
-8
-3
2
6
12
15
19
23
27
31
33
37
40
42
44
50
53
54
56
57
57
57
57
57
56
55
51
49
45
42
39
35
31
26
22
17
11
6
3
1
-2
-5
-8
-11
-13
-13
-16
-15
-18
-19
-22
-23
-24
-26
-26
-28
-29
-30
-28
-28
-25
-21
-18
-15
-13
-10
-8
-4
-1
3
5
7
7
7
7
7
6
5
3
2
0
0
-1
1
-1
0
0
-2
-4
-6
-6
-7
-10
-14
-18
-24
-29
-35
-39
-44
-50
-54
-56
-59
-59
-58
-58
-54
-53
-51
-48
-47
-43
-41
-38
-38
-36
-35
-33
-32
-29
-25
-22
-17
-13
-9
-2
5
13
21
29
35
40
47
49
55
56
60
61
61
60
59
59
59
59
58
59
58
59
58
59
60
59
59
58
58
55
54
52
50
46
42
38
34
29
27
25
23
21
20
19
17
16
16
15
13
13
10
9
7
4
2
0
-3
-6
-9
-11
-13
-14
-14
-16
-17
-19
-20
-24
-26
-29
-31
-33
-37
-40
-43
-47
-49
-52
-54
-57
-59
-61
-62
-63
-66
-68
-68
-69
-70
-72
-72
-72
-71
-70
-68
-66
-64
-63
-60
-55
-53
-49
-46
-43
-39
-36
-30
-27
-21
-16
-11
-6
0
3
8
15
20
27
33
39
45
51
56
61
65
69
72
75
77
79
81
82
81
82
81
81
80
79
79
79
79
78
76
75
73
71
70
68
66
62
60
57
53
50
46
42
38
34
30
27
22
19
16
14
11
9
8
4
2
0
-3
-5
-8
-12
-16
-19
-22
-26
-31
-34
-37
-40
-43
-43
-45
-46
-48
-49
-51
-52
-55
-58
-59
-63
-62
-64
-67
-70
-71
-72
-75
-77
-78
-79
-79
-79
-78
-77
-75
-73
-70
-67
-65
-62
-58
-55
-53
-51
-48
-45
-43
-42
-41
-36
-33
-30
-26
-23
-18
-12
-8
-3
2
7
13
18
23
27
32
36
39
42
46
48
52
53
56
58
59
61
62
64
64
65
65
68
69
69
70
70
71
70
70
68
67
66
64
63
61
59
57
55
53
51
49
47
45
42
40
39
38
36
34
32
30
28
25
23
20
16
13
8
5
0
-3
-6
-9
-13
-16
-20
-23
-23
-26
-28
-30
-32
-34
-36
-38
-40
-44
-46
-49
-52
-55
-58
-61
-64
-66
-67
-68
-69
-70
-71
-71
-70
-70
-68
-66
-65
-64
-63
-60
-60
-59
-57
-56
-55
-54
-52
-50
-48
-45
-41
-37
-31
-27
-23
-19
-15
-10
-7
-3
2
5
9
14
17
20
24
26
29
32
35
38
40
43
45
47
51
52
55
56
58
58
59
59
58
57
57
56
56
53
53
52
51
50
49
49
48
47
43
42
39
36
34
33
31
29
27
25
23
21
19
17
15
13
11
8
5
2
1
-1
-4
-7
-9
-11
-14
-16
-18
-20
-21
-23
-26
-27
-28
-31
-33
-34
-35
-37
-37
-38
-39
-39
-40
-40
-42
-43
-45
-47
-48
-48
-48
-48
-47
-46
-44
-42
-40
-39
-38
-36
-35
-32
-32
-30
-26
-24
-21
-19
-16
-15
-13
-12
-11
-8
-7
-4
-1
1
5
9
12
15
18
20
21
25
27
28
28
29
28
28
30
29
30
31
31
32
32
33
33
32
31
32
30
31
30
29
30
29
29
28
26
26
24
23
22
21
21
20
17
16
16
16
15
15
14
13
12
11
10
9
8
7
6
5
4
2
0
-1
-3
-5
-5
-7
-8
-12
-15
-17
-21
-23
-23
-24
-24
-24
-24
-23
-23
-23
-23
-23
-24
-26
-26
-28
-29
-29
-30
-31
-30
-30
-29
-27
-26
-25
-22
-20
-19
-16
-14
-12
-10
-9
-8
-7
-6
-5
-2
-3
-1
0
1
1
2
4
5
6
7
9
11
12
12
13
14
14
15
15
15
13
13
13
12
10
10
10
9
10
10
11
12
14
14
15
15
14
14
14
14
14
15
16
17
18
19
19
19
19
18
18
16
15
13
13
12
11
11
10
10
10
10
10
9
7
7
5
3
0
-2
-6
-8
-11
-12
-13
-14
-14
-16
-16
-18
-18
-19
-21
-22
-22
-21
-20
-20
-20
-19
-20
-20
-19
-19
-18
-18
-17
-17
-15
-14
-14
-13
-11
-10
-6
-4
-2
0
2
4
4
4
5
5
4
5
5
6
7
7
7
7
8
7
9
8
7
7
7
7
6
6
6
5
3
1
1
1
1
1
1
0
0
1
1
0
0
-1
-1
-1
-1
0
0
2
1
2
3
3
3
2
3
3
5
7
5
6
6
5
4
4
5
4
4
5
6
7
6
6
5
6
5
5
4
4
2
1
0
0
-2
-2
-3
-5
-5
-6
-6
-6
-5
-6
-5
-4
-5
-3
-2
-2
-2
-2
-1
0
-1
0
0
-1
-1
-1
1
2
3
4
5
6
5
6
6
6
6
6
5
4
3
1
0
-2
-3
-4
-6
-6
-6
-6
-5
-7
-5
-6
-5
-5
-6
-7
-8
-8
-10
-11
-11
-12
-13
-13
-12
-12
-10
-9
-9
-8
-7
-6
-5
-4
-3
-3
-2
-2
-1
-1
1
1
1
1
2
2
2
2
2
4
3
6
6
6
6
6
6
7
