0
-1
-2
-4
-4
-5
-6
-5
-4
-5
-4
-3
-2
-4
-4
-3
-2
-1
0
0
0
1
0
-1
-2
-3
-3
-3
-2
0
-1
0
2
0
-2
-3
-3
-3
-3
-2
0
0
-1
0
-1
0
-1
-1
-2
-1
-1
0
0
0
0
1
0
1
-1
1
2
4
5
3
4
5
3
2
2
1
1
1
1
1
2
2
3
2
1
0
0
1
2
4
5
4
4
4
3
2
1
1
1
2
2
4
3
4
2
1
0
-1
-2
-3
0
1
1
1
3
1
-1
-2
-1
-2
-1
-1
-1
1
1
1
1
-1
-2
-2
-2
-1
0
1
2
2
1
-1
-2
-1
-1
-2
-1
0
0
1
2
1
-1
-4
-4
-4
-4
-3
-2
-2
-1
0
-1
-3
-3
-3
-4
-4
-3
-2
-2
1
-1
-1
-1
-3
-4
-4
-4
-3
-2
-1
0
-1
-1
-1
-2
-2
-1
-2
0
1
3
4
5
4
1
0
-1
-2
-1
0
1
2
3
3
2
2
1
0
-1
0
0
2
2
3
5
5
4
3
1
2
2
3
4
4
6
6
6
6
5
5
4
3
4
3
4
4
5
5
2
1
-1
-1
1
1
2
4
3
4
3
0
0
0
1
1
3
4
4
5
3
2
1
0
-1
0
-1
0
1
2
1
1
1
0
-3
-4
-5
-4
-3
-2
-1
-1
-2
-3
-5
-6
-8
-7
-6
-5
-4
-4
-2
-3
-3
-4
-5
-5
-5
-5
-4
-2
-1
0
-1
-2
-4
-4
-5
-5
-3
-3
-3
-1
0
0
1
0
-2
-2
-2
-2
-1
0
1
3
3
3
2
2
2
3
3
4
5
4
3
3
2
1
1
0
1
1
2
3
3
4
3
3
3
1
1
0
1
2
2
3
3
2
2
0
-1
-2
-1
1
1
3
4
2
2
1
-1
-2
-3
-1
0
0
1
2
1
1
0
0
-2
-3
-2
-2
-1
0
2
1
2
0
-1
-3
-3
-3
-2
-3
-3
-3
-2
-2
-2
-2
-4
-5
-5
-4
-2
-1
-1
-1
-1
-2
-2
-2
-2
-1
-3
-2
-1
-1
-1
-1
0
-3
-3
-3
-5
-3
-1
0
0
0
-1
-2
-3
-3
-3
-2
-2
-1
-1
2
1
0
-1
-2
-2
-1
-2
0
0
2
2
0
0
-1
-2
-3
-3
-4
-3
-2
-3
-1
0
0
-1
-2
-2
-1
-1
0
1
1
1
1
1
0
0
0
-1
0
0
2
2
3
3
3
1
-1
0
-1
1
1
2
3
3
3
2
1
2
0
1
1
2
3
3
4
5
4
2
1
1
1
1
2
3
3
4
4
2
2
0
0
-1
-1
0
0
1
2
2
2
2
2
0
0
1
1
1
1
2
2
1
2
1
1
1
0
-1
0
1
1
0
1
-1
0
-1
-2
-2
-2
-1
0
0
-1
-2
-2
-2
-3
-2
-2
-1
-2
-1
0
-1
-3
-1
-2
-2
-1
-1
-1
0
0
0
1
0
0
2
0
1
2
1
3
4
6
5
3
3
2
1
1
1
1
3
2
3
2
1
1
-2
-2
-2
-3
-2
0
1
2
1
0
0
-2
0
-1
1
1
0
2
3
2
2
-1
1
0
-2
-1
-1
0
0
-1
-3
-1
-1
-2
-2
-1
1
0
2
0
2
0
-2
-2
0
-4
-1
0
-1
5
0
-1
3
-2
-2
3
-1
1
1
-2
-1
1
-3
1
-4
-6
-1
-8
-5
-2
-1
0
-3
-2
-2
-5
-3
-3
-3
0
-4
2
1
-2
4
-1
0
-2
0
0
2
0
2
5
-1
5
2
5
4
3
5
5
6
10
8
6
9
5
8
5
5
7
5
2
5
5
3
3
2
0
-3
-7
-7
-3
-11
-1
-7
-5
-8
-10
-11
-14
-13
-11
-8
-9
-7
-6
-9
-12
-8
-10
-5
-8
-4
2
-5
-3
1
1
3
4
5
9
5
7
11
11
8
13
9
8
10
3
8
7
5
5
2
-1
1
2
-2
-2
1
-3
-7
-8
-7
-3
-6
-8
-2
-7
-12
-11
-13
-9
-10
-11
-6
-5
-7
-2
-9
-8
-4
-4
3
2
7
12
4
6
7
9
11
10
14
14
9
10
12
10
12
10
9
5
5
3
6
0
3
1
-1
1
-5
-1
-7
-11
-11
-10
-16
-13
-16
-14
-15
-18
-13
-18
-14
-18
-17
-17
-17
-10
-8
-7
-12
-2
-9
-9
-2
-6
5
3
-1
6
3
-2
4
2
8
14
13
14
11
13
5
8
11
12
22
11
12
13
11
10
10
10
12
11
8
1
2
0
1
2
0
2
4
5
2
4
-2
10
7
5
7
11
10
8
7
10
15
13
11
14
18
13
25
25
20
26
14
26
23
28
31
33
35
26
20
20
10
19
14
8
8
3
9
4
10
13
13
10
10
3
1
-1
-9
-2
-1
1
5
-1
-11
-14
-21
-15
-13
-12
0
10
-7
0
3
-9
-13
-18
-20
-6
-31
-14
-3
-9
-6
-5
-12
-9
-5
-14
-1
-9
-2
0
-13
-16
-11
-16
-23
-23
-20
-19
-10
-14
-2
-4
10
-12
5
-8
11
3
11
-1
9
12
18
94
15
274
-73
-97
3
-148
-38
3
-94
131
-64
-202
66
-234
16
-25
-80
-44
-24
-101
-36
-105
-64
-96
-12
-85
102
150
-128
96
-124
132
3
52
64
177
-153
117
-75
35
109
-28
155
-60
33
-29
-34
-34
-11
-54
-27
-59
-61
13
-72
86
115
-69
148
-38
85
35
-8
98
75
-70
132
-2
5
90
135
-72
193
-99
153
-1
-29
38
42
-110
91
118
-45
467
-134
-75
21
-131
57
-10
-60
120
-124
-251
-2
-150
26
32
-20
198
-30
204
-274
199
-87
34
99
365
281
359
122
16
15
-43
68
104
107
19
122
-394
-138
-269
-162
-76
-58
217
402
84
64
2
-178
-84
-179
-94
75
-183
-12
-255
-237
-49
22
258
147
75
61
-141
-185
114
-374
47
-115
-155
-172
-216
-90
71
42
-97
158
-33
-266
-4
-190
-249
106
-248
124
-105
-205
225
8
186
285
191
-5
-120
-74
-299
-73
-223
71
-118
-245
-34
-18
-96
251
64
0
-25
79
-81
53
-318
-7
-5
-314
81
-26
79
-29
307
-272
140
-8
-56
54
-185
-87
119
-210
67
146
-154
213
-100
229
110
82
161
81
-88
15
66
-163
224
-9
137
126
-61
285
184
-72
301
113
-38
317
-347
230
-52
8
145
37
53
117
17
-111
157
-117
139
-81
177
-191
17
-41
-76
96
-188
-1
135
64
141
298
-138
366
-1
-224
262
56
-3
155
2
74
167
-159
93
241
-131
-36
275
-251
-74
139
-257
93
-1
-562
57
-156
-363
111
-294
-75
132
-155
-78
-14
-119
-249
566
-194
85
353
71
-42
114
178
106
169
-135
239
-191
-260
-93
-132
-598
108
-87
-398
138
-148
-2
-264
-168
125
-138
109
-197
252
-121
3
258
-60
231
-143
309
-15
140
100
106
51
-194
109
470
-176
35
204
-135
11
-282
217
64
140
94
108
-372
91
-170
83
-79
-63
314
-493
-171
-109
-209
-58
16
319
-26
59
-108
-106
-264
-55
228
111
93
-104
200
-216
-23
4
219
78
96
-58
-21
-133
-280
-12
58
18
-60
45
-160
-128
-271
112
159
79
191
142
-67
-45
49
-203
-122
95
169
-39
-127
9
67
-56
-89
24
-29
-195
-208
148
-442
-509
550
-361
218
-13
-70
448
-77
-134
419
28
135
-94
235
254
-284
71
141
90
234
-100
426
385
-581
79
250
-638
51
399
-202
411
-597
98
168
-424
-250
630
-6
-252
17
68
61
-348
114
92
213
-496
296
121
-107
-159
386
435
-109
291
143
278
-333
-176
402
376
-308
154
357
-264
19
-151
201
315
-403
191
5
-473
-337
-180
-24
-171
-308
83
-302
-211
-384
-33
162
-391
9
118
-183
-29
-204
-50
165
-53
318
-12
19
-104
19
124
-120
164
187
28
65
-201
-8
-152
-283
-66
-120
68
-168
-473
-53
-206
-353
-30
-116
-185
-157
-12
-131
111
-298
219
595
48
278
449
100
-87
221
167
370
28
249
374
109
-154
116
199
-171
-3
57
215
-455
-170
-163
-63
70
-135
127
-63
-300
-129
89
-15
-34
274
224
160
-108
102
301
-9
319
352
347
236
-128
273
46
141
157
141
173
-28
125
-103
-64
-460
-10
198
-36
-270
92
-81
-6
-52
-29
274
-372
-42
103
-32
-105
238
28
278
99
-148
266
-46
-176
258
-4
-170
71
-310
-119
107
-313
117
-76
-437
28
-85
-269
42
-82
-40
-251
-21
-168
5
-123
-256
272
-185
-119
226
-4
-204
302
-109
56
127
-227
134
64
-350
-38
-120
-225
125
-51
146
-99
-105
-222
-33
-161
-238
6
50
-1
-143
106
-96
-26
-105
179
58
430
-43
348
-51
-140
285
185
224
134
226
2
-55
-176
136
-64
11
54
-36
105
-183
-195
65
-254
17
81
-146
63
-160
-88
27
-37
190
-24
109
-42
97
54
-121
317
322
180
206
103
109
-79
32
232
171
9
-23
77
-228
-178
-93
-23
-94
-79
68
-61
32
-392
78
-162
70
14
138
190
-94
-304
124
-74
-23
194
35
305
-63
-147
-156
151
-143
157
212
78
31
-307
30
-126
31
145
285
176
8
25
-151
-144
-282
128
109
-8
-15
-149
-225
-46
-308
-16
16
-204
163
-133
-267
-369
-215
-66
-71
122
163
21
11
-201
123
14
-1
242
175
296
160
-20
-151
2
-169
196
267
147
94
-142
-180
-258
-155
-84
15
-177
97
-60
-380
-533
-189
-47
206
137
367
49
-171
-71
34
194
72
402
255
168
-41
-59
-3
23
-14
504
227
153
128
-192
-151
-162
-21
282
260
53
-89
-76
-242
-306
74
31
109
42
-22
-22
-126
-504
92
210
-140
171
72
106
-5
-590
190
311
-40
136
169
171
-52
-333
52
417
-27
197
155
-194
-106
-130
17
44
123
142
19
-72
-191
-99
-211
-183
87
79
-27
-10
-292
-466
-3
-161
-75
161
-19
48
-124
-260
113
10
-203
342
348
93
-21
-79
250
222
-10
247
345
195
-368
48
271
159
-127
136
79
157
97
-403
509
-138
20
157
195
-207
208
-166
263
26
-15
365
29
87
40
20
27
144
194
378
62
95
196
-201
144
206
256
270
-199
70
84
-83
9
-165
338
46
-470
84
28
-183
-147
-141
-297
59
-56
-444
-397
-431
416
-5
-963
-198
374
-84
-749
-341
26
-40
-269
-542
105
-194
-72
-151
-444
-141
357
-7
-525
-628
139
347
-591
-441
-139
-2
-413
-570
48
-150
-527
-187
-184
-361
-157
-178
-86
-548
-156
345
-104
-250
-21
128
-45
-14
76
125
75
272
193
53
319
278
90
7
367
463
262
71
365
498
108
333
325
381
357
361
477
350
269
427
415
505
395
455
546
203
446
393
402
525
374
377
582
322
332
286
246
595
218
301
468
191
259
50
236
381
207
147
113
-49
174
-126
-113
46
-160
-100
-158
-317
-148
-281
-209
-303
-310
-343
-347
-375
-315
-415
-376
-324
-475
-433
-509
-371
-316
-369
-402
-554
-379
-434
-390
-482
-527
-386
-542
-483
-712
-554
-514
-580
-573
-778
-597
-452
-817
-722
-487
-596
-646
-653
-376
-156
-374
-364
-227
-248
-145
-39
143
145
176
215
124
270
380
469
418
589
525
552
598
371
400
519
643
376
535
550
542
302
116
434
448
288
256
482
440
222
139
340
537
328
179
598
581
411
379
471
609
392
428
871
737
301
604
674
310
379
584
495
659
168
392
230
-51
-32
239
-269
105
73
-352
-372
-423
-647
-387
-419
-561
-154
-627
-535
-765
-617
-743
-348
-320
-660
-444
-750
-565
-705
-675
-624
-353
-682
-575
-999
-1085
-847
-924
-1079
-1168
-818
-1164
-1109
-1261
-783
-859
-786
-668
-372
-381
-576
-336
-167
88
147
204
466
550
527
659
919
1145
1075
1131
1196
1209
1134
879
879
946
942
767
569
679
327
171
86
121
151
-91
-82
-117
-245
-334
-258
-177
-256
-10
34
217
344
321
362
573
692
845
952
906
1061
1024
1139
984
1031
1062
1200
939
809
888
892
603
305
370
244
432
-25
-452
-198
-208
-506
-590
-494
-339
-563
-1044
-619
-294
-748
-650
-381
-371
-680
-619
-547
-19
-620
-754
-458
79
-113
-1021
-839
-445
-51
-1189
-987
-395
-402
-1324
-1543
-1148
-778
-1288
-1553
-1390
-1368
-1120
-1658
-1513
-1401
-980
-925
-725
-726
-669
-741
-635
-67
359
433
390
506
579
702
876
1024
1368
1347
1316
1382
1518
1362
1134
888
929
1201
1137
772
382
223
77
-2
-192
-123
-192
-370
-449
-533
-484
-614
-539
-484
-267
-7
71
112
39
279
701
961
1089
1069
1183
1376
1446
1473
1477
1616
1648
1570
1505
1491
1378
1129
839
984
1039
835
612
317
35
-32
-10
-169
-150
-677
-616
-463
-640
-766
-821
-892
-618
-591
-686
-557
-719
-640
-414
-784
-558
-309
-274
-512
-710
-511
-143
-624
-933
-874
-591
-684
-1020
-1197
-1137
-1296
-1635
-1840
-1538
-1663
-1628
-1615
-1716
-1545
-1547
-1396
-1097
-1104
-1078
-899
-625
-460
-53
15
79
332
370
641
940
1307
1429
1407
1373
1374
1568
1506
1460
1320
1331
1153
1007
695
467
356
154
141
21
-126
-387
-655
-803
-850
-772
-740
-727
-758
-644
-488
-375
-187
57
367
679
889
1083
1078
1323
1469
1817
1929
2057
2131
2046
2082
2006
2042
1912
1822
1717
1511
1303
1104
875
662
288
316
57
-165
-424
-719
-713
-842
-927
-1094
-1271
-1090
-1313
-1192
-1120
-1031
-985
-1140
-904
-726
-789
-767
-561
-469
-498
-562
-552
-724
-675
-845
-679
-836
-1057
-1224
-1501
-1623
-1825
-1759
-1792
-1861
-1809
-1946
-1734
-1461
-1436
-1545
-1626
-1216
-811
-585
-237
-89
72
-96
185
582
1081
1409
1653
1707
1544
1535
1657
1748
1709
1690
1768
1498
1201
707
491
368
267
249
46
-228
-573
-770
-950
-949
-818
-750
-742
-821
-750
-687
-485
-253
133
476
758
908
1020
1152
1373
1771
2066
2322
2364
2374
2259
2226
2230
2382
2289
2141
1944
1695
1339
1086
889
798
520
273
0
-365
-626
-819
-829
-978
-1089
-1239
-1354
-1484
-1601
-1447
-1431
-1162
-1154
-1091
-1209
-1168
-1067
-1100
-890
-719
-536
-743
-858
-1195
-937
-1140
-961
-1212
-1283
-1640
-1713
-1988
-1796
-1568
-1958
-1449
-1513
-1097
-1456
-1788
-1644
-981
-721
-30
-9
-100
-199
-342
347
863
1529
1678
1587
1207
1378
1482
1819
1779
1691
1834
1548
1250
820
490
456
485
436
274
-197
-741
-895
-1101
-871
-651
-744
-953
-1217
-1086
-780
-488
-244
104
275
599
763
946
1129
1445
1821
2259
2362
2376
2340
2205
2462
2539
2641
2617
2115
1905
1684
1536
1532
1213
970
708
298
76
-203
-429
-440
-682
-900
-1161
-1379
-1553
-1571
-1523
-1359
-1386
-1541
-1576
-1613
-1318
-1126
-899
-1017
-991
-1088
-1099
-903
-874
-853
-927
-1086
-1191
-1371
-1668
-1444
-1637
-1522
-1282
-1708
-1192
-1026
-1369
-1100
-1596
-1243
-154
-553
219
187
-478
200
-66
639
1619
1385
1787
1478
1034
1598
1670
1832
1998
1551
1634
1220
895
694
535
610
399
-10
-183
-836
-950
-1095
-1238
-944
-1150
-1367
-1497
-1677
-1320
-852
-696
-373
-311
-150
232
361
799
1211
1430
1880
1873
2097
2283
2333
2573
2694
2614
2670
2290
2197
2081
1895
1939
1599
1304
936
560
484
312
109
-143
-547
-709
-962
-1087
-1143
-1327
-1405
-1529
-1667
-1700
-1668
-1596
-1505
-1443
-1336
-1348
-1413
-1297
-1286
-903
-1010
-950
-1072
-1409
-1364
-1322
-1462
-1183
-1419
-1417
-1230
-1681
-867
-641
-907
-912
-1233
-864
-103
-58
388
374
-116
396
455
1041
1630
1680
1894
1546
1395
1731
1797
2022
1867
1534
1620
1026
778
604
470
591
285
-306
-568
-1019
-1176
-1165
-1336
-1202
-1576
-1799
-1848
-1924
-1496
-1250
-1079
-760
-799
-589
-128
16
574
986
1205
1530
1507
1796
2086
2340
2585
2688
2591
2473
2240
2357
2299
2174
1937
1594
1343
1043
908
855
648
340
28
-271
-453
-632
-743
-837
-991
-1274
-1512
-1452
-1490
-1437
-1274
-1429
-1313
-1425
-1433
-1459
-1239
-1257
-974
-1353
-1312
-1396
-1616
-1432
-1394
-1469
-1618
-1686
-1598
-1350
-1091
-346
-956
-1137
-1331
-1009
-22
228
336
439
-274
-13
457
942
1772
1797
1670
1517
1306
1595
1979
2088
2188
1732
1534
1152
786
869
882
917
582
-309
-614
-861
-826
-743
-932
-1187
-1581
-1963
-1874
-1623
-1351
-1114
-1242
-1183
-1102
-867
-448
-68
227
535
662
930
1108
1360
1875
2117
2297
2304
2177
2223
2228
2318
2469
2224
1970
1692
1428
1295
1211
1041
888
542
234
-41
-210
-335
-509
-606
-853
-1121
-1298
-1516
-1447
-1356
-1393
-1459
-1568
-1578
-1548
-1494
-1359
-1368
-1479
-1385
-1490
-1401
-1483
-1574
-1686
-1629
-1652
-1199
-1391
-932
-606
-861
-1184
-1057
-860
162
312
313
288
-299
108
518
953
1558
1657
1360
1375
1116
1629
1980
2061
1984
1440
1376
1196
1003
1100
881
855
558
-205
-413
-609
-617
-518
-911
-1141
-1473
-1818
-1660
-1555
-1242
-1120
-1324
-1295
-1261
-1026
-436
-245
-24
100
174
371
774
1262
1640
1754
1789
1798
1926
2114
2293
2411
2179
1938
1795
1657
1584
1657
1501
1181
809
569
490
421
272
129
-214
-584
-869
-951
-977
-1098
-1195
-1367
-1550
-1654
-1570
-1584
-1465
-1495
-1592
-1632
-1580
-1565
-1473
-1516
-1600
-1662
-1695
-1546
-1488
-1191
-1255
-801
-345
-702
-947
-711
-403
372
395
270
560
95
438
688
1193
1609
1592
1399
1363
1349
1832
1998
1972
1736
1184
1259
1100
873
873
774
531
142
-504
-580
-568
-646
-844
-1211
-1353
-1647
-1808
-1642
-1475
-1333
-1388
-1551
-1398
-1164
-897
-520
-341
-158
-100
68
445
680
1158
1534
1528
1647
1642
1912
2374
2355
2353
2242
1931
1894
1808
1871
1874
1589
1299
988
892
869
641
529
232
-57
-275
-536
-679
-860
-1178
-1285
-1497
-1539
-1658
-1715
-1697
-1891
-1868
-1961
-2012
-1925
-1745
-1984
-1933
-2103
-2232
-2043
-1805
-1660
-1422
-1577
-884
-701
-911
-775
-593
-111
642
417
796
547
467
933
1190
1762
2083
1888
1858
1739
1795
2338
2326
2353
1793
1494
1487
1166
1075
1032
695
522
-177
-584
-523
-710
-756
-1144
-1481
-1721
-1995
-1988
-1787
-1659
-1573
-1729
-1746
-1477
-1256
-899
-571
-494
-247
-185
127
576
913
1122
1274
1429
1622
1839
2195
2373
2288
2133
2075
2139
2168
2145
2052
1840
1547
1322
1307
1335
1193
976
634
381
197
91
29
-229
-590
-871
-1110
-1232
-1259
-1376
-1465
-1718
-1831
-2006
-1956
-1948
-1869
-2013
-2233
-2249
-2449
-2238
-2347
-2093
-1865
-1971
-1516
-1075
-1411
-1133
-1124
-729
329
50
350
326
193
840
1147
1481
1950
1704
1794
1834
2011
2549
2436
2430
2023
1658
1816
1584
1433
1261
736
625
149
-331
-355
-572
-615
-1061
-1591
-1753
-2053
-1987
-1914
-1909
-1838
-2054
-2155
-1801
-1515
-1128
-883
-919
-682
-538
-190
198
625
988
964
968
1175
1446
1937
2290
2295
2133
1860
1876
2061
2230
2202
2019
1691
1387
1268
1405
1417
1258
915
528
401
258
267
161
-107
-513
-786
-933
-996
-980
-1144
-1361
-1663
-1774
-1859
-1695
-1747
-1875
-2081
-2338
-2447
-2436
-2240
-1992
-2059
-1894
-1463
-1761
-1604
-1602
-1054
-349
-66
-107
122
-149
386
735
1271
1820
1768
1744
1718
1913
2320
2664
2761
2564
1973
2096
1970
1903
1784
1416
1186
683
139
-13
-112
-231
-632
-1106
-1341
-1735
-1952
-1940
-1834
-1748
-1981
-2250
-2073
-1855
-1474
-1168
-1044
-967
-944
-602
-136
251
593
761
827
997
1102
1478
1886
2083
2084
1932
1848
1929
1971
2054
2059
1880
1547
1268
1284
1362
1291
1131
765
390
263
220
202
47
-321
-725
-863
-904
-895
-1023
-1237
-1438
-1671
-1750
-1693
-1649
-1757
-1932
-2216
-2323
-2429
-2240
-2156
-2075
-1482
-1585
-1991
-2098
-1785
-1073
-378
-452
-216
-523
-389
86
562
1302
1577
1433
1352
1437
1907
2499
2665
2705
2171
2021
2149
2138
2199
2078
1683
1265
602
384
484
348
70
-603
-1043
-1313
-1532
-1560
-1586
-1684
-1864
-2239
-2247
-1980
-1765
-1515
-1403
-1378
-1266
-1190
-770
-290
35
276
346
539
745
1058
1439
1680
1685
1675
1647
1858
1989
2082
2086
1888
1681
1549
1501
1577
1494
1262
1037
710
540
416
368
248
-30
-328
-640
-803
-793
-912
-974
-1184
-1496
-1718
-1875
-1638
-1708
-1817
-1997
-2329
-2344
-2104
-2247
-1787
-1403
-1682
-1790
-2160
-1722
-970
-538
-501
-328
-724
-414
-102
575
1167
1336
1258
1082
1303
1785
2239
2596
2518
1982
1995
1954
2096
2196
2110
1851
1351
824
625
711
724
394
-210
-643
-1075
-1229
-1158
-1122
-1146
-1592
-2050
-2036
-1736
-1475
-1314
-1321
-1391
-1386
-1191
-724
-327
-54
33
111
334
566
796
1242
1375
1359
1316
1305
1443
1587
1758
1813
1673
1434
1281
1329
1474
1406
1254
974
669
525
437
437
304
40
-262
-482
-602
-619
-798
-882
-1103
-1337
-1489
-1510
-1592
-1576
-1858
-2034
-2112
-2112
-1997
-2026
-1476
-1586
-1885
-2076
-1832
-1398
-634
-883
-588
-757
-781
-374
-6
655
1091
939
839
941
1287
1950
2206
2386
1951
1785
1956
1967
2146
2196
1900
1594
1070
824
954
940
732
141
-262
-520
-785
-790
-875
-962
-1164
-1600
-1716
-1525
-1399
-1255
-1230
-1234
-1207
-1214
-836
-540
-242
0
42
150
473
644
1049
1309
1218
1244
1242
1352
1457
1516
1539
1466
1320
1260
1257
1290
1156
1026
883
658
526
388
285
182
-64
-318
-464
-584
-645
-782
-887
-1069
-1265
-1420
-1533
-1477
-1497
-1749
-1896
-2029
-1949
-1978
-1675
-1259
-1575
-1880
-1857
-1684
-1099
-755
-790
-624
-883
-673
-381
25
652
805
688
713
820
1307
1678
1970
1976
1553
1585
1754
1862
2044
1935
1684
1332
917
969
1063
1072
667
79
-199
-438
-497
-472
-629
-778
-1107
-1433
-1364
-1181
-1056
-1088
-1130
-1062
-1132
-985
-728
-509
-248
-196
-128
57
238
478
770
1023
1051
976
1098
1189
1353
1443
1429
1418
1288
1227
1318
1307
1192
1042
881
800
684
552
396
225
5
-170
-291
-410
-578
-724
-960
-1024
-1220
-1292
-1390
-1573
-1668
-1797
-1972
-1891
-2007
-1917
-1209
-1565
-1808
-1982
-1813
-1185
-759
-942
-733
-997
-828
-518
-238
436
610
579
421
593
1101
1444
1691
1829
1349
1402
1547
1598
1809
1733
1574
1268
831
825
918
997
786
170
-76
-297
-404
-338
-495
-607
-888
-1260
-1226
-1004
-802
-865
-978
-949
-1002
-801
-536
-392
-164
-179
-175
61
240
478
628
668
701
712
916
1078
1134
1135
1032
1075
1069
1080
1161
1134
1068
949
803
717
673
686
629
361
186
-95
-102
-43
-129
-392
-632
-859
-1020
-943
-1080
-1083
-1483
-1693
-1835
-1667
-1933
-1306
-1104
-1546
-1958
-2064
-1660
-986
-706
-812
-828
-1173
-800
-543
72
646
730
406
289
698
1307
1684
1952
1744
1256
1323
1551
1789
1829
1612
1326
912
624
758
888
876
437
-103
-368
-535
-517
-446
-540
-695
-1117
-1465
-1376
-1009
-746
-839
-982
-1068
-1049
-780
-412
-193
-16
-120
-129
50
305
596
762
814
702
625
766
931
1045
1104
929
840
751
784
914
909
835
697
539
456
453
497
400
200
84
-112
-66
-36
-203
-371
-499
-614
-661
-760
-855
-1049
-1222
-1349
-1342
-1528
-1441
-845
-1119
-1610
-1810
-1658
-1196
-744
-893
-821
-1195
-1062
-725
-401
233
465
297
168
371
975
1370
1585
1718
1382
1385
1532
1697
1897
1800
1623
1364
936
898
983
1041
857
292
-75
-385
-476
-433
-541
-658
-947
-1370
-1476
-1344
-1066
-1006
-1170
-1215
-1267
-1131
-845
-653
-422
-376
-326
-149
7
274
491
608
692
653
766
861
926
1005
1015
976
886
813
900
905
846
779
609
532
465
458
379
225
96
-33
-71
-101
-213
-370
-457
-475
-532
-671
-680
-857
-963
-1044
-943
-1175
-956
-553
-842
-1228
-1427
-1284
-743
-558
-711
-693
-1092
-810
-585
-306
168
326
105
2
266
862
1128
1295
1352
1066
1183
1357
1556
1681
1564
1416
1204
962
1057
1074
1092
806
352
130
-67
-100
-143
-359
-570
-837
-1127
-1109
-1032
-975
-1121
-1298
-1286
-1224
-1052
-905
-911
-752
-701
-610
-343
-221
-44
65
117
259
336
461
585
588
638
667
656
658
635
693
636
572
556
493
463
402
312
273
130
36
-12
-83
-123
-195
-319
-421
-453
-445
-531
-714
-686
-813
-673
-809
-515
-166
-498
-872
-794
-694
-148
28
-266
-272
-577
-338
-183
35
434
496
190
105
221
733
995
1127
1105
719
809
1063
1277
1420
1277
1107
885
637
893
1032
1039
737
261
162
72
110
148
-61
-259
-592
-862
-847
-678
-575
-758
-1067
-1180
-1190
-962
-700
-739
-753
-891
-870
-570
-372
-270
-228
-314
-322
-181
54
164
133
68
19
23
128
145
249
181
74
-18
-50
10
76
55
13
-157
-247
-248
-213
-221
-182
-414
-483
-472
-423
-393
-561
-581
-579
-591
-674
88
65
-292
-644
-466
-196
430
415
306
45
-100
202
316
723
985
962
563
460
743
1220
1310
1443
1199
880
913
1118
1359
1372
1200
978
662
560
772
879
893
516
179
40
-56
99
177
59
-119
-447
-629
-591
-381
-288
-454
-688
-808
-923
-700
-522
-506
-465
-624
-673
-533
-363
-209
-199
-323
-347
-374
-244
-165
-220
-257
-332
-390
-397
-398
-350
-480
-553
-577
-609
-627
-633
-689
-701
-792
-766
-760
-842
-753
-783
-814
-833
-742
-726
-786
-721
-661
-674
-763
-217
213
-103
-473
-315
-108
408
673
555
504
179
429
585
806
1217
1373
974
765
934
1392
1584
1657
1609
1221
1158
1232
1422
1601
1433
1152
908
657
819
978
945
699
357
256
106
159
313
244
78
-150
-333
-267
-59
37
-12
-193
-311
-396
-242
-56
-106
-77
-217
-306
-193
-67
-2
35
-139
-238
-204
-77
-79
-174
-290
-425
-504
-532
-551
-578
-729
-914
-1017
-1069
-1044
-1104
-1160
-1257
-1363
-1409
-1398
-1357
-1333
-1408
-1446
-1351
-1339
-1219
-1261
-1192
-1120
-896
-1097
-647
-20
-235
-506
-468
-216
297
674
560
630
256
510
736
930
1277
1482
1254
978
1023
1496
1727
1767
1766
1420
1321
1389
1547
1688
1563
1258
1041
744
832
995
1040
775
315
223
179
213
396
309
138
-34
-147
-87
104
265
251
98
35
25
86
356
324
374
327
182
237
382
474
516
349
139
113
204
234
155
-3
-197
-389
-449
-489
-535
-656
-858
-1074
-1241
-1299
-1289
-1373
-1524
-1660
-1701
-1762
-1829
-1742
-1860
-1793
-1807
-1749
-1827
-1778
-1691
-1417
-1295
-1468
-831
-586
-716
-855
-569
-356
231
303
280
287
166
545
670
920
1161
1230
987
937
1165
1598
1578
1551
1430
1223
1290
1384
1460
1419
1220
1062
892
727
847
827
823
559
270
248
155
194
246
194
104
-28
-95
6
182
313
300
171
227
255
463
633
571
629
621
662
804
870
872
851
700
716
723
727
657
458
353
233
112
-12
-137
-248
-465
-668
-792
-989
-1099
-1158
-1396
-1618
-1783
-1780
-1846
-1921
-1963
-2163
-2169
-2131
-1972
-2067
-2022
-2007
-1762
-1895
-1312
-753
-1022
-1247
-1121
-615
-128
204
179
277
-12
381
633
917
1159
1260
1077
859
1026
1524
1657
1571
1479
1194
1166
1220
1420
1428
1193
903
687
546
620
686
645
367
55
-3
-19
42
123
36
-63
-233
-220
-85
122
219
173
104
130
269
440
706
644
627
661
757
912
1107
1103
1057
910
828
1002
1082
1066
847
628
517
435
405
320
115
-114
-403
-558
-602
-739
-884
-1081
-1409
-1571
-1653
-1699
-1801
-1888
-2053
-2176
-2233
-2188
-2205
-2126
-2090
-1995
-2038
-1638
-1063
-1324
-1456
-1286
-865
-406
-84
-109
83
-145
219
534
793
1117
1196
1018
889
1117
1554
1666
1550
1526
1232
1227
1277
1402
1449
1173
830
649
492
580
604
512
185
-175
-203
-177
-120
-93
-236
-422
-509
-452
-246
-85
7
4
-89
-19
160
385
657
614
635
666
791
968
1161
1192
1164
969
929
1123
1227
1230
982
805
647
603
585
516
340
62
-241
-357
-422
-528
-705
-1036
-1285
-1450
-1482
-1581
-1774
-1913
-2049
-2086
-2095
-2180
-2189
-2213
-2115
-2012
-1885
-1193
-1296
-1596
-1441
-1088
-572
-72
-207
49
-70
31
490
655
1051
1362
1251
1015
981
1454
1848
1733
1705
1383
1216
1322
1408
1543
1350
910
722
484
550
594
439
267
-167
-333
-340
-360
-239
-340
-532
-654
-742
-580
-407
-330
-242
-271
-294
-229
-38
349
385
391
457
532
755
953
1081
1086
934
914
1092
1248
1234
1062
921
776
693
703
594
453
270
-6
-178
-348
-384
-477
-797
-1142
-1305
-1391
-1506
-1512
-1747
-1889
-2116
-2124
-2073
-2002
-2180
-2051
-2169
-1808
-1172
-1420
-1548
-1458
-1063
-558
-212
-277
55
-111
214
541
802
1147
1348
1290
1202
1331
1771
1929
1858
1899
1618
1599
1586
1625
1695
1480
1120
899
713
726
651
509
276
-138
-264
-321
-357
-250
-466
-663
-780
-803
-702
-614
-521
-505
-569
-508
-412
-236
81
57
53
177
327
515
685
789
847
739
712
903
1110
1084
958
854
761
645
706
645
436
259
35
-135
-302
-335
-508
-805
-1112
-1212
-1431
-1463
-1608
-1717
-1914
-2110
-2210
-2126
-2065
-1973
-2149
-1988
-1343
-1543
-1648
-1477
-1125
-751
-368
-407
-74
-185
155
554
768
1056
1282
1287
1239
1378
1828
2056
1928
1924
1738
1749
1753
1788
1882
1681
1298
1135
958
987
887
704
465
80
-50
-89
-202
-200
-383
-565
-682
-745
-639
-564
-558
-588
-622
-595
-493
-340
-51
-18
-130
-112
97
343
573
708
586
479
478
644
921
979
836
711
607
588
650
633
495
223
46
-109
-218
-276
-364
-691
-1063
-1296
-1378
-1369
-1559
-1718
-1976
-2148
-2295
-2199
-2201
-2113
-2240
-2157
-1674
-1710
-1856
-1666
-1308
-962
-581
-585
-267
-203
61
442
651
878
1230
1359
1323
1421
1792
2024
1936
2037
1985
1955
1917
1894
1975
1908
1620
1441
1270
1172
1061
914
779
451
250
157
-10
-13
-97
-280
-414
-518
-505
-483
-460
-449
-435
-458
-422
-337
-96
14
-27
-33
89
271
460
627
600
510
480
563
797
922
728
646
549
496
514
519
376
192
-12
-171
-271
-300
-400
-713
-1018
-1318
-1375
-1420
-1572
-1784
-2035
-2260
-2459
-2423
-2387
-2261
-2517
-2451
-2099
-1991
-2170
-2000
-1689
-1389
-1045
-985
-663
-637
-305
128
391
560
956
1081
1140
1303
1703
1922
1853
1930
1952
2010
2022
1991
2009
1975
1702
1592
1480
1390
1309
1150
979
636
464
422
277
244
88
-156
-289
-270
-249
-239
-311
-321
-320
-269
-208
-174
39
36
37
181
358
454
607
667
737
694
724
865
967
1021
881
812
708
730
795
748
497
280
93
26
-73
-242
-388
-774
-1071
-1242
-1250
-1449
-1657
-1914
-2086
-2325
-2411
-2482
-2431
-2499
-2633
-2220
-2261
-2343
-2291
-1995
-1802
-1405
-1369
-1012
-994
-849
-335
-72
178
465
703
758
875
1209
1579
1589
1680
1651
1710
1834
1876
1926
1918
1724
1625
1542
1510
1425
1274
1193
968
751
703
547
476
404
252
124
-53
-67
-88
-88
-98
-85
-166
-174
-141
-8
123
156
241
262
383
446
570
695
781
762
792
809
895
953
875
877
805
742
659
640
509
345
158
26
-154
-286
-447
-714
-929
-1195
-1313
-1513
-1739
-1812
-2076
-2212
-2359
-2411
-2447
-2447
-2148
-2122
-2411
-2384
-2099
-1912
-1446
-1401
-1182
-1136
-1057
-578
-285
40
312
390
437
603
876
1350
1356
1424
1374
1309
1480
1614
1720
1699
1427
1298
1284
1286
1391
1195
1065
820
629
644
581
575
454
257
128
74
95
169
147
98
71
-3
20
38
242
346
337
340
360
457
538
724
862
855
743
757
789
954
943
923
821
671
585
590
559
402
273
134
-117
-309
-326
-515
-714
-943
-1192
-1300
-1481
-1588
-1735
-1934
-2081
-2191
-2193
-2265
-1976
-1926
-2129
-2284
-1992
-1810
-1480
-1353
-1284
-1120
-1124
-736
-431
-175
35
325
282
410
616
1011
1191
1275
1276
1129
1223
1397
1532
1501
1335
1104
1059
1049
1073
1063
932
708
409
392
401
410
355
173
23
-66
-4
46
136
104
103
-3
31
146
308
445
393
388
386
477
614
762
790
748
729
787
852
893
965
890
786
749
700
656
535
421
250
122
-7
-77
-281
-520
-716
-830
-1008
-1231
-1280
-1538
-1664
-1899
-1915
-2050
-2046
-2166
-2058
-1938
-2018
-2090
-2046
-1723
-1595
-1304
-1366
-1160
-1075
-785
-522
-255
-117
146
356
437
658
871
1150
1203
1300
1293
1337
1389
1486
1485
1448
1311
1192
1148
1112
1057
971
829
657
491
432
358
303
214
122
1
-34
-19
5
104
42
59
63
139
145
287
357
361
360
452
600
653
734
741
789
757
874
973
971
866
846
832
774
735
640
501
268
210
75
15
-169
-325
-546
-813
-942
-1002
-1047
-1353
-1510
-1733
-1736
-1910
-1878
-1966
-1984
-1877
-1907
-1952
-1982
-1808
-1629
-1434
-1434
-1299
-1204
-1050
-745
-560
-340
-220
7
173
385
592
809
894
992
1088
1125
1320
1304
1384
1331
1269
1186
1232
1201
1149
1012
867
761
622
663
495
403
258
166
174
162
171
95
119
109
98
89
194
204
302
308
235
316
352
475
560
581
582
591
609
694
738
805
751
651
628
552
552
547
425
300
154
45
-34
-42
-174
-347
-532
-689
-901
-863
-930
-1165
-1236
-1484
-1530
-1679
-1612
-1622
-1515
-1661
-1668
-1811
-1622
-1360
-1371
-1293
-1327
-1095
-1046
-766
-636
-382
-456
-174
-57
201
407
560
651
646
769
884
1003
1033
1146
1070
1117
1025
1055
1086
1026
923
824
727
653
614
599
501
302
206
234
265
275
164
81
104
147
215
225
258
205
194
232
288
344
433
447
405
434
436
501
539
614
538
469
418
436
425
381
286
242
128
-27
6
-89
-83
-189
-336
-524
-589
-664
-662
-761
-919
-1014
-1135
-1174
-1257
-1265
-1262
-1352
-1369
-1408
-1305
-1306
-1305
-1283
-1125
-1100
-1052
-893
-836
-615
-589
-396
-332
-83
-24
214
263
371
456
588
814
866
945
847
943
976
1127
1088
1204
1162
946
835
855
903
857
816
592
495
416
396
397
366
280
120
103
74
166
169
137
48
-26
25
86
209
173
177
139
165
220
324
360
312
338
313
320
290
368
327
273
203
172
152
121
48
27
-45
-142
-151
-233
-355
-486
-468
-506
-642
-813
-822
-846
-849
-1025
-1065
-984
-1147
-1150
-1064
-1040
-1057
-1141
-1036
-887
-885
-794
-615
-585
-508
-415
-277
-79
-47
80
172
263
361
552
623
657
664
796
816
862
991
982
965
862
903
884
853
818
787
703
547
541
502
469
384
343
188
168
165
233
171
19
0
18
28
51
132
29
10
-2
71
71
160
161
148
117
126
165
220
186
124
188
146
141
93
185
69
23
-74
-67
-63
-97
-93
-129
-312
-427
-337
-377
-415
-481
-555
-737
-712
-758
-772
-814
-767
-908
-921
-949
-809
-815
-924
-810
-806
-743
-799
-501
-553
-571
-564
-289
-354
-231
-103
-26
76
-13
193
208
349
375
503
412
517
573
694
669
620
697
653
652
620
665
625
579
546
516
458
430
422
410
336
256
286
245
194
245
175
239
127
114
93
130
117
86
76
77
113
131
112
58
168
105
195
201
188
180
195
229
216
149
178
239
202
115
67
111
68
-20
-87
-40
-76
-209
-285
-338
-361
-388
-433
-504
-628
-637
-597
-637
-620
-664
-643
-637
-741
-674
-584
-576
-578
-580
-576
-401
-521
-435
-307
-238
-304
-268
-203
-22
-60
27
83
38
135
192
245
214
226
185
278
278
210
206
282
311
246
102
198
303
219
151
140
198
158
147
199
211
143
133
174
146
200
285
255
174
196
295
296
333
280
263
229
322
416
319
329
363
380
320
297
350
408
301
215
300
246
175
175
203
101
-48
34
34
28
-185
-143
-172
-199
-322
-395
-239
-222
-270
-510
-473
-364
-295
-409
-464
-446
-394
-324
-295
-321
-286
-263
-275
-211
-162
-165
-162
-104
-117
-44
-120
-13
-9
82
-164
-39
26
55
-13
10
-25
-120
-45
-26
64
-140
-96
-105
-78
-193
-38
-78
-122
-119
-130
-106
-91
-3
-33
-8
-47
25
41
70
109
160
130
166
163
195
298
293
294
233
350
415
421
309
385
375
433
340
281
427
442
336
222
301
281
258
210
173
163
30
70
167
33
-81
-64
-64
-134
-144
-183
-136
-212
-210
-199
-305
-183
-168
-181
-253
-143
-130
-174
-195
-81
-87
-44
-97
-16
103
-95
-24
12
39
-3
36
-130
87
90
-22
-89
-92
28
-53
-123
-135
-112
-129
-178
-116
-139
-372
-209
-123
-238
-339
-240
-126
-54
-404
-267
-103
-82
-117
-243
-132
-114
37
-68
-113
-35
38
6
4
-2
55
162
98
194
85
66
207
255
198
19
144
335
291
88
132
216
237
279
59
98
141
239
148
-32
-27
240
93
-64
-131
-53
103
-95
-80
-170
-275
-77
-24
-177
-171
-147
-115
63
-226
-175
-70
62
-58
-138
-104
152
79
-68
-40
15
-28
24
158
88
-16
-69
149
44
-30
76
63
-15
-15
14
95
101
0
30
89
-82
15
5
9
9
32
-61
34
-10
1
81
-145
48
10
65
-43
29
68
55
59
55
123
68
102
184
195
103
235
298
283
206
196
146
277
156
227
162
118
172
144
117
12
139
-4
40
-24
-86
-60
-57
-86
-209
-179
-139
-135
-247
-275
-245
-148
-286
-365
-261
-199
-227
-343
-262
-260
-266
-226
-143
-243
-180
-217
-130
-151
-208
-103
-198
-56
-156
-106
-225
-19
-5
-139
-197
-60
81
-79
-94
-27
94
-64
42
15
58
-1
121
69
81
74
179
154
78
119
94
140
165
189
11
138
223
243
16
108
191
222
145
180
234
187
201
291
210
192
250
303
204
215
360
276
314
269
315
230
272
307
312
131
209
224
171
102
137
143
9
59
-35
-82
-80
0
-110
-132
-266
-78
-195
-298
-278
-230
-250
-285
-276
-272
-314
-294
-322
-301
-234
-315
-352
-311
-192
-213
-294
-233
-199
-264
-176
-232
-121
-140
-178
-183
-91
-88
-39
-21
-41
-8
-77
47
69
71
-19
133
74
68
56
96
106
121
74
83
163
84
116
128
136
112
101
102
190
25
38
124
118
136
127
127
158
99
144
190
118
156
217
202
220
147
195
227
169
160
161
185
221
159
72
95
29
136
40
-32
-55
11
-96
-174
-135
-141
-158
-273
-224
-322
-223
-255
-210
-389
-301
-232
-300
-315
-307
-208
-254
-278
-284
-211
-242
-129
-201
-203
-180
-69
-60
-158
-92
-23
40
0
-31
64
64
45
143
131
58
158
192
173
87
98
215
195
128
115
184
138
167
128
160
168
143
166
72
78
135
156
125
131
134
77
84
129
141
83
114
164
143
60
78
178
110
69
136
130
119
128
153
113
80
75
116
56
16
-23
33
-42
-66
-50
-145
-162
-120
-123
-159
-176
-209
-256
-220
-200
-267
-271
-242
-218
-251
-318
-229
-190
-268
-252
-191
-184
-213
-152
-176
-191
-169
-74
-27
-51
-63
-15
87
-4
70
73
102
138
125
12
86
109
109
120
43
101
113
89
59
151
113
56
103
134
80
83
124
150
93
42
122
180
151
98
127
114
134
162
118
154
147
97
94
208
190
116
86
144
182
83
85
110
88
12
2
13
-1
-16
-38
-69
-83
-125
-109
-119
-136
-158
-200
-176
-201
-249
-226
-206
-229
-212
-228
-209
-205
-208
-164
-134
-153
-201
-128
-83
-94
-145
-109
-69
-51
-60
-48
-13
-36
-12
14
14
11
38
38
63
30
27
87
76
31
42
51
61
48
-19
-15
19
17
-2
-21
-26
-17
26
20
30
20
42
94
86
93
71
142
136
104
130
151
153
158
186
168
161
173
230
212
172
183
189
187
187
172
132
118
93
77
56
72
34
-39
-40
-26
-50
-85
-60
-104
-154
-167
-96
-87
-168
-192
-161
-150
-192
-176
-158
-143
-141
-154
-156
-134
-131
-116
-102
-94
-84
-73
-77
-74
-59
-61
-42
-51
-68
-38
-32
-50
-75
-67
-63
-54
-72
-74
-75
-80
-67
-45
-54
-63
-47
-29
-25
-29
-1
-1
-1
-1
-2
4
12
31
41
67
55
83
118
132
159
157
152
190
215
196
206
199
192
188
213
206
196
190
183
169
127
147
155
114
78
76
84
56
15
12
2
-29
-42
-53
-45
-79
-73
-76
-88
-93
-112
-104
-106
-82
-83
-94
-75
-69
-57
-61
-53
-46
-44
-20
-33
-70
-67
-20
-7
-39
-40
-66
-58
-27
-21
-54
-98
-68
-60
-100
-116
-93
-92
-149
-176
-140
-124
-132
-148
-149
-125
-124
-117
-107
-81
-92
-90
-87
-70
-34
-49
-40
-19
1
8
15
49
76
80
77
103
141
152
177
186
189
195
197
208
229
224
210
215
222
210
187
178
187
165
118
106
89
81
65
50
48
4
-29
-17
-13
-24
-50
-56
-47
-56
-81
-112
-87
-71
-83
-86
-79
-67
-63
-71
-42
-41
-38
-67
-47
-25
-35
-43
-60
-52
-72
-62
-73
-70
-88
-93
-86
-93
-97
-112
-122
-110
-101
-103
-127
-139
-129
-119
-122
-137
-146
-132
-109
-103
-100
-108
-95
-83
-71
-58
-69
-63
-41
-28
-6
-8
-1
-1
14
22
23
18
24
73
52
48
62
76
79
74
90
94
90
82
78
86
83
81
83
70
60
59
79
67
66
67
76
80
80
91
68
67
70
79
83
87
89
85
90
93
84
91
102
94
77
72
77
78
71
62
55
44
38
36
23
7
-17
-39
-53
-49
-50
-76
-91
-126
-139
-151
-157
-171
-190
-190
-171
-170
-192
-194
-171
-150
-152
-165
-160
-137
-137
-106
-94
-87
-76
-54
-39
-33
-17
-4
16
15
24
42
59
68
60
62
81
96
93
76
88
92
96
96
88
102
90
99
91
73
61
71
98
91
81
62
74
88
84
78
77
83
81
93
94
95
106
102
107
112
108
108
118
125
132
116
114
113
119
105
105
110
97
82
71
71
67
61
38
22
12
5
-2
-24
-37
-32
-51
-68
-77
-79
-99
-106
-108
-112
-122
-130
-123
-123
-128
-132
-131
-127
-120
-123
-126
-136
-132
-115
-101
-97
-92
-89
-81
-74
-65
-58
-48
-54
-48
-41
-24
-7
-16
-24
-21
-3
-23
-19
-3
9
16
12
19
19
24
33
36
32
29
44
55
50
50
67
69
76
58
56
82
98
104
79
80
90
105
108
107
104
92
100
98
94
85
74
80
64
64
60
62
45
25
13
4
-3
0
5
-14
-22
-43
-44
-53
-45
-55
-72
-69
-77
-74
-89
-90
-82
-88
-101
-103
-87
-73
-79
-79
-73
-60
-59
-69
-63
-54
-48
-58
-51
-44
-44
-46
-45
-35
-35
-41
-37
-30
-18
-17
-25
-22
-27
-26
-30
-25
-27
-30
-24
-40
-38
-32
-24
-19
-9
-5
-17
-14
-13
4
10
11
6
14
11
25
39
48
59
45
46
46
71
68
69
63
75
87
89
98
91
88
79
83
85
85
74
69
63
52
44
38
34
25
12
21
15
-7
-18
-14
-16
-30
-37
-37
-38
-48
-51
-49
-58
-76
-82
-64
-54
-58
-71
-69
-56
-46
-48
-55
-43
-37
-32
-35
-38
-29
-20
-13
-14
-23
-27
-23
-28
-30
-28
-28
-35
-41
-31
-32
-21
-21
-18
-17
-18
-26
-27
-21
-20
-15
-14
-8
-6
2
-1
13
19
11
14
18
24
21
27
23
22
25
32
43
35
29
37
61
59
54
52
62
65
65
58
62
67
58
62
44
46
44
36
35
31
37
43
42
39
34
23
16
6
0
-9
-2
-3
-8
-13
-26
-21
-27
-31
-33
-34
-34
-43
-44
-37
-22
-29
-33
-33
-30
-24
-20
-12
-10
-17
-20
-22
-13
-10
-16
-12
-14
-13
-24
-25
-16
-16
-20
-29
-33
-26
-22
-28
-37
-34
-31
-39
-33
-34
-39
-50
-46
-31
-29
-36
-41
-38
-41
-45
-38
-27
-24
-19
-14
-5
-6
-1
5
18
31
33
38
42
45
55
50
52
54
58
69
69
78
68
60
63
58
54
54
50
47
39
40
36
28
24
14
10
2
0
1
-6
-14
-19
-21
-15
-10
-15
-12
-3
4
7
5
11
11
13
11
16
20
19
23
16
6
5
18
22
11
3
7
12
10
4
-2
4
-3
-10
-21
-21
-18
-22
-28
-35
-30
-32
-33
-34
-30
-34
-38
-33
-32
-37
-35
-28
-28
-33
-30
-21
-22
-24
-22
-18
-8
-2
-5
-11
-8
0
2
0
0
0
-3
1
10
6
-2
1
6
-2
-7
0
4
7
-1
-6
-10
-3
10
10
3
-6
-3
3
1
1
4
5
11
8
3
6
14
18
16
20
28
27
24
28
29
22
19
25
30
23
21
20
11
7
12
17
16
9
5
7
7
9
1
-7
-12
-6
0
-4
-11
-14
-15
-17
-18
-22
-22
-19
-15
-22
-24
-23
-19
-12
-15
-16
-15
-12
-4
0
-6
-1
2
3
4
7
12
13
19
19
22
24
20
20
23
26
24
20
18
18
17
20
16
7
-1
-5
1
-3
-9
-12
-10
-10
-20
-27
-27
-30
-32
-31
-32
-33
-39
-34
-27
-28
-31
-30
-22
-17
-14
-16
-19
-23
-19
-12
-7
-7
-8
-7
-5
-4
-2
-2
-1
1
4
3
2
6
10
4
-1
0
4
5
2
-3
-11
-12
-6
-2
1
-6
-8
-5
-8
-5
-2
3
10
10
4
4
13
24
27
24
22
22
30
33
36
35
35
41
46
48
51
54
56
56
50
48
45
45
43
37
38
30
26
21
19
20
16
11
8
-1
-4
-5
-8
-13
-20
-19
-19
-23
-30
-35
-34
-33
-35
-38
-40
-40
-35
-33
-36
-43
-47
-43
-42
-42
-45
-46
-47
-46
-43
-43
-45
-50
-48
-43
-42
-42
-47
-47
-45
-40
-35
-35
-37
-37
-33
-25
-22
-22
-20
-16
-8
-6
-7
-4
5
15
19
18
17
21
32
42
44
40
39
48
59
65
61
57
60
67
75
78
74
73
77
82
81
74
69
72
77
76
69
63
60
61
60
56
48
43
42
40
32
24
18
15
11
6
-3
-11
-19
-25
-26
-28
-34
-42
-50
-54
-55
-57
-63
-73
-78
-76
-74
-79
-84
-87
-86
-84
-84
-87
-89
-85
-81
-79
-82
-81
-74
-72
-70
-66
-64
-62
-59
-52
-49
-48
-42
-35
-34
-32
-28
-19
-13
-11
-5
-1
4
10
13
20
27
36
42
44
48
53
61
71
76
76
80
89
98
100
102
106
109
112
114
115
117
116
118
118
116
115
111
107
101
95
95
91
83
75
66
61
54
42
30
21
16
5
-8
-16
-24
-29
-38
-51
-65
-76
-76
-77
-87
-97
-102
-106
-110
-113
-115
-121
-124
-124
-127
-130
-129
-126
-126
-128
-127
-126
-122
-116
-114
-115
-115
-110
-105
-102
-98
-94
-92
-87
-82
-77
-72
-67
-55
-45
-38
-29
-22
-8
4
9
17
24
33
44
52
60
65
76
86
100
108
113
118
124
134
142
147
151
153
156
161
165
164
161
160
162
164
162
156
149
149
145
136
127
116
107
104
101
90
76
63
58
51
41
25
10
1
-6
-14
-28
-40
-49
-56
-60
-70
-82
-90
-91
-92
-102
-113
-125
-125
-128
-134
-138
-143
-142
-144
-144
-142
-146
-144
-143
-141
-140
-138
-136
-135
-131
-129
-127
-121
-116
-113
-106
-97
-92
-87
-81
-75
-65
-56
-50
-44
-36
-27
-14
-1
7
14
26
40
50
60
72
78
82
90
97
108
116
118
125
130
137
143
143
144
144
144
146
142
138
135
132
130
125
118
112
106
104
101
92
86
79
71
64
58
48
35
23
15
13
4
-4
-13
-21
-25
-30
-36
-47
-55
-58
-57
-57
-65
-72
-72
-76
-77
-77
-83
-86
-87
-85
-87
-90
-91
-89
-82
-80
-84
-88
-88
-84
-79
-76
-77
-81
-79
-72
-64
-64
-65
-63
-57
-48
-42
-39
-31
-23
-14
-7
-1
3
8
17
27
34
37
39
44
55
62
68
66
66
71
77
84
83
84
83
86
88
88
83
77
76
72
68
63
55
53
52
53
45
34
27
23
24
17
9
5
1
1
-5
-11
-17
-22
-19
-21
-24
-28
-33
-31
-27
-30
-31
-38
-38
-39
-43
-41
-43
-47
-47
-45
-48
-47
-48
-51
-50
-54
-53
-52
-51
-50
-52
-48
-45
-49
-43
-42
-41
-37
-35
-31
-30
-26
-20
-17
-10
-10
-8
1
9
13
16
20
25
35
43
44
51
59
64
73
77
76
78
78
78
77
76
73
72
74
74
75
69
69
66
62
60
52
45
41
38
31
21
12
6
5
1
-5
-13
-21
-18
-21
-30
-37
-46
-44
-44
-45
-46
-52
-56
-57
-52
-53
-49
-46
-51
-52
-52
-52
-49
-47
-47
-47
-48
-52
-54
-53
-51
-46
-47
-49
-50
-51
-47
-43
-45
-43
-36
-27
-22
-18
-11
-5
4
10
15
22
25
29
37
44
47
53
55
59
68
69
70
76
79
80
82
79
80
89
97
93
86
84
85
86
76
75
75
72
78
68
64
65
62
60
57
48
41
38
30
23
16
10
5
-1
-11
-24
-37
-43
-48
-54
-64
-72
-75
-81
-90
-99
-101
-105
-105
-109
-113
-111
-112
-115
-117
-123
-128
-125
-118
-113
-112
-115
-112
-102
-95
-90
-86
-85
-81
-73
-70
-63
-58
-52
-43
-39
-35
-31
-21
-9
1
10
20
28
40
50
53
60
58
64
71
78
77
84
92
95
97
98
101
104
111
108
104
110
112
115
115
111
111
106
113
117
111
107
104
103
103
98
92
85
76
73
69
61
56
53
51
45
36
27
16
9
4
-6
-10
-14
-21
-25
-35
-47
-58
-62
-59
-60
-67
-73
-76
-82
-87
-92
-95
-100
-104
-106
-110
-114
-111
-111
-109
-105
-107
-103
-98
-96
-92
-89
-88
-84
-83
-77
-70
-63
-61
-54
-47
-39
-30
-25
-15
-3
3
4
11
24
37
47
48
53
56
61
69
76
76
78
81
76
73
71
69
64
64
62
63
70
70
67
64
62
64
67
64
67
63
59
62
59
57
56
52
53
54
49
45
38
34
30
24
17
10
8
4
-2
-7
-16
-19
-27
-34
-43
-54
-61
-67
-70
-72
-74
-84
-90
-87
-91
-95
-99
-102
-101
-99
-100
-98
-94
-91
-86
-85
-79
-78
-76
-70
-67
-64
-55
-44
-35
-31
-25
-22
-20
-13
-8
0
3
4
13
17
23
24
27
38
46
54
57
59
63
67
70
72
70
75
80
83
87
82
80
80
76
74
71
72
69
67
61
54
54
55
58
58
51
47
46
44
41
39
34
27
24
21
18
15
10
6
3
-4
-13
-20
-24
-25
-27
-33
-40
-45
-47
-51
-59
-65
-71
-70
-72
-77
-81
-82
-79
-79
-77
-76
-76
-74
-75
-75
-76
-68
-64
-58
-57
-53
-49
-50
-43
-41
-35
-34
-30
-27
-21
-16
-16
-11
-4
3
8
11
14
18
17
23
30
27
32
37
37
38
38
41
47
51
53
57
58
55
59
62
56
54
50
52
51
49
49
49
50
48
46
45
45
49
45
37
37
32
30
30
24
20
15
12
9
5
3
5
2
-1
-4
-7
-14
-14
-18
-23
-23
-31
-31
-34
-40
-48
-46
-47
-48
-46
-55
-54
-53
-53
-49
-48
-45
-43
-43
-42
-40
-39
-43
-46
-46
-41
-42
-40
-33
-33
-32
-27
-24
-21
-16
-11
-5
-5
-4
4
4
6
9
10
14
14
20
19
22
29
30
36
39
37
41
42
45
48
48
49
53
56
52
47
51
54
52
51
47
49
43
44
40
36
37
35
35
31
26
22
19
15
8
1
-5
-8
-12
-11
-14
-17
-22
-27
-29
-33
-38
-43
-46
-47
-48
-50
-52
-55
-60
-63
-68
-70
-70
-65
-63
-66
-66
-66
-59
-54
-50
-49
-45
-40
-40
-35
-35
-37
-34
-31
-27
-20
-17
-18
-15
-14
-10
-7
-7
-5
1
-1
1
3
4
7
9
14
18
19
24
28
30
35
37
43
47
45
47
50
51
53
52
53
54
56
62
59
61
59
58
59
55
55
52
49
49
41
36
34
30
25
24
20
13
12
12
8
6
0
-3
-5
-11
-10
-13
-17
-19
-18
-20
-21
-23
-26
-27
-27
-32
-37
-39
-41
-38
-41
-44
-43
-45
-43
-38
-40
-39
-39
-36
-38
-38
-36
-34
-32
-26
-22
-18
-16
-15
-12
-12
-9
-7
-4
1
1
2
1
4
8
12
14
17
20
22
24
25
27
28
29
31
31
28
29
31
29
32
33
33
36
36
35
38
38
37
38
38
37
34
32
33
32
31
30
33
32
30
30
26
26
24
22
22
18
14
13
9
7
2
-2
-2
-7
-11
-14
-17
-24
-28
-27
-32
-34
-37
-38
-39
-40
-42
-49
-50
-50
-51
-51
-53
-53
-51
-53
-53
-50
-48
-46
-45
-43
-44
-45
-39
-38
-36
-34
-33
-31
-30
-25
-22
-21
-17
-13
-6
-2
3
6
8
15
17
19
25
25
27
32
31
33
33
36
38
39
42
42
45
45
47
50
50
51
51
49
50
50
48
47
46
46
45
44
42
40
37
34
33
31
28
27
24
22
21
18
16
10
8
4
1
-2
-5
-7
-10
-14
-17
-19
-25
-26
-28
-31
-32
-36
-41
-42
-43
-45
-48
-49
-49
-49
-49
-49
-50
-50
-50
-49
-49
-51
-49
-48
-46
-44
-46
-41
-38
-34
-30
-27
-25
-22
-18
-18
-15
-13
-12
-8
-5
-4
1
1
6
10
14
18
22
26
29
34
36
37
40
41
43
43
42
43
42
43
45
44
45
44
43
45
42
41
40
41
41
36
33
31
27
25
22
20
19
15
15
12
10
10
8
7
4
2
0
-3
-7
-8
-12
-14
-17
-20
-24
-26
-28
-29
-30
-30
-31
-31
-31
-33
-32
-34
-34
-33
-33
-33
-34
-36
-35
-34
-35
-32
-32
-30
-26
-24
-22
-21
-20
-18
-16
-14
-14
-14
-12
-10
-9
-8
-7
-4
-2
2
4
6
8
11
14
17
19
20
22
23
24
25
25
27
28
28
29
30
30
31
31
32
34
34
34
31
29
28
26
25
23
22
19
17
16
13
12
10
9
9
7
5
3
1
-1
-3
-5
-8
-10
-13
-14
-16
-19
-20
-21
-21
-21
-24
-24
-24
-25
-25
-26
-25
-26
-26
-25
-27
-27
-26
-25
-23
-22
-21
-20
-18
-17
-15
-13
-10
-10
-8
-7
-6
-6
-6
-5
-2
0
2
4
5
6
8
9
11
11
12
14
15
15
16
16
17
17
18
19
19
19
20
20
23
22
23
22
21
22
21
22
20
18
18
18
18
15
13
13
12
11
10
9
7
6
5
3
1
-1
-2
-3
-5
-6
-9
-10
-12
-13
-14
-15
-16
-15
-16
-14
-16
-17
-19
-18
-20
-20
-20
-22
-22
-22
-21
-23
-22
-21
-21
-20
-20
-18
-19
-17
-15
-14
-15
-14
-12
-11
-10
-8
-7
-7
-4
-2
0
2
4
6
8
9
12
12
14
15
17
16
16
17
17
17
17
19
19
19
20
20
21
21
21
21
20
20
20
19
18
18
18
18
17
16
15
14
13
13
12
9
8
7
5
2
1
-2
-3
-4
-5
-7
-8
-11
-10
-12
-14
-16
-16
-17
-17
-17
-18
-18
-20
-20
-21
-21
-23
-22
-23
-23
-23
-22
-21
-21
-20
-22
-21
-21
-20
-20
-19
-18
-18
-16
-15
-14
-13
-12
-9
-9
-6
-3
-1
1
3
3
3
4
6
10
11
13
15
16
18
17
20
20
22
23
23
24
25
26
27
28
28
28
29
29
28
28
28
26
25
24
24
21
21
20
19
19
18
17
16
13
11
7
4
2
1
-1
-3
-4
-6
-8
-10
-12
-14
-17
-18
-19
-21
-21
-23
-24
-25
-25
-27
-28
-28
-28
-29
-28
-29
