0
1
2
1
0
-1
-1
0
1
1
3
3
1
0
-2
-2
-2
-2
0
1
1
0
-1
-3
-1
-1
1
2
4
3
2
2
0
1
3
3
4
4
2
0
-3
-2
-2
0
-1
1
0
0
-3
-3
-3
-1
1
3
3
3
2
0
0
0
3
4
6
6
6
3
1
0
0
0
2
3
3
2
0
-2
-4
-3
-2
1
2
3
2
0
-1
-1
-1
0
3
4
3
1
-1
-3
-3
-3
-1
2
1
0
0
-2
-4
-4
-2
-1
2
3
3
1
0
-2
-4
-2
-1
1
2
1
0
-1
-2
-4
-1
0
2
4
3
3
2
2
2
2
4
6
6
6
5
3
2
2
2
3
2
2
2
1
0
-2
-3
-3
-3
0
1
-1
0
-2
-1
-2
-2
-2
-2
0
-1
-1
-1
-2
-3
-3
-3
-2
-1
0
-1
-1
-2
-3
-3
-4
-3
-2
-2
-1
-2
-3
-3
-3
-2
-2
-1
1
0
-1
-1
-1
-2
-2
-3
-2
-1
2
5
4
5
4
4
5
7
8
11
14
12
8
5
6
5
5
5
4
2
-2
-1
0
-1
-1
-1
1
4
2
1
1
-1
-1
0
2
3
4
3
5
2
1
3
6
11
13
12
14
13
13
13
11
10
7
6
8
10
12
9
7
7
6
8
14
19
19
16
15
16
19
21
24
26
26
26
21
19
18
18
19
16
12
8
3
1
-3
-5
-4
-9
-10
-7
-8
-11
-11
-9
-8
-7
-5
-3
-6
-6
-5
-6
-9
-12
-19
-21
-19
-21
-24
-24
-26
-28
-28
-26
-23
-21
-21
-26
-22
-18
-15
-10
-7
-3
-2
-2
3
3
7
14
11
10
6
13
17
17
22
18
15
13
4
4
5
10
8
2
3
1
-3
-4
-9
-13
-20
-26
-26
-28
-23
-24
-35
-38
-43
-42
-40
-42
-33
-26
-22
-29
-40
-38
-35
-36
-30
-21
-20
-27
-36
-37
-33
-34
-34
-37
-39
-35
-29
-29
-28
-26
-25
-27
-27
-23
-14
-17
-15
-14
-8
-5
-6
11
28
37
45
47
47
48
51
57
59
59
59
63
64
60
62
59
54
44
33
31
21
22
28
33
35
29
28
30
33
34
32
43
45
33
23
11
11
6
9
13
11
12
14
14
22
19
15
10
9
8
2
-4
-12
-12
-6
-3
0
1
6
4
1
3
-5
-12
-11
-20
-22
-24
-31
-40
-56
-55
-47
-49
-52
-59
-57
-52
-60
-58
-56
-60
-63
-60
-25
-11
-2
-12
16
119
166
149
104
112
143
120
138
238
255
191
63
66
120
87
102
254
403
383
209
173
164
62
16
157
322
221
-55
-236
-292
-329
-407
-347
-230
-297
-479
-625
-610
-642
-764
-731
-585
-475
-485
-587
-556
-519
-420
-249
16
254
267
139
109
186
339
428
524
543
427
270
113
73
71
31
-12
-79
-121
-205
-411
-555
-620
-543
-419
-353
-262
-194
-188
-208
-144
100
321
440
525
615
675
604
541
598
677
694
642
593
521
327
134
46
65
66
-14
-87
-164
-265
-369
-357
-208
-50
52
154
244
322
342
415
572
767
890
896
836
745
633
561
552
577
525
364
188
18
-118
-213
-253
-288
-362
-443
-562
-668
-762
-853
-851
-808
-767
-767
-853
-970
-1071
-1176
-1116
-1035
-997
-1044
-1143
-1234
-1241
-1236
-1046
-562
60
782
922
670
327
283
693
1285
1790
2203
1827
1005
167
-52
396
633
614
425
140
-396
-1132
-1542
-1540
-1421
-1211
-962
-571
-655
-1133
-1405
-1159
-364
402
922
1300
1197
934
804
997
1541
1854
1971
1910
1614
1203
698
293
148
140
215
148
-178
-744
-1333
-1727
-1729
-1350
-932
-715
-777
-925
-915
-763
-474
10
526
944
1103
1108
1072
977
910
1026
1349
1588
1525
1183
707
273
-13
-46
88
98
-12
-314
-670
-934
-1051
-910
-627
-390
-195
-144
-207
-295
-300
-45
329
612
701
667
539
369
227
269
432
481
312
70
-136
-339
-582
-745
-723
-693
-803
-1005
-1166
-1234
-1319
-1366
-1214
-931
-811
-776
-794
-586
-407
-294
-57
118
416
749
1082
1296
1135
827
775
819
1113
1154
1123
791
135
-438
-606
-432
-365
-641
-865
-1060
-1246
-1431
-1523
-1328
-1183
-989
-668
-336
-147
-217
-231
156
647
1159
1469
1554
1458
1265
1233
1374
1503
1517
1380
1118
801
506
224
11
-139
-230
-252
-387
-588
-834
-1041
-1067
-956
-721
-389
-252
-133
-10
168
386
508
792
1102
1309
1437
1372
1252
1096
907
936
962
991
807
420
92
-151
-229
-269
-358
-437
-569
-716
-842
-980
-1000
-970
-918
-808
-743
-693
-777
-872
-873
-760
-613
-569
-601
-813
-912
-1122
-1263
-1244
-1283
-1267
-1390
-1305
-656
-145
437
619
367
275
103
789
1683
2187
2321
1691
1066
586
327
853
1163
1190
648
-66
-505
-1177
-1671
-1794
-1682
-1359
-1444
-1541
-1750
-2145
-2127
-1741
-766
135
485
582
461
495
806
1355
2123
2554
2663
2483
2219
1906
1593
1526
1518
1547
1400
932
314
-541
-1161
-1327
-1298
-1076
-1142
-1409
-1737
-2057
-1864
-1359
-715
-76
258
489
549
667
1036
1478
2027
2398
2516
2419
2006
1667
1443
1422
1530
1433
1116
494
-222
-698
-978
-991
-932
-955
-1107
-1500
-1820
-1945
-1770
-1447
-1124
-881
-794
-870
-953
-974
-715
-477
-248
-118
-296
-553
-954
-1193
-1375
-1450
-1406
-1391
-1599
-1505
-1186
-607
-335
-285
-212
-121
119
684
1439
1979
1823
1200
969
972
1221
1418
1685
1684
1105
426
29
-308
-726
-1139
-1155
-1092
-1356
-1793
-2168
-2257
-2162
-1820
-1160
-580
-468
-562
-451
45
647
1244
1846
2279
2380
2371
2413
2466
2487
2462
2521
2504
2193
1646
948
264
-215
-504
-572
-738
-1178
-1607
-1931
-1973
-1673
-1229
-830
-654
-549
-237
169
597
1095
1529
1815
1862
1884
2000
2064
2003
1938
1935
1828
1415
891
469
187
-94
-313
-440
-674
-1108
-1518
-1710
-1651
-1617
-1595
-1533
-1482
-1514
-1628
-1529
-1299
-1110
-1070
-976
-943
-921
-1131
-1122
-1186
-1205
-1378
-1496
-1545
-1623
-1802
-1546
-744
84
588
293
77
-57
314
1195
2355
2922
2817
1620
889
616
1027
1636
1870
1717
956
-92
-853
-1402
-1662
-1666
-1605
-1422
-1749
-2268
-2904
-3115
-2729
-1852
-827
-69
-1
-184
-338
125
1020
2037
2870
3230
3168
2834
2557
2437
2549
2728
2811
2645
2107
1194
276
-581
-883
-856
-773
-875
-1407
-1980
-2373
-2468
-2030
-1399
-649
-196
-106
-26
30
351
847
1515
2213
2420
2245
1873
1603
1622
1679
1948
2003
1673
1018
286
-56
-246
-387
-418
-514
-664
-1170
-1666
-1803
-1710
-1461
-1254
-1047
-994
-1257
-1402
-1388
-1170
-956
-837
-665
-703
-1056
-1303
-1491
-1319
-1304
-1454
-1423
-1598
-1821
-1860
-1054
140
931
687
221
-135
204
990
2219
2944
3008
1801
701
339
668
1335
1560
1471
834
-157
-1041
-1603
-1949
-1922
-1826
-1477
-1608
-2067
-2742
-3004
-2529
-1600
-532
320
402
145
-102
259
1285
2238
3041
3322
3190
2856
2505
2285
2398
2597
2788
2635
2075
1148
234
-525
-727
-407
-142
-278
-1054
-1891
-2247
-2158
-1483
-630
-178
-135
-520
-524
-176
294
860
1396
1855
1872
1548
1362
1346
1411
1496
1774
2036
1675
804
33
-154
-22
27
-6
-171
-641
-1374
-1876
-1786
-1486
-1350
-1465
-1499
-1542
-1746
-1981
-1852
-1563
-1305
-1286
-1325
-1394
-1524
-1776
-1714
-1588
-1553
-1536
-1866
-1757
-1628
-1328
-592
276
1144
1206
285
103
629
1887
2816
3093
3032
2036
689
-15
553
1822
2012
1225
221
-624
-1371
-2168
-2148
-1710
-1591
-1771
-2116
-2367
-2782
-3058
-2325
-1014
218
572
480
312
224
672
1727
3049
3800
3554
3143
2760
2469
2462
2562
2978
2967
2421
1640
821
206
-215
-340
-179
-243
-640
-1312
-1815
-1940
-1782
-1155
-647
-333
-411
-601
-426
-88
405
970
1441
1740
1506
1155
1066
1279
1539
1600
1645
1485
1051
447
44
86
85
-118
-413
-711
-965
-1483
-1799
-1759
-1587
-1426
-1486
-1517
-1571
-1757
-1929
-1802
-1481
-1230
-1489
-1508
-1637
-1566
-1754
-1923
-1670
-1786
-1618
-1431
-1133
-672
-376
401
1140
1000
729
552
1600
2290
2758
2931
2558
1730
305
149
1207
1717
1293
99
-686
-1159
-2135
-2331
-2121
-1927
-2168
-2612
-2530
-2618
-2948
-2725
-1780
-340
249
448
490
462
758
1393
2605
3566
3549
3248
2905
2762
2815
2827
3030
2881
2580
2071
1474
748
25
-256
-230
-263
-471
-995
-1435
-1880
-1939
-1284
-595
-242
-415
-451
-189
115
396
847
1413
1716
1522
1376
1325
1456
1330
1239
1531
1524
1095
399
-59
-70
-184
-414
-559
-930
-1292
-1830
-1919
-1683
-1514
-1561
-1698
-1647
-1556
-1691
-1652
-1481
-1307
-1345
-1589
-1593
-1639
-1668
-1702
-1667
-1683
-1619
-1480
-934
77
921
988
344
-244
328
1477
2575
3151
2889
2193
1049
494
1161
2089
2181
1304
322
-206
-963
-1634
-1861
-1708
-1785
-2204
-2463
-2666
-3170
-3622
-3260
-2000
-918
-637
-628
-524
-171
299
1294
2524
3245
3207
2958
3030
3222
3301
3456
3612
3620
3275
2637
2047
1339
800
561
401
149
-422
-1147
-1680
-2071
-1899
-1441
-1093
-1095
-1338
-1280
-911
-430
116
643
999
1089
1044
1208
1466
1640
1709
1840
1890
1667
1110
611
453
355
266
5
-442
-970
-1722
-2064
-2068
-2007
-1831
-2084
-2148
-2314
-2536
-2389
-2380
-1841
-1388
-1387
-1346
-1862
-1917
-2050
-1985
-1355
-999
-724
-976
-994
-240
766
1286
1058
731
976
1426
2181
2745
3176
2471
1291
703
1256
2173
2220
1469
700
-68
-830
-1348
-1443
-1322
-1860
-2287
-2483
-2571
-3083
-3589
-3256
-2273
-1512
-1149
-1069
-965
-913
-553
645
2041
2899
2836
2572
2593
2833
3218
3720
4091
4042
3522
3020
2681
2306
1802
1312
972
663
125
-524
-1098
-1615
-1804
-1692
-1434
-1276
-1456
-1521
-1267
-871
-314
111
591
836
951
1139
1456
1761
1767
1804
1995
2084
2018
1580
1254
980
650
476
179
-212
-850
-1510
-1881
-2050
-2155
-2431
-2612
-2758
-2971
-2993
-3101
-2659
-2594
-2580
-2345
-2347
-2237
-2423
-2430
-1850
-1576
-1381
-1371
-669
953
1998
1879
1017
782
1364
2442
3589
4467
4057
2270
349
298
1741
2871
2392
1132
187
-755
-1558
-1796
-1509
-1596
-2329
-2718
-2619
-3064
-3936
-4313
-3253
-1823
-1166
-1188
-1323
-1448
-1376
-506
1381
2915
3076
2410
2183
2582
3012
3551
4109
4375
3930
3072
2546
2269
1826
1500
1377
1373
729
-541
-1599
-2015
-1867
-1376
-881
-885
-1594
-2359
-2250
-1195
-179
418
680
841
830
799
1198
1990
2430
2396
2344
2426
2224
1533
1138
1364
1640
1345
643
-14
-643
-1308
-1590
-1428
-1324
-1818
-2581
-2984
-2928
-2907
-2948
-2716
-2526
-2482
-2629
-2686
-2355
-2302
-2290
-2026
-1866
-1603
-1804
-1745
-952
269
1612
2055
1441
716
586
1750
3229
4329
4429
3141
1440
375
947
2289
2743
2114
903
-184
-1023
-1687
-1672
-1528
-1570
-1902
-2360
-2909
-3881
-4459
-3904
-2529
-1281
-1044
-1414
-1892
-2135
-1433
90
1964
2870
2633
2072
1849
2186
2832
3696
4412
4408
3722
2811
2063
1713
1547
1733
1862
1336
192
-1207
-1933
-1810
-1366
-727
-605
-1178
-1979
-2371
-1616
-603
82
414
548
772
836
1020
1522
2036
2341
2346
2438
2430
1934
1365
1258
1612
1640
1018
315
-310
-836
-1191
-1256
-1188
-1508
-2190
-2830
-2876
-2789
-2753
-2861
-2828
-2724
-2958
-3056
-2811
-2575
-2475
-2763
-2610
-2434
-2153
-1953
-1386
287
1821
2200
1019
10
672
2168
3781
4886
4918
3465
1006
61
1513
3522
3804
2317
792
-269
-1316
-1833
-1500
-933
-1408
-2350
-2820
-3171
-4058
-4691
-3842
-1975
-995
-1244
-1919
-2166
-2000
-1234
691
2650
3222
2365
1527
1800
2610
3417
4300
4799
4495
3399
2490
2169
2125
2048
2014
1850
1022
-467
-1701
-2141
-1671
-1135
-684
-831
-1807
-2713
-2792
-1545
-267
297
416
249
253
282
856
1865
2520
2606
2288
2258
2235
1780
1572
1800
2196
1880
900
141
-446
-854
-1039
-1001
-924
-1658
-2660
-3176
-3124
-2797
-2883
-2998
-2970
-3223
-3517
-3541
-3272
-2950
-3001
-3002
-2764
-2560
-2447
-1770
88
1854
2009
940
61
1039
2522
4157
5277
4949
3246
980
543
2403
4002
3789
2154
653
-322
-1344
-1650
-1368
-1148
-1913
-2783
-3114
-3562
-4529
-4915
-3882
-1982
-1178
-1565
-2216
-2450
-2032
-854
1282
3018
3179
2235
1686
2235
3196
3972
4720
4930
4461
3419
2688
2462
2356
2191
2086
1845
848
-768
-2014
-2299
-1698
-1207
-1053
-1522
-2565
-3181
-2862
-1558
-374
24
6
-113
51
496
1371
2326
2638
2519
2295
2427
2502
2201
2202
2410
2434
1815
783
159
-264
-549
-711
-768
-1213
-2222
-3107
-3383
-3078
-2921
-3079
-3294
-3536
-3747
-3813
-3584
-3216
-3105
-3012
-2847
-2470
-2241
-2008
-553
1272
2282
1882
758
956
2061
3608
5125
5537
4480
2112
537
1435
3311
4108
2927
1264
-72
-1279
-1871
-1710
-1172
-1492
-2621
-3245
-3579
-4173
-4701
-4309
-2727
-1588
-1476
-1937
-2166
-1946
-1232
436
2314
3001
2403
1611
1920
2922
3814
4559
4830
4420
3454
2763
2670
2695
2547
2240
1925
1172
-141
-1267
-1874
-1814
-1355
-1028
-1220
-2129
-3199
-3254
-2290
-1067
-158
32
-239
-627
-609
396
1885
2672
2546
2131
1964
2070
2101
2270
2596
2490
1920
1188
626
159
-353
-605
-655
-877
-1659
-2657
-3146
-3275
-3199
-3204
-3335
-3333
-3788
-3992
-4062
-3673
-3213
-3278
-2967
-3032
-2592
-1997
-923
1433
2232
2099
870
473
2266
3670
5390
5875
4755
2832
594
1219
3235
4167
3552
1531
250
-1132
-2283
-2036
-1520
-1272
-2324
-3356
-3746
-4593
-5007
-4520
-2811
-1326
-1589
-2137
-2517
-2169
-1167
377
2490
3199
2439
1548
1528
2704
3686
4590
5095
4523
3441
2369
2398
2695
2688
2592
2074
1287
-74
-1232
-1471
-1451
-1135
-968
-1080
-1777
-2841
-3069
-2307
-1080
-336
30
133
-332
-572
-75
1373
2655
2654
2349
2033
1885
1837
2012
2733
2952
2272
1302
689
419
-96
-329
-381
-556
-1404
-2557
-2928
-2983
-2986
-3296
-3395
-3404
-3839
-4008
-4031
-3749
-3673
-3821
-3365
-2926
-2462
-1925
-458
1314
1723
1174
585
1531
3199
4475
5577
5451
4002
1998
1254
2941
4431
4138
2512
946
-104
-1158
-1655
-1347
-1268
-2133
-3400
-3816
-4191
-4935
-5074
-4054
-2481
-2046
-2676
-2953
-2725
-1943
-632
1261
2742
2542
1609
1382
2374
3645
4458
5007
4953
4038
2993
2629
2993
3124
2713
2111
1434
456
-684
-1234
-1231
-1188
-1237
-1595
-1845
-2561
-2959
-2513
-1763
-960
-777
-451
-130
-221
40
667
1886
2514
2393
2364
2344
2401
2255
2461
2978
2715
1888
1142
945
808
200
-135
-392
-916
-1777
-2586
-2498
-2517
-2918
-3441
-3712
-3505
-3908
-4125
-3954
-3843
-3743
-3965
-3512
-2688
-2436
-1368
297
1510
1555
395
664
2404
4098
5472
5607
4861
3037
1438
2369
4369
5203
3690
1485
285
-650
-1137
-1194
-982
-1556
-3171
-4091
-4297
-4603
-5029
-4838
-3420
-2415
-2582
-3165
-3293
-2591
-1456
278
2146
2726
1991
1259
1834
3358
4597
5223
5192
4575
3549
3035
3327
3541
3267
2402
1533
805
-219
-956
-1254
-1339
-1404
-1792
-2203
-2667
-3236
-3042
-2361
-1557
-1207
-1214
-889
-638
-184
491
1370
2139
2195
2157
2384
2593
2710
2645
2831
2899
2279
1461
1056
1035
654
78
-339
-737
-1496
-2425
-2747
-2744
-2811
-3297
-3847
-3889
-4157
-4258
-4259
-3989
-3745
-4051
-3982
-3253
-2448
-1296
19
1183
1262
313
271
1824
3959
5448
5631
4819
3220
1727
2138
3992
5326
4315
2067
509
-356
-916
-1089
-790
-1028
-2505
-3870
-4449
-4672
-4986
-4894
-3696
-2630
-2708
-3402
-3601
-2923
-1816
-278
1528
2458
1934
1075
1593
3204
4620
5272
5313
4860
3962
3385
3713
4136
3844
2887
1880
1200
353
-419
-877
-977
-1115
-1616
-2190
-2728
-3075
-3141
-2551
-1879
-1657
-1629
-1635
-1098
-540
201
1061
1531
1725
1797
2123
2688
2904
2955
2972
2856
2532
1967
1634
1523
1144
502
-54
-495
-1073
-1846
-2266
-2509
-2845
-3340
-3778
-3967
-4162
-4466
-4500
-4461
-4204
-4190
-3869
-3171
-2468
-968
81
774
807
412
1451
2794
4200
5185
4956
4377
3006
2669
3768
4781
4755
3183
1727
758
-167
-509
-739
-895
-1961
-3456
-4081
-4473
-4682
-4874
-4556
-3775
-3725
-3905
-3804
-3259
-2395
-1581
-204
899
1141
1105
1486
2685
3754
4332
4738
4817
4547
4139
4347
4668
4362
3593
2585
1930
1227
436
62
-320
-759
-1335
-2003
-2639
-3054
-2920
-2493
-1996
-2138
-2435
-2313
-1885
-1014
-200
466
881
804
1072
1783
2476
2817
2833
2935
2975
2681
2354
2077
1942
1596
1192
809
187
-578
-1366
-1775
-1744
-2092
-2637
-3388
-3870
-4125
-4415
-4113
-4125
-4099
-4240
-4439
-3808
-3252
-2622
-1166
48
920
643
265
1116
2542
4016
4987
5061
4459
3018
2617
3674
5092
5067
3402
1766
771
155
-127
-237
-413
-1625
-3283
-4088
-4256
-4300
-4590
-4467
-3927
-3844
-4198
-4273
-3729
-2710
-1781
-676
278
593
455
844
2047
3472
4287
4481
4489
4298
4124
4470
4912
4989
4395
3248
2318
1670
1151
813
535
105
-478
-1374
-2394
-2955
-2904
-2394
-1931
-2015
-2390
-2732
-2688
-2086
-963
105
558
473
409
952
1681
2252
2733
3002
3026
2572
2212
2219
2205
2049
1556
1206
693
-110
-761
-1215
-1353
-1818
-2481
-3073
-3568
-4020
-4430
-4376
-4288
-4351
-4671
-4705
-4230
-3678
-2858
-1426
-146
148
-333
-356
976
2723
4124
4745
4616
3816
2737
3062
4579
5645
5112
3464
2184
1320
620
437
546
176
-1349
-2958
-3724
-4036
-4249
-4327
-3965
-3724
-4272
-4865
-4825
-4093
-3205
-2219
-1103
-477
-528
-583
257
1815
3141
3887
4132
4027
3733
3868
4680
5439
5492
4765
3625
2685
1993
1759
1888
1548
894
-174
-1197
-1982
-2437
-2173
-1843
-1862
-2304
-2891
-2999
-2911
-2277
-1279
-514
-287
-460
-193
524
1298
1948
2480
2875
2641
2232
2277
2723
2961
2680
2260
1715
996
330
128
238
-126
-1162
-2154
-2812
-3189
-3516
-3760
-3835
-4214
-4856
-5200
-4980
-4407
-3943
-3582
-2184
-1096
-957
-1176
-1155
488
2074
3282
4216
4065
3505
2496
3029
5004
5981
5356
3576
2451
2071
1455
1363
1348
828
-827
-2594
-3012
-3171
-3502
-3958
-3988
-3793
-4522
-5175
-5044
-4329
-3499
-2990
-2153
-1547
-1591
-1490
-496
1281
2520
2877
3079
3253
3531
3975
4903
5694
5538
4711
3782
3397
3193
2962
2836
2492
1664
469
-610
-1297
-1422
-1291
-1361
-1783
-2653
-3270
-3308
-2972
-2269
-1629
-1381
-1533
-1743
-1176
-170
703
1284
1598
1926
1823
1652
2083
2770
3153
2762
2241
1963
1561
1186
1016
1163
663
-486
-1535
-2084
-2232
-2740
-3229
-3651
-4128
-4843
-5272
-5006
-4552
-4001
-3023
-2105
-1926
-2469
-2692
-1142
1010
2519
3116
2816
2372
1846
2709
4893
6354
5877
4034
2935
2917
2873
2760
2570
2030
518
-1323
-2163
-2306
-2521
-2913
-3163
-3443
-4358
-5389
-5463
-4670
-3746
-3302
-3101
-3029
-3120
-2816
-1585
235
1544
1871
1819
1951
2495
3461
4662
5475
5470
4794
4068
3771
3760
3929
3967
3534
2611
1527
509
-247
-463
-321
-404
-1166
-2469
-3231
-3227
-2880
-2376
-2017
-2027
-2480
-2806
-2065
-791
22
123
178
667
936
1204
1641
2338
2672
2034
1850
2007
2015
1810
1494
1600
1120
-12
-853
-1133
-983
-1732
-2554
-3025
-3598
-4168
-4414
-4115
-3445
-2511
-2565
-2764
-3160
-3140
-1738
-122
1357
1569
912
457
466
2175
4228
5252
4664
3071
2559
3040
3552
3848
3433
2644
1009
-284
-572
-652
-818
-1443
-1904
-2408
-3678
-4562
-4524
-3790
-3148
-3133
-3311
-3761
-4056
-3713
-2306
-518
247
69
-126
100
937
2185
3525
4254
4021
3372
3119
3573
3942
4167
4274
3838
3118
2212
1590
1420
1422
1255
708
-195
-1375
-2004
-1962
-1755
-1488
-1646
-2135
-2776
-2965
-2186
-1065
-504
-712
-958
-706
-347
228
1012
1643
1632
991
806
1266
1603
1518
1337
1321
935
47
-477
-472
-415
-895
-1820
-2217
-2805
-3280
-3383
-2744
-1253
-1500
-2371
-3140
-2952
-1312
-156
1056
1234
251
-553
-681
1375
3550
4119
3516
2237
2011
2340
2899
3729
3652
2858
1249
171
117
35
6
-389
-902
-1729
-3057
-3655
-3413
-2750
-2484
-2846
-3235
-3725
-3777
-3210
-2096
-893
-676
-981
-1117
-692
342
1482
2529
2873
2516
2012
1990
2852
3630
3901
3694
3007
2347
1949
2018
2241
2227
1740
805
-23
-557
-628
-522
-731
-1097
-1569
-1946
-2161
-2094
-1603
-1163
-1017
-1197
-1253
-931
-654
-296
280
745
853
482
333
567
922
1073
1027
1008
532
-172
-491
-292
11
-408
-1216
-1740
-2209
-2504
-2469
-2338
-1932
-1247
-1478
-1898
-2341
-2180
-1002
249
1253
1066
314
-183
-254
1328
3080
3677
3022
1761
1525
2179
2856
3225
2990
2429
1201
362
267
341
356
-181
-721
-1353
-2437
-3070
-2897
-2231
-1961
-2493
-3118
-3635
-3601
-3033
-2070
-1088
-963
-1404
-1507
-1047
-51
1037
1835
2075
1933
1739
1802
2455
3084
3363
3393
3035
2625
2317
2248
2261
2122
1977
1337
668
176
-50
-27
-405
-791
-1046
-1368
-1716
-1838
-1468
-1159
-1307
-1559
-1429
-903
-739
-779
-440
-14
116
-87
54
503
549
291
246
539
541
21
-298
-283
-245
-691
-1101
-1205
-1329
-1825
-2007
-2038
-1333
-422
-779
-1215
-1782
-1560
-406
696
1603
1211
514
-185
-168
1717
3205
3297
2239
1048
1266
1951
2508
2720
2437
1751
473
142
451
578
315
-415
-677
-1131
-2113
-2552
-2276
-1661
-1834
-2351
-2686
-3010
-2924
-2610
-1789
-1041
-1268
-1699
-1553
-849
-12
627
1067
1116
1132
1140
1535
2390
2678
2561
2513
2505
2531
2446
2332
2342
2188
1863
1305
939
777
587
460
-69
-506
-726
-1056
-1159
-1110
-972
-1130
-1452
-1610
-1369
-915
-889
-962
-702
-514
-457
-577
-368
-59
17
-93
-82
217
55
-238
-522
-340
-391
-743
-919
-936
-1061
-1539
-1672
-1367
-232
162
-462
-1100
-1352
-602
349
1459
1737
873
154
-348
735
2520
3108
2524
1380
829
1204
1782
2300
2153
1725
676
-150
25
332
494
217
-445
-967
-1613
-2012
-1918
-1391
-1208
-1836
-2333
-2744
-2652
-2136
-1707
-1241
-1165
-1632
-1775
-1370
-615
64
517
547
375
501
735
1335
2026
2146
2041
2007
2009
2200
2411
2481
2313
2109
1702
1293
1248
1199
1097
723
124
-201
-330
-465
-648
-689
-752
-1039
-1341
-1382
-1104
-868
-1031
-1168
-979
-773
-861
-776
-579
-443
-551
-844
-640
-351
-460
-833
-947
-809
-996
-1265
-1368
-1345
-1341
-1530
-1697
-909
116
-249
-786
-1153
-637
468
1282
1812
1331
800
284
594
2335
3380
3098
1893
1113
1505
2138
2461
2294
1774
1162
234
164
397
425
166
-484
-807
-1133
-1614
-1854
-1712
-1258
-1467
-2040
-2383
-2483
-2059
-1662
-1299
-1041
-1201
-1471
-1283
-625
110
495
534
342
507
892
1233
1751
1984
1817
1743
1840
2128
2421
2352
2058
1863
1820
1514
1331
1299
1140
810
247
-76
-53
-69
-399
-678
-754
-952
-1182
-1263
-1089
-871
-1056
-1345
-1254
-916
-873
-934
-802
-642
-596
-781
-849
-695
-622
-843
-947
-776
-946
-1317
-1618
-1605
-1461
-1321
-1576
-1465
-481
-403
-659
-951
-767
-21
609
1280
1177
988
748
487
1573
2776
3047
2367
1529
1656
2241
2530
2379
1911
1644
905
520
633
669
533
-75
-585
-745
-971
-1312
-1565
-1353
-1303
-1691
-1998
-2197
-1987
-1721
-1617
-1373
-1219
-1340
-1297
-927
-323
61
162
77
225
673
954
1222
1410
1346
1388
1551
1829
2150
2130
1915
1608
1629
1597
1434
1423
1282
1027
588
143
95
196
147
-140
-406
-600
-882
-1055
-1023
-802
-792
-1175
-1425
-1212
-959
-980
-1040
-995
-970
-1058
-1059
-974
-735
-964
-1394
-1439
-1311
-1287
-1535
-1656
-1841
-1712
-1902
-1408
-127
-130
-709
-1521
-1003
294
1258
1929
1215
679
400
441
2082
3435
3411
2208
1164
1601
2486
3072
2789
2067
1622
790
612
904
930
750
38
-525
-809
-1002
-1211
-1416
-1099
-1218
-1762
-2183
-2431
-2007
-1467
-1324
-1351
-1482
-1550
-1380
-724
12
361
327
-52
73
708
1207
1560
1675
1532
1359
1416
1725
2198
2407
2009
1588
1503
1416
1353
1372
1386
1058
427
-42
-116
138
68
-227
-445
-752
-973
-1039
-820
-654
-909
-1391
-1636
-1290
-989
-1017
-992
-1078
-1204
-1247
-1106
-758
-662
-866
-1330
-1431
-1221
-1321
-1352
-1473
-1771
-1665
-1718
-1525
-509
-280
-656
-1335
-1213
-267
576
1428
1082
449
316
193
1173
2607
3100
2407
1311
1261
1944
2762
2871
2185
1768
1114
681
963
1212
1219
674
-29
-504
-613
-557
-765
-623
-677
-1305
-1776
-2016
-1798
-1249
-1076
-1254
-1483
-1604
-1544
-1045
-309
58
89
-217
-398
154
816
1239
1416
1262
1157
1280
1626
2005
2260
2244
1800
1665
1730
1653
1707
1655
1484
1055
583
394
448
525
317
3
-305
-660
-852
-808
-657
-705
-1129
-1602
-1726
-1522
-1393
-1418
-1445
-1641
-1812
-1761
-1634
-1358
-1468
-1700
-1840
-1772
-1652
-1777
-1864
-2016
-1956
-1684
-1569
-626
-236
-760
-1270
-1260
-77
949
1523
1298
372
357
503
1359
2814
3149
2383
1161
1033
2012
2824
2931
2073
1354
926
540
964
1254
1122
499
-326
-649
-596
-433
-555
-736
-772
-1288
-1727
-1784
-1545
-1025
-946
-1205
-1479
-1541
-1276
-839
-265
35
-117
-328
-365
189
867
1176
1220
1015
932
1176
1600
2065
2212
2101
1705
1485
1702
1812
1858
1756
1434
989
617
560
667
716
508
125
-226
-490
-567
-500
-451
-639
-1114
-1513
-1523
-1284
-1187
-1359
-1577
-1826
-1928
-1830
-1635
-1426
-1645
-1966
-2127
-2093
-1801
-1815
-1869
-2005
-2050
-1800
-1885
-867
-201
-619
-1010
-1292
-297
679
1343
1454
518
507
532
1141
2550
2968
2476
1361
1108
1975
2694
2890
2057
1370
1173
790
1145
1296
1086
605
-93
-349
-306
-133
-263
-595
-595
-958
-1306
-1389
-1329
-876
-744
-1027
-1385
-1515
-1236
-828
-337
-45
-281
-582
-703
-176
609
1029
1037
739
635
1001
1542
2054
2170
2040
1764
1618
1893
2093
2136
1976
1650
1287
1019
1009
1108
1060
745
357
63
-166
-241
-274
-335
-534
-1012
-1411
-1540
-1386
-1304
-1509
-1736
-2050
-2203
-2182
-2042
-1845
-1990
-2260
-2473
-2461
-2199
-2104
-2146
-2292
-2225
-1975
-1888
-917
-430
-736
-1058
-1160
-134
828
1490
1443
535
521
691
1481
2699
2894
2342
1281
1066
1915
2653
2823
1939
1116
781
503
952
1127
929
371
-392
-687
-565
-207
-199
-483
-602
-993
-1225
-1212
-1030
-553
-426
-681
-1035
-1123
-846
-432
-1
208
-19
-295
-408
5
621
911
906
647
538
861
1382
1850
1924
1717
1438
1378
1775
2083
2136
1929
1513
1172
1068
1238
1400
1297
928
525
298
206
217
138
-73
-353
-762
-1085
-1157
-1086
-1136
-1423
-1683
-1921
-2025
-2038
-2055
-2060
-2193
-2467
-2577
-2535
-2407
-2387
-2534
-2548
-2463
-2217
-2160
-1345
-709
-926
-1180
-1258
-497
483
1221
1432
787
609
683
1280
2538
3092
2657
1712
1252
1795
2531
2861
2314
1429
904
489
754
1058
916
420
-332
-834
-829
-546
-422
-648
-805
-1153
-1419
-1364
-1193
-807
-572
-739
-995
-1080
-864
-504
-120
201
58
-178
-280
10
596
945
965
701
532
765
1189
1667
1852
1650
1336
1279
1614
1923
2032
1933
1565
1193
1073
1255
1445
1383
1049
652
467
404
394
330
126
-184
-560
-868
-922
-884
-1043
-1373
-1631
-1817
-1944
-1973
-1985
-2082
-2312
-2495
-2626
-2565
-2455
-2508
-2574
-2772
-2604
-2362
-2253
-1496
-1044
-1167
-1399
-1457
-684
242
1028
1185
519
447
607
1336
2536
2949
2641
1759
1382
1969
2828
3165
2441
1525
1020
820
1154
1322
1054
466
-360
-796
-765
-441
-427
-796
-1073
-1402
-1499
-1367
-1228
-905
-732
-834
-1021
-1039
-739
-362
15
284
204
26
-16
255
805
1131
1154
918
847
1081
1419
1869
1958
1672
1427
1463
1803
2028
2051
1838
1435
1303
1325
1504
1567
1417
1107
756
676
730
709
475
129
-115
-380
-610
-692
-783
-992
-1360
-1615
-1773
-1864
-1877
-1987
-2215
-2346
-2583
-2659
-2608
-2575
-2543
-2696
-2805
-2802
-2560
-2278
-1614
-1209
-1391
-1748
-1667
-847
18
681
781
255
111
392
1174
2226
2625
2194
1474
1419
2030
2729
2908
2293
1484
1127
1027
1294
1459
1162
503
-151
-494
-501
-324
-369
-730
-1099
-1413
-1563
-1467
-1275
-1071
-1029
-1138
-1298
-1264
-930
-461
-148
25
-80
-209
-66
381
868
1125
1125
957
986
1210
1644
2028
1976
1643
1469
1620
1885
2033
2064
1748
1409
1261
1279
1502
1557
1378
970
701
685
695
630
374
72
-166
-422
-553
-611
-810
-1132
-1363
-1531
-1681
-1770
-1860
-2038
-2201
-2368
-2505
-2450
-2481
-2463
-2549
-2676
-2687
-2563
-2333
-2162
-1604
-1296
-1474
-1618
-1421
-747
-36
448
495
133
179
512
1199
2020
2226
1852
1381
1448
2061
2671
2710
2069
1392
1211
1267
1502
1520
1082
479
-39
-263
-219
-116
-287
-766
-1143
-1368
-1433
-1320
-1247
-1255
-1282
-1360
-1417
-1299
-1006
-712
-514
-342
-352
-370
-118
247
647
912
988
1000
1058
1317
1725
2004
1978
1750
1704
1886
2044
2161
2042
1761
1597
1561
1579
1656
1572
1285
979
909
944
867
643
299
92
-34
-138
-320
-527
-846
-1113
-1224
-1327
-1436
-1584
-1816
-2029
-2115
-2209
-2265
-2289
-2375
-2457
-2443
-2483
-2516
-2409
-2255
-2223
-1856
-1404
-1312
-1436
-1430
-1071
-481
129
385
195
50
178
672
1497
1982
1836
1357
1203
1537
2165
2488
2199
1532
1133
1101
1351
1555
1301
768
281
2
-69
35
-21
-356
-778
-1024
-1159
-1110
-1047
-1085
-1156
-1201
-1269
-1275
-1091
-801
-619
-480
-445
-517
-351
5
442
743
969
956
935
1221
1514
1872
2132
2046
1894
1854
2014
2155
2213
2200
1954
1755
1612
1606
1695
1635
1374
1077
816
657
544
496
274
-2
-287
-644
-808
-918
-1029
-1182
-1370
-1623
-1881
-2005
-2002
-2040
-2107
-2236
-2369
-2410
-2423
-2372
-2238
-2216
-2211
-2206
-2015
-1561
-1326
-1279
-1350
-1271
-858
-390
34
227
117
49
180
710
1291
1509
1429
1133
1148
1518
1846
1922
1651
1316
1108
1133
1265
1193
971
647
329
174
97
20
-127
-357
-601
-798
-873
-957
-1011
-970
-985
-1047
-1107
-1164
-1088
-842
-605
-533
-535
-554
-453
-100
282
576
754
772
728
860
1289
1727
1932
1865
1644
1602
1759
2006
2203
2166
1895
1595
1485
1638
1796
1721
1362
935
709
668
673
576
261
-187
-535
-701
-713
-785
-941
-1174
-1398
-1599
-1709
-1675
-1675
-1724
-1840
-1909
-1931
-2010
-2007
-1832
-1753
-1823
-1910
-1867
-1587
-1253
-1077
-1142
-1257
-1110
-784
-363
-55
-56
-137
-141
120
594
994
1055
867
790
959
1276
1511
1430
1209
1033
971
1049
1076
1016
799
611
455
319
217
117
13
-81
-260
-462
-611
-670
-636
-626
-609
-683
-819
-907
-840
-596
-389
-347
-409
-482
-369
-90
294
518
561
457
411
658
1081
1432
1479
1279
1124
1185
1443
1742
1817
1659
1354
1214
1282
1458
1481
1239
895
653
635
678
634
460
197
-32
-148
-274
-396
-439
-489
-506
-700
-1014
-1176
-1265
-1051
-1023
-1135
-1297
-1505
-1478
-1448
-1286
-1195
-1318
-1532
-1624
-1320
-1000
-953
-1153
-1296
-1134
-895
-651
-506
-458
-424
-421
-267
20
251
361
351
320
407
539
670
689
641
600
535
520
520
507
492
440
322
171
57
32
28
13
-109
-269
-331
-326
-284
-240
-255
-313
-359
-371
-347
-231
-108
-73
-99
-121
-90
29
239
392
470
444
367
391
582
792
893
877
801
756
835
1005
1133
1173
1100
1036
1031
1137
1199
1197
1130
1021
964
907
862
795
720
588
430
324
214
93
-38
-129
-216
-363
-514
-681
-755
-782
-852
-958
-1032
-1082
-1148
-1179
-1195
-1186
-1194
-1241
-1232
-1152
-1075
-1043
-1060
-1022
-921
-776
-646
-553
-489
-482
-428
-272
-98
22
36
-24
-25
35
124
149
92
-8
-104
-75
-24
-13
-62
-178
-246
-241
-227
-225
-235
-257
-295
-266
-246
-227
-144
-64
-15
-14
-5
13
81
225
303
325
330
290
303
387
507
590
613
577
495
514
637
741
755
673
611
626
689
774
821
849
803
772
829
925
1011
1012
971
934
917
902
886
900
873
752
621
515
456
388
291
211
107
-35
-211
-340
-364
-414
-514
-645
-749
-824
-886
-912
-937
-976
-1054
-1144
-1153
-1086
-1029
-1012
-1050
-1042
-992
-887
-772
-687
-611
-611
-588
-490
-357
-213
-145
-178
-197
-168
-96
-60
-83
-130
-174
-162
-179
-184
-199
-256
-306
-312
-326
-347
-346
-326
-319
-291
-266
-245
-168
-87
9
70
110
108
151
294
411
465
472
459
490
550
631
674
689
649
565
536
562
612
614
550
468
423
433
496
532
531
462
435
470
535
594
603
570
539
529
557
601
637
636
562
494
484
489
470
436
380
308
202
93
-5
-23
-33
-109
-240
-346
-403
-449
-475
-522
-585
-672
-771
-816
-773
-764
-786
-831
-841
-799
-766
-732
-699
-646
-617
-591
-534
-462
-396
-353
-353
-326
-286
-262
-254
-242
-227
-251
-250
-257
-257
-239
-248
-276
-317
-345
-333
-281
-240
-246
-258
-256
-216
-104
-2
28
37
49
77
163
288
362
367
348
350
396
469
530
540
529
489
428
427
467
497
484
406
329
300
303
337
364
361
301
240
254
313
376
374
346
319
315
348
384
433
450
401
365
344
378
397
365
332
272
243
195
144
139
117
68
-10
-74
-94
-124
-154
-192
-266
-325
-393
-399
-361
-338
-370
-444
-470
-455
-423
-385
-362
-341
-383
-431
-406
-347
-251
-228
-278
-320
-329
-272
-225
-213
-247
-314
-324
-335
-309
-280
-295
-342
-385
-404
-370
-319
-300
-305
-320
-297
-275
-200
-151
-117
-88
-74
-63
-30
56
134
173
183
147
138
185
234
279
271
225
136
115
171
231
252
188
104
82
113
167
203
187
129
105
140
229
310
318
291
283
317
393
465
510
527
496
474
485
534
583
577
536
479
441
407
388
398
370
313
226
128
91
51
7
-62
-169
-275
-359
-392
-398
-414
-462
-531
-579
-602
-613
-610
-610
-588
-599
-630
-629
-572
-475
-397
-376
-401
-405
-348
-276
-213
-192
-206
-199
-200
-133
-63
-39
-54
-95
-93
-52
16
62
61
56
61
86
153
184
200
205
206
222
236
279
317
343
348
331
328
338
365
404
416
387
318
303
334
376
378
308
244
200
207
239
237
215
158
106
114
149
173
152
104
65
47
82
121
148
155
115
87
91
120
121
106
84
52
42
4
-25
-29
-31
-51
-90
-137
-167
-187
-188
-205
-236
-277
-339
-370
-363
-336
-344
-391
-432
-447
-436
-402
-383
-366
-383
-399
-386
-311
-197
-140
-141
-167
-155
-94
-25
25
37
24
34
42
91
132
134
122
78
57
65
102
134
110
79
56
47
85
106
115
96
65
59
64
97
126
117
90
57
38
45
79
115
111
85
41
28
57
93
113
82
37
5
1
18
30
25
-4
-33
-29
-11
31
54
47
54
48
64
95
116
135
128
114
103
103
115
100
89
85
60
36
5
2
17
8
-33
-94
-118
-115
-122
-146
-189
-231
-259
-282
-278
-274
-293
-336
-374
-374
-367
-341
-342
-334
-325
-330
-324
-283
-207
-156
-134
-137
-122
-84
-10
50
85
74
70
82
126
200
230
227
184
175
203
250
293
270
238
222
234
267
278
279
274
258
243
246
260
267
268
273
261
251
233
220
241
252
227
180
175
186
200
204
181
150
118
106
125
140
108
70
42
55
78
77
58
33
33
29
36
40
39
40
35
30
19
8
2
3
-9
-25
-52
-95
-132
-139
-140
-151
-201
-259
-284
-279
-250
-262
-301
-351
-387
-374
-354
-338
-341
-373
-394
-393
-392
-376
-363
-352
-359
-356
-342
-314
-252
-211
-189
-191
-186
-154
-95
-42
-27
-19
-4
14
52
96
123
128
113
112
142
175
202
198
195
200
203
228
237
255
259
253
246
246
267
264
256
252
229
204
197
195
203
201
163
124
118
145
159
162
135
111
103
121
141
138
129
105
105
114
129
131
121
107
102
109
111
109
94
89
100
102
80
60
60
55
48
38
10
-21
-52
-70
-67
-87
-120
-164
-195
-198
-199
-208
-235
-250
-267
-269
-269
-268
-272
-285
-298
-299
-291
-290
-281
-273
-276
-274
-269
-260
-235
-212
-212
-209
-213
-199
-166
-127
-108
-97
-82
-74
-45
1
47
47
36
31
40
76
94
102
98
98
95
118
154
159
163
155
155
186
209
215
227
227
198
175
181
191
192
186
158
130
99
105
123
119
91
51
45
67
88
94
77
62
64
72
86
100
101
82
75
88
109
118
123
118
113
112
104
119
121
117
117
105
93
72
51
42
29
20
-8
-46
-74
-78
-83
-115
-148
-182
-205
-207
-210
-226
-246
-270
-283
-279
-281
-277
-285
-292
-297
-296
-300
-301
-283
-269
-262
-251
-249
-246
-224
-191
-159
-157
-146
-145
-137
-105
-85
-81
-85
-91
-82
-61
-29
-11
-9
-12
-16
27
76
106
123
115
122
157
210
260
281
278
266
266
283
304
318
323
304
279
281
294
312
317
287
252
243
253
259
265
254
226
201
187
188
188
183
168
150
135
133
138
144
132
112
95
82
77
73
66
49
33
3
-23
-35
-47
-57
-81
-113
-132
-155
-165
-171
-191
-222
-237
-242
-251
-259
-274
-290
-306
-310
-322
-329
-334
-335
-327
-332
-341
-349
-331
-311
-292
-273
-276
-276
-273
-259
-223
-210
-212
-222
-225
-212
-163
-117
-116
-130
-141
-129
-87
-35
-13
-8
-11
7
52
101
133
139
140
143
173
219
261
281
282
282
291
317
347
357
358
344
318
314
316
320
319
302
266
246
236
230
227
209
189
172
157
138
131
114
98
85
75
79
76
68
58
53
41
34
21
8
-5
-27
-34
-50
-61
-60
-66
-68
-78
-95
-101
-104
-96
-92
-102
-120
-136
-137
-154
-155
-161
-178
-190
-188
-178
-170
-182
-200
-208
-207
-201
-208
-204
-205
-205
-202
-215
-217
-208
-199
-176
-174
-175
-190
-197
-184
-156
-119
-124
-138
-135
-111
-70
-48
-35
-31
-38
-16
2
51
67
50
57
69
97
122
154
171
183
192
200
227
249
265
282
271
249
246
256
278
299
297
268
243
250
251
244
231
197
177
163
158
147
127
105
76
62
54
45
38
19
1
-12
-31
-54
-67
-60
-54
-55
-64
-69
-69
-67
-58
-55
-75
-83
-79
-73
-72
-86
-106
-120
-120
-123
-136
-150
-172
-179
-184
-180
-175
-185
-197
-206
-206
-209
-207
-201
-200
-191
-190
-193
-198
-187
-155
-134
-114
-105
-103
-102
-93
-66
-37
-24
-28
-40
-27
0
27
47
43
25
18
32
75
110
122
117
106
129
156
176
188
206
212
204
211
251
282
289
286
275
271
278
288
305
301
276
267
268
273
274
261
237
215
192
183
163
151
151
128
114
92
71
72
66
63
63
47
31
24
18
6
-15
-38
-52
-59
-68
-72
-78
-96
-112
-130
-144
-149
-150
-163
-175
-181
-198
-205
-207
-198
-207
-223
-238
-253
-248
-247
-254
-270
-290
-301
-307
-302
-300
-285
-280
-295
-288
-275
-257
-250
-244
-240
-246
-242
-235
-193
-172
-162
-154
-128
-91
-65
-45
-32
-19
0
39
77
107
120
125
135
158
197
232
238
244
249
251
251
257
280
293
284
266
250
255
261
264
259
244
235
216
208
204
195
170
169
167
160
140
120
88
61
55
40
19
7
-14
-37
-51
-70
-86
-90
-95
-104
-116
-131
-136
-134
-133
-132
-119
-125
-135
-154
-147
-124
-93
-77
-83
-89
-83
-70
-61
-58
-69
-86
-99
-97
-89
-94
-101
-117
-131
-132
-126
-121
-136
-145
-159
-164
-165
-165
-176
-165
-163
-184
-182
-163
-138
-117
-127
-145
-133
-99
-59
-40
-54
-44
-33
-34
-19
5
56
77
65
48
71
106
135
141
126
153
169
187
202
227
247
280
275
271
272
301
320
325
314
370
701
688
255
-5
556
1162
834
63
364
1064
790
-334
-291
826
1125
707
-345
-328
18
333
390
190
226
233
-319
-762
-907
74
567
58
-950
-1583
-748
-431
-573
-1060
-708
53
-462
-1616
-1769
-610
154
-507
-879
-673
-209
-630
-1238
-559
54
284
136
-559
-316
-282
-263
-26
-16
406
430
-236
-356
-361
-174
388
280
31
-49
57
-224
-683
-277
407
517
-168
-502
-133
-226
-61
-72
278
479
35
222
32
-57
394
207
738
692
379
385
207
205
393
533
1112
1006
259
103
248
406
650
831
614
389
488
330
-63
93
492
620
445
108
256
208
-263
-242
80
489
692
52
-548
-192
-81
-81
48
218
230
44
-525
-304
-276
-128
348
193
-366
-234
-242
-119
-380
-351
215
242
-12
-489
-663
-297
-18
-83
27
98
99
-446
-794
-292
156
322
99
-160
-267
-341
-61
-54
-138
40
48
155
-89
-353
-216
-230
-6
9
-53
92
-68
-434
-377
-68
216
112
-214
-226
-94
-149
-54
-5
-158
-230
-141
58
107
-96
-170
-245
-199
51
238
271
29
-288
-252
77
233
205
58
189
194
30
141
159
145
173
263
286
244
107
211
116
-9
247
326
288
189
-19
-7
146
184
329
131
-93
-68
-5
142
115
-43
-24
37
-43
-152
-109
17
61
-112
-172
-57
9
-79
-203
-127
19
118
40
-174
-220
-88
-32
-56
-25
49
69
-113
-274
-233
-138
-12
101
-39
-130
-82
-140
-248
-312
-223
-4
23
-100
-216
-311
-315
-326
-180
-118
-40
-53
-163
-233
-290
-205
-72
52
49
-7
31
-51
-162
-126
41
227
252
206
134
15
-25
75
233
378
386
341
221
133
165
271
353
379
348
340
354
240
174
162
276
433
333
187
157
199
201
111
104
221
265
180
60
18
29
69
52
66
97
72
-42
-120
-136
-88
-35
-42
-31
-79
-75
-150
-226
-223
-129
5
-8
-136
-197
-210
-192
-185
-137
-85
-79
-117
-215
-208
-168
-181
-184
-155
-102
-96
-183
-268
-262
-232
-200
-188
-194
-212
-220
-265
-315
-319
-288
-213
-208
-218
-255
-288
-251
-225
-239
-205
-175
-144
-154
-187
-171
-151
-133
-138
-67
-23
-1
35
-7
-28
-2
93
164
181
154
158
139
180
225
243
309
327
330
263
265
328
364
314
304
331
349
308
240
198
208
283
251
211
201
157
104
82
149
175
121
52
4
10
55
49
11
-51
-72
-50
-30
-37
-71
-107
-110
-66
-48
-65
-65
-62
-73
-45
-13
-15
-39
-56
-16
-1
-17
-26
-30
-10
3
-33
-51
-10
-13
-27
-48
-38
-31
-68
-81
-88
-118
-119
-96
-76
-105
-194
-211
-204
-167
-127
-124
-143
-207
-243
-221
-153
-103
-142
-158
-135
-133
-118
-114
-78
-20
-26
11
27
19
21
17
103
129
130
136
121
147
133
155
196
220
217
173
159
193
204
228
207
154
176
160
190
172
128
113
124
153
120
81
69
65
71
76
68
74
56
33
24
28
50
25
-9
-32
-2
22
9
-23
-38
-35
-31
-22
-19
-10
-37
-63
-75
-72
-45
-37
-67
-63
-97
-109
-127
-119
-67
-66
-81
-135
-141
-158
-159
-119
-130
-120
-131
-174
-186
-212
-187
-145
-124
-118
-157
-190
-196
-169
-130
-89
-73
-91
-98
-102
-77
-59
6
29
24
23
-1
54
67
93
147
150
165
174
158
160
190
216
278
299
261
191
195
243
271
263
234
240
229
207
188
189
200
224
196
165
151
115
122
99
89
120
103
120
64
28
17
25
81
54
61
42
11
17
9
23
32
52
44
24
3
-14
-14
25
26
41
12
-41
-48
-68
-76
-51
-34
-42
-77
-136
-167
-153
-143
-156
-188
-249
-245
-254
-277
-288
-291
-293
-290
-312
-336
-317
-332
-310
-320
-335
-324
-300
-279
-273
-282
-303
-255
-210
-193
-203
-195
-156
-104
-69
-68
-70
-67
-25
-6
15
27
62
81
77
85
71
126
142
150
158
161
184
161
160
185
199
193
180
162
163
148
155
153
161
154
139
117
83
96
109
112
82
53
54
71
67
42
55
61
53
17
9
33
55
34
23
40
64
66
26
29
49
84
97
61
48
73
88
105
89
104
124
118
90
42
42
67
51
17
6
15
6
-41
-81
-84
-51
-50
-88
-100
-122
-130
-148
-188
-175
-174
-163
-191
-199
-222
-214
-196
-204
-205
-181
-159
-168
-173
-180
-157
-143
-117
-84
-48
-42
-79
-79
-52
13
58
54
39
45
68
86
101
89
124
157
178
176
137
146
168
202
203
189
212
206
205
165
154
183
194
195
154
111
108
125
97
94
82
89
91
56
42
28
25
23
32
33
37
27
20
21
14
26
66
90
65
34
3
18
53
65
58
31
37
37
32
15
7
31
27
25
-13
-37
-25
-34
-57
-76
-96
-92
-110
-148
-154
-141
-149
-148
-158
-180
-192
-192
-199
-185
-163
-173
-170
-179
-185
-170
-152
-148
-137
-151
-168
-154
-142
-112
-95
-111
-124
-98
-52
-47
-60
-50
-4
38
44
28
46
67
77
72
98
136
142
142
133
154
175
180
173
169
201
221
212
199
195
222
237
214
199
215
214
182
131
136
171
168
137
91
87
116
94
73
50
56
83
57
34
6
9
29
17
-4
-5
6
-14
-65
-101
-90
-67
-68
-98
-99
-116
-108
-110
-125
-104
-100
-105
-120
-125
-132
-134
-140
-133
-125
-106
-108
-140
-141
-128
-103
-97
-106
-114
-112
-79
-85
-96
-96
-83
-57
-49
-65
-63
-56
-60
-58
-63
-42
-24
-24
-54
-64
-36
-7
21
-3
-7
5
7
-8
-18
1
24
28
19
14
22
28
20
18
34
53
50
32
19
32
60
67
41
35
36
46
47
25
36
33
14
0
-1
26
36
15
16
22
31
38
28
43
58
61
51
44
37
56
76
61
51
54
61
50
34
44
66
81
57
32
37
48
40
37
23
6
1
-24
-18
-30
-42
-54
-63
-70
-68
-80
-94
-104
-95
-94
-105
-90
-105
-101
-94
-109
-105
-90
-87
-89
-94
-88
-67
-51
-57
-57
-54
-41
-13
-6
-9
-4
25
36
35
26
20
51
69
71
39
30
50
50
45
48
76
97
86
64
73
78
94
89
85
88
77
78
61
54
54
56
62
43
24
10
15
2
-10
-12
6
-8
-41
-38
-28
-19
-40
-36
-31
-18
-21
-40
-42
-35
-26
-13
-21
-16
-19
-31
-13
-24
-20
-7
-2
-1
-26
-31
-30
-23
-11
-24
-20
-31
-17
-7
-14
-28
-38
-12
-14
-19
-34
-38
-28
-32
-43
-50
-40
-40
-36
-36
-21
-20
-35
-41
-36
-17
-7
-12
-13
-16
-30
-34
-18
5
4
-14
-23
-22
-6
7
16
14
19
21
26
37
37
52
58
65
78
89
94
82
76
89
107
117
96
71
82
99
102
93
88
88
75
60
47
58
62
46
25
20
30
31
16
0
-9
1
4
3
-4
-7
-12
-16
-3
0
13
5
-11
-22
-15
2
6
-7
-12
-15
-9
-13
-23
-12
1
5
-1
-5
-21
-29
-22
-9
4
1
-7
-21
-39
-50
-38
-10
-6
-30
-64
-76
-65
-51
-44
-59
-63
-61
-61
-77
-91
-89
-84
-66
-59
-70
-84
-91
-92
-82
-67
-53
-46
-51
-58
-65
-65
-48
-20
-14
-19
-27
-29
-18
-4
11
8
12
30
31
19
2
15
38
58
60
45
33
25
43
45
52
58
46
38
27
15
12
19
36
46
27
10
10
17
19
21
21
23
33
18
-12
-10
12
37
34
18
7
3
11
26
32
32
45
54
48
36
51
60
69
71
65
63
46
38
35
40
52
49
31
6
-8
-5
-9
-1
-5
-6
-14
-19
-26
-32
-18
2
9
-10
-36
-34
-13
-9
-11
-16
5
15
-1
-17
-18
-2
4
-5
-11
-9
-9
-22
-23
-23
-13
-10
-12
-16
-20
-27
-29
-29
-21
-1
1
-18
-31
-26
2
4
-8
-13
1
8
-17
-25
-18
2
5
-7
-9
-4
-12
-15
-17
-10
-11
-10
-10
-18
-24
-27
-16
-11
-16
-16
-23
-19
-15
-8
-4
-14
-21
-15
6
8
-5
-14
-1
10
6
-7
0
1
1
0
-1
-6
-11
5
9
5
-1
-5
3
6
-5
-6
-2
6
3
-17
-24
-17
-5
-2
-11
-31
-33
-20
-8
-10
-23
-29
-26
-21
-16
-6
-7
-16
-15
-5
-2
-2
-2
7
5
1
-2
17
30
25
14
8
27
35
31
23
22
19
23
34
32
23
22
34
34
22
17
25
35
31
29
34
44
40
33
26
34
42
39
30
17
12
20
37
34
19
14
17
22
7
0
12
15
9
3
3
5
1
-8
-5
2
2
-10
-26
-33
-25
-11
-7
-3
-19
-25
-16
-13
-9
-11
-11
-16
-26
-21
-12
-10
-18
-23
-25
-20
-17
-21
-32
-33
-33
-29
-26
-32
-34
-39
-40
-41
-42
-34
-32
-38
-48
-49
-32
-26
-31
-38
-36
-24
-16
-23
-29
-24
-10
-4
-7
-13
-7
2
0
-2
7
17
20
11
1
10
29
31
22
17
22
34
29
22
21
35
43
46
33
28
37
43
44
46
48
52
48
36
37
45
56
53
41
31
34
29
23
24
29
26
12
4
3
11
6
-3
-6
2
9
4
-15
-23
-16
-6
-2
-13
-22
-25
-23
-32
-37
-26
-15
-17
-31
-41
-33
-21
-20
-17
-12
-10
-15
-16
-10
-1
-4
-7
0
6
6
-2
-9
-9
-1
1
0
1
-4
-7
-9
-12
-10
2
12
7
-15
-19
-9
3
5
1
-1
-4
-3
-6
-8
-2
2
2
1
-4
-9
-9
-5
-4
-5
1
6
3
-8
-13
-6
6
13
12
10
7
6
5
11
19
29
32
25
14
15
28
32
29
25
31
33
24
8
11
24
30
17
2
-3
2
-4
-13
-17
-16
-10
-14
-31
-42
-36
-31
-35
-46
-44
-35
-37
-54
-65
-56
-36
-28
-40
-49
-46
-48
-46
-41
-34
-29
-28
-32
-36
-33
-23
-15
-12
-12
-7
-4
-6
-6
-2
8
17
16
18
18
15
12
16
29
35
30
21
17
19
23
27
29
28
25
21
18
19
18
21
25
25
21
17
15
13
12
14
19
22
16
3
-2
1
8
12
9
1
-6
-8
-6
-3
-1
0
1
-3
-3
-1
3
3
5
10
14
15
10
10
14
17
15
14
18
20
12
3
1
7
11
4
-5
-9
-9
-12
-18
-20
-17
-16
-20
-27
-31
-30
-26
-27
-30
-26
-25
-30
-34
-31
-24
-20
-19
-20
-21
-22
-21
-17
-10
-7
-13
-14
-9
-5
-6
-7
-4
2
7
3
-2
4
14
16
13
16
25
30
27
24
26
38
45
41
35
36
42
40
37
38
42
41
33
24
27
31
28
21
15
16
16
12
7
5
6
8
2
-2
-1
-1
-6
-9
-8
-6
-3
-8
-15
-19
-16
-10
-11
-16
-16
-14
-15
-17
-17
-15
-8
-10
-16
-18
-12
-6
-6
-11
-16
-8
0
-5
-13
-16
-8
-2
-10
-16
-13
-9
-11
-19
-20
-9
-3
-11
-24
-20
-7
-5
-13
-21
-14
-4
-4
-11
-14
-2
8
2
-7
-2
10
15
4
-3
8
22
18
5
4
12
22
18
7
8
19
21
14
7
13
23
21
14
13
23
29
28
18
19
31
34
27
21
24
30
29
22
18
18
19
17
10
8
9
6
-1
-4
-4
0
0
-8
-18
-14
-6
-6
-12
-19
-16
-13
-12
-14
-16
-15
-12
-14
-17
-16
-14
-14
-17
-21
-22
-14
-14
-22
-29
-28
-23
-19
-22
-26
-27
-28
-27
-27
-23
-21
-23
-29
-25
-20
-21
-22
-23
-21
-16
-16
-21
-22
-17
-14
-15
-15
-12
-9
-9
-14
-12
-4
8
4
-4
-4
5
9
7
7
10
16
17
13
12
18
