4
5
3
5
1
5
2
3
5
4
4
2
4
1
3
2
4
1
2
1
2
0
-3
-1
-5
-2
-5
-2
-5
-3
-3
-3
-4
-7
-7
-9
-7
-8
-6
-8
-6
-8
-8
-9
-10
-11
-12
-11
-12
-11
-12
-9
-9
-9
-9
-8
-7
-9
-8
-7
-7
-7
-6
-5
-5
-4
-3
-4
-4
-4
-2
-1
-1
-1
1
0
1
0
1
1
1
3
2
4
3
3
3
2
1
2
1
2
3
3
6
5
5
4
5
3
3
2
3
5
7
8
9
8
9
10
9
9
7
6
6
7
10
9
11
10
11
10
11
11
11
11
11
10
8
9
7
7
6
8
6
5
5
3
3
2
2
0
-1
-2
-2
-4
-5
-5
-6
-6
-8
-8
-9
-11
-11
-11
-12
-11
-10
-10
-9
-8
-7
-9
-9
-9
-7
-7
-7
-8
-6
-7
-6
-5
-2
-4
-1
-1
0
0
-1
0
1
3
4
6
5
6
6
7
7
7
8
5
6
5
7
5
6
5
5
5
6
4
4
4
3
3
3
3
2
3
3
3
1
1
2
2
3
1
3
4
3
3
5
4
4
3
2
2
2
2
2
3
0
1
0
-1
-1
-2
-1
-2
-2
-3
-3
-4
-4
-5
-5
-5
-6
-4
-4
-4
-4
-6
-7
-7
-6
-6
-5
-5
-5
-4
-4
-4
-4
-4
-3
-3
-3
-1
-2
0
0
3
2
2
2
2
1
1
1
-1
1
2
1
2
1
1
-1
-2
-3
-2
-3
-2
-2
-2
-2
-4
-4
-5
-5
-5
-3
-5
-2
-2
-3
-1
-1
-1
-1
-1
-1
1
1
2
3
3
4
4
4
4
5
6
8
8
9
9
10
10
9
8
8
6
5
6
7
7
7
5
5
4
1
0
-2
-3
-4
-4
-5
-5
-8
-7
-9
-9
-10
-12
-13
-11
-11
-11
-9
-10
-9
-9
-8
-7
-7
-8
-7
-6
-6
-2
-3
0
0
1
2
3
3
6
8
9
11
11
12
12
12
10
10
11
11
11
12
12
10
10
7
6
4
3
3
0
0
-2
-4
-5
-6
-8
-10
-10
-12
-14
-13
-14
-15
-13
-14
-14
-14
-16
-15
-15
-14
-13
-13
-11
-9
-7
-7
-7
-8
-5
-3
-4
-2
1
3
4
5
6
6
7
9
9
11
12
13
13
13
13
14
13
12
13
12
12
12
11
11
10
10
9
9
7
7
5
4
5
4
6
4
5
4
4
3
2
1
3
3
4
5
5
4
5
5
4
4
6
6
7
7
7
7
6
6
5
6
6
6
6
6
5
5
5
3
3
2
1
1
-2
-4
-4
-5
-7
-8
-8
-10
-13
-12
-15
-15
-16
-15
-14
-15
-16
-17
-17
-17
-16
-16
-14
-14
-13
-10
-9
-8
-8
-6
-3
-1
0
0
2
4
5
3
5
5
7
7
7
7
6
5
7
5
6
7
6
7
5
4
4
3
4
2
0
1
-2
-5
-5
-6
-7
-8
-6
-6
-6
-5
-9
-9
-9
-11
-12
-11
-14
-9
-12
-11
-10
-9
-10
-7
-6
-8
-8
-5
-6
-5
-4
-6
-2
4
6
3
2
5
1
2
0
-1
2
4
4
4
5
-1
-2
-1
4
5
8
8
5
3
1
6
1
-2
-3
-3
-8
-15
-20
-23
-20
-16
-18
-16
-13
-11
-4
-2
2
10
13
12
7
6
8
11
18
19
26
27
34
29
32
33
29
32
35
46
54
54
58
53
43
31
18
22
20
24
13
2
7
4
5
3
0
-7
-4
-5
1
6
8
7
3
-5
-8
-14
-14
-12
-24
-25
-26
-31
-23
-20
-19
-18
-13
-15
-11
2
5
14
14
23
25
20
15
2
-5
-6
-11
-9
-4
-9
-11
-22
-26
-34
-40
-36
-23
-7
0
3
0
-2
-16
-28
-28
-17
-16
-5
-10
-4
-7
-9
-8
-11
-10
0
-7
-14
-2
-19
-13
-2
1
-6
-1
-16
-10
-13
-25
-31
-47
-35
-19
-27
-26
-23
-17
-5
-8
-7
6
0
13
20
16
17
13
8
5
5
-3
0
-6
-3
-6
1
12
11
13
24
18
25
23
17
26
26
22
27
33
34
39
32
37
46
38
40
34
28
35
31
29
32
30
21
24
9
13
16
19
26
4
21
27
20
32
30
38
46
34
18
13
8
13
8
14
12
-4
-10
-24
-32
-42
-42
-39
-36
-40
-46
-53
-54
-56
-62
-45
-39
-42
-44
-51
-55
-58
-48
-29
-20
-24
-26
-30
-40
-50
-55
-60
-61
-54
-64
-69
-66
-59
-54
-61
-59
-66
-72
-72
-80
-64
-66
-81
-70
-78
-73
-77
-69
-57
-54
-49
-31
-35
-15
-30
3
1
47
38
90
137
305
618
703
907
497
297
-311
-479
-374
-236
398
262
457
-133
-408
-617
-728
-127
-51
505
310
73
-249
-766
-538
-582
62
285
458
428
-18
9
-422
-23
22
504
619
590
741
298
317
-47
311
649
948
1050
427
157
-260
-273
251
222
628
305
31
-249
-563
-313
-511
-146
-329
-325
-822
-1034
-1046
-1171
-750
-794
-753
-902
-802
-830
-675
-732
-836
-688
-772
-428
-282
-15
157
-28
-27
-103
167
285
542
625
546
512
284
406
429
653
665
669
561
489
585
564
582
327
340
183
271
277
284
371
269
278
125
226
287
448
349
321
197
152
260
242
483
225
217
-27
17
13
113
283
-82
-32
-413
-314
-323
-316
-248
-480
-527
-635
-650
-727
-647
-969
-1067
-1195
-1311
-1220
-1281
-1172
-1430
-1506
-1464
-979
-633
-400
-386
-811
-728
-880
-359
95
338
627
224
402
449
696
1091
969
1098
930
975
1310
1405
1584
1302
947
638
467
697
827
905
679
274
49
-14
101
102
24
-196
-461
-544
-493
-169
-18
77
-28
-210
-75
71
449
642
685
668
544
720
889
1144
1215
1102
1066
984
1212
1342
1397
1264
967
775
600
655
640
578
381
28
-174
-312
-306
-260
-436
-663
-1010
-1208
-1133
-1108
-1102
-1238
-1497
-1528
-1725
-1643
-1605
-1697
-1663
-1952
-1814
-1885
-1886
-1862
-2064
-2061
-2067
-1644
-1105
-632
-514
-724
-887
-921
-516
11
308
537
398
377
663
961
1464
1522
1601
1579
1486
1757
1845
2051
1928
1608
1360
1070
1250
1220
1128
878
419
204
-43
94
45
-149
-460
-903
-1050
-1106
-833
-706
-679
-789
-955
-829
-651
-344
-242
-282
-268
-283
-13
364
695
888
847
899
967
1190
1455
1606
1638
1532
1375
1312
1491
1552
1526
1239
956
786
628
707
566
404
94
-207
-323
-482
-474
-675
-877
-1100
-1319
-1352
-1355
-1339
-1466
-1619
-1779
-1765
-1810
-1798
-1740
-1956
-1945
-2186
-2225
-2113
-2220
-1906
-1553
-1186
-734
-764
-762
-652
-785
-182
-9
174
508
310
735
909
1388
1855
1879
2163
2052
2156
2314
2402
2489
2196
2088
1854
1771
1768
1594
1336
890
593
250
193
88
-134
-470
-981
-1163
-1482
-1403
-1318
-1435
-1358
-1557
-1422
-1311
-1142
-875
-877
-799
-747
-539
-205
156
457
604
831
1063
1435
1759
1944
2088
1948
2004
1984
2053
2150
2017
1937
1619
1493
1336
1172
1087
741
479
107
-150
-345
-576
-748
-1158
-1448
-1765
-1931
-2073
-2325
-2396
-2529
-2542
-2518
-2541
-2519
-2616
-2634
-2703
-2787
-2719
-2816
-2637
-2505
-1905
-1347
-1037
-482
-661
-346
-237
105
612
478
877
701
990
1445
1822
2402
2385
2705
2565
2730
2994
2850
2875
2246
2084
1667
1563
1752
1480
1436
884
608
195
59
-33
-495
-779
-1429
-1597
-1772
-1699
-1523
-1763
-1692
-1848
-1707
-1458
-1294
-1093
-1218
-1086
-1012
-688
-208
134
533
601
889
1152
1546
2026
2097
2225
2012
2010
2040
2133
2274
2071
1961
1682
1612
1540
1476
1311
958
674
308
125
-47
-278
-550
-924
-1185
-1343
-1516
-1692
-1917
-2278
-2428
-2568
-2500
-2395
-2548
-2519
-2805
-2742
-2964
-3039
-2926
-3164
-2659
-2286
-1627
-1212
-864
-575
-532
-146
207
584
526
797
814
931
1658
2098
2686
2931
3107
3250
3263
3469
3399
3091
2733
2405
2026
1957
2008
1735
1548
1176
856
592
331
165
-445
-1044
-1512
-1913
-2000
-1893
-1897
-2000
-2016
-2025
-1886
-1660
-1502
-1444
-1585
-1568
-1435
-1267
-796
-396
-144
170
478
854
1252
1601
1724
1711
1598
1649
1753
1748
1908
1638
1577
1549
1553
1738
1620
1496
1050
701
375
158
-64
-271
-509
-891
-955
-1196
-1301
-1436
-1725
-1899
-2135
-2185
-2248
-2329
-2448
-2600
-2720
-2770
-2656
-2732
-2595
-2633
-2136
-1770
-1563
-878
-1084
-492
-379
179
711
485
1057
675
961
1174
1651
2132
2315
2913
2824
3372
3391
3562
3421
2838
2691
1922
1893
1708
1438
1339
1037
1017
808
864
653
211
-385
-1065
-1532
-2045
-2101
-2241
-2403
-2255
-2221
-1881
-1505
-1293
-1161
-1337
-1457
-1560
-1486
-1296
-985
-746
-494
32
410
1132
1611
1943
2151
1944
1986
1787
1730
1625
1390
1344
1262
1483
1727
1923
1903
1735
1471
1127
851
408
34
-519
-897
-1095
-1183
-1135
-1130
-1172
-1308
-1405
-1619
-1716
-2100
-2257
-2717
-2978
-3023
-3201
-2913
-3042
-2565
-2115
-1843
-1208
-1140
-962
-893
-876
-479
-430
-255
56
111
486
990
1456
1889
2259
2487
2717
2932
3045
3232
2973
2804
2548
2197
2246
2070
1879
1745
1474
1252
1112
960
802
442
-53
-465
-987
-1357
-1575
-1920
-2139
-2250
-2271
-2030
-1799
-1643
-1536
-1549
-1543
-1484
-1485
-1337
-1264
-1242
-922
-660
-249
373
829
1276
1529
1671
1841
1798
1772
1677
1379
1258
1272
1230
1478
1574
1602
1710
1575
1608
1369
1014
644
-21
-433
-730
-985
-1153
-1278
-1449
-1466
-1445
-1432
-1446
-1720
-1939
-2347
-2714
-2942
-3293
-3336
-3315
-2971
-2496
-2189
-1419
-1296
-919
-600
-506
-69
-353
-131
-217
-285
166
470
1069
1551
2171
2608
3081
3404
3531
3596
3246
3058
2603
2314
2239
1930
1808
1708
1569
1627
1668
1587
1381
912
518
72
-477
-836
-1251
-1656
-1906
-2054
-2033
-1785
-1549
-1381
-1290
-1311
-1255
-1229
-1208
-1194
-1348
-1395
-1205
-1012
-608
-77
384
862
1183
1443
1688
1677
1685
1504
1111
928
736
733
833
886
1026
1180
1272
1395
1267
1018
742
202
-201
-619
-1077
-1327
-1561
-1678
-1565
-1557
-1355
-1381
-1521
-1628
-2097
-2241
-2726
-2833
-3082
-2874
-2592
-2630
-1749
-1809
-994
-629
-262
355
-96
306
-32
-153
-65
81
336
643
1239
1644
2491
2785
3355
3427
3240
3233
2693
2397
1984
1505
1113
985
833
953
1142
1217
1371
1058
977
714
206
-197
-778
-1352
-1753
-2010
-2105
-1943
-1810
-1465
-1235
-1065
-791
-708
-678
-662
-819
-986
-936
-935
-743
-455
-192
285
502
930
1240
1352
1524
1418
1256
974
823
547
439
295
273
390
468
743
686
715
624
452
209
-134
-485
-983
-1301
-1613
-1681
-1832
-1687
-1649
-1649
-1556
-1672
-1604
-1864
-1859
-1857
-1836
-1914
-1705
-1645
-1459
-855
-565
272
222
540
738
395
684
549
598
699
896
1170
1741
2130
2583
2924
2830
3087
2828
2659
2469
1913
1458
1130
834
690
731
657
798
619
611
663
352
256
-148
-688
-1090
-1448
-1716
-1782
-1918
-1911
-1743
-1621
-1188
-977
-811
-578
-656
-651
-567
-574
-496
-373
-348
-120
82
364
768
840
1074
1107
1045
1107
968
864
718
521
376
336
255
334
269
193
210
7
30
-135
-364
-511
-769
-939
-1067
-1264
-1341
-1624
-1759
-1810
-2012
-1955
-2011
-1976
-1601
-1518
-1310
-961
-1126
-612
-601
-268
116
-249
145
16
-45
275
350
496
762
927
1276
1742
1908
2462
2520
2460
2647
2393
2322
2182
1734
1402
1130
822
820
732
696
841
629
759
810
597
584
223
-245
-596
-993
-1220
-1343
-1588
-1510
-1449
-1371
-933
-700
-525
-286
-328
-359
-298
-441
-313
-340
-425
-100
-140
225
555
584
826
818
828
843
718
534
400
89
30
-14
-199
-73
-241
-288
-253
-339
-302
-412
-564
-691
-899
-1041
-1110
-1301
-1475
-1641
-1800
-1935
-1852
-1860
-1764
-1525
-1275
-1080
-710
-569
-349
-40
51
609
357
434
607
215
479
485
536
741
856
1168
1548
1745
2125
2379
2251
2461
2319
2160
2131
1753
1397
1095
762
616
536
435
516
404
429
627
459
476
396
57
-171
-463
-700
-814
-1101
-1278
-1340
-1502
-1287
-1034
-906
-582
-399
-311
-26
1
60
125
-166
-24
-228
-282
-17
-160
98
163
318
476
510
497
403
202
-33
-124
-488
-532
-732
-945
-896
-1018
-904
-884
-844
-778
-814
-786
-828
-975
-1131
-1360
-1523
-1770
-1799
-1770
-1896
-1528
-1257
-990
-524
-312
70
349
600
1109
1041
964
1038
720
633
709
579
663
711
878
1275
1488
1880
2153
2085
2192
2198
1979
1916
1634
1177
869
521
369
208
53
86
-21
-60
152
217
218
331
175
13
-127
-346
-412
-692
-935
-1036
-1250
-1179
-920
-845
-593
-324
-204
118
271
426
515
353
440
326
193
272
97
-2
-26
-27
71
117
154
179
60
-20
-30
-279
-424
-639
-970
-1112
-1297
-1349
-1370
-1358
-1276
-1243
-1146
-1017
-936
-1011
-981
-1106
-1315
-1406
-1594
-1561
-1477
-1119
-1018
-561
-209
73
682
877
1563
1517
1540
1749
1343
1287
1153
922
730
678
666
1008
1158
1438
1858
1708
2031
2024
1885
1827
1435
957
545
171
-105
-220
-481
-412
-535
-546
-172
-132
15
132
80
7
0
-99
-125
-351
-586
-578
-837
-748
-613
-644
-475
-348
-201
95
341
564
767
724
882
838
612
689
339
83
-115
-289
-331
-457
-406
-400
-444
-441
-324
-453
-595
-703
-1050
-1267
-1563
-1782
-1933
-2058
-2054
-1940
-1857
-1633
-1350
-1366
-1103
-1169
-1259
-1146
-1397
-1265
-1034
-1126
-716
-504
-311
364
642
1391
1801
1801
2275
2129
1925
1998
1675
1357
1255
928
1093
1204
1175
1673
1607
1725
1995
1857
1881
1769
1265
949
561
44
-92
-499
-681
-718
-978
-702
-490
-454
-134
-19
-53
138
95
156
184
-99
-32
-166
-328
-123
-190
-152
69
58
283
522
584
866
868
956
1144
972
1064
952
655
467
215
-14
-267
-516
-721
-851
-1059
-1048
-1068
-1200
-1147
-1289
-1352
-1504
-1715
-1910
-2168
-2347
-2487
-2435
-2431
-2287
-2202
-2030
-1757
-1758
-1415
-1284
-1205
-778
-892
-583
-358
-235
339
604
1250
1631
1874
2266
2437
2346
2376
2330
1876
1836
1506
1464
1526
1336
1605
1530
1601
1825
1791
1745
1679
1315
952
653
120
-172
-559
-857
-978
-1189
-1076
-873
-807
-605
-385
-357
-148
-55
-48
-7
-179
-182
-203
-273
-188
-117
-137
81
204
352
712
776
1052
1090
1162
1364
1210
1268
1102
895
664
453
264
-33
-260
-503
-616
-908
-956
-1095
-1327
-1414
-1642
-1734
-1956
-2095
-2267
-2418
-2517
-2569
-2590
-2619
-2580
-2529
-2501
-2344
-2195
-2096
-1816
-1574
-1089
-984
-482
-101
117
731
1014
1688
1752
2066
2391
2342
2533
2530
2611
2292
2330
2171
2128
2198
2048
2198
1916
1984
1966
1860
1829
1586
1250
869
665
269
-13
-379
-687
-962
-1235
-1156
-1172
-1128
-1013
-858
-799
-583
-371
-240
-162
-195
-103
-192
-149
-80
-110
-69
69
230
383
696
880
1110
1241
1438
1628
1541
1641
1492
1225
1045
804
559
248
-22
-260
-536
-762
-898
-1115
-1313
-1428
-1673
-1854
-2052
-2312
-2494
-2719
-2828
-2948
-2971
-2953
-2976
-2922
-2900
-2711
-2722
-2456
-2328
-1929
-1616
-1369
-696
-606
216
539
1195
1766
1809
2482
2445
2687
2668
2633
2493
2367
2356
2215
2463
2243
2509
2419
2344
2532
2286
2263
1950
1574
1136
822
377
61
-290
-673
-757
-1104
-1064
-1096
-1148
-1075
-1096
-1046
-976
-797
-731
-546
-614
-486
-359
-351
-120
-115
-41
38
214
355
607
788
992
1244
1254
1637
1652
1720
1791
1577
1514
1244
1110
793
460
101
-139
-459
-734
-808
-1158
-1256
-1512
-1707
-1903
-2204
-2298
-2630
-2823
-3028
-3169
-3251
-3277
-3241
-3280
-3110
-3049
-2792
-2684
-2175
-1873
-1702
-1050
-977
-247
116
774
1416
1462
2197
2372
2652
2793
2902
2828
2661
2683
2477
2547
2287
2382
2313
2153
2357
2274
2257
2154
1951
1551
1303
888
469
0
-546
-809
-1260
-1384
-1419
-1477
-1448
-1252
-1106
-969
-723
-651
-475
-573
-520
-448
-532
-359
-308
-285
-106
187
358
685
919
1128
1410
1469
1832
1822
1810
1949
1746
1641
1464
1315
1039
741
396
121
-170
-512
-632
-1060
-1270
-1475
-1814
-1948
-2277
-2515
-2768
-3055
-3204
-3366
-3484
-3484
-3515
-3558
-3538
-3368
-3304
-2963
-2557
-2446
-1776
-1611
-989
-318
-24
962
1084
1631
2160
2284
2693
2847
2896
2796
2853
2691
2871
2739
2632
2823
2465
2635
2638
2480
2443
2200
1890
1676
1320
973
691
91
-187
-590
-978
-1013
-1254
-1403
-1403
-1433
-1362
-1165
-1088
-835
-749
-705
-400
-430
-335
-181
-234
-201
-91
-18
240
433
606
1009
1135
1525
1943
1938
2215
2196
2080
2056
1760
1574
1236
812
555
202
-216
-376
-659
-970
-1095
-1401
-1588
-1809
-2157
-2363
-2769
-3056
-3180
-3533
-3642
-3743
-3843
-3794
-3642
-3531
-3201
-2919
-2716
-2122
-1970
-1350
-773
-335
445
679
1257
1720
2016
2366
2631
2728
2715
2879
2749
2944
2833
2791
2917
2669
2776
2740
2656
2588
2377
2082
1894
1527
1159
881
297
19
-393
-762
-880
-1156
-1315
-1348
-1425
-1434
-1284
-1293
-1089
-1068
-1053
-819
-844
-699
-567
-527
-450
-281
-148
48
272
386
737
844
1132
1478
1536
1845
1937
1985
2034
1965
1843
1643
1329
1068
746
294
11
-407
-807
-1058
-1383
-1644
-1850
-2111
-2306
-2540
-2803
-2971
-3257
-3464
-3644
-3836
-3940
-3875
-3827
-3498
-3285
-3035
-2422
-2223
-1485
-991
-313
340
592
1327
1576
1993
2316
2533
2658
2607
2796
2744
2908
2811
2890
2909
2811
3008
2917
2929
2826
2637
2334
2101
1719
1324
908
385
64
-419
-654
-866
-1108
-1285
-1361
-1382
-1412
-1253
-1267
-1123
-1181
-1106
-952
-988
-810
-766
-726
-668
-461
-348
-97
94
275
610
711
1164
1393
1555
1804
1844
1903
1925
1912
1786
1642
1313
1191
878
559
364
-85
-382
-748
-1062
-1396
-1697
-2012
-2307
-2579
-2866
-3002
-3229
-3352
-3515
-3647
-3793
-3728
-3559
-3499
-3183
-3056
-2592
-2232
-1750
-920
-462
107
667
1169
1556
1953
2298
2445
2506
2523
2694
2686
2715
2834
2782
2784
2870
2957
2977
2983
2870
2708
2472
2253
1964
1505
1103
660
169
-211
-484
-810
-1071
-1246
-1372
-1409
-1454
-1284
-1219
-1230
-1111
-1034
-980
-940
-888
-887
-907
-856
-699
-618
-463
-227
5
307
623
1005
1250
1506
1729
1819
1880
1885
1855
1652
1483
1254
1035
782
531
295
-85
-327
-593
-928
-1199
-1516
-1803
-2130
-2436
-2720
-3019
-3257
-3449
-3645
-3811
-3832
-3695
-3523
-3423
-3096
-2881
-2582
-2095
-1627
-928
-584
-57
513
802
1314
1663
1999
2185
2351
2494
2598
2678
2692
2764
2621
2661
2721
2740
2867
2839
2754
2656
2541
2344
2119
1754
1391
975
487
175
-220
-559
-794
-981
-1140
-1193
-1149
-1097
-1054
-1059
-927
-884
-829
-704
-714
-712
-661
-598
-501
-373
-266
-61
126
364
697
864
1164
1402
1519
1685
1784
1811
1797
1693
1508
1313
1029
811
465
58
-221
-565
-909
-1202
-1504
-1799
-2035
-2289
-2550
-2773
-3049
-3217
-3387
-3671
-3727
-3717
-3686
-3569
-3430
-3181
-2843
-2450
-1856
-1241
-884
-306
240
558
1041
1390
1663
1840
1924
2152
2270
2284
2441
2487
2387
2500
2562
2596
2677
2626
2591
2502
2371
2279
2018
1723
1497
1103
764
528
172
-142
-404
-626
-769
-940
-958
-903
-998
-967
-838
-808
-693
-583
-540
-487
-471
-406
-310
-273
-160
4
86
340
549
702
994
1160
1346
1465
1562
1600
1554
1452
1325
1172
848
701
369
4
-214
-597
-844
-1222
-1547
-1804
-2144
-2383
-2604
-2871
-3110
-3197
-3400
-3479
-3566
-3414
-3401
-3390
-3048
-3036
-2650
-2422
-1837
-1277
-1092
-298
78
543
999
1423
1766
1830
2123
2195
2325
2234
2358
2356
2164
2310
2300
2337
2384
2434
2348
2326
2277
2205
2011
1725
1578
1139
861
643
282
-58
-288
-432
-658
-712
-754
-658
-740
-685
-467
-503
-357
-279
-226
-251
-220
-123
-97
-44
16
202
240
471
673
796
1058
1202
1440
1487
1584
1641
1544
1490
1347
1187
884
657
361
-32
-363
-685
-1021
-1376
-1666
-1913
-2193
-2424
-2547
-2819
-2923
-3140
-3212
-3322
-3502
-3186
-3433
-3264
-3066
-3093
-2637
-2541
-1855
-1380
-1106
-388
58
529
934
1418
1565
1711
1913
1972
2115
1971
2079
2067
1866
1985
2025
1965
2082
2074
1974
2000
1885
1869
1695
1421
1311
992
741
608
325
-3
-161
-381
-551
-636
-728
-646
-730
-661
-461
-411
-257
-64
31
57
185
240
324
333
362
510
452
638
804
890
1100
1289
1474
1569
1693
1747
1713
1587
1455
1244
883
619
252
-161
-541
-913
-1249
-1619
-1883
-2125
-2380
-2591
-2732
-2865
-3098
-3146
-3245
-3400
-3227
-3222
-3199
-2981
-3000
-2648
-2481
-2142
-1456
-1324
-746
-187
192
714
1177
1569
1774
1973
2122
2344
2229
2178
2242
1919
1902
1905
1782
1837
1763
1712
1758
1645
1657
1632
1325
1246
1016
691
582
312
10
-221
-456
-600
-707
-842
-768
-810
-889
-658
-563
-463
-214
-78
16
167
262
459
525
526
753
691
777
1000
1002
1136
1275
1379
1515
1614
1712
1754
1623
1529
1470
1124
870
607
76
-297
-745
-1167
-1501
-1999
-2237
-2545
-2863
-2932
-3087
-3184
-3264
-3310
-3374
-3209
-3191
-3177
-2943
-3017
-2712
-2508
-2152
-1571
-1391
-850
-330
66
546
1044
1386
1608
1833
1970
2222
2170
2196
2233
1988
1962
1942
1848
1826
1727
1586
1572
1452
1376
1311
1050
950
746
504
421
218
-35
-231
-391
-570
-657
-776
-780
-854
-933
-743
-661
-479
-273
-147
31
204
386
566
698
772
864
928
1039
1154
1231
1320
1403
1462
1520
1694
1703
1706
1634
1497
1437
1178
973
642
152
-220
-668
-1085
-1482
-1912
-2255
-2581
-2847
-3031
-3132
-3237
-3288
-3315
-3205
-3079
-3087
-2819
-2759
-2603
-2342
-2061
-1511
-1332
-912
-431
-114
381
808
1232
1423
1666
1878
2057
2148
2145
2231
2070
2017
2011
1911
1856
1801
1663
1544
1440
1341
1261
1044
912
736
470
374
228
-7
-207
-341
-471
-573
-681
-684
-732
-828
-702
-621
-506
-366
-174
-47
72
302
466
638
708
790
901
909
1033
1105
1091
1190
1189
1252
1339
1330
1357
1291
1190
1120
919
731
498
133
-229
-602
-952
-1399
-1749
-2119
-2488
-2726
-2973
-3027
-3219
-3336
-3206
-3181
-3164
-2961
-2839
-2699
-2497
-2231
-1746
-1524
-1195
-656
-394
-56
409
761
1016
1221
1434
1626
1758
1833
2018
1956
1927
2042
1967
1987
1978
1870
1771
1673
1532
1411
1185
998
843
533
400
308
93
-29
-155
-270
-389
-458
-465
-521
-623
-594
-482
-459
-305
-157
-89
52
198
405
531
612
752
806
845
946
992
989
1028
1043
1035
1060
1103
1116
1087
1023
978
883
693
550
245
-87
-383
-693
-1054
-1406
-1701
-2058
-2222
-2504
-2556
-2706
-2952
-2745
-2876
-2871
-2671
-2661
-2469
-2416
-2120
-1674
-1535
-1188
-692
-444
-197
279
554
738
946
1106
1310
1366
1457
1667
1602
1609
1802
1734
1772
1861
1746
1705
1613
1506
1413
1158
1003
846
538
413
333
53
-59
-144
-289
-361
-449
-434
-468
-569
-450
-364
-393
-215
-102
-80
88
219
358
442
468
595
570
573
703
664
606
670
676
690
742
780
809
730
703
697
503
350
175
-99
-345
-551
-813
-1046
-1269
-1517
-1639
-1819
-1918
-1967
-2192
-2112
-2136
-2263
-2091
-2085
-1994
-1906
-1760
-1391
-1221
-1000
-618
-391
-209
107
392
503
644
788
915
1011
1055
1208
1204
1191
1335
1343
1370
1462
1461
1407
1359
1302
1218
1092
965
875
675
530
501
337
218
170
61
-35
-117
-119
-117
-200
-149
-67
-89
0
124
198
244
295
404
374
379
388
337
279
233
248
163
169
203
213
213
231
295
251
186
160
20
-138
-298
-499
-689
-943
-1074
-1229
-1468
-1480
-1533
-1656
-1611
-1647
-1577
-1534
-1548
-1321
-1370
-1337
-1134
-1089
-903
-731
-533
-355
-224
-11
167
319
400
576
620
656
829
815
866
911
902
942
940
971
1030
960
957
974
854
808
746
623
528
455
406
372
296
265
270
196
238
271
231
292
290
323
324
356
425
421
455
472
524
491
505
539
405
420
330
258
226
105
118
31
-47
-50
-115
-176
-221
-323
-446
-570
-729
-877
-1037
-1246
-1368
-1525
-1665
-1733
-1769
-1787
-1775
-1677
-1643
-1389
-1339
-1154
-909
-958
-641
-565
-377
-98
-59
237
348
471
653
759
842
875
958
889
987
957
910
973
822
824
788
703
741
687
601
616
533
444
421
289
222
148
57
73
23
-10
28
64
64
161
202
263
357
385
523
582
659
734
778
804
829
865
821
831
710
616
549
418
356
203
118
44
-75
-133
-166
-227
-356
-414
-559
-693
-852
-1061
-1179
-1467
-1619
-1803
-1985
-2051
-2184
-2123
-2161
-2113
-1934
-1794
-1557
-1360
-1092
-839
-644
-368
-89
139
351
615
814
968
1154
1305
1420
1441
1486
1525
1492
1454
1438
1366
1253
1191
1071
961
867
760
648
538
451
347
234
99
4
-131
-229
-245
-307
-315
-308
-261
-215
-151
-18
85
211
329
466
561
644
779
844
881
894
925
917
897
852
797
704
579
502
333
224
88
-31
-163
-332
-419
-570
-719
-842
-1032
-1169
-1367
-1498
-1666
-1869
-1926
-2156
-2146
-2280
-2272
-2248
-2351
-2050
-2108
-1827
-1637
-1428
-1023
-934
-377
-129
168
568
705
1107
1220
1500
1700
1719
1856
1750
1845
1718
1738
1711
1568
1574
1429
1348
1274
1134
1002
830
625
493
308
147
3
-171
-322
-403
-467
-482
-460
-427
-396
-294
-222
-52
66
207
402
489
686
819
954
1029
1083
1134
1089
1073
1039
964
829
692
600
391
262
100
-48
-222
-400
-552
-743
-921
-1112
-1264
-1520
-1628
-1811
-1943
-2018
-2091
-2193
-2261
-2230
-2303
-2199
-2212
-2109
-1974
-1933
-1662
-1452
-1295
-924
-739
-449
-68
174
552
803
1034
1239
1409
1484
1638
1655
1628
1703
1638
1593
1615
1510
1467
1387
1236
1223
1057
936
853
695
547
449
298
185
104
-9
-50
-88
-146
-100
-135
-115
-16
-23
100
241
321
502
635
778
976
1002
1155
1205
1175
1154
1068
958
775
620
448
314
118
-23
-121
-314
-413
-547
-703
-811
-1037
-1170
-1327
-1536
-1661
-1782
-1913
-1958
-2021
-2058
-2084
-2101
-2054
-1985
-1887
-1817
-1681
-1603
-1467
-1269
-1130
-880
-715
-515
-295
-88
199
378
649
759
918
1020
1077
1236
1182
1254
1242
1203
1246
1203
1245
1184
1140
1107
1015
987
911
891
793
723
653
564
529
463
409
390
351
371
391
419
488
486
589
614
696
800
873
988
984
1080
1058
1020
1048
921
851
712
592
482
299
204
30
-116
-300
-419
-562
-766
-839
-1062
-1193
-1343
-1509
-1613
-1768
-1836
-1910
-1956
-1944
-1925
-1924
-1890
-1796
-1713
-1628
-1487
-1395
-1288
-1237
-1100
-899
-844
-617
-474
-309
-157
-27
243
343
491
621
711
799
821
920
885
867
860
791
844
777
825
797
750
794
720
742
771
740
733
712
709
707
715
739
770
788
795
912
828
939
939
950
1025
963
1051
1016
1019
1056
1018
979
953
889
816
712
655
480
386
200
53
-56
-274
-342
-535
-677
-755
-930
-1012
-1118
-1254
-1332
-1487
-1524
-1624
-1670
-1724
-1741
-1747
-1800
-1732
-1728
-1687
-1567
-1558
-1411
-1325
-1320
-1099
-1118
-929
-843
-742
-564
-486
-337
-193
-54
58
188
270
422
482
560
609
686
652
715
718
728
763
746
813
816
856
891
940
918
946
922
944
950
967
953
966
950
947
976
964
1011
998
1011
1015
1037
1030
1068
1013
1035
975
939
916
833
774
641
553
393
293
171
60
-67
-180
-293
-403
-503
-580
-674
-771
-855
-944
-1045
-1130
-1185
-1292
-1336
-1427
-1437
-1524
-1561
-1575
-1591
-1552
-1599
-1463
-1512
-1430
-1341
-1362
-1182
-1201
-1039
-938
-896
-662
-647
-442
-309
-194
-34
55
250
280
388
495
517
576
599
668
693
635
760
724
772
853
881
988
995
1100
1113
1156
1162
1155
1117
1096
1077
1002
952
943
857
802
811
767
785
736
817
803
813
852
842
832
777
753
674
588
482
369
236
112
-26
-119
-283
-371
-484
-601
-653
-746
-792
-868
-909
-957
-1033
-1090
-1126
-1210
-1290
-1328
-1400
-1447
-1487
-1509
-1523
-1546
-1492
-1453
-1384
-1293
-1182
-1066
-963
-830
-746
-640
-550
-485
-387
-294
-221
-127
-76
14
90
109
235
261
339
432
454
562
607
654
747
763
855
878
927
1034
1011
1118
1123
1196
1211
1199
1251
1193
1199
1156
1126
1107
1040
993
963
887
896
808
789
759
678
670
602
586
524
463
392
303
211
102
17
-79
-218
-293
-396
-472
-536
-613
-652
-739
-769
-846
-884
-921
-994
-1012
-1090
-1103
-1169
-1232
-1240
-1316
-1322
-1333
-1340
-1305
-1291
-1234
-1160
-1090
-979
-903
-806
-737
-632
-529
-472
-334
-285
-197
-122
-59
60
118
229
319
365
475
524
592
664
666
738
717
746
784
762
800
808
812
782
801
799
779
786
765
772
750
733
744
699
690
701
653
650
638
626
638
638
656
661
656
646
628
599
583
547
496
443
369
291
216
122
19
-68
-192
-303
-414
-523
-601
-694
-769
-820
-912
-962
-998
-1080
-1090
-1142
-1187
-1204
-1240
-1235
-1240
-1237
-1185
-1139
-1092
-998
-906
-816
-699
-589
-519
-408
-335
-262
-176
-144
-63
-10
56
142
192
258
335
382
446
506
560
580
614
602
606
606
578
575
542
545
508
517
497
498
490
483
483
463
459
437
449
429
436
429
415
412
426
441
454
487
497
503
526
542
550
538
530
525
469
452
413
351
308
239
162
69
-20
-110
-207
-293
-373
-481
-549
-616
-684
-744
-790
-828
-891
-890
-932
-965
-959
-1002
-976
-992
-968
-889
-877
-793
-713
-648
-535
-453
-363
-276
-220
-146
-79
-29
22
79
105
148
204
225
264
305
309
342
343
351
370
347
359
345
342
336
334
326
310
318
283
293
279
255
261
238
235
224
217
238
238
256
272
298
326
350
383
383
407
401
405
420
406
401
383
371
350
337
300
271
228
171
144
68
-1
-64
-152
-218
-292
-363
-434
-498
-560
-610
-640
-675
-697
-710
-741
-742
-753
-737
-696
-699
-648
-622
-585
-518
-455
-388
-325
-257
-198
-127
-75
-17
45
71
110
159
184
231
257
283
314
314
324
329
317
311
308
278
276
262
231
228
207
189
187
177
178
186
159
165
155
146
163
152
149
153
167
173
211
223
235
259
259
285
284
290
310
301
297
293
280
259
250
242
212
195
153
111
64
8
-56
-122
-193
-266
-321
-389
-439
-492
-526
-566
-602
-622
-647
-661
-656
-652
-653
-634
-615
-596
-563
-521
-474
-411
-357
-307
-240
-184
-133
-67
-24
28
72
113
162
197
237
277
315
348
372
389
407
414
404
391
387
355
335
308
287
267
250
243
212
204
194
187
177
179
168
155
151
141
137
125
127
135
137
127
141
131
134
151
143
160
155
162
166
166
170
163
154
133
108
76
43
9
-43
-82
-131
-196
-241
-300
-336
-368
-395
-415
-439
-463
-481
-487
-502
-521
-522
-536
-536
-524
-515
-473
-446
-406
-353
-303
-247
-196
-144
-95
-47
6
57
102
152
196
239
275
311
334
360
376
386
391
380
376
361
343
331
324
310
309
300
289
286
274
264
241
222
210
188
181
168
148
136
128
121
116
110
102
85
71
68
57
54
41
39
39
31
45
45
43
48
25
13
-19
-52
-84
-130
-166
-209
-248
-278
-312
-332
-345
-363
-372
-402
-416
-438
-457
-479
-499
-511
-518
-518
-522
-509
-490
-465
-424
-387
-352
-306
-258
-213
-164
-111
-61
-6
50
101
153
201
255
300
335
370
388
403
412
419
432
439
445
453
460
474
485
478
463
455
440
414
394
357
314
279
251
222
191
177
154
141
144
118
110
86
61
48
17
5
-21
-50
-72
-104
-121
-134
-142
-149
-158
-165
-185
-193
-215
-236
-249
-273
-277
-292
-308
-315
-327
-322
-332
-335
-326
-349
-355
-372
-384
-387
-395
-391
-393
-387
-371
-343
-318
-286
-249
-210
-169
-129
-88
-43
0
41
91
118
140
174
193
229
264
291
328
356
385
407
432
440
445
447
433
423
401
383
378
349
343
335
316
293
273
264
246
231
212
192
163
144
127
108
93
84
66
48
40
21
3
-7
-15
-28
-49
-68
-90
-110
-127
-139
-159
-187
-201
-227
-244
-257
-262
-278
-300
-318
-340
-345
-358
-362
-371
-384
-384
-392
-395
-400
-388
-379
-369
-348
-340
-316
-292
-258
-220
-176
-140
-113
-77
-51
-17
18
50
81
120
162
197
245
277
307
339
377
406
412
429
431
434
432
435
424
415
412
393
380
359
341
316
295
269
247
222
204
183
159
144
133
120
116
105
92
67
39
28
0
-23
-39
-37
-56
-70
-84
-102
-112
-114
-115
-134
-147
-159
-165
-187
-204
-216
-236
-245
-266
-277
-291
-302
-309
-326
-327
-334
-336
-341
-338
-326
-322
-302
-292
-275
-253
-223
-196
-174
-144
-109
-76
-45
-21
2
23
50
89
127
162
188
212
236
255
275
295
304
315
316
327
324
321
327
322
313
298
282
259
233
200
184
163
139
118
89
66
51
45
40
38
40
41
49
51
42
46
46
38
18
8
2
-15
-16
-21
-29
-37
-39
-42
-53
-52
-47
-61
-67
-85
-101
-121
-140
-154
-179
-197
-217
-240
-262
-278
-288
-302
-304
-310
-319
-314
-308
-293
-273
-262
-244
-233
-218
-201
-179
-154
-129
-103
-87
-58
-27
-2
27
68
103
137
177
210
231
259
279
298
312
317
316
311
314
313
304
286
278
272
251
232
212
181
169
145
124
106
89
83
65
50
36
28
26
22
30
25
26
28
26
33
31
40
40
36
40
33
26
11
6
0
-10
-15
-25
-41
-55
-70
-78
-89
-97
-108
-118
-136
-155
-168
-189
-198
-211
-238
-255
-262
-269
-252
-238
-220
-201
-181
-166
-144
-123
-109
-85
-64
-41
-21
0
9
32
47
65
88
105
126
148
164
174
190
196
194
192
191
187
181
171
161
152
133
117
100
77
62
56
34
13
-6
-20
-29
-39
-47
-58
-64
-73
-73
-58
-51
-34
-26
-18
-14
-8
11
22
43
58
66
69
59
63
70
71
72
65
56
46
39
27
17
6
-2
-11
-36
-53
-77
-96
-110
-126
-142
-150
-160
-181
-194
-204
-203
-204
-197
-190
-186
-179
-161
-147
-133
-114
-102
-87
-74
-62
-43
-21
-4
12
30
57
85
110
132
143
155
167
173
185
199
203
214
214
196
189
178
159
155
140
120
105
92
77
59
43
35
26
13
6
-7
-13
-11
-8
-14
-17
-23
-30
-25
-19
-11
-3
17
34
44
58
65
70
83
89
93
99
91
91
86
84
86
79
79
64
50
35
9
-4
-29
-46
-65
-79
-105
-122
-134
-154
-154
-162
-163
-164
-169
-172
-180
-180
-178
-171
-160
-141
-127
-112
-98
-97
-76
-66
-60
-45
-33
-20
-9
6
17
28
36
51
49
50
62
63
59
58
46
28
16
-1
-19
-41
-61
-74
-80
-87
-92
-97
-99
-101
-99
-92
-97
-90
-90
-90
-81
-70
-60
-48
-31
-13
5
14
22
42
64
84
97
109
119
126
135
146
156
160
158
145
135
117
103
101
94
83
66
55
42
32
31
20
29
26
13
-1
-20
-21
-28
-27
-24
-28
-39
-53
-60
-56
-48
-44
-30
-19
-10
-2
10
21
39
55
67
82
88
83
83
85
81
73
63
59
43
31
20
10
7
-6
-19
-29
-38
-53
-66
-74
-79
-85
-97
-111
-127
-133
-139
-139
-124
-116
-101
-94
-85
-80
-74
-58
-43
-27
-19
-3
1
8
19
29
45
52
54
48
46
46
47
44
39
38
32
30
19
20
21
24
36
39
38
27
20
17
18
27
28
27
26
16
15
12
16
28
41
51
56
63
57
65
73
79
85
81
74
65
63
53
48
44
41
33
22
8
-8
-14
-29
-41
-50
-61
-71
-95
-112
-132
-145
-156
-168
-170
-167
-169
-174
-174
-170
-168
-170
-159
-147
-137
-129
-124
-120
-108
-92
-77
-71
-58
-48
-39
-22
-8
2
12
20
24
24
29
30
33
32
32
42
45
43
42
47
50
54
66
80
83
86
91
91
99
111
116
126
139
154
159
160
169
175
182
184
193
191
188
189
196
198
190
195
187
182
177
165
154
135
117
96
68
39
14
-15
-44
-65
-86
-103
-122
-134
-153
-166
-164
-169
-174
-181
-185
-196
-195
-198
-200
-200
-200
-197
-198
-188
-180
-166
-149
-135
-120
-106
-99
-91
-86
-82
-79
-73
-72
-66
-65
-67
-68
-79
-78
-77
-71
-61
-56
-51
-48
-42
-31
-11
3
19
32
45
53
57
66
77
95
111
122
136
147
160
168
185
201
215
225
226
228
237
248
245
237
236
235
227
215
198
174
150
131
112
90
77
60
34
13
-12
-43
-66
-88
-112
-138
-157
-175
-202
-219
-233
-239
-243
-247
-243
-244
-240
-235
-223
-205
-191
-180
-177
-170
-151
-134
-122
-117
-115
-111
-108
-90
-73
-63
-54
-42
-34
-34
-34
-31
-24
-19
-19
-34
-42
-45
-40
-31
-28
-18
-11
-4
-1
7
32
53
80
99
108
120
129
149
161
187
206
222
238
239
250
256
270
284
285
287
281
279
276
272
273
268
252
230
206
184
161
140
120
96
66
38
12
-20
-47
-76
-104
-126
-142
-155
-171
-177
-188
-202
-211
-211
-207
-203
-198
-202
-196
-197
-195
-188
-177
-157
-149
-139
-131
-123
-117
-112
-100
-87
-76
-70
-70
-72
-72
-77
-71
-71
-71
-72
-78
-75
-72
-62
-55
-54
-51
-56
-52
-42
-29
-21
-17
-4
12
22
34
51
67
77
85
97
116
140
159
171
179
187
198
205
214
216
219
221
223
227
220
206
202
191
170
157
141
127
108
79
65
48
31
14
-18
-46
-71
-90
-109
-124
-136
-150
-167
-183
-194
-190
-183
-179
-180
-182
-177
-169
-160
-150
-139
-134
-132
-132
-123
-105
-98
-85
-83
-77
-74
-75
-66
-63
-51
-46
-38
-28
-26
-21
-24
-13
-12
-19
-20
-26
-22
-18
-9
5
11
17
17
22
29
43
65
83
108
118
128
140
155
172
178
181
184
187
189
188
198
203
208
210
208
206
196
191
178
165
159
143
128
110
90
68
51
35
14
-1
-19
-33
-43
-52
-62
-78
-96
-104
-116
-122
-124
-128
-133
-137
-144
-150
-148
-142
-131
-134
-136
-143
-146
-148
-145
-137
-129
-121
-120
-119
-113
-116
-114
-113
-120
-106
-101
-100
-103
-101
-98
-94
-86
-83
-78
-74
-57
-46
-45
-30
-16
-6
2
7
13
25
33
42
47
58
72
87
99
110
121
135
143
147
154
160
167
169
172
163
159
162
152
152
147
146
143
139
137
129
117
108
91
69
57
51
46
38
30
16
-6
-24
-40
-51
-49
-46
-47
-53
-57
-59
-61
-62
-58
-55
-61
-59
-55
-53
-52
-57
-53
-57
-57
-62
-64
-65
-70
-71
-70
-70
-67
-63
-64
-59
-69
-77
-80
-77
-72
-74
-66
-58
-59
-59
-55
-51
-41
-29
-7
8
20
36
41
56
69
76
91
97
104
109
118
130
135
145
156
159
162
160
159
161
155
149
141
140
131
126
115
109
98
79
66
52
37
24
17
8
-8
-22
-38
-54
-60
-65
-75
-73
-73
-82
-88
-93
-101
-105
-98
-89
-92
-88
-85
-86
-79
-88
-80
-66
-59
-47
-56
-54
-58
-63
-61
-73
-74
-78
-78
-78
-85
-89
-97
-100
-100
-107
-104
-99
-98
-83
-82
-84
-84
-88
-76
-67
-49
-35
-27
-13
-14
-5
8
26
37
50
62
79
96
106
118
121
118
117
119
122
122
121
117
107
92
76
61
50
50
49
45
47
32
23
17
5
-7
-14
-14
-25
-30
-33
-46
-51
-61
-71
-71
-67
-61
-62
-55
-55
-60
-57
-46
-35
-26
-17
-15
-16
-26
-33
-41
-45
-44
-45
-35
-41
-41
-37
-44
-43
-45
-46
-44
-44
-46
-46
-49
-53
-55
-51
-49
-47
-51
-59
-61
-57
-53
-44
-33
-23
-17
-14
-6
5
9
23
29
33
49
58
64
65
59
58
56
66
78
84
88
85
80
73
75
79
85
82
71
59
39
30
29
32
28
19
5
-16
-23
-21
-22
-19
-15
-23
-28
-35
-43
-45
-46
-44
-40
-34
-32
-33
-30
-33
-29
-28
-27
-24
-25
-21
-19
-13
-2
-1
-4
-6
-8
-11
-14
-16
-17
-19
-20
-25
-32
-32
-36
-37
-39
-41
-37
-28
-23
-12
-12
-14
-14
-16
-14
-9
2
14
19
26
26
29
40
47
59
66
65
69
67
72
79
81
89
90
83
75
60
45
38
32
27
16
11
1
-7
-12
-24
-25
-29
-36
-42
-49
-53
-58
-67
-69
-67
-68
-65
-65
-69
-75
-70
-61
-50
-42
-33
-26
-18
-7
-1
6
9
19
24
27
38
41
40
42
39
44
54
58
68
66
60
55
50
58
63
69
68
59
48
41
35
39
41
47
51
45
43
34
36
35
34
46
47
46
50
48
45
41
35
33
31
38
39
36
33
21
6
-2
-6
-4
-13
-22
-31
-48
-63
-69
-72
-77
-82
-93
-102
-111
-121
-129
-137
-137
-133
-130
-126
-127
-135
-137
-135
-131
-116
-101
-86
-78
-74
-66
-64
-50
-32
-17
-1
5
11
15
19
30
41
45
50
57
62
67
74
81
79
77
76
80
84
79
77
70
70
66
69
75
75
75
70
69
64
67
75
80
83
78
68
62
58
61
63
62
51
40
34
25
25
23
21
18
3
-6
-11
-17
-22
-28
-33
-37
-50
-59
-68
-77
-81
-88
-91
-98
-103
-104
-107
-106
-105
-108
-106
-108
-109
-106
-103
-97
-97
-96
-92
-89
-87
-84
-68
-58
-49
-40
-32
-25
-17
-11
-6
4
10
11
19
24
29
33
31
33
33
36
44
49
52
55
58
59
58
64
66
75
77
80
83
82
81
79
80
79
81
84
88
86
86
85
84
86
85
83
84
78
71
66
55
48
37
29
23
13
1
-10
-15
-25
-41
-47
-51
-63
-70
-81
-89
-90
-103
-108
-112
-113
-112
-115
-118
-122
-123
-126
-124
-116
-111
-106
-103
-100
-99
-95
-85
-72
-63
-56
-49
-50
-49
-44
-32
-26
-20
-17
-14
-4
2
10
20
28
32
39
46
53
63
68
74
77
84
93
101
107
113
113
113
117
122
131
137
141
142
135
136
134
132
132
127
126
114
107
107
99
88
79
69
62
58
50
42
31
13
-2
-16
-24
-33
-45
-56
-64
-75
-88
-92
-97
-102
-105
-109
-110
-114
-119
-121
-122
-124
-126
-126
-117
-121
-119
-114
-118
-109
-108
-103
-89
-87
-77
-73
-71
-65
-60
-56
-49
-46
-43
-37
-37
-33
-30
-28
-29
-27
-21
-20
-10
-6
2
7
16
24
30
45
48
59
68
70
77
79
84
91
93
97
101
105
111
108
109
110
106
105
98
99
97
90
83
74
68
56
51
41
30
19
11
7
-3
-13
-25
-37
-46
-57
-62
-67
-76
-84
-87
-92
-97
-102
-99
-108
-113
-112
-112
-113
-109
-109
-113
-111
-107
-102
-93
-89
-89
-87
-88
-88
-82
-75
-68
-64
-63
-59
-57
-49
-38
-30
-26
-25
-22
-16
-4
1
10
19
28
33
43
51
58
64
64
71
83
97
109
115
115
121
119
126
136
139
143
142
141
143
143
144
150
148
139
136
133
133
131
133
131
121
114
106
96
83
76
71
59
43
37
29
16
1
-19
-28
-43
-50
-52
-59
-67
-77
-84
-91
-100
-103
-96
-95
-96
-93
-90
-94
-99
-96
-88
-83
-73
-69
-64
-61
-66
-66
-64
-60
-49
-40
-39
-40
-45
-42
-47
-44
-33
-31
-24
-17
-13
-10
-7
2
10
16
25
35
41
47
58
63
71
76
80
87
89
93
95
93
96
101
110
110
106
107
105
97
95
92
92
88
83
76
68
58
58
58
48
41
28
22
13
11
13
6
3
-11
-20
-28
-36
-43
-49
-55
-68
-72
-84
-96
-106
-111
-113
-117
-110
-107
-106
-104
-105
-105
-106
-100
-95
-81
-72
-70
-66
-70
-68
-63
-58
-51
-49
-46
-43
-42
-45
-44
-43
-35
-27
-20
-11
-12
-14
-21
-21
-19
-5
7
12
16
13
18
23
30
44
56
69
78
87
93
101
112
119
124
126
127
133
134
133
134
124
121
124
118
114
104
91
84
68
64
65
60
54
41
28
14
5
-1
-12
-17
-21
-24
-35
-43
-49
-57
-60
-69
-70
-78
-82
-86
-92
-92
-100
-107
-110
-118
-121
-123
-123
-123
-123
-112
-112
-111
-108
-106
-101
-96
-87
-78
-72
-66
-61
-51
-44
-36
-28
-21
-15
-8
-7
-5
-4
-5
1
2
7
21
26
32
36
41
44
46
57
62
66
68
70
74
73
85
92
95
98
103
109
108
110
103
100
94
93
87
84
81
70
65
54
48
40
35
31
22
12
1
-6
-13
-18
-25
-31
-37
-42
-50
-57
-62
-66
-70
-76
-74
-72
-75
-75
-79
-81
-84
-87
-94
-92
-90
-91
-94
-102
-100
-99
-93
-92
-92
-84
-77
-73
-64
-50
-43
-39
-32
-28
-20
-7
0
11
19
24
32
37
44
51
57
57
59
57
65
64
67
66
62
59
60
64
67
68
65
65
61
59
59
56
56
58
60
53
45
46
46
42
41
40
34
35
34
34
31
22
21
12
6
3
-4
-10
-18
-26
-29
-36
-41
-43
-44
-48
-54
-58
-68
-72
-75
-75
-74
-75
-77
-73
-72
-77
-77
-77
-79
-82
-80
-79
-78
-75
-69
-64
-60
-57
-56
-54
-51
-44
-36
-32
-27
-23
-17
-18
-16
-11
-3
3
7
17
17
19
24
27
35
43
48
50
56
59
58
56
46
44
45
47
53
53
48
46
45
47
51
52
52
51
54
50
43
38
34
25
24
21
21
20
14
12
4
-5
-11
-14
-10
-8
-10
-14
-15
-22
-21
-24
-23
-21
-25
-24
-24
-23
-23
-22
-23
-24
-20
-19
-17
-16
-9
-6
-8
-3
0
-1
1
2
6
5
8
12
11
16
9
5
6
6
9
14
20
25
30
30
35
38
35
38
41
42
48
50
48
48
49
47
44
43
45
45
45
42
35
30
22
19
14
11
10
5
1
-2
-6
-10
-12
-7
-8
-10
-9
-11
-11
-12
-12
-15
-15
-20
-22
-25
-24
-22
-23
-27
-31
-32
-33
-34
-34
-32
-36
-37
-37
-39
-39
-38
-38
-37
-31
-27
-24
-20
-19
-18
-19
-12
-5
2
7
9
4
4
3
2
6
5
7
8
9
13
8
6
3
0
7
5
7
11
13
12
9
8
6
12
17
23
32
37
43
44
43
42
33
28
28
28
27
26
24
19
12
10
8
4
0
-9
-18
-20
-23
-31
-34
-38
-42
-41
-42
-41
-35
-30
-28
-25
-24
-25
-21
-17
-13
-9
-7
-4
-6
-6
-10
-13
-15
-12
-12
-11
-11
-12
-15
-14
-12
-14
-13
-13
-11
-9
-5
-1
0
4
8
12
21
26
29
31
36
39
41
42
41
43
42
45
47
50
44
37
32
30
26
25
24
25
24
23
18
13
13
11
10
12
12
10
8
9
9
4
3
0
-2
-1
-5
-7
-11
-17
-20
-28
-35
-43
-46
-45
-45
-44
-48
-53
-59
-59
-59
-60
-59
-56
-52
-52
-50
-48
-47
-43
-37
-32
-25
-20
-17
-17
-14
-14
-15
-14
-13
-9
-6
-4
-4
-3
-1
0
2
3
5
6
11
14
19
20
18
20
20
25
29
33
41
43
45
47
46
48
47
49
50
51
51
46
41
40
36
33
32
29
29
27
24
19
17
14
10
6
4
1
-1
-1
-3
-5
-9
-13
-15
-16
-17
-19
-22
-25
-28
-33
-39
-45
-48
-51
-49
-48
-48
-46
-51
-52
-51
-50
-47
-42
-38
-33
-30
-30
-28
-24
-21
-19
-13
-8
-4
0
4
8
10
10
9
11
13
16
18
22
25
26
27
27
28
32
38
42
48
50
52
50
51
54
54
56
57
60
62
62
63
60
59
58
56
56
53
49
46
41
37
31
25
19
15
10
5
1
-2
-6
-7
-12
-16
-19
-22
-25
-26
-29
-32
-37
-42
-43
-47
-49
-50
-51
-50
-54
-57
-61
-64
-67
-67
-68
-68
-67
-67
-64
-63
-60
-56
-53
-49
-44
-38
-33
-26
-24
-20
-17
-15
-13
-8
-2
3
11
16
20
22
22
27
31
34
38
42
45
45
48
47
48
50
53
57
61
67
69
70
70
69
67
65
62
61
58
57
54
49
44
39
35
30
27
22
17
15
10
4
-3
-8
-14
-19
-24
-25
-27
-30
-32
-35
-36
-39
-38
-41
-41
-43
-46
-49
-51
-52
-54
-54
-55
-57
-57
-58
-57
-57
-56
-57
-55
-55
-55
-53
-52
-50
-47
-44
-42
-38
-31
-26
-21
-13
-8
-3
1
5
9
13
19
22
26
30
35
38
41
43
48
51
54
57
58
61
61
62
61
61
60
62
59
59
59
58
57
55
55
50
51
46
43
38
37
31
26
22
16
13
6
4
-2
-4
-9
-11
-17
-20
-24
-27
-30
-34
-34
-39
-40
-44
-44
-47
-47
-49
-50
-50
-50
-50
-52
-53
-55
-54
-55
-55
-57
-55
-56
-56
-56
-55
-52
-52
-48
-48
-41
-39
-35
-34
-29
-26
-21
-17
-15
-9
-4
5
8
15
18
24
28
35
38
45
49
50
54
55
59
61
65
67
67
67
68
69
68
70
69
70
66
65
63
61
58
53
51
45
39
36
33
28
25
18
13
10
4
2
-5
-9
-13
-17
-24
-29
-35
-39
-41
-47
-49
-53
-52
-54
-57
-60
-60
-61
-63
-63
-64
-61
-61
-58
-61
-59
-59
-55
-55
-54
-50
-48
-45
-45
-39
-39
-36
-35
-31
-30
-26
-24
-18
-12
-9
-4
-2
4
7
16
20
28
32
37
39
44
48
51
57
59
65
64
69
70
71
70
70
73
70
72
70
69
65
65
62
60
57
55
54
51
47
44
41
33
32
25
22
16
12
8
1
-7
-14
-19
-26
-30
-35
-38
-43
-45
-48
-52
-57
-63
-65
-66
-66
-69
-69
-72
-71
-71
-72
-71
-69
-68
-67
-64
-63
-58
-57
-55
-55
-57
-52
-49
-44
-42
-39
-36
-29
-26
-21
-18
-15
-8
-5
2
6
11
15
21
24
30
32
35
41
44
48
52
57
59
65
64
67
68
70
73
73
74
74
74
74
74
70
71
65
63
62
56
53
50
46
39
34
30
28
22
19
15
11
6
-3
-7
-11
-17
-25
-27
-34
-36
-39
-43
-43
-47
-49
-54
-59
-64
-64
-67
-66
-67
-68
-68
-67
-63
-63
-64
-61
-60
-59
-55
-51
-44
-40
-39
-38
-34
-31
-25
-21
-19
-16
-15
-11
-8
-3
3
6
10
17
20
26
32
37
43
44
45
46
52
58
63
64
65
69
69
72
72
74
76
75
76
73
67
67
66
64
61
51
49
46
42
38
33
28
23
17
12
6
2
-1
-8
-15
-18
-25
-31
-35
-37
-41
-45
-53
-54
-56
-58
-61
-67
-70
-71
-72
-70
-69
-74
-71
-73
-73
-71
-70
-65
-60
-60
-54
-53
-49
-45
-45
-39
-34
-29
-25
-19
-16
-13
-12
-4
4
6
9
14
18
21
24
26
29
30
33
42
47
48
49
53
55
56
57
58
59
61
60
60
60
62
60
57
55
51
51
49
51
47
39
36
33
32
28
21
17
16
8
5
-1
-8
-9
-17
-18
-23
-27
-30
-34
-38
-39
-44
-48
-50
-51
-54
-55
-57
-54
-53
-54
-57
-58
-57
-51
-51
-49
-50
-47
-43
-43
-42
-39
-38
-35
-33
-30
-25
-21
-18
-15
-13
-14
-9
-4
3
5
7
10
11
14
17
19
21
25
27
33
34
33
37
39
42
43
42
46
50
50
51
53
52
52
51
51
50
47
47
43
42
39
34
34
32
31
27
25
21
16
11
7
2
-3
-7
-9
-9
-12
-17
-19
-23
-26
-29
-32
-36
-34
-34
-37
-40
-44
-45
-43
-44
-44
-43
-45
-45
-44
-46
-42
-42
-37
-35
-38
-36
-35
-35
-31
-29
-27
-21
-19
-18
-12
-8
-4
3
5
8
10
13
18
19
21
24
24
24
25
27
29
30
30
33
36
38
39
38
35
39
40
39
36
34
35
35
33
29
29
27
25
23
21
19
19
14
11
8
3
1
-1
-2
-7
-11
-12
-13
-18
-20
-23
-25
-25
-27
-29
-29
-30
-32
-31
-34
-33
-33
-34
-32
-32
-34
-34
-32
-33
-33
-29
-25
-24
-22
-19
-17
-14
-12
-13
-6
-2
0
2
8
10
13
16
19
22
24
25
27
29
28
26
28
29
30
30
29
28
30
30
29
28
28
28
27
29
27
25
26
24
23
19
16
15
13
10
4
2
1
0
-2
-9
-11
-11
-15
-19
-22
-27
-28
-27
-34
-35
-37
-37
-40
-41
-38
-37
-38
-38
-38
-36
-31
-32
-32
-29
-28
-27
-25
-27
-26
-23
-21
-19
-17
-15
-13
-12
-12
-9
-6
-3
-1
1
3
6
8
9
13
14
16
18
21
22
22
25
26
29
30
32
33
35
35
33
33
37
35
34
34
33
33
32
29
28
29
28
26
25
22
22
19
17
14
16
13
11
7
4
4
1
1
-6
-8
-10
-13
-16
-19
-21
-21
-22
-24
-26
-28
-29
-30
-32
-32
-32
-31
-31
-33
-34
-35
-33
-32
-33
-31
-29
-28
-30
-29
-28
-24
-22
-22
-19
-15
-13
-13
-12
-10
-6
-3
-2
-1
2
6
7
9
12
15
18
21
20
24
27
28
31
30
34
36
35
35
36
35
36
35
35
37
36
36
33
33
33
32
30
28
27
24
23
21
18
16
15
13
9
5
-1
-2
-2
-5
-9
-11
-12
-14
-16
-20
-21
-22
-25
-27
-29
-30
-32
-36
-37
-38
-36
-35
-35
-37
-34
-33
-32
-33
-34
-29
-27
-27
-28
-26
-24
-20
-20
-20
-16
-14
-10
-9
-8
-6
-2
1
2
3
6
9
11
11
12
15
18
18
18
19
23
26
25
24
25
28
29
28
26
30
30
30
30
29
29
29
24
21
24
23
24
19
18
18
16
14
9
8
9
7
5
2
-1
-3
-2
-7
-8
-8
-11
-12
-13
-15
-17
-17
-19
-20
-19
-20
-21
-22
-22
-25
-22
-22
-24
-24
-24
-21
-22
-22
-23
-21
-20
-19
-20
-20
-17
-16
-13
-15
-11
-6
-5
-6
-3
0
1
3
2
2
8
10
9
9
11
13
17
15
16
18
20
20
18
20
20
21
20
18
20
21
20
17
18
19
21
20
19
16
16
16
15
14
11
12
12
9
7
5
5
3
3
-1
-1
-3
-4
-7
-11
-11
-13
-13
-17
-18
-18
-17
-18
-21
-19
-21
-20
-23
-23
-25
-23
-23
-23
-21
-23
-21
-22
-20
-20
-19
-18
-18
-18
-17
-15
-14
-13
-12
-11
-6
-6
-4
-4
-1
2
3
5
4
9
9
11
12
14
15
18
20
20
22
22
24
23
24
24
26
26
23
25
26
27
26
26
27
29
27
25
23
20
22
18
16
16
13
12
10
8
8
8
5
3
4
0
-1
-6
-9
-8
-8
-11
-10
-11
-15
-15
-16
-15
-16
-19
-21
-20
-23
-24
-26
-26
-25
-25
-25
-26
-25
-24
-23
-23
-22
-21
-21
-22
-20
-19
-17
-16
-16
-14
-10
-8
-5
-5
-5
0
1
2
2
5
5
8
9
10
13
13
15
16
17
19
20
17
19
21
19
20
19
20
22
20
20
20
19
18
20
18
17
18
15
16
13
11
11
10
8
7
8
8
5
4
1
1
1
-3
-3
-5
-7
-6
-8
