5
0
1
-3
-7
-9
-8
-6
-4
3
3
6
4
7
6
8
8
9
7
3
3
-1
-2
-2
0
2
4
6
4
7
3
4
2
2
1
0
-2
-4
-5
-7
-3
-4
1
1
5
3
4
4
2
1
-1
2
1
2
1
1
-1
0
2
3
7
5
7
3
1
-6
-6
-10
-9
-8
-7
-7
-8
-6
-7
0
0
6
5
5
1
0
-5
-7
-7
-7
-7
-6
-8
-5
-4
0
2
5
8
9
9
7
6
-1
-1
-8
-6
-11
-8
-12
-9
-11
-6
-8
-3
-4
1
1
3
2
-2
-3
-5
-6
-4
-2
-2
-3
-5
-5
-4
-2
0
5
3
2
0
-1
-4
-3
-2
2
2
4
1
2
-3
-1
-4
0
-3
-3
-8
-10
-13
-12
-11
-5
-7
0
3
4
7
9
10
8
7
5
5
-1
-1
-7
-7
-10
-8
-7
-1
0
6
3
8
7
8
7
7
7
2
0
-5
-11
-11
-13
-10
-7
-5
-2
0
-2
2
3
6
10
10
9
7
3
3
0
2
4
2
4
2
1
-1
-2
-3
-3
-3
0
-4
1
-2
0
2
3
4
10
7
9
9
6
6
-3
-1
-6
-5
-4
-3
2
1
5
6
8
14
18
23
22
19
13
7
0
-4
-4
-6
-11
-8
-15
-12
-14
-8
-3
4
5
8
7
2
4
4
0
8
-4
0
-1
-6
-4
-1
-4
2
1
1
7
1
7
0
4
3
3
3
3
7
3
3
2
-2
-3
-8
-5
-14
-6
-18
-15
-14
-20
-7
-8
-1
10
4
16
8
12
12
8
13
5
5
-4
-8
-10
-14
-9
-12
-2
1
2
8
2
11
5
10
4
12
-4
5
-6
-12
-5
-18
-12
-7
-13
1
-2
-5
9
-6
2
3
0
7
11
4
13
5
0
3
0
1
8
-2
4
-7
-14
-9
-16
-11
-4
-10
1
-4
-7
7
-7
16
7
6
14
-6
1
-9
-13
-5
-16
-10
-15
-11
-6
-3
0
8
5
13
12
11
14
9
2
5
-11
-4
-10
-11
-2
-8
-8
-2
-9
-4
7
3
9
15
-1
9
0
4
6
7
8
14
8
1
12
-9
11
4
-5
17
-3
6
10
-2
12
9
1
24
12
23
26
8
19
4
-6
7
-14
4
-6
-12
-7
-21
-10
-4
-2
17
13
15
15
17
4
17
4
9
11
-17
14
-33
-13
-12
-35
1
-19
-11
6
-16
8
-15
-8
-6
-11
-1
-8
-15
-5
-23
-23
-9
-17
-5
-10
-7
-9
-15
-22
-11
-17
-10
2
-14
-7
-14
-21
-8
-12
-18
4
-26
-19
-25
-44
-32
-45
-46
-44
-49
-40
-29
-38
-28
-9
-33
6
-16
-7
13
-16
1
-23
-39
-21
-36
-28
-11
-19
-15
-17
-24
-14
-3
0
14
11
15
12
5
10
16
36
40
46
64
63
71
77
81
89
84
86
92
89
97
117
116
135
141
145
167
161
166
176
178
177
184
166
164
148
136
141
124
124
123
114
136
146
145
155
143
136
138
123
113
118
88
78
64
40
22
9
13
-5
6
-1
-10
-38
-39
-55
-60
-63
-77
-83
-89
-110
-121
-151
-149
-180
-181
-178
-194
-197
-234
-221
-283
-248
-269
-267
-258
-265
-277
-255
-274
-246
-282
-229
-266
-264
-267
-292
-267
-310
-307
-291
-308
-308
-279
-308
-273
-249
-263
-217
-208
-202
-167
-172
-164
-162
-158
-163
-129
-121
-79
-44
-28
21
25
79
100
123
165
202
248
278
314
356
391
425
476
509
559
590
611
627
645
640
634
626
601
572
532
488
460
408
393
358
338
313
258
236
258
192
174
191
207
27
158
36
-10
99
-141
105
-90
-112
56
-214
-43
-67
-188
-29
-228
-32
-305
-25
-290
-274
-80
-514
-116
-361
-500
-28
-658
-296
-287
-662
-119
-642
-359
-253
-701
-90
-519
-436
-131
-551
-224
-363
-376
-224
-486
-289
-319
-431
-373
-375
-440
-426
-369
-447
-401
-398
-410
-344
-308
-279
-220
-227
-275
-158
-196
-145
-35
-57
29
101
90
198
215
271
400
421
519
587
603
667
637
684
702
647
706
669
658
690
597
564
514
415
398
329
281
225
154
95
61
-5
-26
-73
-87
-90
-84
-108
-97
-39
-80
-38
-29
-13
1
-34
63
58
43
124
42
90
65
79
60
32
106
77
104
51
157
89
-45
157
-56
55
98
-76
194
-22
24
50
-59
-38
12
-50
-89
119
-294
26
-115
-351
158
-509
30
-64
-513
196
-395
-287
-4
-600
-3
-392
-565
165
-846
-147
-277
-777
-60
-717
-538
1
-941
-218
-388
-668
-351
-583
-441
-387
-639
-436
-315
-668
-356
-413
-486
-334
-355
-359
-253
-357
-349
-302
-311
-233
-218
-151
-70
-66
23
58
164
196
277
372
440
485
521
570
541
619
584
631
634
628
625
666
637
612
629
527
551
484
474
440
403
409
365
328
333
271
313
283
241
414
218
294
361
220
347
319
253
448
268
411
344
357
383
286
355
260
287
219
199
205
116
104
96
-22
41
-20
10
-59
0
-134
-80
-18
-369
145
-358
-192
51
-468
123
-310
-149
-91
-464
38
-465
-234
-130
-504
-38
-421
-251
-251
-369
-144
-418
-166
-345
-296
-354
-385
-151
-612
-247
-275
-713
-96
-615
-395
-131
-855
66
-630
-477
-114
-736
-183
-481
-533
-191
-609
-290
-446
-449
-339
-528
-320
-387
-286
-319
-287
-311
-370
-229
-338
-156
-140
-112
11
-24
116
122
201
272
325
379
481
489
530
591
556
661
589
699
669
703
736
727
727
680
691
550
578
501
480
439
378
376
312
332
235
276
268
261
267
307
255
322
215
296
275
214
376
274
254
429
240
235
262
171
221
19
118
103
-82
-57
58
-297
-13
-114
-411
168
-441
-100
101
-645
331
-498
-194
84
-700
251
-533
-152
-162
-424
-162
-403
-119
-662
-38
-302
-609
109
-607
-199
-191
-638
43
-408
-454
12
-513
-410
-169
-620
-190
-402
-545
-39
-615
-293
-338
-351
-350
-340
-174
-497
-12
-356
-313
-12
-377
-92
-124
-290
38
-229
-165
31
-331
-87
-76
-255
-91
-138
-213
-137
-186
-165
-36
-95
-25
75
5
120
111
144
233
266
305
380
400
404
467
452
477
507
516
521
539
505
545
450
490
394
370
383
337
336
346
321
296
375
302
310
332
341
271
349
343
349
332
334
217
434
182
287
471
215
332
356
168
279
81
177
99
-107
173
-179
-45
-72
-156
-95
-198
-154
0
-373
37
-49
-477
218
-365
-238
32
-365
-41
-162
-296
-36
-259
-226
-169
-150
-202
-261
-174
-192
-263
-290
-99
-360
-156
-307
-173
-195
-391
-88
-243
-508
-2
-321
-460
-48
-301
-405
-151
-366
-184
-247
-369
-57
-253
-389
-16
-225
-334
-10
-317
-97
-291
-174
-259
-210
-368
-199
-303
-329
-153
-276
-181
-146
-334
-88
-298
-174
-117
-167
-49
-89
2
2
65
75
184
87
320
259
328
434
386
432
436
498
436
522
495
535
523
440
543
368
421
411
325
429
336
355
321
367
293
352
311
317
338
346
391
308
357
315
252
281
249
335
201
248
237
96
68
24
-35
-59
-129
-75
-153
-93
-233
-111
-152
-333
-28
-288
-188
-99
-388
19
-300
-415
186
-598
-143
113
-722
304
-471
-144
169
-787
503
-544
-188
209
-706
462
-643
-23
166
-832
657
-740
294
-79
-497
533
-690
98
-35
-414
234
-512
139
-108
-441
182
-298
-230
-14
-305
-157
-89
-408
-33
-316
-435
-7
-594
-191
-117
-608
-76
-383
-405
-290
-393
-283
-301
-374
-270
-304
-406
-342
-262
-298
-202
-157
-103
-38
-11
60
115
167
227
295
358
412
442
477
441
452
495
480
481
525
522
524
495
537
477
388
458
366
375
436
302
394
384
249
317
387
166
361
303
222
329
221
127
246
52
29
251
-72
170
168
-164
193
-71
-264
194
-317
-195
110
-439
-114
-170
-473
-40
-446
-240
15
-579
143
-296
-269
20
-256
-86
-117
-149
-133
120
-435
104
46
-474
360
-249
-160
341
-449
278
-58
-264
394
-353
127
141
-175
62
-37
107
-190
-5
154
-225
-91
113
-297
5
-111
-207
-10
-236
-262
141
-530
108
-279
-147
-67
-292
-106
-196
-159
-207
-216
-16
-445
-139
-129
-444
8
-286
-191
-54
-340
-210
-171
-321
-21
-169
-34
32
-92
69
-9
120
71
192
207
267
286
310
337
245
381
279
323
358
354
372
314
350
238
280
123
300
150
199
275
124
284
100
58
361
-124
319
151
10
391
-40
204
125
39
122
115
91
185
239
73
63
276
-197
122
-1
13
23
6
-134
85
-335
-18
-3
-424
280
-284
101
25
-203
287
-369
158
33
-165
367
-246
121
101
-272
202
-190
-1
45
-2
-223
213
-292
-184
146
-446
98
-333
-68
-55
-458
131
-240
-297
22
-483
112
-358
-286
99
-662
48
-348
-265
-199
-212
-277
-114
-224
-346
7
-258
-292
11
-362
-121
-184
-397
-69
-286
-349
-161
-277
-319
-26
-316
-99
-290
-255
-166
-308
-62
-138
-85
-3
-107
99
31
113
187
155
274
328
296
300
392
272
365
412
367
412
441
390
396
457
336
329
357
252
358
298
315
341
209
287
205
293
303
168
436
230
325
327
191
270
258
183
266
346
203
301
262
-2
381
-121
24
315
-257
195
25
-292
165
-315
-215
73
-318
-145
101
-400
163
-321
-84
-112
-305
-43
-130
-201
24
-256
-98
-335
-153
-168
-317
-36
-135
-233
-117
-178
-435
74
-605
223
-437
-181
-2
-558
-140
-148
-310
-264
-180
-122
-399
44
-277
-365
34
-613
75
-367
-281
258
-669
-38
-58
-615
-8
-405
-142
-285
-464
-141
-494
-399
-631
-251
-397
-688
170
-569
-206
-281
-563
-98
-412
-152
39
-154
-33
2
-75
87
59
298
247
478
429
542
547
432
473
480
545
545
676
600
574
625
423
560
478
399
513
442
506
518
373
389
353
311
355
419
575
289
596
422
208
501
201
433
368
292
631
133
323
426
-61
397
126
178
273
-40
342
-147
-84
136
-471
93
-279
-238
162
-496
-51
-96
-564
16
-453
-131
-76
-420
141
-262
-318
-64
-220
-393
-34
-143
38
-453
149
-215
-641
-28
-179
-365
-122
-344
91
-369
-617
247
-509
-284
7
-312
-95
-120
-726
-179
-149
-642
-113
-135
-431
-292
-435
-518
-150
-709
-271
-361
-664
-288
-569
-734
-387
-592
-717
-367
-477
-656
-235
-501
-256
-562
-526
-410
-548
-261
-240
-83
-253
-160
-64
-152
160
217
330
379
457
609
455
580
475
521
752
611
724
778
547
587
470
468
521
403
490
471
415
377
355
210
257
314
386
496
494
495
454
356
504
417
506
515
451
597
402
424
452
204
296
359
205
427
192
137
241
-135
173
-25
-29
67
-117
-24
-55
-67
-233
-23
-261
-90
-17
-207
-111
-72
-304
-174
-529
-30
-123
-409
38
-191
-281
-122
-443
-74
-280
-179
-25
-371
-86
-405
-332
-175
-408
-229
-363
-84
-497
-368
-76
-822
-344
-293
-371
-145
-606
-37
-582
-929
-23
-575
-596
-128
-444
-510
-748
-574
-533
-1074
-380
-404
-802
-478
-542
-510
-643
-300
-410
-635
-272
-283
-202
-44
-33
126
-216
197
317
332
635
604
554
717
756
646
715
739
649
825
797
705
597
484
500
413
565
599
505
361
461
298
200
419
241
298
397
465
411
268
515
254
357
626
436
567
486
551
471
521
660
619
533
601
634
523
512
436
327
207
389
236
81
120
-29
-244
-134
-74
-166
-125
-292
-214
-177
-326
-193
-148
-151
-100
-351
-115
-373
-391
-315
-162
-268
-388
-284
-530
-422
-402
-276
-393
-261
-386
-465
-347
-247
-494
-386
-453
-544
-361
-581
-383
-517
-719
-251
-694
-743
-274
-798
-631
-611
-548
-615
-756
-613
-830
-891
-765
-799
-721
-665
-668
-625
-553
-416
-311
-497
-507
-274
-257
77
120
61
277
16
199
576
597
821
906
788
857
883
959
943
917
1017
1020
984
966
857
660
717
697
737
703
568
458
198
202
223
138
153
137
31
107
94
16
59
1
199
283
227
333
267
251
506
453
701
688
505
694
581
658
745
621
574
581
499
463
423
325
197
126
79
47
-22
-201
-232
-302
-464
-450
-464
-621
-594
-632
-643
-588
-760
-678
-611
-660
-446
-710
-584
-447
-741
-380
-302
-282
-342
-396
-227
-240
-293
-186
-342
-364
-482
-380
-455
-631
-534
-688
-921
-642
-638
-892
-789
-955
-877
-1168
-943
-1006
-1091
-1087
-1034
-924
-1146
-774
-661
-727
-346
-200
-300
-546
-341
31
205
249
346
409
157
341
732
941
1106
1213
1181
1029
1215
1393
1189
1237
1373
1420
1196
1204
940
791
870
858
959
813
679
395
115
176
211
234
193
136
5
19
53
-21
126
248
296
328
369
327
319
497
671
764
835
900
805
811
907
895
1002
956
914
891
738
739
659
582
535
570
378
282
96
-96
-97
-225
-291
-402
-559
-754
-931
-882
-878
-961
-1067
-1037
-1086
-1181
-1104
-1165
-911
-1048
-981
-697
-902
-827
-733
-598
-456
-588
-397
-463
-591
-535
-515
-448
-538
-630
-694
-682
-788
-883
-1003
-1083
-1054
-1128
-1183
-1350
-1458
-1382
-1333
-1352
-1118
-1097
-931
-698
-807
-564
-624
-502
-126
182
609
498
438
464
502
1027
1400
1612
1515
1438
1262
1462
1675
1798
1728
1563
1562
1377
1278
1256
1068
1062
937
838
734
514
243
187
170
276
232
-32
-109
-178
-164
86
65
17
121
79
17
183
304
445
519
616
769
767
808
888
1001
1072
1139
1125
1032
1018
946
922
940
896
872
701
611
497
420
281
154
166
-120
-277
-446
-721
-735
-869
-894
-1001
-1212
-1290
-1397
-1407
-1312
-1254
-1282
-1260
-1402
-1373
-1137
-1132
-918
-1006
-999
-880
-907
-754
-666
-602
-618
-748
-690
-652
-761
-802
-751
-808
-868
-1026
-1150
-1297
-1327
-1218
-1411
-1200
-1445
-1370
-1353
-1236
-816
-781
-893
-966
-1011
-431
-63
200
120
208
263
461
775
1287
1556
1440
1340
1381
1551
1808
1806
1760
1737
1732
1665
1424
1288
1297
1254
1208
1039
734
589
322
208
256
241
163
-100
-247
-251
-96
-5
6
-41
-22
59
64
198
301
451
547
565
790
894
943
1027
1052
1146
1285
1310
1281
1229
1159
1156
1125
1127
1115
938
792
678
600
513
411
290
9
-83
-279
-497
-569
-665
-815
-883
-1108
-1203
-1202
-1198
-1267
-1277
-1323
-1303
-1377
-1398
-1098
-1137
-1141
-1103
-1096
-893
-875
-858
-997
-780
-738
-845
-691
-795
-668
-941
-987
-788
-949
-960
-1220
-1348
-1055
-1266
-1405
-1370
-1368
-1454
-1280
-776
-791
-988
-1108
-1139
-757
-34
225
240
-213
93
196
650
1169
1548
1454
1352
1254
1408
1817
2052
1988
1794
1757
1687
1435
1338
1343
1354
1423
1076
662
433
427
319
323
283
107
-248
-451
-462
-295
-79
-132
-268
-298
-154
-52
19
208
356
430
488
590
613
843
1040
1085
1172
1205
1231
1166
1298
1439
1400
1382
1259
1185
1170
1178
1041
946
803
609
432
239
134
-36
-164
-362
-604
-748
-877
-1019
-1149
-1155
-1227
-1367
-1438
-1515
-1505
-1510
-1380
-1303
-1291
-1393
-1395
-1252
-1164
-1133
-841
-951
-1048
-1029
-978
-813
-798
-791
-798
-931
-1086
-1046
-975
-1056
-1179
-1161
-1463
-1260
-1527
-1177
-1230
-1170
-797
-900
-1143
-1137
-1008
-363
-119
127
-50
-219
0
383
802
1259
1520
1246
1183
1188
1588
1910
2049
1860
1621
1540
1625
1452
1465
1500
1476
1258
965
648
576
577
559
393
251
37
-281
-358
-206
-58
-45
-190
-403
-376
-159
-52
25
102
188
265
291
382
658
855
1061
1075
995
1059
1122
1207
1437
1508
1464
1248
1093
1119
1246
1272
1144
901
756
601
517
377
338
130
-132
-349
-545
-630
-703
-815
-986
-1150
-1324
-1378
-1445
-1481
-1439
-1432
-1542
-1578
-1552
-1435
-1457
-1344
-1297
-1173
-1144
-1111
-1079
-1034
-788
-942
-873
-763
-815
-852
-874
-813
-807
-1224
-939
-993
-1210
-1255
-1111
-1236
-1250
-1027
-674
-872
-1268
-1235
-818
-369
-82
42
-415
-296
-57
437
803
1179
1238
1070
968
1231
1703
2041
1964
1755
1643
1771
1681
1561
1565
1645
1640
1290
915
714
801
810
690
443
291
35
-204
-184
-3
160
7
-307
-436
-216
77
77
74
162
242
279
312
418
715
947
961
908
933
1058
1148
1241
1404
1472
1392
1267
1146
1247
1429
1339
1115
951
885
824
652
533
419
231
21
-238
-445
-444
-590
-787
-1022
-1126
-1204
-1337
-1467
-1446
-1528
-1573
-1714
-1741
-1652
-1620
-1701
-1604
-1625
-1548
-1527
-1423
-1336
-1372
-1184
-1152
-1093
-1039
-962
-970
-1017
-1031
-866
-1054
-978
-927
-1075
-1138
-949
-1147
-715
-682
-786
-924
-1193
-825
-397
-221
-35
-212
-394
43
233
640
1113
1176
1069
1090
1134
1582
1706
1915
1840
1652
1693
1698
1489
1582
1608
1601
1456
1052
804
785
795
809
548
361
202
-117
-74
61
60
53
-190
-402
-345
-208
-126
-156
-185
29
-35
-27
138
217
451
707
705
684
743
827
1003
1079
1310
1354
1197
1178
1202
1281
1462
1361
1222
1116
1016
901
824
740
659
343
121
-108
-242
-253
-371
-695
-891
-1058
-1162
-1296
-1365
-1396
-1487
-1677
-1723
-1834
-1794
-1751
-1751
-1718
-1632
-1645
-1724
-1689
-1478
-1295
-1251
-1124
-1228
-1260
-1238
-1145
-889
-935
-1034
-1086
-1102
-1100
-1170
-877
-764
-998
-815
-609
-668
-885
-982
-629
-211
8
102
-260
-310
79
514
864
1176
1142
1040
1043
1140
1565
1926
1961
1688
1379
1539
1701
1543
1513
1485
1533
1344
949
612
755
878
814
438
133
30
-121
-119
-23
-10
-45
-342
-588
-460
-157
-55
-159
-281
-112
-2
50
97
229
537
747
704
635
719
920
1093
1208
1313
1328
1293
1238
1270
1427
1568
1452
1242
1131
1080
1047
939
846
731
503
195
-28
-126
-92
-241
-585
-869
-1035
-1118
-1224
-1345
-1444
-1531
-1676
-1816
-1871
-1889
-1776
-1794
-1828
-1895
-1879
-1761
-1742
-1636
-1547
-1387
-1432
-1560
-1394
-1257
-1063
-1082
-1214
-1211
-1169
-970
-1165
-1130
-884
-876
-959
-854
-410
-502
-786
-765
-523
-140
119
242
117
-123
309
686
980
1158
1379
1362
1343
1340
1685
2084
2178
1940
1746
1798
1963
1793
1695
1750
1731
1597
1208
874
869
967
919
640
229
96
-20
-88
-40
-72
-78
-233
-486
-512
-314
-183
-198
-304
-192
-67
-43
-1
104
384
699
680
561
568
739
1020
1182
1203
1260
1152
1149
1253
1329
1548
1517
1335
1178
1097
1104
1086
986
859
636
342
143
-16
-57
-95
-410
-755
-1008
-1123
-1126
-1290
-1397
-1539
-1711
-1848
-1940
-1943
-1848
-1830
-1866
-1978
-2019
-1939
-1783
-1687
-1627
-1499
-1558
-1628
-1487
-1448
-1288
-1199
-1247
-1177
-1393
-1284
-1103
-1234
-1120
-1121
-1061
-932
-1207
-988
-546
-492
-553
-742
-829
-383
140
460
459
97
292
634
883
1325
1590
1572
1548
1407
1633
1958
2167
2083
1902
1805
1958
1764
1638
1666
1613
1649
1392
945
757
772
814
678
316
131
-46
-234
-221
-203
-162
-141
-457
-657
-544
-329
-225
-301
-315
-166
-83
-37
13
193
589
704
615
596
705
951
1174
1247
1258
1241
1246
1221
1248
1433
1503
1331
1127
1012
974
964
835
645
430
263
99
-200
-381
-442
-587
-827
-1043
-1307
-1432
-1470
-1582
-1685
-1798
-1892
-1976
-2020
-1978
-1941
-1908
-1931
-1949
-1914
-1711
-1626
-1672
-1529
-1499
-1404
-1368
-1196
-1150
-1101
-1113
-1071
-949
-1076
-1085
-983
-984
-890
-1136
-911
-789
-879
-574
-327
-420
-507
-571
-290
144
489
715
373
193
534
965
1307
1608
1604
1560
1486
1617
1739
2026
2236
2185
1782
1736
1732
1686
1656
1603
1479
1357
1050
720
628
694
808
477
105
-69
-206
-155
-126
-144
-194
-260
-436
-524
-396
-137
-62
-125
-114
-31
99
299
346
549
772
931
924
974
1024
1195
1373
1470
1478
1482
1464
1368
1305
1450
1550
1386
1148
928
831
796
734
550
259
4
-157
-446
-588
-696
-899
-1122
-1351
-1580
-1705
-1787
-1822
-1910
-2001
-2092
-2204
-2232
-2118
-2008
-1942
-1919
-1961
-1897
-1815
-1685
-1464
-1404
-1381
-1308
-1301
-1161
-1119
-837
-765
-945
-1045
-905
-848
-812
-784
-841
-842
-910
-826
-815
-488
-89
-321
-559
-549
-270
266
420
750
372
437
638
955
1123
1607
1710
1608
1424
1511
1731
1983
2016
1930
1659
1736
1617
1401
1405
1403
1328
1120
862
583
511
479
498
248
126
-30
-221
-300
-216
-122
-67
-129
-263
-302
-130
55
120
174
296
388
410
539
623
897
1164
1202
1157
1165
1276
1447
1552
1637
1560
1384
1417
1365
1363
1387
1322
1081
871
750
650
442
287
58
-189
-395
-606
-928
-1105
-1203
-1342
-1529
-1737
-1978
-2080
-2058
-2094
-2200
-2270
-2273
-2335
-2292
-2142
-2046
-1952
-1934
-1874
-1821
-1670
-1393
-1338
-1275
-1204
-1172
-1076
-899
-740
-803
-776
-809
-731
-780
-733
-534
-802
-752
-788
-730
-541
-778
-392
-71
-283
-264
-601
-184
183
543
849
616
196
606
838
1266
1648
1683
1510
1347
1299
1745
1857
1991
1893
1452
1492
1522
1313
1294
1277
1241
1139
738
487
330
336
538
362
92
-60
-316
-261
-84
25
111
-15
-138
-101
41
277
397
357
576
657
712
859
928
1216
1515
1527
1489
1458
1518
1684
1709
1806
1767
1567
1483
1366
1265
1366
1294
1064
741
519
413
246
45
-137
-447
-646
-871
-1206
-1342
-1440
-1581
-1726
-1976
-2154
-2224
-2220
-2218
-2272
-2306
-2275
-2334
-2330
-2153
-2025
-1899
-1839
-1846
-1750
-1554
-1328
-1192
-1124
-1091
-908
-872
-736
-601
-591
-497
-620
-724
-563
-614
-570
-589
-714
-619
-746
-562
-645
-520
-142
-115
-263
-284
-356
28
394
851
705
416
515
866
1017
1459
1748
1587
1496
1396
1544
1732
1877
1860
1546
1359
1458
1289
1204
1117
991
925
893
549
281
169
315
312
83
-37
-215
-295
-181
-94
24
162
65
-24
65
316
542
572
659
822
934
1079
1141
1146
1438
1716
1799
1662
1504
1535
1694
1780
1823
1630
1419
1219
1078
1089
1076
946
685
336
88
-64
-217
-363
-605
-833
-1051
-1409
-1606
-1758
-1823
-1850
-1997
-2257
-2462
-2497
-2453
-2375
-2363
-2312
-2312
-2332
-2217
-2062
-1854
-1675
-1602
-1534
-1455
-1243
-1123
-987
-869
-838
-766
-631
-603
-616
-407
-634
-497
-630
-861
-530
-724
-616
-622
-857
-582
-860
-393
-7
-207
-297
-389
-235
158
692
727
523
399
566
890
1094
1597
1554
1326
1416
1352
1540
1772
1782
1592
1410
1345
1324
1095
1021
1040
887
887
613
236
206
247
254
179
37
-85
-240
-239
-71
44
175
274
95
163
371
532
718
828
962
1125
1200
1292
1340
1493
1795
1830
1858
1837
1734
1723
1773
1804
1797
1743
1554
1239
1050
1088
1063
836
606
274
-44
-199
-389
-606
-837
-1024
-1292
-1578
-1757
-1839
-1960
-2032
-2135
-2287
-2375
-2417
-2424
-2323
-2215
-2179
-2183
-2144
-2043
-1879
-1677
-1466
-1387
-1320
-1217
-1088
-921
-786
-711
-723
-581
-528
-443
-498
-650
-634
-668
-517
-475
-705
-800
-843
-814
-674
-698
-365
-245
-471
-531
-585
-360
263
490
602
348
306
611
763
1181
1572
1619
1391
1257
1182
1551
1800
1885
1658
1342
1300
1292
1108
1122
989
1032
878
509
183
151
186
243
82
-33
-83
-275
-280
-190
50
306
239
97
94
363
599
730
772
939
1104
1218
1250
1270
1473
1831
1844
1752
1738
1813
1822
1736
1636
1667
1595
1525
1287
968
890
807
678
463
242
34
-266
-554
-781
-902
-1015
-1233
-1568
-1836
-1908
-1993
-2065
-2180
-2283
-2311
-2373
-2388
-2374
-2294
-2132
-2059
-2043
-1990
-1865
-1714
-1491
-1321
-1216
-1080
-1010
-988
-940
-614
-500
-582
-539
-608
-570
-630
-646
-658
-789
-723
-832
-838
-942
-871
-930
-966
-387
-355
-420
-571
-793
-393
30
568
674
241
223
487
734
1197
1615
1553
1452
1215
1282
1619
1795
1899
1566
1331
1392
1224
1044
966
883
962
892
505
219
54
160
241
51
37
-113
-281
-267
-221
-2
296
271
175
214
435
677
739
828
1036
1160
1315
1335
1310
1545
1794
1893
1850
1774
1860
1921
1869
1809
1682
1664
1494
1277
1131
1043
899
640
389
130
0
-180
-413
-721
-960
-1014
-1207
-1420
-1647
-1821
-1903
-1985
-2033
-2117
-2179
-2222
-2195
-2135
-2086
-1939
-1880
-1746
-1703
-1580
-1372
-1264
-1075
-987
-900
-776
-750
-765
-574
-521
-417
-479
-574
-553
-756
-708
-674
-813
-805
-943
-1051
-1102
-1170
-1029
-1043
-556
-490
-738
-976
-923
-608
-48
438
564
147
-13
283
600
1112
1627
1606
1299
1127
1165
1448
1699
1791
1597
1380
1331
1138
819
854
875
875
750
377
-12
-170
-100
-57
-97
-81
-183
-471
-517
-373
-133
157
245
111
134
386
578
687
850
1109
1307
1405
1497
1516
1649
1950
2070
2078
2029
2046
1918
1951
2018
1941
1778
1520
1260
1129
1101
1079
695
323
101
-105
-302
-451
-729
-996
-1254
-1423
-1542
-1739
-1866
-2014
-2115
-2084
-2103
-2156
-2207
-2210
-2113
-1934
-1829
-1754
-1721
-1564
-1471
-1333
-1138
-922
-885
-805
-791
-722
-577
-600
-518
-530
-510
-557
-644
-838
-866
-891
-886
-881
-1044
-1138
-1077
-1139
-1054
-1057
-558
-494
-641
-691
-705
-342
12
479
617
398
561
680
857
1255
1767
1834
1709
1519
1453
1585
1720
1827
1597
1448
1384
1063
853
742
694
634
553
234
-47
-237
-306
-390
-453
-263
-300
-473
-535
-517
-233
62
210
227
335
554
746
802
999
1274
1470
1694
1754
1806
1957
2041
2134
2185
2264
2309
2145
1977
1858
1797
1957
1793
1272
991
743
577
474
408
286
-238
-665
-883
-1207
-1255
-1134
-1358
-1684
-1937
-2046
-2125
-2192
-2081
-2035
-2057
-1985
-2026
-2039
-1922
-1771
-1551
-1317
-1254
-1226
-1225
-1116
-968
-754
-631
-561
-692
-653
-628
-626
-519
-557
-570
-637
-876
-992
-1018
-1209
-989
-1191
-1195
-1212
-1390
-1373
-1216
-941
-436
-733
-813
-867
-701
-66
448
603
515
462
557
830
1157
1702
1903
1715
1629
1495
1592
1810
1701
1580
1434
1383
1245
889
586
459
389
395
269
-45
-164
-462
-644
-634
-488
-317
-392
-576
-570
-386
-94
120
201
406
738
874
980
1051
1260
1597
1826
2018
2115
2185
2253
2192
2274
2400
2489
2391
2172
1943
1827
1750
1619
1339
1080
892
610
300
39
-171
-335
-555
-805
-1078
-1319
-1518
-1676
-1773
-1781
-1819
-1975
-2126
-2148
-2072
-1949
-1868
-1786
-1755
-1690
-1583
-1468
-1334
-1182
-1040
-959
-862
-753
-681
-620
-621
-476
-539
-517
-626
-663
-620
-604
-644
-802
-1020
-1103
-1198
-1232
-1213
-1257
-1306
-1347
-1394
-1453
-1131
-905
-601
-688
-779
-679
-376
24
462
530
650
705
757
907
1249
1560
1790
1609
1504
1491
1528
1602
1444
1234
1217
1206
1115
791
485
309
220
134
116
14
-127
-362
-593
-600
-419
-224
-170
-261
-190
-50
117
211
356
572
890
1051
1132
1180
1332
1508
1655
1815
1991
2128
2096
1956
1893
1985
2116
2053
1873
1620
1511
1382
1260
1049
827
621
384
148
-74
-240
-444
-684
-923
-1152
-1256
-1398
-1557
-1739
-1822
-1847
-1873
-1901
-1926
-1801
-1705
-1630
-1660
-1640
-1421
-1236
-1015
-870
-813
-877
-897
-705
-483
-345
-314
-279
-319
-379
-389
-432
-424
-395
-364
-422
-563
-786
-834
-830
-857
-886
-850
-695
-870
-892
-876
-839
-855
-813
-496
-249
-196
-228
-520
-623
-366
185
530
543
333
84
115
299
629
776
783
632
577
605
681
661
513
436
501
665
721
593
352
150
152
222
363
421
388
266
173
232
390
527
568
605
714
957
1139
1170
1115
1125
1260
1475
1657
1748
1709
1599
1517
1531
1607
1692
1657
1473
1292
1144
1048
900
713
523
381
276
133
-76
-330
-524
-673
-736
-797
-910
-1015
-1158
-1260
-1322
-1398
-1342
-1350
-1285
-1227
-1261
-1210
-1223
-1153
-1182
-1054
-861
-829
-785
-716
-694
-549
-517
-353
-353
-303
-16
-79
-10
-142
-26
-40
-3
28
104
-2
41
-148
-67
-138
-94
-151
-181
-235
-237
-185
-258
-260
-379
-270
-240
-232
-220
-263
-331
-321
-341
-283
-240
-243
-288
-349
-342
-293
-214
-216
-290
-386
-444
-394
-273
-150
-110
-180
-279
-333
-212
-42
152
198
153
112
206
360
516
579
569
626
749
936
1039
1040
996
960
1025
1169
1314
1385
1300
1224
1199
1259
1351
1382
1274
1219
1259
1301
1259
1113
995
862
756
749
754
693
534
276
106
13
-71
-165
-274
-460
-642
-812
-836
-953
-1102
-1168
-1240
-1310
-1271
-1329
-1383
-1452
-1449
-1404
-1324
-1265
-1202
-1183
-1129
-992
-897
-747
-586
-510
-482
-374
-255
-99
23
30
18
-2
38
220
247
278
264
162
130
94
161
171
157
89
10
37
-47
-24
-13
36
19
-19
8
-33
-87
-29
-61
-16
-109
-53
-81
-132
-102
-164
-152
-243
-245
-239
-208
-227
-336
-365
-361
-369
-273
-249
-201
-271
-365
-401
-364
-206
-25
99
89
30
27
163
327
549
663
737
759
824
937
1063
1131
1124
1105
1167
1318
1436
1437
1349
1152
1038
999
1069
1113
1082
954
727
597
474
464
397
325
269
207
89
-63
-198
-309
-394
-464
-525
-554
-679
-779
-799
-861
-939
-1074
-1125
-1120
-1079
-994
-962
-996
-1126
-1128
-1103
-1004
-830
-679
-626
-617
-578
-454
-410
-388
-317
-198
-66
45
129
123
73
68
29
149
294
349
366
233
114
143
182
234
188
195
148
79
105
-2
7
-40
81
112
-11
-73
-23
-272
-199
-103
-17
1
-240
-353
-285
-274
-17
-61
-229
-208
-404
-235
-223
-167
-213
-352
-495
-355
-233
-167
-242
-357
-380
-335
-259
-7
103
102
148
134
281
394
467
559
688
830
1052
1126
1144
1086
1063
1146
1271
1401
1447
1353
1257
1169
1124
1076
962
821
706
621
550
445
256
78
-115
-257
-374
-419
-403
-478
-650
-751
-845
-879
-944
-993
-920
-870
-822
-826
-854
-783
-722
-729
-692
-600
-472
-403
-325
-314
-257
-226
-202
-167
-127
-44
93
146
206
237
254
265
273
293
299
359
375
380
329
238
155
158
134
167
240
263
261
146
57
-68
-102
-59
-9
-92
-150
-271
-324
-437
-413
-419
-394
-322
-313
-324
-357
-383
-408
-408
-409
-445
-464
-390
-298
-290
-279
-417
-543
-701
-669
-551
-421
-379
-497
-660
-858
-824
-846
-752
-691
-548
-432
-180
100
367
482
425
273
288
608
1175
1649
1820
1738
1487
1353
1392
1622
1864
2001
1924
1681
1519
1380
1261
890
494
124
-7
-7
-41
-158
-479
-865
-1298
-1541
-1558
-1392
-1284
-1314
-1401
-1464
-1425
-1322
-1155
-1051
-900
-741
-444
-42
355
551
525
437
462
678
987
1280
1386
1378
1264
1175
1102
1061
1025
960
888
762
673
546
428
207
-51
-288
-465
-485
-503
-511
-601
-684
-776
-823
-825
-782
-706
-624
-524
-440
-347
-300
-224
-177
-116
-62
18
114
196
270
303
280
189
83
-42
-111
-215
-275
-337
-375
-507
-692
-940
-1076
-1204
-1240
-1267
-1318
-1299
-1390
-1340
-1442
-1318
-1301
-1239
-1063
-894
-469
-22
471
945
1006
1044
919
1098
1584
2065
2492
2567
2574
2441
2275
2179
2077
2056
1857
1621
1317
1173
1056
674
110
-520
-1002
-1292
-1435
-1476
-1523
-1642
-1859
-2177
-2353
-2308
-2173
-2010
-1919
-1746
-1434
-1003
-566
-255
-44
125
345
704
1139
1542
1768
1849
1861
1858
1941
1953
1967
1835
1663
1489
1327
1263
1139
946
552
164
-169
-364
-483
-651
-795
-945
-1024
-1104
-1157
-1121
-1087
-1016
-969
-889
-748
-540
-311
-146
-13
76
163
260
371
512
597
643
625
575
542
485
365
163
-54
-238
-392
-525
-661
-837
-981
-1171
-1308
-1462
-1608
-1677
-1840
-1861
-1956
-1921
-1781
-1764
-1556
-1601
-1471
-1349
-1106
-649
-321
333
832
1405
1655
1691
1767
1855
2230
2507
2750
2906
2895
2829
2598
2470
2369
2124
1718
1146
763
541
371
-61
-596
-1123
-1537
-1829
-2152
-2244
-2325
-2303
-2385
-2411
-2243
-1978
-1707
-1620
-1481
-1267
-800
-322
164
627
1003
1368
1584
1846
2079
2253
2289
2204
2085
1995
1963
1835
1659
1350
1069
748
448
179
-81
-327
-606
-815
-1058
-1169
-1268
-1347
-1320
-1273
-1113
-1005
-906
-776
-678
-452
-195
48
292
433
523
636
772
903
938
917
883
835
805
749
602
404
128
-144
-403
-623
-839
-1086
-1341
-1534
-1635
-1671
-1750
-1873
-2055
-2161
-2185
-2160
-2033
-1934
-1779
-1716
-1601
-1475
-1246
-1067
-834
-722
-427
-183
346
950
1532
1962
1971
2009
1952
2183
2392
2596
2604
2568
2386
2204
2086
2066
1936
1552
1030
571
331
155
-137
-569
-929
-1252
-1495
-1672
-1722
-1682
-1745
-1895
-1964
-1756
-1367
-1060
-898
-736
-440
-86
275
606
1012
1337
1554
1658
1876
2170
2350
2255
1979
1771
1646
1534
1282
1026
753
513
252
20
-128
-303
-534
-921
-1140
-1220
-1145
-1145
-1224
-1215
-1052
-713
-525
-284
-200
-30
48
179
377
592
768
771
756
789
919
947
860
638
472
359
242
60
-145
-360
-609
-928
-1179
-1351
-1497
-1699
-1943
-2045
-2063
-1966
-1952
-1988
-1949
-1947
-1845
-1832
-1777
-1657
-1587
-1460
-1335
-1183
-923
-761
-583
-395
-186
242
718
1192
1533
1658
1731
1783
1902
2021
2085
2048
1978
1833
1759
1815
1825
1705
1362
964
670
492
279
-70
-479
-819
-1054
-1258
-1326
-1313
-1288
-1258
-1293
-1156
-885
-635
-520
-484
-339
-80
226
562
911
1271
1510
1626
1745
1929
2069
2007
1794
1574
1466
1358
1187
939
690
469
215
-7
-148
-236
-377
-557
-714
-762
-727
-751
-746
-758
-649
-492
-346
-165
9
143
210
305
464
642
725
680
606
588
632
625
571
457
308
143
-48
-244
-410
-589
-771
-971
-1118
-1232
-1381
-1551
-1712
-1822
-1870
-1900
-1897
-1904
-1836
-1809
-1774
-1658
-1584
-1452
-1465
-1394
-1357
-1228
-1092
-972
-891
-625
-415
-84
361
779
1213
1369
1452
1567
1693
1807
1856
1697
1678
1584
1534
1571
1617
1625
1463
1160
922
753
548
212
-254
-589
-812
-1029
-1138
-1161
-1118
-1079
-1112
-1053
-861
-642
-506
-476
-349
-104
121
363
595
892
1185
1412
1580
1799
1980
2004
1845
1620
1454
1251
1010
745
546
398
245
59
-25
-83
-185
-353
-536
-612
-666
-691
-739
-732
-620
-479
-354
-203
-9
194
345
458
550
646
690
678
648
630
603
549
460
389
301
153
-4
-201
-383
-608
-854
-1062
-1212
-1312
-1442
-1637
-1816
-1931
-1969
-1970
-1964
-1933
-1896
-1890
-1839
-1762
-1661
-1525
-1493
-1426
-1305
-1246
-1096
-1037
-941
-759
-625
-387
-25
472
963
1285
1437
1624
1793
1921
1954
1873
1807
1731
1586
1488
1499
1605
1589
1406
1229
1132
1054
799
387
-16
-320
-667
-967
-1128
-1125
-1031
-1029
-995
-799
-502
-278
-244
-221
-114
39
126
252
456
754
1024
1187
1416
1696
1912
1905
1768
1599
1424
1162
804
516
309
182
29
-59
-33
-26
-46
-174
-275
-314
-384
-496
-571
-554
-432
-313
-168
51
283
504
644
764
913
1009
990
908
847
821
760
627
498
420
346
229
49
-137
-325
-557
-828
-1098
-1307
-1478
-1657
-1818
-1950
-2005
-2060
-2095
-2093
-2059
-2023
-2041
-2021
-1955
-1864
-1794
-1738
-1688
-1555
-1452
-1379
-1275
-1163
-1018
-823
-686
-322
153
516
885
1047
1266
1534
1684
1781
1812
1756
1733
1563
1465
1524
1569
1542
1407
1261
1267
1185
927
576
204
-55
-379
-727
-948
-1041
-1062
-1077
-1058
-839
-533
-329
-207
-111
64
251
307
372
500
703
896
1063
1312
1615
1801
1825
1779
1703
1622
1374
1019
683
376
144
-90
-243
-280
-281
-313
-337
-340
-316
-284
-392
-463
-502
-481
-407
-327
-140
107
367
611
841
1019
1160
1163
1112
1020
891
740
561
410
263
138
30
-87
-225
-366
-566
-785
-1003
-1211
-1414
-1680
-1906
-2083
-2208
-2264
-2291
-2263
-2192
-2110
-2052
-1952
-1836
-1775
-1727
-1744
-1687
-1643
-1578
-1502
-1500
-1355
-1203
-952
-696
-322
136
531
854
1089
1312
1538
1688
1741
1732
1725
1726
1647
1600
1644
1726
1740
1652
1527
1490
1410
1145
736
344
45
-263
-574
-832
-951
-983
-1011
-982
-817
-524
-324
-224
-120
75
288
386
423
478
639
821
999
1229
1525
1745
1840
1831
1777
1685
1477
1192
864
597
337
75
-143
-274
-289
-301
-299
-294
-285
-275
-284
-333
-361
-346
-349
-261
-168
44
274
508
728
927
1097
1189
1199
1117
1002
847
683
524
360
228
93
-70
-208
-364
-507
-689
-883
-1103
-1345
-1580
-1803
-1967
-2099
-2187
-2276
-2305
-2320
-2249
-2172
-2060
-1950
-1860
-1802
-1766
-1678
-1636
-1563
-1584
-1568
-1504
-1331
-1103
-879
-541
-94
295
673
929
1205
1476
1639
1743
1743
1735
1724
1633
1536
1559
1624
1671
1620
1527
1500
1465
1269
923
534
226
-116
-488
-794
-966
-1042
-1074
-1068
-923
-651
-403
-222
-107
93
302
433
486
573
718
906
1039
1188
1438
1666
1809
1836
1829
1792
1673
1424
1114
816
529
257
-2
-170
-257
-309
-347
-380
-383
-354
-341
-347
-346
-315
-274
-237
-184
-53
127
336
507
667
825
961
1078
1089
1064
952
829
676
521
393
255
108
-65
-209
-358
-504
-688
-892
-1102
-1327
-1519
-1718
-1895
-2055
-2179
-2240
-2288
-2263
-2213
-2154
-2087
-1990
-1901
-1828
-1728
-1692
-1626
-1623
-1619
-1577
-1499
-1352
-1166
-945
-499
-66
321
647
904
1212
1452
1570
1633
1656
1640
1581
1425
1368
1411
1424
1366
1276
1249
1284
1186
924
624
350
58
-304
-688
-915
-1065
-1189
-1260
-1198
-936
-657
-474
-313
-79
200
407
485
584
724
888
999
1091
1273
1508
1668
1730
1783
1850
1853
1702
1460
1218
966
715
428
184
38
-85
-208
-303
-328
-317
-276
-271
-263
-217
-148
-91
-58
19
138
288
397
509
645
798
921
973
998
978
929
826
721
612
488
331
132
-46
-209
-371
-566
-763
-958
-1125
-1299
-1454
-1596
-1736
-1873
-1999
-2086
-2147
-2150
-2176
-2179
-2145
-2065
-1993
-1913
-1826
-1768
-1695
-1680
-1625
-1566
-1498
-1385
-1284
-1025
-619
-232
139
440
770
1117
1379
1543
1653
1698
1695
1588
1456
1444
1446
1365
1222
1130
1135
1144
990
737
490
271
-7
-377
-677
-893
-1047
-1178
-1262
-1161
-934
-727
-583
-378
-77
223
413
528
692
897
1082
1176
1284
1451
1607
1676
1711
1776
1846
1832
1681
1489
1305
1139
906
635
405
251
103
-34
-129
-192
-199
-236
-267
-243
-159
-95
-57
-19
88
217
301
363
410
514
596
641
654
684
707
697
673
620
578
480
335
165
8
-132
-326
-545
-740
-900
-1041
-1220
-1386
-1524
-1655
-1781
-1889
-1982
-2027
-2079
-2130
-2141
-2119
-2065
-2028
-1972
-1900
-1830
-1769
-1707
-1613
-1528
-1377
-1256
-1017
-640
-305
71
392
741
1129
1425
1635
1780
1840
1862
1770
1633
1575
1520
1407
1260
1117
1103
1095
955
722
469
258
-17
-370
-711
-968
-1194
-1390
-1518
-1479
-1261
-1055
-876
-652
-317
26
242
395
548
742
897
1002
1090
1271
1455
1562
1645
1737
1858
1859
1761
1597
1459
1302
1085
821
575
414
247
90
-51
-119
-158
-204
-230
-214
-144
-92
-67
-35
54
170
268
320
383
496
592
661
695
763
804
805
775
727
699
607
467
305
141
-24
-224
-449
-651
-817
-989
-1193
-1401
-1564
-1700
-1844
-1965
-2061
-2123
-2183
-2248
-2264
-2275
-2222
-2187
-2155
-2103
-2034
-1970
-1880
-1768
-1646
-1476
-1280
-948
-590
-240
103
417
787
1155
1418
1637
1768
1837
1826
1727
1641
1603
1511
1343
1172
1059
1044
962
769
567
364
149
-154
-490
-767
-998
-1223
-1432
-1514
-1445
-1296
-1156
-970
-688
-347
-53
163
374
602
817
951
1059
1206
1369
1496
1549
1618
1690
1750
1749
1680
1582
1458
1293
1063
836
623
440
232
51
-83
-170
-220
-285
-304
-288
-226
-176
-127
-56
54
169
266
357
450
564
651
715
773
831
868
873
861
845
809
739
615
473
331
175
-10
-224
-421
-622
-817
-1021
-1240
-1420
-1585
-1731
-1874
-1995
-2082
-2175
-2226
-2255
-2257
-2215
-2198
-2156
-2088
-2029
-1937
-1867
-1770
-1629
-1502
-1300
-976
-611
-244
87
386
753
1095
1352
1541
1653
1728
1742
1646
1580
1545
1455
1293
1108
1011
1012
929
736
516
328
144
-127
-434
-680
-892
-1122
-1330
-1448
-1383
-1254
-1161
-1021
-774
-441
-141
78
283
528
736
873
951
1071
1242
1355
1420
1478
1552
1617
1604
1531
1454
1359
1231
1041
844
681
528
355
174
23
-63
-131
-214
-254
-250
-213
-185
-140
-75
31
154
246
338
440
564
651
710
755
804
833
827
811
791
770
701
593
477
357
224
53
-130
-284
-441
-629
-818
-1025
-1209
-1365
-1522
-1664
-1786
-1871
-1951
-1997
-2023
-2012
-1984
-1966
-1924
-1916
-1850
-1805
-1786
-1712
-1656
-1543
-1409
-1234
-925
-596
-255
62
357
718
1059
1295
1462
1574
1617
1628
1550
1484
1465
1376
1244
1130
1075
1073
994
808
625
451
255
1
-305
-563
-776
-985
-1179
-1277
-1251
-1171
-1088
-960
-724
-446
-194
3
200
429
640
794
892
1029
1153
1246
1306
1363
1457
1504
1493
1423
1363
1314
1230
1079
908
766
613
472
304
155
34
-58
-144
-226
-246
-230
-219
-207
-178
-115
-28
40
105
186
270
337
391
439
519
553
556
551
541
513
459
388
297
208
99
-53
-200
-342
-492
-651
-813
-968
-1114
-1261
-1413
-1544
-1647
-1734
-1804
-1865
-1891
-1886
-1878
-1844
-1826
-1780
-1749
-1722
-1672
-1640
-1543
-1465
-1357
-1173
-900
-570
-262
32
343
686
997
1238
1409
1524
1622
1637
1584
1541
1505
1451
1320
1197
1130
1113
1016
802
577
401
221
-47
-348
-601
-783
-967
-1137
-1224
-1207
-1132
-1086
-988
-769
-489
-257
-96
100
337
565
714
831
972
1127
1224
1272
1346
1446
1516
1491
1432
1390
1368
1294
1149
1002
892
796
670
523
404
309
193
64
-37
-75
-93
-148
-188
-178
-136
-100
-71
-16
75
163
211
242
304
387
425
414
413
422
406
339
244
182
124
21
-95
-207
-296
-392
-525
-665
-794
-915
-1062
-1223
-1365
-1461
-1551
-1661
-1734
-1773
-1774
-1768
-1777
-1755
-1716
-1683
-1651
-1607
-1565
-1472
-1391
-1291
-1134
-940
-641
-323
-25
285
575
890
1182
1388
1546
1685
1770
1764
1713
1649
1619
1536
1375
1235
1132
1052
916
685
463
294
90
-147
-401
-602
-754
-934
-1086
-1150
-1128
-1079
-1049
-988
-826
-622
-429
-272
-103
126
333
489
619
793
955
1075
1162
1225
1311
1352
1345
1320
1301
1281
1228
1138
1051
986
909
814
688
556
443
320
198
89
-9
-93
-172
-212
-232
-214
-197
-180
-134
-63
21
77
119
169
203
217
236
237
235
201
145
98
53
21
-44
-118
-189
-261
-347
-461
-589
-734
-900
-1063
-1215
-1350
-1484
-1595
-1699
-1770
-1793
-1813
-1796
-1789
-1774
-1740
-1718
-1670
-1624
-1563
-1453
-1328
-1169
-991
-797
-522
-216
85
399
669
949
1231
1428
1611
1743
1814
1832
1784
1712
1651
1550
1369
1193
1020
906
772
548
334
132
-59
-250
-458
-636
-777
-920
-1069
-1163
-1171
-1133
-1109
-1080
-951
-765
-557
-372
-196
15
251
460
625
792
953
1084
1153
1204
1278
1330
1338
1303
1269
1260
1237
1196
1125
1051
976
875
762
642
520
380
222
76
-25
-94
-173
-241
-267
-263
-245
-216
-169
-102
-41
-5
44
74
117
127
98
103
103
94
67
41
25
-8
-42
-83
-132
-201
-301
-422
-565
-715
-871
-1012
-1156
-1281
-1384
-1478
-1546
-1589
-1609
-1622
-1613
-1596
-1557
-1511
-1464
-1390
-1334
-1250
-1133
-1014
-854
-678
-498
-305
-98
144
418
641
840
1026
1192
1360
1472
1544
1591
1583
1530
1470
1372
1256
1125
936
770
631
482
334
161
-1
-130
-258
-374
-483
-585
-674
-754
-829
-852
-844
-834
-790
-709
-582
-433
-276
-105
78
266
448
612
745
868
973
1049
1114
1162
1211
1242
1253
1267
1279
1265
1228
1161
1080
996
889
758
600
457
328
210
93
-11
-85
-150
-194
-212
-220
-228
-254
-261
-243
-224
-207
-201
-193
-179
-150
-122
-95
-65
-45
-40
-46
-44
-59
-104
-177
-265
-360
-472
-606
-748
-886
-1015
-1119
-1216
-1303
-1392
-1463
-1507
-1536
-1540
-1531
-1516
-1485
-1420
-1356
-1270
-1178
-1079
-943
-800
-645
-476
-329
-171
-24
130
305
457
607
744
863
993
1101
1166
1215
1223
1212
1187
1127
1039
924
789
655
533
403
308
220
137
70
12
-43
-89
-147
-211
-261
-324
-378
-418
-433
-428
-398
-345
-259
-153
-40
111
250
371
484
576
656
735
787
842
879
914
965
1004
1044
1070
1078
1057
1032
998
936
868
768
658
553
449
358
266
173
91
22
-47
-111
-167
-220
-260
-290
-297
-296
-305
-304
-315
-312
-292
-282
-282
-266
-258
-258
-249
-262
-281
-315
-363
-411
-467
-528
-595
-685
-783
-870
-943
-1010
-1077
-1132
-1172
-1192
-1205
-1189
-1156
-1108
-1057
-1011
-955
-899
-831
-776
-712
-626
-533
-436
-331
-220
-101
17
128
245
340
432
504
559
624
665
681
685
695
695
683
655
603
572
531
486
444
376
317
248
173
119
59
9
-37
-91
-124
-136
-165
-196
-221
-242
-234
-215
-179
-133
-74
-15
72
158
238
334
414
504
582
657
731
795
862
933
995
1042
1078
1086
1079
1078
1056
1018
978
913
850
779
697
622
527
424
333
228
128
62
-13
-72
-127
-181
-221
-258
-283
-310
-327
-335
-347
-371
-378
-376
-376
-379
-397
-412
-421
-439
-462
-486
-523
-569
-626
-696
-750
-787
-815
-835
-860
-875
-885
-879
-854
-818
-775
-737
-707
-671
-628
-579
-516
-466
-402
-330
-264
-175
-98
-39
14
71
125
176
225
255
275
281
286
294
292
295
285
281
280
273
273
250
230
218
199
169
149
127
110
92
69
58
37
15
-1
-28
-49
-69
-90
-88
-76
-59
-35
-19
12
68
124
177
236
303
372
434
495
560
627
696
752
821
883
923
945
954
952
967
962
933
896
845
789
721
654
588
519
437
365
286
219
146
85
35
-17
-60
-117
-166
-222
-277
-343
-408
-452
-495
-529
-564
-591
-589
-592
-596
-599
-604
-619
-652
-683
-708
-738
-767
-791
-807
-796
-782
-770
-759
-734
-701
-670
-628
-583
-540
-511
-486
-457
-433
-400
-352
-306
-246
-184
-130
-80
-55
-36
-20
-27
-39
-50
-66
-81
-88
-69
-57
-41
-4
32
56
73
92
96
85
78
48
27
15
-16
-28
-37
-42
-27
-25
-22
-5
-8
-11
-20
-35
-55
-63
-63
-69
-58
-28
12
82
166
255
334
400
463
510
560
608
646
677
707
725
747
771
798
828
842
847
838
820
792
750
700
632
566
495
439
384
314
285
214
151
119
61
-8
-69
-115
-157
-182
-242
-281
-347
-400
-412
-428
-421
-417
-417
-431
-431
-451
-445
-481
-533
-572
-609
-617
-621
-609
-596
-570
-572
-551
-521
-501
-464
-459
-444
-425
-413
-374
-325
-286
-237
-186
-150
-103
-82
-67
-48
-53
-50
-52
-46
-44
-37
-43
-28
-7
13
49
72
90
89
98
93
76
64
46
39
25
33
54
67
87
107
119
115
119
93
68
38
-7
-41
-83
-110
-109
-105
-88
-44
-21
13
65
103
147
184
229
250
275
316
356
399
444
502
543
600
644
670
694
705
717
707
690
666
638
605
571
541
513
484
442
400
355
304
257
205
143
89
32
-35
-92
-142
-183
-222
-252
-277
-308
-327
-345
-369
-389
-409
-425
-441
-458
-471
-476
-484
-483
-478
-471
-448
-438
-427
-409
-389
-364
-347
-323
-294
-265
-235
-210
-201
-182
-166
-164
-155
-136
-125
-120
-113
-109
-100
-82
-70
-55
-41
-16
-1
8
16
22
18
1
-9
-21
-33
-59
-71
-76
-76
-54
-32
-22
-5
6
19
24
28
28
16
-3
-37
-67
-93
-113
-126
-132
-129
-108
-102
-78
-45
-15
14
48
90
129
167
189
219
246
270
303
339
370
405
441
481
520
556
577
590
594
589
584
579
560
528
487
440
401
364
330
287
238
199
150
102
69
16
-31
-76
-118
-168
-213
-250
-288
-320
-344
-362
-377
-388
-398
-391
-393
-373
-362
-361
-349
-348
-343
-341
-332
-330
-324
-312
-292
-269
-259
-233
-209
-192
-169
-141
-124
-106
-93
-84
-75
-87
-95
-102
-104
-100
-88
-77
-72
-67
-64
-56
-53
-49
-62
-76
-87
-114
-137
-146
-148
-149
-137
-128
-109
-94
-83
-73
-55
-37
-31
-32
-29
-37
-55
-52
-57
-61
-60
-54
-46
-33
-19
1
22
40
60
77
95
127
148
168
201
234
270
296
318
341
360
377
402
419
432
450
459
474
497
512
519
529
531
533
528
512
496
464
429
394
354
311
262
218
164
116
70
32
-9
-47
-84
-126
-162
-201
-239
-277
-293
-312
-336
-356
-362
-352
-345
-322
-309
-299
-281
-263
-247
-231
-210
-195
-179
-166
-146
-127
-117
-105
-91
-82
-75
-72
-72
-75
-73
-74
-62
-61
-62
-63
-62
-61
-57
-54
-55
-49
-56
-68
-83
-101
-111
-128
-139
-135
-131
-126
-122
-116
-98
-86
-73
-58
-42
-37
-30
-30
-37
-40
-41
-44
-40
-31
-25
-7
4
18
35
50
64
77
86
87
99
110
123
133
153
176
190
208
224
238
258
275
290
311
317
323
333
339
347
360
367
370
366
361
354
344
338
323
299
273
255
234
214
192
163
133
102
73
43
-1
-48
-87
-131
-163
-193
-230
-261
-286
-303
-310
-307
-304
-303
-308
-308
-293
-278
-264
-256
-251
-237
-220
-208
-186
-166
-143
-130
-115
-98
-83
-74
-72
-72
-74
-65
-58
-52
-54
-53
-56
-58
-60
-54
-52
-53
-51
-64
-85
-96
-101
-108
-118
-126
-128
-129
-128
-125
-118
-103
-94
-86
-75
-69
-68
-75
-92
-94
-97
-97
-100
-109
-111
-111
-93
-75
-51
-29
-16
-11
-7
0
14
28
36
41
42
46
60
75
91
115
129
140
158
175
191
203
214
226
240
254
267
272
275
271
271
271
270
266
256
248
237
231
225
219
207
187
164
145
115
84
52
10
-23
-57
-87
-116
-148
-171
-187
-198
-207
-206
-213
-218
-216
-219
-214
-203
-192
-183
-173
-162
-148
-140
-124
-98
-80
-66
-53
-45
-50
-49
-43
-39
-33
-29
-23
-27
-27
-27
-34
-38
-39
-46
-56
-63
-73
-83
-88
-94
-97
-95
-97
-93
-92
-85
-80
-73
-73
-65
-59
-56
-57
-60
-59
-63
-55
-59
-63
-64
-68
-63
-59
-55
-60
-61
-55
-57
-51
-47
-44
-41
-23
-9
4
17
22
41
53
61
70
84
95
105
118
125
135
147
170
185
200
215
229
237
236
244
252
257
258
253
247
248
250
251
247
239
230
217
199
178
156
130
107
79
55
28
0
-24
-51
-70
-81
-100
-111
-125
-135
-131
-137
-142
-137
-133
-126
-124
-116
-106
-102
-93
-88
-81
-79
-73
-67
-66
-64
-62
-60
-56
-55
-55
-53
-50
-42
-44
-45
-52
-59
-69
-83
-90
-98
-103
-105
-106
-112
-111
-105
-103
-95
-96
-90
-89
-90
-93
-98
-102
-100
-89
-87
-84
-82
-80
-74
-63
-55
-53
-54
-51
-50
-56
-60
-49
-38
-29
-10
4
16
26
37
51
60
72
66
62
60
56
56
62
76
89
104
113
126
134
143
166
184
194
203
209
208
207
207
210
214
215
220
219
218
207
191
186
175
163
151
129
109
83
57
38
24
9
-12
-31
-50
-68
-84
-95
-105
-108
-108
-117
-121
-127
-122
-111
-96
-83
-68
-58
-52
-49
-49
-41
-35
-24
-18
-22
-27
-33
-37
-39
-37
-30
-31
-31
-47
-58
-64
-70
-68
-69
-79
-86
-92
-100
-109
-104
-99
-95
-93
-99
-101
-109
-109
-112
-112
-102
-98
-101
-102
-106
-100
-90
-83
-67
-62
-64
-62
-63
-65
-65
-61
-53
-47
-40
-35
-29
-19
-4
13
30
41
48
53
50
50
50
48
57
58
56
54
58
69
79
98
115
128
133
140
147
148
155
156
161
170
168
165
161
159
157
159
169
173
164
156
147
136
124
111
104
88
65
45
24
12
2
-4
-7
-23
-36
-49
-63
-65
-70
-71
-70
-70
-69
-70
-67
-64
-56
-51
-38
-31
-31
-32
-30
-25
-21
-18
-11
-14
-20
-26
-34
-36
-34
-34
-40
-46
-53
-58
-64
-65
-67
-71
-73
-85
-94
-99
-105
-105
-110
-113
-115
-127
-129
-136
-143
-134
-123
-114
-104
-101
-95
-95
-94
-84
-77
-68
-64
-63
-61
-58
-49
-32
-15
-3
4
12
17
26
36
46
56
54
56
53
57
58
59
79
95
103
108
106
109
110
113
121
122
129
130
124
123
126
128
134
146
152
151
146
140
137
140
139
143
139
128
113
99
86
78
78
79
70
54
36
23
14
13
4
-10
-13
-26
-38
-47
-53
-48
-48
-46
-43
-49
-58
-63
-70
-71
-62
-58
-53
-48
-50
-51
-47
-38
-28
-22
-19
-23
-35
-42
-43
-45
-49
-44
-46
-53
-63
-74
-82
-86
-90
-95
-99
-117
-132
-146
-156
-158
-161
-161
-160
-166
-168
-172
-164
-150
-141
-133
-122
-116
-112
-103
-97
-83
-64
-52
-43
-33
-25
-13
0
15
31
45
55
58
60
59
62
72
80
89
95
98
102
101
106
113
118
127
125
127
121
118
121
124
143
145
145
147
145
145
145
151
156
156
155
148
145
143
140
138
132
124
106
92
84
73
60
50
41
31
19
8
-3
-17
-23
-28
-30
-31
-43
-54
-59
-64
-64
-66
-67
-66
-71
-71
-69
-70
-71
-65
-63
-64
-67
-75
-74
-79
-81
-78
-74
-79
-92
-94
-98
-95
-93
-90
-88
-95
-102
-114
-121
-125
-131
-133
-136
-141
-146
-156
-156
-151
-143
-131
-123
-117
-115
-115
-106
-99
-92
-82
-71
-67
-60
-53
-48
-32
-13
4
16
22
32
34
37
50
56
60
66
65
63
65
68
78
86
93
105
110
109
111
112
110
117
121
120
123
115
117
118
121
129
132
132
135
138
133
131
134
134
136
141
133
122
108
99
91
79
73
61
54
44
32
27
15
10
2
-7
-16
-30
-41
-47
-49
-52
-53
-53
-58
-60
-60
-61
-56
-51
-42
-39
-37
-34
-34
-28
-25
-21
-20
-22
-28
-33
-37
-39
-40
-42
-46
-54
-57
-70
-78
-84
-90
-94
-104
-115
-129
-141
-154
-155
-158
-160
-162
-166
-168
-167
-169
-164
-158
-150
-148
-144
-135
-133
-120
-107
-94
-80
-66
-56
-45
-31
-20
-6
9
23
33
32
40
45
47
57
66
79
87
95
109
110
117
124
128
137
132
132
137
137
139
141
145
150
158
160
159
155
155
154
157
158
159
157
150
147
143
141
132
130
130
123
115
111
101
87
81
73
59
43
28
11
1
-8
-7
-13
-22
-26
-37
-46
-56
-58
-62
-66
-66
-69
-72
-72
-70
-64
-62
-52
-52
-53
-62
-60
-58
-55
-55
-55
-55
-59
-60
-69
-68
-68
-65
-61
-64
-72
-83
-91
-93
-98
-98
-100
-105
-111
-117
-122
-128
-121
-120
-117
-115
-117
-123
-127
-119
-109
-97
-90
-79
-72
-69
-66
-56
-42
-25
-15
-14
-6
-3
-2
3
16
23
30
39
40
47
50
53
69
78
85
90
87
87
87
92
103
108
106
112
109
109
112
108
117
124
125
124
120
119
116
113
116
113
117
115
109
106
103
101
97
92
89
83
77
67
63
59
56
55
54
46
38
29
19
12
3
-1
-8
-17
-20
-32
-36
-40
-40
-32
-32
-35
-43
-48
-51
-59
-58
-57
-61
-65
-73
-80
-81
-81
-81
-83
-82
-84
-88
-93
-101
-101
-99
-98
-102
-107
-112
-112
-118
-116
-113
-114
-110
-114
-118
-119
-120
-121
-115
-113
-110
-107
-106
-101
-98
-86
-72
-68
-55
-45
-44
-39
-32
-20
-7
8
16
24
30
32
38
43
59
72
79
87
90
90
92
98
104
114
120
118
121
121
127
135
137
146
148
148
148
138
140
143
145
146
143
139
135
130
129
126
126
123
119
112
105
97
91
85
79
75
63
54
45
32
26
19
10
4
-5
-17
-31
-44
-52
-55
-59
-60
-65
-65
-70
-74
-76
-71
-68
-67
-61
-70
-79
-82
-83
-87
-92
-97
-99
-104
-109
-112
-113
-106
-103
-102
-105
-109
-115
-118
-126
-126
-132
-134
-135
-140
-145
-146
-141
-136
-130
-125
-123
-125
-123
-124
-115
-108
-99
-88
-87
-83
-75
-69
-54
-36
-21
-11
-5
3
3
9
18
25
34
40
45
53
55
57
68
81
88
96
99
99
102
103
105
110
122
124
124
126
124
121
124
138
138
137
137
132
126
120
120
117
115
113
103
92
85
81
76
76
79
76
66
58
48
41
38
31
26
19
9
4
-10
-14
-15
-15
-10
-14
-21
-25
-28
-32
-34
-37
-32
-29
-31
-38
-42
-40
-40
-41
-41
-46
-52
-59
-68
-69
-68
-65
-65
-66
-73
-73
-81
-89
-91
-92
-94
-100
-104
-110
-118
-122
-120
-118
-113
-109
-114
-114
-116
-116
-109
-100
-92
-86
-77
-73
-70
-66
-58
-47
-39
-32
-33
-34
-28
-26
-17
-2
7
12
18
23
29
33
41
46
47
56
51
49
57
66
73
78
81
84
85
92
93
94
99
99
107
108
105
103
98
100
103
105
107
105
102
97
93
92
92
92
95
92
90
83
74
70
71
73
70
64
56
49
37
29
25
29
29
22
18
6
6
7
6
9
12
4
-2
-11
-17
-21
-20
-10
-12
-12
-22
-29
-35
-41
-39
-41
-43
-47
-50
-56
-64
-72
-74
-76
-82
-84
-88
-93
-96
-101
-106
-106
-99
-95
-98
-99
-95
-99
-98
-90
-91
-94
-91
-91
-95
-91
-85
-82
-71
-66
-67
-66
-66
-62
-57
-51
-48
-43
-38
-35
-29
-27
-18
-11
-7
-1
4
4
7
11
14
17
24
28
29
36
38
46
57
69
78
77
78
79
84
87
95
97
100
97
95
97
97
96
99
102
99
98
96
92
82
77
76
70
67
64
58
54
50
47
53
52
51
49
44
41
41
38
33
32
34
28
21
14
3
2
-2
-2
-7
-11
-15
-27
-28
-29
-31
-27
-35
-37
-38
-46
-49
-50
-52
-56
-60
-66
-70
-70
-70
-71
-69
-71
-63
-63
-70
-64
-63
-66
-65
-62
-57
-60
-65
-64
-60
-61
-56
-52
-57
-50
-54
-57
-54
-48
-41
-41
-33
-32
-32
-29
-30
-25
-24
-20
-18
-20
-19
-15
-12
-8
-4
5
8
12
16
20
24
24
31
39
43
48
50
46
46
51
52
57
60
62
62
59
59
62
65
63
63
65
63
64
60
57
52
54
52
50
46
37
37
32
33
34
37
37
35
33
30
35
31
33
36
31
27
26
23
20
22
23
18
12
9
5
-2
-2
-1
-7
-9
-11
-18
-22
-24
-29
-29
-33
-38
-40
-42
-43
-51
-49
-51
-47
-47
-51
-51
-52
-55
-56
-52
-50
-51
-57
-59
-58
-61
-58
-58
-60
-59
-61
-60
-62
-64
-58
-54
-50
-49
-49
-44
-43
-37
-33
-31
-28
-27
-24
-22
-17
-11
-8
-4
0
2
5
10
14
19
24
32
37
42
43
42
42
43
49
51
55
55
49
48
47
51
58
64
67
66
61
58
59
57
57
58
56
56
54
49
48
50
48
49
49
51
50
51
48
41
39
37
39
34
28
27
25
21
19
20
18
13
9
-1
-6
-10
-14
-14
-21
-24
-29
-34
-33
-38
-42
-44
-46
-48
-51
-53
-57
-59
-63
-66
-66
-67
-70
-66
-62
-61
-58
-55
-54
-53
-54
-52
-48
-44
-42
-38
-37
-38
-35
-34
-31
-27
-26
-23
-19
-20
-22
-21
-20
-17
-10
-10
-7
-9
-13
-11
-7
0
5
9
10
9
8
9
14
19
24
26
30
29
27
28
29
34
38
39
41
42
39
39
38
41
45
45
44
40
38
35
33
35
39
38
36
34
29
26
24
29
32
32
33
29
26
25
25
25
26
27
27
25
20
18
16
15
15
16
13
8
5
-1
-5
-6
-5
-6
-6
-11
-17
-22
-24
-23
-26
-27
-29
-31
-35
-39
-40
-41
-41
-42
-44
-45
-46
-46
-47
-45
-43
-43
-43
-44
-44
-42
-39
-37
-36
-36
-34
-34
-33
-31
-28
-26
-23
-23
-21
-19
-17
-18
-14
-12
-10
-6
-8
-9
-10
-6
-4
0
3
5
6
4
6
7
13
15
18
18
18
18
18
23
28
34
36
37
39
38
40
41
42
44
45
44
42
41
41
43
41
45
45
42
41
38
35
31
31
31
32
32
28
24
21
20
21
22
21
22
17
12
9
8
7
7
6
5
1
-2
-8
-10
-11
-11
-11
-15
-17
-20
-21
-23
-25
-24
-24
-24
-28
-32
-35
-34
-32
-35
-35
-35
-36
-38
-39
-39
-34
-33
-31
-28
-26
-27
-27
-25
-23
-20
-18
-15
-16
-15
-14
-11
-8
-7
-3
-3
-2
-3
-1
2
4
5
5
7
6
8
9
10
13
15
16
14
15
15
17
19
19
23
23
23
23
21
22
24
26
26
26
25
23
22
20
20
23
22
20
19
16
14
13
13
12
11
10
6
2
-1
-1
-2
0
-1
-2
-4
-7
-10
-11
-11
-10
-11
-11
-13
-15
-17
-19
-19
-18
-16
-17
-18
-21
-22
-22
-22
-21
-20
-19
-20
-21
-24
-24
-23
-23
-20
-19
-19
-20
-19
-20
-19
-18
-17
-16
-14
-14
-16
-15
-13
-12
-11
-8
-8
-6
-4
-4
-3
-1
0
3
4
3
5
6
7
7
9
10
12
14
14
15
15
17
18
19
18
18
20
21
21
21
22
22
21
21
21
23
23
23
22
22
22
22
23
23
23
23
22
20
20
19
18
20
20
20
18
16
14
11
10
9
10
10
8
7
3
2
3
2
3
1
0
-3
-5
-7
-9
-8
-8
-8
-9
-10
-12
-14
-13
-12
-11
-10
-10
-11
-13
-15
-15
-17
-15
-14
-14
-16
-18
-21
-20
-19
-19
-17
-16
-18
-17
-20
-21
-21
-20
-18
-19
-19
-20
-20
-20
-20
-18
-15
-14
-15
-14
-15
-14
-13
-13
-11
-9
-8
-8
-7
-8
-6
-4
-4
-2
0
1
0
2
1
2
3
4
4
6
8
9
9
10
10
12
13
14
15
16
15
16
16
16
15
17
18
18
19
18
17
19
19
18
20
20
20
19
19
16
15
16
15
16
15
14
14
16
14
13
14
13
13
14
12
11
10
10
9
9
9
8
8
7
6
6
5
5
7
4
4
4
1
0
-1
-1
-1
-3
-4
-5
-6
-7
-9
-9
-9
-10
-10
-11
-13
-15
-15
-16
-17
-16
-16
-16
-17
-17
-16
-16
-17
-18
-17
-18
-19
-19
-20
-19
-19
-18
-18
-17
-17
-17
-17
-17
-16
-15
-14
-13
-11
-12
-11
-11
-10
-10
-9
-8
-9
-8
-7
-7
-6
-5
-4
-3
0
0
1
3
3
4
6
7
8
9
9
11
13
15
14
16
17
17
18
20
18
20
20
21
20
20
21
22
21
20
19
19
18
18
18
19
20
19
19
17
17
16
15
15
12
13
13
12
11
12
12
12
12
11
10
9
7
6
5
5
4
3
2
1
0
-1
-1
-1
-1
-2
-2
-5
-6
-6
-8
-9
-9
-10
-12
-12
-14
-14
-15
-16
-17
-18
-18
-18
-19
-19
-19
-19
-18
-19
-19
-19
-19
-20
-20
-20
-20
-19
-18
-17
-16
-17
-17
-16
-15
-16
-14
-14
-13
-12
-10
-9
-8
-8
-7
-7
-7
-8
-7
-6
-5
-5
-3
-2
-1
0
0
2
3
3
4
6
8
