-3
-4
-4
-5
-6
-6
-6
-7
-8
-8
-7
-8
-7
-8
-9
-10
-9
-8
-7
-9
-8
-7
-7
-6
-7
-7
-7
-7
-6
-7
-7
-8
-7
-6
-6
-5
-7
-6
-6
-6
-4
-4
-3
-3
-2
-1
-3
-3
-2
0
-1
0
-1
0
2
3
3
3
3
3
4
5
5
6
6
7
7
8
8
7
7
7
7
8
8
8
8
9
9
8
7
7
8
7
7
8
8
8
8
7
8
6
6
4
5
5
5
5
4
4
3
2
2
1
-1
-1
-1
-1
-1
-1
-2
-2
-2
-3
-3
-4
-4
-3
-3
-3
-3
-2
-3
-3
-4
-5
-6
-5
-4
-4
-3
-4
-4
-4
-5
-5
-5
-6
-7
-8
-6
-7
-6
-5
-5
-6
-7
-7
-7
-7
-7
-6
-6
-6
-7
-6
-6
-6
-6
-7
-6
-6
-6
-5
-5
-4
-4
-4
-5
-4
-5
-5
-5
-3
-3
-2
-2
-3
-2
0
0
0
1
0
0
0
2
3
3
3
4
3
3
3
4
4
4
6
7
7
8
9
9
9
10
9
9
10
10
11
13
13
12
12
12
12
12
14
12
13
14
12
12
11
11
11
10
9
10
7
8
9
9
8
7
6
6
4
4
4
4
2
1
0
0
-2
-2
-2
-3
-4
-4
-4
-5
-7
-5
-8
-10
-9
-10
-13
-11
-12
-15
-12
-13
-14
-14
-14
-16
-15
-13
-15
-14
-13
-16
-17
-14
-14
-15
-13
-13
-15
-15
-14
-14
-14
-11
-13
-10
-10
-12
-9
-8
-9
-6
-7
-5
-6
-5
-2
-2
0
4
3
2
5
4
5
7
9
9
11
10
11
15
12
13
18
18
15
16
19
21
17
19
25
18
18
22
19
19
20
19
20
18
14
18
17
11
18
16
10
14
11
10
10
8
13
8
2
11
2
-3
6
3
0
-2
-1
-2
-7
-6
-1
-6
-6
-11
-9
-6
-17
-12
-7
-14
-16
-15
-17
-16
-22
-19
-15
-16
-23
-19
-14
-20
-24
-12
-15
-22
-18
-17
-13
-19
-16
-9
-15
-18
-9
-15
-14
-12
-7
-4
-14
-6
-4
-13
-6
-2
-6
1
-7
-1
8
-4
-2
12
8
-2
4
13
10
-3
12
27
11
-1
22
22
0
9
25
16
9
12
21
19
12
10
23
24
7
9
24
25
2
14
33
18
-3
21
22
8
5
14
29
5
-3
21
17
3
6
16
18
1
-5
18
12
-7
2
20
3
-16
10
8
-9
4
4
-3
0
-12
-5
1
-6
-3
-5
-5
-5
-19
-3
-5
-19
-7
-3
-14
-10
-12
-12
-15
-16
-4
-26
-8
-4
-19
-11
-1
-25
-5
-17
-21
-8
-27
-13
-8
-21
-15
-11
-30
-3
-27
-26
2
-20
-39
-5
-16
-44
-20
-19
-21
-37
-21
-5
-27
-32
-6
-7
-21
-28
-5
-11
-36
-12
10
-7
-30
-6
9
-17
-34
24
11
-9
-12
2
17
-13
-11
42
1
-16
24
8
18
0
21
40
-2
0
40
14
7
1
43
50
-22
31
81
-4
3
75
29
2
15
53
45
1
59
82
0
8
63
2
25
36
39
51
30
2
23
23
-14
13
67
44
-31
61
48
-22
-9
55
32
11
8
35
54
-28
-5
63
46
-20
25
42
-26
-81
33
6
-19
3
-7
35
-101
-75
43
-72
-24
56
-67
-3
-39
-79
-25
-61
-32
-24
-47
1
-71
-43
0
-45
-68
5
-3
-62
-55
-5
-32
-93
30
-18
-47
-10
-16
-42
-59
-49
19
-42
-65
58
-27
-90
1
-50
-54
-21
-4
1
44
-6
-26
8
-30
-50
13
40
43
42
-13
85
9
-44
77
52
26
94
44
51
74
-13
17
38
26
37
33
10
106
20
-15
76
77
-52
37
56
19
41
-44
84
12
-81
72
79
-59
67
0
48
3
-28
79
69
-58
21
65
-27
-16
11
44
36
-13
-8
101
-13
-89
24
29
-89
-26
63
-11
-52
-41
35
-80
-92
14
13
-36
-46
20
-46
-67
-79
8
-26
-32
16
21
-23
-57
9
10
-21
-39
107
-27
-14
-27
-45
48
-55
-32
28
45
-55
56
-43
-13
-3
-82
17
58
-29
19
44
-177
43
-77
-58
34
6
38
-17
-35
16
-17
-143
47
60
-14
38
8
-19
-22
-28
31
84
-49
131
-6
-120
75
-20
-17
15
4
47
-13
-116
26
12
-114
2
27
-45
-54
-13
-50
-40
-23
-37
7
-24
-30
37
-18
-23
-37
-4
6
-16
-11
29
48
-15
-50
42
35
-87
63
54
-35
-3
55
-4
-44
24
4
4
-37
65
2
-45
58
18
-50
133
-31
12
65
-27
-10
70
51
38
73
70
21
-43
92
-17
49
24
65
13
-5
49
26
24
65
48
40
137
-23
46
72
28
-40
94
60
-80
50
38
-14
23
107
-4
17
-2
30
-23
26
58
-35
-40
44
-27
-151
83
-60
-117
76
-38
-81
52
-39
-86
16
-63
43
-21
-77
107
-4
-99
141
-30
-60
117
-102
31
73
-171
45
55
-90
15
27
-70
-23
20
-76
-1
81
-3
-99
63
-27
-202
0
-23
-57
-54
-42
18
-83
-153
112
-33
-61
24
-4
-82
-78
-21
-31
-43
2
-51
-62
1
-136
-87
26
-40
-49
-14
-83
-90
-4
-159
-31
27
-37
-66
123
-121
-22
76
-132
-10
18
65
-5
-43
23
21
-77
40
17
80
13
31
-10
-3
67
-28
-101
164
-29
-103
61
134
-212
139
77
-24
64
125
33
96
58
54
55
15
89
-33
148
43
103
20
114
3
83
39
63
73
97
48
-30
160
-25
-3
77
21
-16
27
-43
110
-70
16
132
-136
116
59
-77
94
29
-85
111
-70
24
34
11
1
-80
-66
73
-80
-191
133
28
-168
-23
44
-155
-59
47
-86
17
-50
-11
-83
-30
-123
-16
19
-86
-38
1
-5
-73
-12
-25
62
-84
99
-54
-50
8
-88
42
21
-136
50
101
-296
46
58
-134
-17
-11
-56
-6
-104
53
39
-191
88
52
-63
0
50
5
42
-72
11
93
-101
26
55
-66
158
-95
62
218
-69
-49
253
20
-115
116
110
-19
-38
32
114
17
85
-85
242
-118
-11
111
125
60
69
207
-29
-102
91
198
-271
271
6
5
-1
80
-13
-136
169
4
-57
141
-11
-80
78
-167
124
-10
-117
216
20
-282
207
-18
-78
85
-6
111
26
-127
97
43
-22
92
-85
266
-120
41
80
92
-79
-12
95
41
-57
6
97
-23
-61
-39
149
-80
-13
189
-113
-56
144
-86
-105
307
-111
-59
295
-182
4
30
11
-52
86
-14
153
-83
0
73
-88
-111
249
-75
-49
303
-213
-140
283
-113
-78
369
-204
31
59
56
-51
147
115
101
-71
109
48
67
55
-86
258
-96
-119
195
-70
-129
178
54
-146
172
-56
-61
64
-16
-194
192
61
-255
241
-154
1
54
-73
-96
213
-261
71
80
-293
140
-33
-240
85
-27
-173
18
-88
-41
-11
-161
6
157
-313
-102
207
-150
-171
185
-107
23
-139
-54
238
-115
-128
161
28
-334
82
26
-124
-8
-39
33
63
-152
28
22
-154
-8
-80
51
-11
24
68
-127
17
172
-237
95
64
52
10
-103
86
-27
-215
221
-163
-90
199
-208
-19
2
-91
4
58
-167
56
-168
-14
21
-120
-153
181
-198
12
16
-238
150
-177
-72
44
-161
-75
204
-136
-297
132
66
-211
-154
247
-30
-67
-71
64
-67
-34
89
-19
109
-68
26
-94
284
-166
49
101
-32
19
-51
108
33
40
-24
124
-79
19
140
-12
-80
165
159
-333
305
190
-184
220
-16
79
86
-77
-100
524
-183
-75
179
281
-336
103
315
-248
152
8
134
-120
26
105
43
-63
-55
184
-165
-67
67
34
-170
143
-191
-21
164
-403
348
15
-195
32
73
-79
42
-201
208
-83
-264
457
-72
-237
388
30
-330
167
92
188
-120
123
159
-15
-196
212
86
-104
76
193
-66
-190
214
-109
58
-74
-110
223
-69
-201
176
-113
-23
22
-71
147
-59
-115
163
-9
-191
79
243
-228
-8
245
-97
-203
185
80
-245
118
60
42
-79
-81
132
-27
-160
192
-174
10
100
-273
173
-82
-36
-45
147
18
-46
157
107
-210
55
21
-51
99
-120
113
-48
-115
264
-167
-74
362
-179
-23
194
-155
42
-38
-41
-11
53
-95
101
45
-68
-6
38
107
-166
-81
313
-254
9
100
-44
-134
9
11
109
-323
225
195
-434
301
-44
-59
10
-117
119
217
-564
538
-147
-377
488
-329
79
434
-482
254
295
-631
388
153
-355
226
-7
116
-97
-255
207
208
-478
119
384
-303
-134
25
295
-502
105
64
-47
-96
-39
-168
369
-432
-87
376
-281
-70
43
-71
165
-414
25
554
-588
-10
275
-249
-237
90
-84
210
-467
232
65
-445
52
229
-197
-21
9
157
-73
-224
20
248
-227
-59
38
97
-56
-164
72
148
-275
-78
310
-234
-34
-76
251
-272
-151
269
8
-222
218
-120
-89
52
-69
97
-188
240
81
-367
32
271
-407
-36
311
-26
-57
-257
341
83
-397
281
363
-311
128
-104
261
-185
-155
359
48
-251
125
153
61
-89
206
203
171
-276
223
307
-279
107
228
-98
294
-272
123
351
-452
196
486
-339
-9
322
28
-355
184
275
-140
-61
167
113
-82
-71
235
320
-568
395
175
-440
197
122
-274
256
-108
-256
429
-207
78
-132
192
-68
134
-271
235
-75
-12
10
-97
-170
119
57
-237
326
-175
-61
186
-59
-143
196
86
158
-378
135
173
-418
24
121
-31
-198
263
-179
-106
209
-212
-14
175
-444
234
-3
-323
129
-292
193
-108
-515
585
-89
-679
611
-131
-419
207
-54
25
-275
-244
237
-4
-481
388
-45
-192
142
-195
86
-83
-2
-109
92
-84
-151
18
113
-112
272
-243
102
320
-464
212
494
-580
282
199
-191
95
35
-44
371
-466
282
128
-163
223
-42
-149
388
-414
-38
463
-123
-185
222
380
-649
132
380
-219
-146
321
-31
5
-232
238
57
-233
213
114
-66
-52
221
-170
151
-21
-44
115
-103
-78
251
-268
226
-23
88
222
-235
256
159
-327
228
140
-244
141
-133
123
144
-428
462
-88
-318
482
-545
253
340
-734
493
7
-462
349
-405
355
-149
-90
126
-97
104
-113
176
-96
-422
316
-101
-243
76
-21
37
-79
-123
188
-14
-148
76
-106
-319
189
124
-527
207
20
-397
151
-77
-26
232
-428
304
148
-490
219
164
-196
-4
-205
358
-238
-9
167
-196
49
-51
-161
23
114
-14
-240
165
37
-267
126
3
254
-473
288
109
-321
3
118
-87
-52
-124
81
-80
-154
611
-644
302
101
-221
102
-37
-27
431
-452
111
131
-202
105
96
26
44
-50
35
48
105
-275
343
308
-486
390
146
-106
124
14
-2
245
69
-194
272
283
-165
-211
347
-85
-173
282
381
-184
184
236
-300
6
287
-192
83
310
-253
265
-220
-277
417
-244
-88
335
-420
375
19
-463
434
-118
-110
215
-343
107
313
-501
515
-304
-130
299
-284
-69
206
95
-66
-318
384
-107
-269
434
-99
19
-308
367
-36
-388
183
88
-191
152
-338
292
63
-270
-32
360
-317
44
206
-259
34
130
-392
398
-202
-213
458
-203
-140
187
101
-222
107
-124
21
-51
58
-267
178
70
-431
224
69
-206
-32
294
-87
-157
-81
313
-463
160
97
-98
-115
177
-252
127
14
-116
169
-40
-250
214
-95
-165
251
-92
-176
235
-159
-77
125
-166
-17
242
-106
160
-251
244
-86
-453
623
-397
-93
590
-637
369
49
-377
420
-257
-75
532
-540
261
125
-462
483
-93
-393
622
-65
-302
439
-393
356
-146
-1
304
-23
-93
182
-94
82
124
-101
283
-220
202
91
-138
13
226
-164
30
275
-235
-50
291
-152
-23
128
46
71
-140
-53
331
-214
-63
222
-172
63
-130
303
-438
235
97
-323
19
391
-536
156
51
-325
341
-433
349
-161
-120
204
-119
-75
421
-598
369
-60
-216
24
78
46
-338
528
-170
-225
230
-83
-82
127
-185
552
-648
367
35
-695
819
-362
-154
436
-157
-169
213
-193
257
-92
-27
114
-99
-160
58
33
-153
229
-152
131
104
-315
49
187
-310
-46
396
-216
-38
89
-235
-19
98
-189
181
95
-179
176
-103
-89
285
-462
414
30
-312
316
-61
-341
351
-196
74
58
-238
468
-444
37
352
-472
-89
680
-717
350
199
-445
318
-161
-262
397
-293
-19
343
-348
356
-304
-65
205
-63
-159
217
-47
121
-311
157
11
31
-97
16
363
-338
29
475
-372
84
-19
190
-165
12
282
-168
183
-67
-143
453
-298
34
379
-389
278
9
-568
915
-756
50
848
-891
263
476
-871
631
-68
-476
867
-749
159
484
-387
-273
504
-230
-178
406
-324
248
109
-469
348
74
-619
527
-90
-353
283
-163
-93
29
0
-119
119
-96
94
-173
38
81
-117
-15
0
89
-289
220
16
-353
310
-94
-76
232
-592
558
-174
-359
276
-28
-306
280
-252
-54
161
-3
-333
388
-225
-188
395
-453
175
-18
-134
62
79
-276
118
215
-555
223
328
-855
753
-244
-373
580
-487
-222
533
-326
-120
482
-352
209
102
-388
243
308
-558
305
311
-492
333
-274
149
-111
-231
346
-145
-254
407
-455
93
85
-304
251
-407
556
-131
-479
616
-277
-170
-119
576
-482
44
603
-648
147
449
-716
463
149
-332
677
-645
550
6
-387
426
98
-482
380
-28
87
-137
89
148
-244
210
-176
367
5
-226
229
69
-345
286
91
0
105
-151
498
-435
-26
172
-161
124
195
-333
460
-288
-252
157
104
-133
153
119
24
-160
160
-117
-110
200
-223
327
-13
5
-134
391
-491
222
-56
163
44
-134
98
-91
-205
-37
282
-246
274
-145
-21
-14
139
-534
597
-220
-3
29
-207
329
-483
-45
489
-311
-139
322
-368
427
-517
126
292
-662
342
29
-285
142
2
-246
8
-163
-25
-130
151
-146
-166
293
-190
-143
-8
283
-422
108
302
-315
168
84
-286
269
-100
-129
423
-273
212
73
-187
302
-113
-46
266
-69
9
259
-107
-20
110
-76
-142
112
62
-171
341
-139
-101
124
13
-140
70
244
31
-234
244
-11
-354
114
-65
38
-69
113
-4
-56
-39
11
-147
129
193
-6
-38
287
-110
-102
13
241
4
-112
382
-81
-173
172
-118
-168
23
164
-29
-72
21
-87
-132
-136
20
38
66
-26
156
-103
-43
64
3
-39
251
-2
14
73
-61
-101
92
-83
-4
180
108
-14
18
-85
-43
28
-239
177
196
-81
31
-37
131
-165
-66
366
38
205
-26
24
63
-113
71
-28
189
134
-242
278
52
-280
251
-184
143
-3
-24
38
-119
-95
-67
-224
166
-91
-137
197
-97
-207
43
-77
-231
-18
-10
-194
72
-60
-263
25
-84
123
-287
41
208
-388
41
200
-351
-68
-98
-196
-1
-122
102
-126
-235
92
-267
-129
83
-50
-82
193
-99
-246
-44
-32
-186
-17
249
-46
64
-205
55
-73
-189
246
-80
49
242
-161
58
123
-91
61
129
73
81
141
-12
-32
109
6
29
136
28
73
-67
270
-39
-78
243
-36
121
200
50
252
77
23
287
30
150
191
-35
321
92
64
344
-80
59
191
-17
160
69
31
-115
64
-138
-110
28
-246
-86
-118
-265
14
-338
-296
-35
-461
-208
-277
-400
-210
-422
-352
-338
-308
-337
-598
-300
-208
-545
-371
-310
-543
-422
-491
-475
-253
-519
-316
-332
-338
-148
-233
-165
120
73
19
443
236
321
405
531
669
727
859
875
862
1018
864
1014
1282
1005
1132
1236
1024
1053
946
811
968
677
729
797
550
376
430
175
207
279
30
157
50
-61
-123
-157
-102
-274
-290
-75
-267
-249
-204
-421
-370
-382
-401
-353
-366
-492
-576
-782
-777
-646
-921
-817
-939
-1109
-1350
-1392
-1449
-1498
-1570
-1541
-1945
-1719
-1959
-2206
-1688
-1344
-907
-841
-1133
-1461
-1176
-1040
-207
498
682
418
341
29
431
881
1327
1737
1756
1749
1707
1696
1202
1277
1225
1532
1798
1706
1183
738
140
6
209
546
450
432
-158
-590
-478
-665
-615
-438
-418
-161
161
-13
38
-118
-103
309
780
1168
1508
1232
1129
1111
956
1327
1634
1661
1831
1724
1453
1216
921
844
778
835
841
594
64
-167
-732
-800
-691
-889
-826
-1144
-1389
-1753
-1753
-1733
-1722
-1572
-1553
-1817
-1741
-2003
-1665
-1833
-1502
-1471
-1543
-1442
-1747
-1384
-1782
-1572
-1575
-1543
-1418
-679
-574
-38
-615
-799
-1217
-214
275
971
1270
821
443
114
588
930
1965
1803
2107
1657
1765
1577
1686
1418
1707
1780
1981
1884
1401
480
210
209
386
744
704
265
-458
-827
-1079
-668
-514
-412
-746
-701
-761
-778
-835
-680
-540
-99
385
715
551
375
142
267
891
1522
1859
1694
1382
890
1009
1306
1651
1817
1664
1242
938
725
570
514
602
558
422
222
-239
-581
-871
-843
-666
-476
-729
-1085
-1506
-1716
-1671
-1359
-1188
-1315
-1524
-1757
-1721
-2015
-1562
-1673
-1626
-1464
-1800
-1943
-1924
-2034
-2144
-1617
-1475
-510
-418
-938
-1184
-1629
-937
215
512
1405
1092
101
166
211
1009
2184
2446
2333
2196
1599
1937
1927
1913
2320
2194
2226
2229
1392
758
534
331
654
982
732
410
-724
-1311
-1305
-1014
-255
-589
-982
-1295
-1540
-1482
-1170
-975
-575
-387
-316
196
-7
49
0
74
936
1528
1728
1701
1252
817
1117
1603
2216
2412
1816
1327
880
920
1187
1261
1305
911
407
105
-65
-120
-130
-321
-412
-443
-950
-1125
-1308
-1521
-1258
-1284
-1216
-1502
-1808
-2174
-1835
-1854
-1518
-1302
-2052
-1664
-2361
-2153
-1965
-2160
-1793
-2046
-1718
-1094
-783
-886
-1352
-1572
-1004
-42
656
1095
1135
87
-32
123
1224
2367
2673
2465
1814
1666
1668
2285
2608
2865
2486
2197
1825
1400
1058
840
915
1005
857
576
-65
-781
-1242
-1205
-897
-377
-791
-1540
-2003
-2197
-1742
-1463
-1045
-993
-1060
-1246
-1053
-610
-289
1
34
299
605
712
1031
955
1184
1243
1335
1717
1653
1522
1301
1293
1339
1560
1417
1255
974
638
608
479
769
595
200
-139
-307
-431
-397
-381
-637
-772
-1119
-1292
-1260
-1422
-1301
-1486
-1654
-1440
-1852
-1730
-1963
-1938
-1937
-1938
-2242
-2064
-2422
-2175
-1709
-1151
-624
-1121
-1582
-1626
-975
-179
942
1097
1006
97
-33
519
1796
2777
3191
2492
2217
1918
2198
2890
3327
3373
2960
2461
1996
1894
1490
1514
1426
1277
1015
508
-218
-638
-1206
-1029
-783
-610
-1213
-1921
-2511
-2433
-2112
-1609
-1391
-1513
-1751
-2113
-1807
-1196
-709
-401
-549
-612
-320
-103
323
700
862
780
959
910
1278
1415
1357
1578
1631
1683
1546
1388
1363
1236
1276
1459
1421
1282
809
329
335
399
389
362
-69
-474
-839
-986
-946
-877
-1064
-1422
-1641
-1808
-1764
-1836
-1978
-2085
-2345
-2560
-2408
-2436
-2437
-2353
-2271
-1595
-1383
-1634
-1574
-1860
-1250
-476
77
744
591
-163
-270
203
1328
2638
2696
2394
1755
1334
1905
2727
3442
3643
2792
2002
1559
1500
1896
2106
1952
1466
616
140
-1
-257
-217
-392
-549
-717
-1352
-1863
-1841
-1896
-1548
-1355
-1427
-1445
-1915
-2024
-1705
-1153
-610
-470
-735
-773
-731
-466
249
714
951
787
516
584
935
1379
1843
1985
1856
1547
1323
1455
1805
2001
2076
1789
1487
1171
859
953
1081
1051
813
305
-111
-418
-605
-715
-585
-790
-1021
-1524
-1877
-1796
-1974
-1890
-1852
-2004
-2347
-2503
-2821
-2601
-2571
-2354
-2046
-1638
-1643
-1854
-1938
-1784
-1204
-645
36
334
160
-295
-367
99
1245
2024
2288
1948
1576
1347
1663
2399
3128
3247
2668
1913
1437
1480
1869
2178
2141
1599
686
123
-16
101
367
292
-114
-775
-1480
-1790
-1649
-1107
-990
-1223
-1623
-1932
-2149
-1991
-1455
-971
-671
-785
-1127
-1174
-972
-570
-25
494
575
427
102
166
596
1211
1698
1870
1660
1265
1072
1290
1818
2146
2141
1736
1317
958
903
1091
1324
1194
729
78
-283
-295
-195
-65
-190
-514
-955
-1403
-1474
-1230
-1058
-1092
-1248
-1666
-1903
-1990
-1897
-1590
-1477
-1536
-1716
-1699
-1903
-1448
-1020
-881
-791
-1112
-1048
-737
-501
29
297
192
47
37
258
936
1296
1568
1424
1027
1100
1297
1648
2070
2082
1806
1451
1015
1155
1290
1429
1456
1027
434
104
-209
-55
77
-117
-267
-695
-1246
-1354
-1297
-1079
-865
-1074
-1248
-1549
-1605
-1366
-1072
-739
-568
-714
-781
-700
-583
-230
68
137
459
431
554
747
808
1033
1149
1454
1613
1605
1587
1548
1541
1643
1704
1693
1656
1393
1259
1096
1060
1094
855
661
546
244
127
7
-82
-190
-364
-598
-691
-877
-1010
-977
-1093
-1101
-1256
-1389
-1382
-1407
-1318
-1249
-1232
-1265
-1288
-1260
-1183
-1047
-870
-764
-801
-664
-625
-557
-419
-314
-237
-83
-39
26
78
58
128
271
421
510
566
454
428
359
428
551
623
590
400
183
75
74
108
115
43
-72
-413
-578
-678
-652
-562
-635
-692
-855
-1012
-1036
-951
-698
-566
-519
-600
-590
-593
-429
-146
67
353
373
411
488
586
791
1092
1281
1363
1413
1295
1421
1550
1612
1691
1678
1636
1556
1528
1482
1477
1395
1241
1178
1075
1018
853
706
471
349
282
153
174
3
-267
-422
-472
-488
-466
-511
-639
-770
-885
-796
-717
-746
-749
-887
-930
-873
-751
-715
-763
-801
-821
-796
-720
-648
-646
-691
-694
-695
-593
-569
-580
-556
-586
-560
-531
-552
-504
-574
-609
-584
-558
-572
-625
-623
-599
-564
-529
-536
-581
-573
-581
-540
-464
-424
-438
-434
-462
-414
-305
-228
-133
-32
-77
-87
-8
42
149
253
350
472
534
536
561
615
760
876
1052
1100
1045
994
967
1077
1188
1291
1284
1183
1109
1042
1020
1063
1127
1107
994
901
779
725
662
691
602
530
397
310
277
246
236
163
163
36
-17
-33
-74
-75
-89
-133
-194
-217
-257
-279
-260
-206
-249
-296
-322
-342
-319
-304
-326
-294
-351
-371
-335
-359
-290
-301
-391
-397
-409
-447
-463
-444
-495
-546
-549
-639
-647
-696
-743
-793
-772
-771
-813
-811
-875
-952
-976
-974
-933
-836
-855
-870
-901
-843
-767
-651
-515
-426
-383
-418
-367
-287
-228
-55
34
114
176
173
246
319
489
557
660
682
619
618
695
810
908
971
855
815
777
778
858
939
966
870
757
665
667
673
717
704
660
556
472
398
389
454
435
444
402
325
239
193
203
235
283
269
185
83
2
-19
31
109
89
30
-43
-159
-166
-152
-82
-77
-105
-163
-269
-286
-289
-255
-232
-187
-261
-303
-372
-399
-365
-370
-306
-348
-358
-430
-452
-432
-374
-339
-386
-433
-498
-496
-471
-414
-388
-416
-458
-541
-505
-443
-324
-235
-246
-281
-339
-318
-274
-135
-35
-35
-45
-56
-116
-51
39
155
205
210
173
81
112
159
266
384
364
265
173
113
136
207
274
275
198
101
15
21
85
133
167
123
87
29
-31
-11
25
85
122
111
64
24
-10
6
102
153
155
96
34
-31
7
48
76
89
-10
-77
-112
-62
-25
-14
-52
-121
-176
-161
-98
-52
0
-51
-55
-93
-77
-14
23
46
35
40
65
74
86
160
156
169
171
156
140
162
177
248
234
173
166
114
113
145
168
179
180
124
96
95
91
91
118
70
62
47
37
57
64
50
23
66
13
25
31
-13
-18
-5
-5
-46
-63
-126
-125
-135
-162
-117
-144
-229
-283
-308
-302
-263
-229
-204
-233
-294
-332
-278
-220
-162
-72
-58
-112
-127
-113
-85
2
78
91
85
25
0
46
76
89
149
110
46
21
-23
-33
-45
-32
-81
-124
-133
-162
-194
-149
-161
-161
-193
-218
-210
-214
-163
-133
-110
-143
-128
-104
-40
54
94
122
101
62
47
141
186
236
251
202
187
178
203
267
275
273
273
218
226
215
227
222
225
217
163
143
132
139
145
161
166
146
117
53
50
73
117
123
120
47
-9
-22
-7
39
49
44
-10
-72
-105
-83
-66
-43
-51
-77
-129
-152
-142
-120
-110
-108
-93
-119
-106
-98
-99
-88
-78
-72
-102
-80
-112
-116
-107
-106
-113
-120
-151
-200
-202
-211
-186
-228
-231
-296
-352
-354
-356
-330
-311
-297
-339
-336
-346
-296
-242
-194
-186
-197
-204
-213
-161
-94
-20
49
90
84
94
143
202
270
334
343
360
323
328
387
424
470
464
441
418
401
400
428
419
375
353
301
288
290
280
266
235
227
199
202
193
178
187
160
147
156
146
131
112
122
116
130
132
100
101
81
78
108
106
80
82
22
7
38
42
47
44
-37
-77
-84
-70
-41
-23
-47
-101
-110
-145
-152
-156
-151
-151
-169
-202
-251
-268
-303
-340
-325
-354
-385
-413
-481
-511
-495
-504
-493
-494
-528
-572
-596
-578
-560
-509
-490
-486
-481
-469
-422
-359
-293
-242
-183
-176
-113
-63
-18
80
178
216
238
258
261
316
366
420
480
485
467
473
478
516
552
568
524
519
472
424
416
410
394
361
336
274
244
196
171
149
162
109
87
52
-21
-26
-42
-45
-50
-40
-83
-90
-95
-86
-74
-84
-81
-117
-139
-145
-100
-62
-55
-36
-73
-40
-37
16
64
90
89
56
73
79
125
163
194
178
156
121
100
99
107
92
63
40
-13
-44
-73
-117
-130
-170
-213
-232
-273
-296
-327
-366
-373
-389
-393
-418
-424
-429
-428
-394
-399
-383
-373
-379
-364
-326
-276
-228
-202
-180
-169
-127
-72
4
68
80
109
130
136
169
229
261
312
327
327
340
324
320
339
357
375
349
318
299
271
263
272
254
256
215
170
144
118
111
84
63
39
8
-19
-37
-40
-49
-69
-100
-153
-146
-177
-173
-166
-186
-173
-168
-171
-155
-141
-122
-101
-63
-21
19
47
68
80
107
159
163
192
203
203
264
305
314
320
263
214
190
179
208
257
239
191
138
81
41
13
-18
-44
-56
-90
-141
-174
-221
-242
-267
-263
-276
-281
-308
-340
-360
-356
-331
-348
-362
-365
-352
-316
-248
-209
-205
-195
-210
-194
-139
-103
-67
-52
-52
-61
-16
16
26
44
34
57
84
63
113
135
154
139
144
167
167
176
181
242
244
274
251
232
217
205
222
240
218
178
149
124
104
83
39
17
-15
-42
-33
-23
-35
-44
-88
-93
-121
-96
-127
-120
-45
-3
150
3
-179
-271
-248
-163
-58
252
298
9
-149
-213
-209
-107
110
258
231
139
1
-116
-187
-143
29
113
169
156
129
2
-113
-112
-70
12
75
133
73
-32
-134
-132
-144
-126
-39
88
47
-33
-69
-104
-168
-144
-29
-7
-15
-17
-21
-149
-237
-186
-116
-117
-49
6
-33
-126
-173
-139
-101
-58
-15
14
-7
-18
-47
-46
-51
30
38
90
523
499
122
-149
-52
-106
-264
233
699
415
87
48
-85
-263
-178
260
340
252
172
-36
-310
-59
183
146
76
93
-47
-318
10
310
211
80
157
60
-190
-211
24
95
100
215
302
187
-31
-193
-218
-169
-86
62
207
175
34
-155
-220
-243
-393
-325
115
304
-372
-592
396
601
55
58
165
-526
-1292
-88
816
754
386
208
-575
-1137
-864
-38
214
474
603
222
-355
-601
-449
-350
10
370
451
165
-41
-200
-362
-285
80
359
328
165
-3
-88
-201
-206
-1
211
267
148
70
-108
-233
-179
42
175
220
226
79
-101
-179
-150
-52
15
160
150
139
78
-30
-103
-77
-18
92
208
209
175
106
87
110
100
189
240
222
180
155
92
-54
-100
28
83
70
105
114
-15
-198
-108
-51
-46
-37
70
89
64
1
-41
-301
-306
-125
-82
-154
-109
-198
-404
-593
-398
-150
-77
22
-30
-63
-215
-262
-234
-128
-112
-106
-191
-196
-197
-157
-148
-150
-29
28
47
42
145
2
-189
-94
33
73
197
404
364
139
62
54
88
144
267
392
340
210
43
-121
-118
9
278
429
461
356
195
46
27
94
242
365
317
228
138
68
42
104
161
184
202
215
183
57
75
34
-26
-16
6
54
106
11
19
21
-9
-147
-94
-20
-77
-168
8
-30
-175
-168
-34
-39
-103
-84
-62
-203
-285
-221
-172
-191
-208
-175
-167
-272
-377
-276
-336
-235
-111
-100
-192
-370
-459
-500
-434
-244
-151
-130
-217
-273
-329
-301
-286
-170
-87
-37
-76
-49
-1
-129
-108
-37
21
120
102
131
52
0
22
50
170
291
292
266
220
180
263
343
275
230
279
377
346
290
389
336
188
128
309
367
348
330
291
147
204
223
230
204
253
221
217
260
313
209
193
93
149
158
122
103
151
139
178
181
29
-143
12
-39
-201
59
166
-80
-314
-172
-233
-293
-100
-81
-241
-204
-218
-392
-412
-146
7
33
185
129
20
-300
-751
-473
-130
-139
-287
-76
-216
-738
-773
-438
-403
-343
-320
-86
-94
-352
-527
-504
-312
-505
-355
132
152
-137
-62
26
-239
-388
-100
233
42
71
-7
-228
-314
-107
191
47
326
211
-42
-38
67
203
88
262
311
-24
154
188
-78
1
515
163
322
522
305
393
166
438
232
416
717
35
422
565
71
174
314
684
30
278
662
-78
123
452
161
79
277
354
-301
-68
307
11
92
626
202
-413
39
36
-247
29
276
123
-407
-206
59
-406
-486
-83
-20
-348
-130
106
-323
-469
-140
-299
-561
196
-90
-249
-120
-839
-118
-502
-654
134
-305
-110
-409
-311
-331
-905
-6
-455
-653
486
-238
-705
2
134
-571
-205
669
-454
-36
186
98
-307
-196
420
-386
-288
364
-240
243
-160
226
198
-14
95
329
271
-18
379
218
596
-149
220
606
-42
482
158
792
-2
-70
877
-182
399
328
746
170
249
572
-18
28
119
519
486
253
302
470
-191
-489
1049
199
-748
233
702
-509
-225
893
364
-805
-167
678
-562
-146
469
233
-558
-154
88
-696
-35
-478
473
36
-474
345
-711
-296
-447
-438
241
84
-330
-230
262
-899
-559
279
-610
-94
-53
-111
-406
-626
-181
-234
-387
103
-345
-521
-135
-561
281
-487
-437
240
-891
-202
374
294
-923
673
-256
-1054
629
-239
110
-385
484
319
-1166
1109
334
-997
770
129
71
-80
697
728
-945
908
101
-74
365
1017
-87
351
364
-462
814
97
-70
953
557
-80
103
898
-251
-562
692
895
-972
749
1417
-1502
262
540
93
-208
401
1215
-1256
149
1012
-1496
875
-249
309
11
-772
1694
-1627
277
704
-1437
1106
-1128
639
104
-551
144
-545
240
-1032
250
675
-1090
340
232
-871
-439
274
538
-1415
288
951
-1478
205
558
-420
-292
-635
1115
-1137
354
777
-1429
322
-500
402
-1022
339
1047
-1977
979
-507
85
-233
-706
1028
-799
28
90
-174
283
-828
-48
739
-882
473
200
-284
263
-365
618
-371
145
745
-225
177
471
4
165
448
-323
979
16
-184
933
130
-168
106
1021
-537
20
1369
-637
401
-329
884
-470
-144
1628
-971
84
787
-870
-169
517
425
-486
68
708
-761
-601
757
-285
-464
534
169
-911
263
439
-984
464
30
-152
-366
-31
354
-812
215
-15
-98
-493
738
-919
-144
391
-411
-102
-28
323
-559
-709
966
-651
-313
456
-123
-109
-590
579
-726
-221
781
-583
231
239
-502
-185
136
-95
197
-335
253
-6
-538
416
-38
-371
552
-637
258
265
-198
270
-547
699
-469
-226
1332
-912
463
240
-319
343
-161
1100
-760
463
939
-1485
1457
-241
-548
846
-296
530
-349
1042
-324
-676
806
114
-500
1020
-154
21
-227
378
-461
81
1430
-1252
737
135
-406
-449
-306
1792
-2153
1117
302
-1144
381
-382
1
-346
54
402
-1120
914
-410
-1221
1307
-1490
729
-132
-660
828
-1143
812
-575
-73
556
-955
432
111
-537
745
-219
-907
745
-488
-257
391
-116
598
-1205
627
550
-1638
1060
-691
-169
-240
373
-36
-259
195
-559
-226
105
510
-543
189
734
-1135
-37
975
-1298
518
179
-445
579
-853
1091
-869
-390
1576
-1247
85
1189
-938
210
-7
642
-92
-701
1689
-663
-20
410
1
-126
274
937
-948
1001
87
-1101
1181
-813
944
-229
-241
742
-255
-397
260
429
-276
-747
1109
-84
-685
483
843
-1887
1012
682
-1770
1008
538
-747
-386
989
-393
-449
302
568
-772
243
542
-911
47
893
-1311
775
-142
303
-53
-850
1110
-605
-754
1159
-500
-347
180
402
-1177
131
414
-710
-249
476
773
-2075
941
147
-1384
516
-185
44
-344
-113
219
-813
262
-4
-738
755
-160
-295
454
-662
648
-579
-23
574
-392
347
-520
974
-544
-54
750
-289
386
-294
600
15
-343
571
14
191
-291
736
663
-1108
614
777
-512
-470
1193
469
-1342
1224
72
-334
20
-26
764
-849
688
367
-680
805
-446
92
-109
32
650
-644
683
-40
-50
-636
813
455
-1424
1596
-745
0
-80
414
-94
-608
1377
-1470
363
460
-858
463
-149
67
-502
142
526
-1560
1230
-107
-1518
1126
-184
-474
-416
398
-197
-1423
886
-208
-990
428
-185
-416
-449
228
-118
-1109
946
-742
-722
839
-923
171
-375
-156
147
-548
391
-197
-581
609
-254
-513
625
94
-608
648
-379
543
-240
-447
1763
-1428
854
424
-241
503
-209
500
130
210
541
214
-305
959
119
-624
1338
192
-515
634
773
-385
295
590
-259
124
512
513
-607
729
548
-727
529
371
23
-212
382
254
-247
411
-235
-35
249
-265
520
-375
-104
735
-691
125
587
-498
394
-276
38
349
-925
486
-58
-894
1072
-970
101
181
-1132
548
-700
-20
544
-1478
776
-420
-734
-323
334
-730
-396
332
-371
-769
479
-547
-589
-282
378
-743
-887
1327
-1367
-630
914
-858
-188
-13
469
-977
36
222
-178
-137
-407
1180
-1341
381
773
-1064
1040
-469
606
156
-454
894
-116
-11
170
493
-80
297
615
-858
1108
-286
234
621
-388
731
-471
351
546
-201
451
445
-456
813
170
-515
1109
-489
353
316
-155
639
-516
314
332
-193
-301
830
-143
-90
-34
369
-268
-572
1137
-372
-572
1112
-139
-947
752
375
-835
-52
832
12
-1415
1429
-383
-1020
947
-651
873
-1038
294
138
-938
-18
344
-341
-668
472
-592
-300
-219
516
-932
-89
466
-1126
230
4
-352
-484
345
-47
-1246
822
-51
-874
322
198
-554
148
-92
-253
114
-495
685
-548
525
-50
-324
825
-907
1058
-567
423
334
-318
714
-578
525
-80
-14
323
14
38
354
-165
239
364
-393
480
248
-140
321
-230
-66
319
-145
61
453
-227
194
-45
80
58
-33
324
-154
367
478
-908
651
-150
30
-108
408
192
-420
458
-240
-239
622
-311
-465
1211
-1030
-13
802
-495
-244
299
528
-671
-340
1246
-979
11
660
-464
-109
179
-286
30
7
35
-260
15
24
-911
838
-413
-371
231
-5
-248
-535
329
-323
-558
424
-399
-215
-10
61
-289
-523
276
-362
-146
206
-245
258
-194
-334
403
-303
-91
375
73
-347
-38
399
-499
443
-13
-84
6
-253
500
-431
602
-160
-126
358
-564
749
-345
-42
119
25
-235
39
214
-172
87
-338
456
-655
347
192
-421
412
-358
269
-169
-214
661
-296
77
228
-93
251
-250
279
296
-125
282
-93
80
204
-609
963
-241
-288
839
-150
-427
493
57
-204
193
-82
288
-45
9
33
-109
189
-260
24
525
-436
-196
941
-1065
182
483
-689
84
107
140
-409
-79
-34
272
-743
45
547
-580
-299
-84
264
-501
-346
789
-453
-516
575
-725
-110
341
-157
-115
-14
263
-653
94
194
-271
-175
442
-103
-478
601
-362
-54
299
15
-20
127
-63
32
-28
-139
484
-123
-382
383
35
-60
-148
561
-43
-377
378
-15
57
-264
341
-146
-189
794
-660
494
-3
-210
91
383
-216
234
45
-13
144
-169
439
-405
453
101
-147
296
-46
27
-28
171
112
-58
162
-107
302
-407
369
412
-580
701
-264
-13
-104
-15
481
-464
636
-403
88
-345
321
334
-629
722
-364
-40
-64
-142
337
-433
181
-13
-252
514
-346
-49
214
-30
-328
165
454
-829
233
257
-430
-164
584
-374
-275
423
-472
90
75
37
-262
-120
252
-370
88
328
-701
439
-136
-346
627
-477
158
-310
324
-345
-58
320
-383
141
-212
149
23
27
-19
-404
396
-465
-92
292
35
-53
-38
-4
-74
-372
282
-5
107
-135
280
-224
-379
469
-255
-25
277
-66
83
-112
113
59
-79
-14
368
-372
413
-59
-139
947
-835
568
-68
80
13
-136
559
-591
318
-137
115
171
-51
-100
-100
341
-546
475
90
-211
304
-204
162
-238
227
8
48
-66
62
35
80
-2
-163
561
-391
123
350
-349
-103
224
250
-581
323
150
-554
320
-266
282
-310
-128
595
-679
442
-172
-214
-117
-296
120
129
-355
265
-245
-152
115
-330
303
-54
-446
307
-288
22
-288
379
-66
-319
274
124
-499
324
83
44
-410
426
-22
-696
557
-162
27
-91
107
297
-312
52
125
-282
425
-145
-8
483
-216
-18
178
20
242
-335
934
-323
-222
307
-101
140
-218
662
-74
-416
688
-390
114
105
419
-282
-155
666
-787
319
201
-223
-65
209
138
-483
150
430
-206
-141
531
-210
-343
405
-411
-129
436
-68
193
-429
214
112
-415
328
268
-453
505
-363
-32
271
-325
191
-513
341
29
-76
78
16
171
-433
49
-18
-152
179
-151
375
-66
-311
8
-72
-213
-184
510
-78
-90
-41
-165
-7
-371
352
-26
-337
542
-709
-65
379
-705
517
-139
-90
61
-14
-69
-275
279
-182
-179
128
-95
185
-465
320
-199
27
-29
-87
299
-26
-251
348
-187
266
-231
-137
96
80
0
-206
600
-27
-490
428
-239
22
-284
522
-56
-194
139
-139
-3
-378
502
-257
-164
441
-300
148
18
-297
225
-243
-42
209
193
-169
36
21
166
-433
564
-294
118
105
-48
155
42
2
-127
315
-34
-319
441
414
-776
413
786
-1075
642
-56
293
-788
555
522
-1262
1083
-147
-435
137
-51
164
-386
555
-356
-87
261
-409
101
113
-217
-137
72
166
-531
172
359
-791
328
92
-436
-18
-59
358
-419
171
211
-739
186
32
-470
574
78
-321
71
-289
229
-430
88
300
-344
119
-116
-71
-15
-85
-246
258
17
-278
296
-76
-111
-173
164
-108
-21
157
-260
171
178
-269
-164
468
139
-920
679
159
-610
280
239
-176
-311
531
62
-431
422
328
-409
-89
630
-130
-267
310
162
-165
191
122
246
5
233
94
128
169
-43
417
-158
7
466
-314
110
310
-184
199
-140
691
-457
-19
612
-533
-36
462
-208
29
157
72
-291
281
9
-427
383
75
-43
-102
402
-354
-25
383
-415
282
62
-27
-92
84
210
-746
529
-201
-291
157
-43
222
-323
-20
300
-697
341
-102
-217
386
-351
-109
162
-302
114
-385
-25
250
-506
372
-162
-73
-58
-517
348
-410
-19
253
-359
386
-525
261
-363
-166
394
-741
672
-165
-369
417
-444
122
-36
-14
-28
9
86
-180
-11
392
-287
-142
144
249
-189
124
245
-29
116
-147
127
454
-480
348
135
-38
291
-325
576
-182
14
719
-691
677
-115
-276
470
-136
136
71
-165
264
-429
287
325
-531
186
36
-11
-220
47
592
-757
68
266
-491
144
-141
324
-430
203
276
-563
219
-132
-87
-73
29
294
-451
-10
192
-323
42
-51
177
-136
-305
612
-516
51
265
-363
-140
215
-175
-20
-18
308
-398
191
-24
-45
27
-13
115
92
-229
97
-76
46
-236
95
163
-266
145
-59
-44
18
-202
315
-444
189
77
-503
683
-304
-225
233
16
-12
-53
346
-252
75
-345
347
38
-231
320
-83
-1
74
-48
192
-193
48
142
-78
-67
371
-238
-222
451
-236
77
74
66
111
-307
357
38
-133
-86
211
121
-344
579
-64
-188
44
147
126
-450
585
-140
-541
359
230
-612
230
353
-676
65
19
161
-278
107
314
-597
244
-75
-383
222
-68
-25
-39
-44
255
-399
-109
372
-144
-380
637
-224
-262
78
64
-99
-301
441
87
-730
753
-474
-78
-9
2
199
-541
668
-370
-290
442
-544
370
-390
209
278
-596
396
-286
145
-152
-143
302
-18
-187
139
82
-185
-168
261
12
-468
344
201
-514
351
159
-87
-258
294
139
-633
645
6
-442
448
-23
32
-223
365
125
-523
783
-95
-269
213
158
-24
20
202
323
-530
378
373
-415
427
226
-102
-236
454
255
-581
317
399
-543
74
309
-98
-184
195
229
-484
347
79
-349
166
-212
398
-784
687
-2
-687
579
-265
-96
120
-124
404
-444
249
42
-274
311
-393
225
229
-332
354
-96
-286
330
-120
-57
-7
214
-118
-372
339
-21
-309
57
-178
396
-504
13
377
-147
-488
25
160
-326
-224
292
28
-607
468
-198
-442
478
-607
-50
403
-462
115
-87
115
-448
-273
438
-409
-19
69
-187
-118
-59
-35
-648
560
-425
-186
424
-425
232
-231
-161
56
9
-81
84
19
19
29
-221
380
-108
-150
190
148
-169
-96
379
-295
-2
511
-461
208
218
-60
-204
251
409
-283
-207
663
-352
-146
708
-253
79
155
189
29
-198
618
-28
-377
805
43
-310
365
215
98
-341
687
172
-362
460
232
190
-457
659
298
-442
235
836
-487
-164
795
-170
-195
174
453
-213
-223
556
-159
-149
250
3
48
-29
-22
-3
158
-170
-9
58
111
-397
166
31
-308
99
43
-317
-3
75
-347
-123
177
-423
-68
-168
164
-281
-451
394
-427
-271
-57
-57
-201
-376
62
-242
-207
177
-515
5
30
-275
-189
-79
122
-319
-50
30
-155
171
-316
129
-21
-112
-9
21
-6
28
-61
239
-234
26
44
38
126
62
2
217
18
-290
543
-64
-93
270
-30
172
18
-69
349
-276
242
6
139
290
-240
316
66
37
-14
290
225
-282
715
-200
4
478
-234
387
-213
399
296
-646
802
-43
-390
709
-387
499
-457
92
502
-809
643
-204
-183
279
-408
96
54
-326
233
-321
-111
283
-504
51
55
-191
-169
-78
110
-332
-188
217
-100
-409
459
-339
-221
185
-99
-316
105
8
-114
-66
-224
378
-631
-130
365
-575
122
-52
-123
-112
-270
132
-247
-270
258
-181
-236
310
-228
-136
45
-10
-62
-193
395
-192
-184
165
74
-115
-73
421
102
-228
68
398
-352
-40
319
58
-77
23
466
-414
128
385
-299
181
-53
110
172
-52
268
30
45
254
-249
149
344
-129
35
310
257
-203
85
390
-197
-26
507
7
-156
243
143
-2
-197
296
248
-449
390
25
57
-28
-248
679
-533
-110
375
-104
-294
-61
400
-402
-220
240
-97
-213
86
53
-294
-105
36
-153
-232
140
11
-286
-53
122
-289
-172
131
-190
-13
-108
82
-383
38
-24
-492
101
-92
-155
-144
195
-171
-260
208
-78
-245
5
269
-378
89
-62
-88
-64
-79
89
-122
-45
30
82
-277
144
292
-264
-28
277
169
-322
188
330
-275
-56
305
273
-465
462
265
-375
325
113
226
-101
146
395
-348
286
60
-25
131
76
137
-16
167
-18
-16
184
-53
85
129
-132
4
273
-332
129
95
-9
81
-73
320
-74
-83
76
64
12
-67
191
-103
-78
144
99
-162
15
312
-316
-36
418
-251
-54
101
30
-225
-175
419
-482
30
177
-181
34
-235
-86
-41
-470
221
152
-682
280
12
-499
111
-160
53
-140
-387
308
-28
-343
5
75
-293
-99
162
-91
-201
-126
126
-156
-254
403
-475
198
100
-213
291
-108
19
52
-35
137
-127
303
-196
-136
339
40
-260
293
150
-218
205
98
24
-28
171
80
-28
229
206
-237
285
147
-188
337
-16
216
-27
125
281
-124
175
152
-164
307
85
-173
231
43
43
-56
51
53
-108
134
47
-114
187
-32
-241
20
264
-304
5
269
-94
-144
21
133
-181
29
170
-121
-32
239
-221
-124
186
-145
-240
98
-70
-184
-48
-158
-86
-205
-95
-107
-239
-35
-166
-108
-59
-148
-128
-149
-156
22
-341
-31
78
-231
-47
-15
12
-282
12
165
-242
64
220
-159
-81
187
-43
-11
22
198
-35
-103
425
-159
-31
292
121
-36
46
300
42
-124
290
159
-44
76
351
-233
238
229
-2
133
225
190
-126
266
159
-104
161
156
105
-33
266
-45
74
278
-123
230
-39
276
-61
20
337
-292
121
128
-58
-37
63
197
-269
145
143
-114
-68
198
-5
-344
361
-135
-269
149
5
-101
-173
84
-69
-266
83
101
-431
112
93
-506
92
-22
-308
9
-105
-27
-158
-149
134
-396
-219
330
-390
-270
212
-342
-203
-49
-115
-112
-302
0
-18
-583
192
10
-541
83
-125
-103
-217
-88
207
-421
10
151
-263
-39
143
80
-243
84
259
-164
-140
409
-64
-220
368
-21
-116
145
200
-62
-86
374
-61
-135
330
146
-82
28
300
-37
-183
381
157
-202
220
194
-122
138
109
143
25
-29
371
-138
11
218
61
-53
75
410
-107
-47
388
36
-212
261
162
-69
-14
225
113
-174
116
128
-31
27
125
-15
-10
-7
-9
-15
-84
152
-169
-86
99
-63
-118
26
-51
-27
-43
-121
20
-4
-48
-261
63
-18
-281
112
-72
-6
-97
-101
50
-245
56
-184
-64
10
-222
28
-140
-131
-105
-66
-45
-200
12
-166
-77
-88
-95
-21
-266
8
-25
-225
51
59
-158
35
-18
24
-200
34
72
-204
86
124
-123
102
5
-1
53
-11
159
-5
-44
285
-21
-74
150
67
-50
-24
305
27
-73
206
134
-39
-112
370
60
-230
328
228
-164
-48
204
90
-262
189
316
-325
179
153
-180
105
60
22
-67
67
184
-128
-91
211
48
-267
227
140
-118
86
-29
153
-154
-121
188
-124
21
-82
52
19
-183
138
-96
-61
67
-50
-160
49
-40
-221
24
47
-142
-7
89
-141
-120
25
-112
-118
21
61
-194
-34
70
-285
-55
101
-67
-29
-18
103
-105
-220
152
-145
-84
173
-76
25
46
-43
-42
-23
130
-16
-30
280
54
-18
103
27
5
-67
228
86
35
150
89
-37
-5
133
-13
31
160
81
78
-5
159
-12
-23
200
-1
110
107
20
31
119
80
59
101
71
18
-10
169
-55
64
237
2
-3
96
70
-77
-30
232
-29
-43
84
162
-25
-26
88
77
-165
-93
132
-80
-25
38
12
-81
11
120
-132
-80
168
-176
-168
78
53
-186
-77
215
-215
-147
74
-116
-172
-77
58
-219
-68
-8
-139
-152
-69
79
-176
-93
143
-88
-201
37
58
-198
-30
90
-57
-146
29
63
-42
-55
107
18
-57
71
34
13
51
42
54
22
62
52
28
56
65
25
45
78
20
-7
101
-49
-17
109
-10
73
114
-3
51
79
55
7
108
168
-51
70
142
86
-73
52
208
-130
31
223
0
3
148
56
-80
39
97
-11
15
102
93
12
-33
44
82
-61
1
141
66
-119
31
88
-131
-59
71
-20
-84
66
-66
-8
-25
-43
-52
-34
67
-82
-59
24
-108
-122
-25
-107
-129
-26
-67
-106
-3
-85
-152
-117
-24
-158
-185
89
-146
-227
46
-95
-169
-147
0
-81
-180
62
-113
-150
-16
-112
-117
-8
19
-86
-23
99
31
-64
20
110
5
-55
169
87
27
73
20
184
7
1
205
57
35
34
125
83
13
62
113
36
-14
137
58
-19
122
100
-15
23
116
97
-82
60
113
-58
-59
133
21
-108
50
123
-101
-34
150
-3
-80
54
53
2
-29
86
38
-15
83
-5
37
45
7
19
89
54
22
44
61
32
28
66
74
-46
81
65
-57
46
1
-52
-38
19
-32
-68
39
-143
-72
34
-153
-80
-41
33
-155
-98
98
-98
-162
-8
-22
-136
-64
40
-111
-60
28
-102
-65
-19
-15
-6
-23
-2
33
-60
-23
23
10
8
-3
98
57
-25
46
45
17
11
69
68
18
90
-7
12
107
-19
63
66
51
33
14
35
20
10
31
17
55
4
-20
24
17
-1
-24
0
26
-19
-38
137
-7
-33
41
23
-53
18
67
-15
44
6
32
-4
8
62
-48
49
35
-6
-41
15
-41
-43
27
-34
17
-9
-44
-35
-38
-16
-59
-44
24
-92
-15
2
-55
-29
-73
-6
-89
-70
-51
-40
-49
-153
-1
-54
-153
-61
-21
-135
-91
-73
-77
-109
-143
-16
-100
-115
-88
-65
-107
-110
9
-105
-67
25
-128
-9
-18
-31
53
-23
17
18
39
10
6
87
83
60
-19
84
81
-15
29
111
59
-31
79
108
-11
33
100
42
20
41
64
50
25
60
41
14
26
13
28
45
23
-15
17
55
-59
-20
63
9
-26
55
78
8
-47
21
36
11
-10
6
91
26
-49
63
127
3
-39
92
103
5
-20
153
79
-37
84
101
27
-44
82
77
-12
7
17
48
-39
-41
-33
6
-21
-117
2
79
-72
-94
41
-35
-167
-34
44
-118
-78
39
-70
-75
12
-78
-89
0
-18
-141
-2
53
-115
-92
45
13
-129
16
74
-128
-30
102
-57
-77
53
30
-55
-10
68
-13
-15
23
-15
-21
2
-8
-70
0
-12
-46
-26
48
-34
-84
43
-14
-79
-41
67
-57
-70
47
-22
-37
-11
30
-48
-6
75
-34
-2
60
-18
-55
-8
57
-48
-56
78
6
-92
104
53
-96
25
102
-56
-21
136
69
-42
68
151
19
8
147
105
-50
90
154
-49
16
140
29
-58
112
110
-39
4
107
63
-76
11
112
-28
-73
19
63
-85
-78
25
-23
-65
1
0
-46
-29
-19
-25
-11
-24
44
16
-9
43
40
-45
-37
50
-46
-8
27
9
-37
-19
51
-72
-39
63
-2
-57
11
89
0
-59
33
69
-24
-6
93
66
-16
59
37
-2
16
15
53
9
18
70
22
14
17
-6
19
-21
11
-11
-1
43
-72
-70
-6
-41
-87
-89
21
-27
-122
-31
18
-101
-130
23
-40
-99
-34
10
-25
-92
-7
0
-87
-22
35
-37
-26
63
18
-79
-5
66
-44
-92
65
31
-77
-7
11
-26
-78
-34
-55
-60
-57
-74
-79
-54
-53
-91
-83
-38
-91
-138
-68
-33
-91
-81
-58
-23
-63
-85
-50
6
-33
-92
-3
18
-75
-67
-12
25
-1
-40
49
61
-2
5
55
67
3
25
90
68
108
56
109
128
94
115
128
130
120
122
151
123
119
134
142
147
72
150
126
53
116
92
56
94
67
65
40
59
47
-15
14
60
-29
-9
29
13
-41
-31
54
-67
-68
-1
6
-19
-52
11
71
-15
-32
30
52
21
-43
26
82
3
-56
42
49
-96
-50
34
-74
-101
-12
2
-133
-79
6
-99
-161
-59
17
-144
-145
7
-48
-152
-104
-44
-53
-171
-76
-53
-115
-81
-95
-98
-72
-99
-124
-86
-78
-87
-99
-79
-45
-106
-131
-14
-81
-94
-65
2
-14
-65
-5
-1
41
18
-22
51
126
61
0
141
147
40
49
156
122
81
91
114
154
48
72
154
42
76
117
41
70
70
46
67
53
42
32
45
23
47
87
30
27
53
12
26
49
23
62
61
47
69
40
56
50
56
11
48
80
0
25
57
44
12
36
73
9
9
39
59
-2
-17
70
39
-42
17
36
12
-2
-31
25
18
-38
-27
2
8
-9
-37
-30
6
-41
-41
-19
-28
-52
-43
-50
-74
-37
-24
-63
-96
-22
-15
-104
-71
17
-49
-52
-11
6
-4
-30
1
25
30
-6
0
36
29
-3
5
55
17
-18
-2
43
32
-32
0
35
11
-19
-8
23
22
-42
-20
23
-5
-40
-52
-11
-1
-33
-64
-8
1
-68
-73
-15
-8
-54
-41
-4
-2
-23
-23
-14
2
-2
-37
11
27
-11
-9
-11
4
-7
0
0
-16
2
10
-20
-30
1
-18
-34
-44
-11
1
-45
-31
-23
-24
-5
-25
-28
8
-13
-65
-53
-13
-58
-57
-36
-44
-66
-56
-106
-79
-46
-125
-91
-66
-101
-97
-73
-81
-59
-48
-72
-44
-24
-57
-41
-20
-23
-2
-8
-4
13
21
13
45
61
40
87
82
75
91
94
120
94
79
122
126
53
108
116
94
93
92
122
96
101
107
109
93
92
80
82
101
86
96
87
84
65
72
86
81
66
72
63
33
45
45
43
36
40
33
35
45
11
24
44
6
-2
27
17
10
26
31
37
29
29
28
32
46
18
30
19
18
28
2
2
16
-4
-5
-19
-55
-36
-49
-74
-75
-67
-91
-104
-96
-104
-89
-109
-109
-101
-109
-129
-117
-99
-145
-132
-123
-143
-139
-127
-122
-100
-126
-113
-94
-100
-96
-97
-76
-72
-71
-58
-39
-35
-36
-16
-27
-28
6
-16
-25
6
10
9
15
45
32
31
64
70
54
53
83
58
44
46
60
45
47
73
28
48
53
33
32
42
47
26
16
24
21
18
19
13
30
7
16
19
4
15
16
14
4
12
15
15
32
48
25
23
42
36
27
22
46
30
11
24
17
8
19
6
5
23
16
29
0
14
13
-11
-6
-15
-15
-19
-29
-35
-37
-49
-53
-70
-63
-76
-76
-52
-73
-73
-77
-100
-95
-96
-102
-100
-96
-117
-100
-122
-126
-100
-109
-120
-105
-64
-84
-90
-45
-33
-55
-30
0
1
10
28
23
23
41
39
36
48
66
36
36
77
64
37
68
83
40
63
84
61
74
85
62
62
81
62
57
70
69
62
47
63
48
36
44
39
39
38
48
45
50
45
31
17
38
18
5
30
14
0
19
16
4
18
16
9
21
33
46
44
20
31
30
0
19
36
25
20
13
26
14
-11
19
-1
-15
-8
-20
-10
-20
-30
-21
-35
-47
-42
-48
-59
-66
-78
-87
-85
-102
-101
-100
-98
-88
-82
-67
-82
-76
-61
-64
-47
-42
-27
-24
-30
-13
-3
6
-2
20
19
33
42
37
55
61
48
62
92
56
81
99
75
86
92
76
88
76
70
83
79
87
82
69
96
90
86
99
100
95
83
93
96
80
88
84
69
64
48
58
41
26
31
29
25
20
20
19
10
-4
10
-3
-7
1
-13
3
0
-19
7
1
-12
12
8
-4
21
3
-4
13
-7
6
4
11
-1
-16
-10
-12
-48
-50
-46
-83
-99
-89
-95
-100
-97
-105
-111
-119
-109
-119
-126
-106
-127
-142
-123
-130
-132
-130
-126
-111
-110
-118
-85
-82
-87
-78
-74
-72
-59
-50
-50
-2
-32
-24
1
-24
-13
0
-21
-11
0
-19
9
2
-3
21
17
23
34
42
51
47
63
48
53
65
42
71
70
59
74
70
60
61
62
55
67
61
55
67
50
32
33
44
24
30
30
23
20
18
21
0
16
6
-6
7
17
20
34
26
30
43
31
37
49
42
44
41
34
39
41
37
34
35
29
31
28
16
18
1
-12
-14
-33
-28
-47
-50
-57
-58
-63
-80
-75
-78
-101
-97
-88
-108
-98
-92
-94
-83
-65
-75
-74
-61
-57
-64
-52
-40
-51
-38
-29
-32
-23
-13
-7
2
1
19
17
9
16
33
30
17
42
41
29
46
47
47
56
47
67
67
66
84
84
88
98
91
89
119
94
92
109
96
79
87
85
82
76
68
62
62
54
42
40
27
37
6
16
29
-4
-1
2
1
-23
-7
-5
-20
-3
5
15
19
22
29
37
18
37
34
14
48
20
20
28
23
14
9
0
-9
-19
-25
-9
-21
-23
-32
-33
-46
-54
-48
-62
-57
-70
-77
-65
-83
-95
-85
-89
-84
-78
-75
-62
-65
-65
-63
-52
-62
-57
-36
-45
-40
-45
-46
-45
-46
-48
-47
-43
-44
-39
-46
-29
-23
-38
-17
-8
-27
-13
-4
-18
-16
-15
-7
-6
-9
16
11
17
19
25
13
18
23
32
34
36
59
30
47
47
32
31
19
23
13
2
9
9
-15
2
1
-10
13
2
20
18
16
17
8
19
19
23
27
34
26
40
33
37
52
39
43
53
50
36
50
53
37
39
40
20
22
18
11
6
0
-4
-19
-15
-11
-22
-25
-29
-41
-40
-45
-40
-38
-38
-33
-35
-41
-37
-39
-44
-41
-47
-53
-44
-47
-46
-40
-38
-40
-44
-35
-38
-39
-41
-40
-47
-44
-45
-43
-36
-37
-29
-36
-32
-15
-29
-19
-14
-17
-17
-18
-4
1
-3
11
15
6
25
8
16
22
10
20
14
25
22
24
36
29
24
29
18
21
25
21
41
30
22
35
29
21
31
32
25
30
28
35
40
41
51
58
58
66
72
65
73
62
68
56
67
61
56
71
53
51
40
34
36
39
21
37
21
11
18
10
6
8
10
-1
10
-2
-4
-9
-8
-12
-10
-14
-9
-9
-19
-4
-13
-20
-15
-26
-21
-33
-25
-27
-29
-33
-37
-37
-42
-45
-47
-41
-46
-47
-49
-38
-46
-43
-32
-33
-31
-34
-30
-26
-31
-33
-13
-20
-22
-11
-9
-17
-6
-6
-6
2
0
5
-6
3
-2
-9
-13
-3
-17
-15
-4
-8
-14
-8
1
-12
-5
-4
-3
2
2
8
13
5
9
18
4
20
20
10
28
15
24
27
23
28
31
23
23
36
23
35
34
31
26
21
25
26
18
22
22
11
14
7
19
7
7
12
2
1
1
2
-1
-6
-10
-7
-26
-22
-19
-33
-24
-25
-26
-25
-23
-23
-19
-26
-21
-13
-32
-21
-25
-28
-27
-16
-25
-26
-11
-27
-14
-20
-12
-11
-7
-5
1
2
-2
4
2
4
3
16
8
15
9
16
11
9
14
15
11
9
22
14
15
21
16
10
15
8
7
10
6
9
-2
-5
-1
-7
-8
7
2
-3
8
3
14
10
16
21
17
15
16
23
12
22
24
19
17
20
17
20
28
16
25
14
14
5
9
8
0
6
-8
-12
-13
-15
-17
-13
-13
-24
-24
-26
-23
-22
-23
-13
-21
-28
-19
-14
-27
-14
-15
-22
-24
-29
-30
-27
-25
-27
-24
-31
-25
-31
-29
-22
-24
-23
-21
-9
-20
-11
-9
-4
-9
-6
0
3
7
7
23
9
17
16
19
26
27
28
28
32
14
24
20
11
15
16
6
8
6
2
11
-1
8
4
-4
11
4
2
11
7
1
9
7
9
10
10
12
11
6
11
13
5
16
10
7
17
8
4
15
3
1
5
-1
-5
-2
-4
-14
-6
-16
-17
-14
-15
-13
-15
-14
-16
-18
-16
-11
-13
-10
-13
-13
-16
-21
-11
-20
-13
