-1
2
1
3
0
2
2
-1
1
0
3
2
3
2
2
2
2
2
3
2
0
3
0
2
0
0
2
0
2
1
4
1
3
1
3
3
0
2
0
4
2
3
4
3
5
3
5
2
6
2
4
3
2
2
0
0
-1
3
1
4
2
4
3
3
5
2
3
0
2
0
0
1
4
2
2
6
2
5
2
4
2
2
2
2
2
0
2
1
3
2
6
3
3
3
1
2
0
2
-1
1
0
1
0
1
3
1
3
1
4
2
1
2
0
-1
0
1
-1
1
0
1
0
1
1
0
0
-1
1
0
1
0
1
0
1
1
1
1
0
2
-2
-1
-3
-2
-2
-1
0
-1
1
-1
2
0
2
1
-1
0
-2
1
-1
2
-1
0
1
0
3
2
4
2
2
0
0
-2
-1
-1
-1
1
-1
2
0
3
2
2
3
-1
0
-2
0
-2
-2
-2
-1
1
1
3
2
4
1
4
1
3
0
0
-1
-2
1
-2
1
-1
1
-1
0
0
0
2
0
1
-2
1
-3
0
-2
-2
-1
-3
-1
-4
-3
-2
-3
-4
-3
-4
-5
-2
-4
-1
-3
-3
-3
-2
-2
-4
-3
-4
-4
-5
-4
-4
-3
-5
-3
-3
-3
-3
-2
-1
-3
-2
-2
-3
-3
-3
-2
-5
-4
-6
-4
-5
-5
-5
-5
-4
-6
-2
-6
-2
-2
-1
-1
-1
-2
-2
-1
-1
0
-2
-1
-4
-2
-2
-2
-1
-3
0
0
1
1
0
0
1
0
-1
1
-2
1
-2
-1
-3
-1
-3
-2
-2
-2
1
1
3
2
3
3
2
1
1
1
0
2
-2
-2
-2
1
0
0
3
1
3
2
4
2
3
3
4
3
1
3
2
3
2
2
3
2
3
2
2
1
3
2
2
1
2
3
2
4
3
5
3
4
2
4
2
2
3
0
2
0
2
2
1
1
2
3
1
3
0
3
0
2
-1
0
-1
-3
-2
-3
0
-3
-1
-1
0
-1
0
0
-1
2
-2
0
-3
-3
-3
-3
-3
-3
-3
-3
-1
-4
-1
-2
-2
-1
-2
-1
-3
-3
-4
-3
-7
-4
-5
-4
-5
-5
-2
-4
-3
-1
-3
-4
-3
-4
-2
-2
-5
-1
-4
-4
-3
-4
-2
-3
-1
-3
-3
-2
-1
-3
-2
-2
-1
-1
-2
-1
-3
1
0
1
0
1
2
0
2
-2
2
2
1
1
4
0
3
5
2
5
3
5
4
1
4
6
4
4
5
5
4
2
7
5
2
5
6
6
4
6
1
7
3
6
7
-1
6
0
-2
-1
0
-2
0
-4
-2
-1
-3
1
-3
0
-1
-6
-2
-8
-5
-7
-9
-8
-7
-2
-7
-4
-6
-2
-6
-6
3
-6
-6
-1
-5
-7
-2
-3
-8
-2
-5
0
-5
-4
0
-5
-3
-5
0
-2
0
4
-1
2
4
-3
0
3
-1
-1
0
1
0
-4
3
2
-2
1
4
3
-1
0
4
-5
-6
5
-5
-6
2
-1
-1
1
1
2
-3
2
2
0
3
6
1
5
6
1
6
5
7
3
11
4
3
7
2
3
7
9
5
5
10
5
1
5
4
10
-2
10
6
-1
7
3
4
6
4
4
6
-1
6
-5
1
0
-6
2
-1
-7
0
-2
-5
0
-3
1
-5
-7
1
-8
-8
-3
-7
-5
-7
-1
-7
-5
5
0
-8
6
5
-8
0
4
1
-5
-4
8
-7
-3
6
3
2
6
13
1
8
8
1
14
5
4
15
5
6
7
5
5
0
-4
18
5
-4
16
10
-2
1
9
5
-7
0
7
-7
-8
-9
-3
-10
-15
-1
-1
-12
-4
-1
2
-5
-3
10
0
-11
-1
2
-14
-1
-7
6
-5
-3
3
8
-6
-3
16
11
-11
12
7
10
-18
12
9
-5
-2
4
20
-44
22
4
-20
4
9
2
9
-29
41
-5
-11
10
26
-25
11
-6
-7
2
-16
6
10
-16
0
-1
-6
-4
-16
8
-5
-24
-15
0
-27
-29
-9
3
-21
-21
12
-13
-44
16
-23
-1
-7
-7
-5
-12
-13
-2
2
7
29
0
14
20
-16
2
20
-23
13
5
-6
-13
14
0
1
21
20
-6
19
7
-13
-5
4
6
-27
11
13
-19
-26
18
4
-22
13
25
-20
-6
13
-10
2
22
2
3
19
6
-19
0
27
-11
-31
15
14
-44
-18
11
3
-22
11
12
13
-4
8
-9
12
19
-42
23
20
-30
-11
-7
13
3
9
28
36
-7
19
6
-1
10
23
-29
16
42
-42
0
20
1
-14
-5
25
-11
-36
-1
-13
-18
-7
18
3
-10
16
-1
-28
18
4
-21
-6
8
-40
-30
7
0
-23
23
25
-16
-6
25
-2
1
14
11
-6
-10
5
-35
0
11
-15
-9
27
22
-39
12
25
2
1
26
41
4
3
25
9
38
26
11
46
8
12
-1
12
7
7
14
12
33
9
32
39
-12
49
59
-63
32
14
-44
-19
11
-1
-7
-25
51
9
-42
52
-14
-1
20
-7
6
16
-36
-1
-9
11
-10
-24
4
4
-21
-7
-8
-24
-5
-30
-19
-3
-8
-48
0
-2
-17
12
-23
8
-28
-37
3
-29
-10
-18
11
-28
-18
4
-27
-6
20
14
11
-24
34
-63
-9
10
-54
-13
-11
-32
-44
-1
-11
-25
-46
15
-8
-55
-23
-17
-20
-47
-1
22
-11
-4
-37
-12
3
-82
12
18
-25
2
-3
50
-66
8
77
0
42
17
104
0
-43
79
56
-51
8
40
16
-63
29
65
-81
2
59
-48
25
7
13
15
-58
60
-20
-36
31
11
-46
16
39
17
-46
21
53
-21
-38
63
32
-13
-45
84
22
-120
60
23
-62
-17
21
-19
-66
-70
26
-62
-36
1
-27
-18
-23
-69
19
-2
-77
33
-64
7
-20
-74
31
-20
-47
9
-17
-52
-16
16
-23
-60
50
4
-66
31
-11
60
-19
-21
45
-50
6
65
-77
15
71
-40
-37
2
59
-71
-40
97
-35
-29
83
-18
-9
-33
22
71
-77
34
85
8
11
77
35
102
-31
71
114
-36
88
50
43
31
-2
88
27
-50
162
7
5
47
69
2
-22
95
57
-34
-40
125
-5
-98
49
70
-28
-41
2
35
22
-123
55
64
-17
-36
71
24
20
-30
50
61
-36
-31
66
-23
-39
43
-60
-24
-27
-2
-45
-30
37
-21
-31
-8
5
-14
3
-60
22
22
-45
25
-71
-2
27
-102
-12
16
-103
45
-117
-13
-14
-22
-29
-62
105
-93
34
22
-44
-37
30
-27
-48
-64
95
-66
-112
30
-12
-60
-51
31
-26
-22
-71
-44
-84
-22
-69
-43
-47
6
-56
-129
79
-124
-29
71
-99
32
4
-23
-25
-39
61
-22
-43
47
51
-105
-40
134
-112
-116
98
-38
-75
-50
110
-73
-10
66
-12
11
11
8
69
-5
-13
55
-68
-11
5
-4
5
-58
49
34
-82
52
78
-34
-56
17
18
3
-43
102
122
-114
-2
128
-76
-10
22
55
-60
-28
42
-45
39
-55
25
64
-69
84
60
-96
199
-5
-50
74
19
20
42
-2
17
131
-69
123
46
58
59
42
51
53
16
20
35
-31
30
-37
7
-61
9
36
-13
-71
66
-21
-45
-21
124
-61
-52
165
-37
69
-29
34
124
-78
2
78
27
-24
-53
59
20
-101
105
68
2
7
115
9
57
-16
190
-64
-119
279
-187
27
58
-91
15
-27
-27
82
-98
86
8
93
-39
36
-20
24
90
-162
187
110
-231
174
75
-185
195
0
-20
64
4
48
23
-109
161
15
-77
50
-22
-6
-65
34
16
-38
73
-57
-125
68
-69
-96
91
-127
-64
80
-105
-16
17
-67
112
-35
-96
187
4
-159
247
-69
-110
180
-26
-90
101
58
-51
-57
88
-7
-3
-25
17
33
-174
103
-92
-74
111
-139
-83
108
-199
-15
94
-111
-21
24
-78
-40
-18
-81
50
-92
38
77
-147
-20
108
-86
-212
237
-146
-129
27
-35
-45
-70
-39
31
-101
18
17
-128
115
-65
17
-15
-59
58
-60
-110
149
-86
-30
71
-181
125
41
-240
185
144
-255
71
76
-42
-50
-115
200
-62
-141
197
-123
-62
-29
-33
20
-66
7
48
-178
33
1
-200
75
16
-86
-89
104
-19
-129
79
61
-109
90
-124
102
117
-217
208
52
-26
-15
34
94
-66
48
97
-56
16
54
-21
-17
-25
199
-181
69
23
32
29
-87
113
135
-143
-59
130
-64
-205
90
86
-87
-105
101
-36
-184
83
-9
7
-6
15
68
-95
77
-65
3
60
58
-87
30
160
-173
-55
256
-309
94
-1
-68
3
89
-30
-97
177
-103
-4
193
-133
159
-47
-83
130
-29
-102
127
-123
33
-63
-71
66
-54
72
-37
-51
144
-155
-66
258
-290
104
114
-116
17
47
-29
87
-216
265
-11
-214
269
-64
-68
88
-81
152
-43
0
115
-164
220
-90
-24
157
-42
-102
51
45
-141
35
90
3
22
27
159
-157
40
176
-283
172
150
-255
180
74
-158
173
-110
73
93
-140
166
120
-217
196
29
-104
-3
124
-73
-54
62
28
-39
48
-74
74
43
-151
175
-32
-35
96
-8
22
-1
117
22
-91
182
12
-61
67
-40
90
-49
45
-45
21
62
-94
79
80
-98
120
-34
7
-41
-1
2
-3
-91
96
95
-97
-57
188
-145
-40
169
-160
123
51
-99
67
-40
91
-71
-28
132
-28
10
-53
113
-10
-127
126
-1
-39
20
39
-70
-92
104
-72
-97
92
18
-89
-38
46
-97
-4
-46
32
-5
-148
87
-22
-129
-17
44
-62
-14
34
-82
98
-135
-146
243
-193
-72
155
-51
-25
-110
67
24
-154
82
59
-33
-61
80
-96
17
48
-20
-109
104
-110
76
-88
-55
177
-165
38
62
48
-128
75
-86
6
87
-171
132
115
-251
160
-27
-52
101
-168
295
-232
41
139
-157
26
26
-120
81
-27
58
56
-170
209
-78
4
-15
143
-143
71
-36
-78
34
60
-109
99
37
-142
92
-27
-19
-2
19
-25
42
-93
55
14
-6
-67
23
101
-23
-18
99
-82
-47
135
-36
-60
162
59
-150
124
16
45
20
18
88
68
-179
153
-42
-19
2
8
58
-132
83
36
114
-29
47
195
43
-155
293
-72
18
-63
119
-48
-28
110
-5
74
6
61
43
89
27
8
29
128
-139
127
70
-95
58
107
-97
118
14
11
78
-50
121
-40
-82
45
97
-317
107
110
-118
16
0
27
8
-153
109
35
-148
223
-346
85
23
-240
47
33
-103
46
-84
134
-163
-29
191
-223
-5
40
-89
-126
11
42
-153
-106
129
-110
-138
53
-12
-28
-4
-74
-3
-65
75
-89
1
74
-62
-65
130
-42
-56
108
87
-67
0
82
-16
-112
21
266
-415
366
-41
-228
314
-146
-3
117
-192
290
-98
0
187
-102
-75
85
-25
-98
196
11
-39
43
57
5
-197
317
-128
-120
263
-83
-132
150
-54
32
-91
143
38
-274
413
-122
-266
245
-86
-131
118
-166
332
-364
59
234
-423
369
-136
-35
103
-204
33
33
-219
234
-288
247
-95
-167
20
98
-83
-42
85
22
-36
-88
109
-98
-14
-10
72
-25
35
104
-52
65
-34
-103
145
-55
-42
182
-25
47
-73
135
-120
11
82
-35
39
-6
-9
-97
68
-86
-78
-27
206
-279
-65
233
-256
-99
186
-177
74
-36
64
-29
-175
154
-10
-76
-57
134
-35
-90
-13
26
-47
50
-191
252
-127
-25
169
-193
144
56
-211
112
134
-262
141
125
-220
105
258
-320
278
73
-76
77
-2
41
159
-295
182
84
-176
231
-47
11
177
-117
42
50
-14
-38
112
103
-67
60
70
-58
-50
11
100
1
7
92
-42
185
-126
-37
143
-55
-123
293
-32
-183
119
16
-159
-106
194
39
-172
209
-56
-34
-95
-35
59
-252
151
-23
-202
123
-143
84
-56
-43
209
-162
63
79
1
-128
221
-198
26
58
-44
-168
242
-74
-91
222
-63
-68
3
-60
186
-284
-58
368
-329
-43
117
36
-206
185
2
-25
35
-46
72
-111
-177
143
-101
-95
26
100
-129
191
-1
-250
219
34
-295
178
116
-341
264
-144
-133
99
-79
54
-67
-42
135
-111
-64
140
-119
-35
140
-74
22
-34
-58
232
-394
343
-75
-165
362
-317
160
37
-215
305
-257
49
223
-226
212
-171
108
-10
-267
328
-146
-214
368
-251
-79
55
-135
34
-29
23
-158
179
22
-298
164
17
-72
80
-78
108
-148
133
-245
138
-116
-76
192
-140
-92
-9
192
-298
24
215
-230
116
60
-300
343
-380
229
-105
-129
188
-146
-38
-6
-74
102
-1
-103
30
62
-124
98
-74
61
-36
-118
248
-270
105
154
-351
279
-130
-84
226
-320
154
38
-311
263
2
-207
232
-90
-101
145
-94
200
-146
116
106
-159
-22
-6
50
-123
28
276
-248
112
38
-168
180
-224
255
-94
6
94
-142
-52
21
-241
224
-15
-194
362
-194
118
-214
-74
442
-479
-15
547
-511
160
-96
148
-151
-113
296
-77
-103
118
-71
55
-118
-39
-44
-79
138
-178
313
-103
73
-102
0
146
-137
119
197
-253
341
-194
-53
189
-210
215
23
88
-16
187
-157
83
123
-143
116
87
-95
155
-85
-44
28
-109
211
-155
207
28
-224
277
-112
-233
362
-205
72
16
81
-116
-82
214
-140
-74
182
52
-204
241
81
-198
119
85
-236
291
-237
382
-169
-134
400
-479
282
97
-237
262
57
-139
235
-359
393
9
-336
237
2
-114
45
2
215
-203
66
166
-331
322
-35
-178
263
-144
-48
213
-172
-40
128
-150
132
-81
-59
218
-329
139
-41
43
-94
96
74
-160
-28
68
-96
82
-140
123
-56
-137
128
-204
216
-138
7
140
-215
21
25
88
-133
74
-55
34
-191
309
-205
166
29
-140
19
-67
-131
362
-438
128
184
-367
221
-384
365
-202
-238
181
-36
-241
179
-25
-223
134
-92
-222
514
-384
-211
511
-289
-39
-69
183
-94
-239
13
250
-286
37
283
-179
-46
37
166
-172
-96
147
134
-173
5
232
60
-332
489
-112
-28
398
-266
375
117
-320
322
62
-263
299
-99
52
144
-16
-274
311
-33
-185
77
255
-187
-48
320
-516
385
21
-180
251
-17
-135
66
-274
211
-62
57
-246
464
-415
-287
724
-704
150
497
-489
65
286
-340
-135
208
-112
-146
263
-223
125
102
-349
370
-125
-29
116
54
-211
120
12
-220
270
-12
-440
618
-286
-31
131
132
-213
160
-258
186
-44
-354
463
-61
-450
626
-558
42
332
-569
449
-44
-369
210
-107
-277
166
-102
-59
-23
137
-37
18
-153
33
169
-467
268
252
-432
331
-17
-301
221
-259
224
122
-53
105
68
-119
-218
200
-47
-39
162
18
-36
52
-38
68
130
-183
229
32
-127
289
-180
54
191
-333
275
14
-189
333
-99
79
-75
-4
83
-128
-50
407
-282
99
435
-553
309
114
-239
306
-383
399
-7
-529
280
150
-190
-160
476
-311
172
1
-32
430
-325
135
268
-486
293
24
-39
160
-125
179
-180
108
-54
-24
223
-128
-157
213
-247
104
-3
-39
83
50
-89
-36
179
-136
259
-185
60
29
105
-392
331
119
-444
513
-99
-206
218
-123
-28
317
-532
249
189
-423
116
174
-307
386
-444
230
102
-347
300
-158
220
-343
119
112
-144
-198
317
-213
23
-121
123
-133
-89
-23
-5
61
-58
-7
58
-211
83
58
-202
344
-293
118
44
-275
196
-154
-63
84
14
-334
328
-122
-282
186
107
-236
104
130
-194
-12
-54
-137
72
-17
-262
461
-461
218
-1
19
159
-1
-32
299
-221
-59
163
-156
50
92
-176
216
-253
-192
323
-236
-51
78
73
-143
-123
189
-52
-11
14
188
-126
33
83
-146
131
-79
167
-78
-237
155
-131
-199
247
-24
109
-107
121
23
3
18
71
112
-144
71
25
-75
-54
-154
158
-115
-187
332
18
-87
-40
152
-70
-347
306
-13
-217
137
-248
56
-237
-102
203
85
-116
239
-103
171
-123
-72
172
-45
1
180
-201
2
-51
-32
-47
27
117
222
-86
-2
-16
-264
-76
-67
120
-23
60
73
-149
-6
-202
202
156
-149
378
22
19
-201
18
-12
-114
44
113
18
-126
-114
45
-236
-10
49
-52
-127
70
50
-129
12
-80
-68
-117
59
-84
18
32
-213
21
-3
-246
101
35
-21
39
-69
-54
-80
-52
65
41
-147
-31
-70
-261
71
-75
23
2
-68
293
-198
-107
272
21
-35
157
217
-118
-80
120
-36
84
51
-88
169
-259
-77
71
-201
58
41
-5
175
16
-150
58
120
-48
280
152
51
125
23
175
-77
68
323
129
17
372
212
-62
-4
212
180
-19
79
188
22
43
-37
20
76
-238
135
111
-97
69
-24
147
46
-167
127
47
-111
91
276
96
-8
166
99
-42
-49
126
153
-7
114
127
4
-156
107
41
-41
124
-5
49
-21
-22
-94
-223
10
8
-20
-25
44
-5
-63
-45
-1
55
-150
8
123
-1
-122
-59
79
-108
-183
143
91
-158
40
86
-6
-202
-128
-44
-88
-98
-36
-25
-183
-158
-104
-180
-181
-163
-89
-107
-108
-165
-248
-250
-235
-176
-130
-205
-109
-76
-174
-170
-68
-141
-139
-39
87
-46
-44
7
-62
-66
-122
58
-66
8
101
82
163
71
30
167
66
53
193
184
79
177
134
169
75
164
231
253
197
216
329
190
176
292
230
130
304
260
231
284
244
271
218
153
230
126
118
81
152
39
24
86
-68
43
-79
-77
-98
-88
-133
-164
-228
-290
-288
-363
-337
-358
-437
-441
-516
-588
-639
-682
-734
-564
-603
-683
-482
-846
-776
-703
-787
-701
-731
-672
-663
-686
-714
-624
-727
-724
-549
-442
-215
103
347
384
355
356
477
731
771
1015
1189
1099
1109
983
859
777
716
655
766
777
720
516
286
43
-46
-189
-284
-262
-181
-42
-61
-43
-118
-90
71
294
560
718
882
1183
1228
1232
1286
1240
1237
1373
1373
1449
1398
1175
1057
884
739
553
361
189
130
-39
-195
-399
-678
-770
-896
-953
-947
-1002
-998
-921
-879
-934
-951
-881
-761
-723
-666
-589
-641
-603
-714
-675
-735
-910
-985
-974
-1097
-1227
-1448
-1664
-1791
-1958
-1977
-1978
-2048
-2005
-1855
-1407
-616
-190
-3
-113
-97
349
844
1236
1572
1840
2006
1910
1795
1689
1586
1389
1380
1559
1660
1481
877
307
-146
-412
-529
-781
-851
-619
-538
-500
-725
-990
-1009
-763
-512
-49
445
583
816
899
1027
1107
1257
1246
1443
1873
1947
2041
1783
1315
1027
771
622
414
182
80
20
-5
-170
-494
-787
-891
-883
-727
-521
-373
-286
-134
-56
-15
54
128
341
695
1002
1137
1187
1047
929
823
654
546
442
369
285
82
-226
-608
-943
-1170
-1259
-1383
-1444
-1495
-1564
-1689
-1870
-2048
-2216
-2192
-2053
-1795
-1792
-1716
-1711
-1809
-1865
-1832
-1679
-1470
-1144
-766
-465
-28
678
1080
1036
908
976
1467
1930
2105
2297
2204
2060
1571
1232
1040
950
661
493
581
545
161
-556
-1114
-1495
-1444
-1369
-1392
-1308
-1069
-910
-874
-1044
-995
-817
-445
91
592
1024
1294
1214
1099
1180
1367
1450
1492
1666
1775
1943
1697
1216
771
507
348
180
206
228
192
41
-146
-281
-489
-633
-548
-176
123
230
333
292
380
363
471
721
962
1072
1199
1346
1140
936
689
569
487
370
261
124
-166
-504
-843
-1087
-1381
-1479
-1550
-1478
-1483
-1549
-1676
-1890
-1936
-1979
-1890
-1765
-1545
-1528
-1539
-1501
-1618
-1733
-1831
-1928
-1597
-1297
-1020
-808
-412
222
793
977
848
856
1209
1735
2071
2348
2344
2121
1686
1296
1108
1151
912
642
670
713
469
-248
-1048
-1488
-1523
-1388
-1248
-1212
-1039
-918
-928
-1036
-1020
-838
-435
8
596
1117
1314
1237
964
932
1149
1383
1525
1583
1667
1815
1616
1161
749
406
224
258
311
430
396
163
-21
-153
-178
-166
100
466
727
779
761
665
601
682
804
1088
1282
1277
1255
1095
892
587
458
377
311
219
-83
-320
-632
-982
-1259
-1300
-1304
-1328
-1284
-1353
-1383
-1485
-1515
-1467
-1338
-1241
-1138
-1080
-1085
-1184
-1353
-1343
-1349
-1395
-1506
-1666
-1846
-1849
-1855
-1669
-1708
-1323
-816
108
726
790
519
466
709
1351
1867
2306
2356
1961
1507
1148
989
764
543
367
513
492
168
-732
-1586
-2101
-2207
-1999
-1742
-1597
-1377
-1291
-1347
-1317
-1294
-1000
-508
155
940
1661
1846
1751
1481
1441
1782
2104
2292
2406
2465
2448
2159
1651
1018
506
345
388
599
501
180
-139
-474
-565
-495
-349
-85
211
395
616
675
586
522
655
998
1451
1616
1535
1409
1192
1056
978
860
652
534
362
126
-184
-685
-1084
-1250
-1239
-1272
-1323
-1456
-1558
-1696
-1696
-1526
-1365
-1282
-1207
-1154
-1202
-1306
-1419
-1368
-1456
-1408
-1485
-1681
-1887
-2171
-2221
-2076
-2014
-1916
-1852
-1158
-153
707
808
447
187
476
1255
1962
2518
2544
2193
1534
939
771
795
499
289
246
473
247
-669
-1730
-2436
-2371
-2057
-1655
-1365
-1109
-1111
-1105
-1101
-896
-414
15
713
1560
2314
2729
2447
1879
1677
2021
2515
2759
2659
2531
2383
1971
1369
602
38
-202
-34
212
221
-107
-583
-923
-1000
-741
-422
-77
277
510
716
802
674
541
641
1183
1674
1884
1756
1345
1066
849
668
558
450
288
97
-178
-557
-1033
-1494
-1672
-1604
-1418
-1322
-1317
-1404
-1585
-1540
-1324
-1118
-922
-832
-710
-736
-721
-920
-1027
-1106
-1378
-1467
-1625
-1832
-1911
-2145
-2202
-2087
-2370
-2310
-1746
-736
482
1087
890
628
359
1095
1816
2547
2939
2631
2108
1694
1290
1100
752
283
300
298
466
-124
-1234
-2233
-2666
-2629
-2111
-1811
-1506
-1293
-1302
-1157
-1053
-748
-292
279
1117
2088
2659
2732
2207
1828
1861
2256
2645
2689
2551
2425
1992
1357
755
83
-232
-302
-107
206
161
-104
-591
-924
-798
-452
114
603
915
1063
1011
808
717
707
1021
1492
1843
2002
1719
1203
708
365
233
224
164
103
-224
-645
-1109
-1623
-1911
-1929
-1702
-1471
-1262
-1255
-1410
-1530
-1538
-1321
-977
-711
-524
-500
-586
-697
-952
-1244
-1449
-1464
-1520
-1682
-2141
-2347
-2427
-2324
-2383
-2516
-2148
-1335
-54
985
1067
749
422
587
1460
2316
3016
2946
2383
1632
1212
1057
960
488
203
284
408
117
-917
-1942
-2591
-2666
-2360
-1772
-1323
-1068
-1201
-1218
-977
-510
34
528
1218
2059
2756
2950
2595
2007
1920
2188
2560
2755
2618
2264
1772
1127
516
85
-224
-370
-300
5
148
-16
-524
-862
-818
-318
291
851
1179
1191
1063
936
950
1013
1200
1514
1903
2018
1731
1135
490
72
-120
-84
-12
-155
-564
-1037
-1523
-1898
-2171
-2213
-1945
-1598
-1373
-1279
-1417
-1538
-1583
-1388
-952
-567
-290
-403
-450
-517
-708
-978
-1268
-1399
-1487
-1776
-1779
-2056
-2072
-2289
-2507
-2465
-2073
-1131
38
981
1291
1022
590
782
1478
2360
3033
3098
2632
1945
1305
1035
833
506
248
84
164
-124
-971
-1920
-2742
-2949
-2711
-2083
-1476
-1191
-1244
-1267
-1115
-686
-112
458
1135
1895
2554
2802
2571
2107
1795
1793
2160
2348
2294
1981
1406
763
159
-345
-630
-723
-742
-640
-384
-148
-188
-420
-576
-360
222
894
1407
1753
1746
1468
1308
1258
1411
1608
1740
1873
1846
1480
916
304
-123
-354
-448
-425
-502
-859
-1376
-1760
-1917
-1913
-1801
-1542
-1235
-983
-829
-780
-772
-839
-678
-305
24
91
37
-234
-559
-821
-1021
-1257
-1587
-1803
-1959
-2047
-2289
-2567
-2926
-2830
-2540
-1653
-504
907
1398
935
505
627
1471
2405
3151
3393
3169
2490
1696
980
855
677
415
173
206
78
-707
-1874
-2964
-3359
-3196
-2499
-2010
-1552
-1331
-1374
-1454
-1278
-758
10
865
1715
2454
2800
2829
2306
1821
1646
1913
2267
2428
2259
1814
1094
282
-499
-1009
-1059
-1003
-732
-557
-430
-520
-633
-401
-9
435
995
1402
1821
2091
2091
2126
1876
1599
1534
1701
2008
1996
1591
1091
638
224
-86
-395
-567
-825
-1160
-1349
-1517
-1700
-1940
-2020
-1836
-1513
-1168
-897
-773
-661
-606
-476
-212
-56
-23
-83
-191
-334
-635
-969
-1321
-1583
-1759
-1963
-2255
-2604
-2899
-2990
-3043
-2792
-2304
-1247
-13
1051
1227
917
822
1212
2055
2900
3653
3714
3263
2303
1543
1043
978
680
355
84
-10
-419
-1399
-2454
-3328
-3513
-3343
-2671
-2035
-1521
-1462
-1602
-1687
-1217
-399
453
1260
1977
2606
2960
2924
2419
1988
1815
2054
2302
2441
2171
1540
623
-301
-916
-1225
-1301
-1346
-1287
-1062
-683
-631
-815
-872
-339
613
1650
2386
2570
2466
2120
2015
2136
2387
2432
2172
1883
1701
1405
929
412
-55
-222
-269
-277
-449
-926
-1560
-1930
-1954
-1676
-1436
-1350
-1226
-1096
-911
-752
-589
-406
-222
33
329
418
187
-287
-756
-1034
-1129
-1239
-1452
-1897
-2236
-2548
-2935
-3130
-3398
-3367
-3118
-2548
-1550
-317
864
1213
758
592
1092
2158
3046
3647
3907
3577
2602
1427
789
789
701
81
-390
-464
-633
-1506
-2755
-3741
-4017
-3836
-3247
-2455
-1661
-1330
-1516
-1706
-1311
-363
624
1421
2145
2881
3405
3535
3028
2288
1930
2087
2384
2536
2333
1758
860
-222
-1084
-1509
-1534
-1552
-1635
-1479
-1097
-783
-741
-778
-466
224
1123
2056
2899
3532
3487
2950
2437
2257
2336
2355
2434
2369
1912
1094
320
-368
-735
-938
-956
-847
-762
-981
-1494
-1931
-2226
-2345
-2132
-1473
-840
-386
-316
-355
-379
-381
-210
115
440
660
577
147
-387
-1026
-1605
-1902
-1863
-1832
-2043
-2501
-2998
-3455
-3622
-3343
-2965
-2276
-1273
123
1276
1557
1158
834
1248
2401
3418
4283
4497
3793
2334
1205
945
1038
542
-300
-733
-685
-878
-1779
-3058
-4023
-4381
-4172
-3358
-2205
-1287
-1259
-1532
-1479
-780
162
976
1615
2398
3246
3854
3867
3260
2510
2033
2027
2250
2388
2144
1568
572
-520
-1364
-1736
-1912
-2145
-2179
-1875
-1358
-1048
-1023
-900
-453
179
922
1775
2699
3362
3577
3406
3014
2672
2326
2126
2011
2099
1917
1316
477
-311
-883
-1203
-1214
-1200
-1141
-1142
-1136
-1406
-1727
-2011
-2027
-1705
-1023
-413
5
175
132
16
-127
11
223
433
475
304
-154
-706
-1375
-1884
-2158
-2304
-2327
-2593
-2842
-3165
-3374
-3375
-3026
-2554
-1518
-150
1166
1582
1271
978
1370
2299
3226
3937
4127
3805
2732
1698
1092
957
318
-528
-1072
-899
-1024
-1829
-3154
-4086
-4474
-4338
-3786
-2859
-1800
-1323
-1269
-1215
-559
225
918
1424
2200
3057
3775
3941
3615
3072
2597
2272
2131
2134
2032
1698
988
154
-671
-1223
-1664
-2041
-2313
-2129
-1595
-1059
-772
-654
-438
-15
578
1265
2024
2669
3010
3168
3275
3253
2904
2302
1775
1520
1416
1296
947
392
-266
-883
-1230
-1346
-1354
-1404
-1409
-1299
-1191
-1238
-1304
-1319
-1255
-1099
-778
-276
170
320
233
65
7
62
-10
-159
-339
-583
-931
-1345
-1761
-2188
-2669
-3008
-3187
-3184
-3065
-2992
-2847
-2459
-1733
-498
627
1212
1125
1010
1359
2183
2970
3602
3831
3550
2795
1836
1387
1165
729
-159
-762
-951
-1034
-1730
-2683
-3579
-4080
-4226
-3934
-3094
-2037
-1384
-1263
-1130
-637
180
844
1385
1915
2572
3168
3580
3633
3456
3024
2595
2274
2149
2133
1933
1453
714
-41
-652
-1089
-1545
-1960
-2160
-1947
-1475
-1032
-709
-499
-344
-105
287
912
1661
2148
2433
2700
2959
2956
2587
2058
1619
1311
1250
1274
1113
701
47
-509
-811
-951
-1070
-1161
-1121
-921
-866
-865
-854
-959
-1181
-1282
-1001
-493
-112
-21
-43
-89
-93
-207
-390
-541
-625
-776
-946
-1091
-1316
-1756
-2319
-2747
-2855
-2751
-2635
-2533
-2319
-1835
-1097
-102
682
1003
885
783
1086
1825
2529
2992
2983
2590
1919
1322
1013
848
383
-296
-873
-1057
-1182
-1624
-2288
-2971
-3420
-3573
-3271
-2586
-1715
-1204
-986
-792
-300
381
934
1239
1488
1787
2184
2592
2908
2997
2811
2481
2162
2008
1960
1834
1421
879
334
-6
-216
-510
-921
-1304
-1412
-1224
-914
-631
-441
-348
-266
-55
347
844
1172
1336
1495
1741
1981
2051
1890
1648
1334
1132
1025
945
780
458
93
-127
-162
-146
-242
-509
-745
-894
-866
-760
-721
-875
-1034
-1067
-907
-791
-774
-855
-927
-887
-766
-607
-546
-655
-923
-1215
-1369
-1349
-1423
-1640
-1903
-1996
-1938
-1849
-1809
-1773
-1639
-1293
-668
182
924
1243
1106
951
991
1292
1566
1666
1627
1387
1069
832
780
666
167
-561
-1052
-1152
-1124
-1235
-1484
-1748
-1915
-2021
-1876
-1390
-847
-566
-536
-387
102
651
969
1050
1093
1174
1262
1416
1673
1936
2023
1906
1814
1882
1960
1841
1480
1084
815
661
519
407
266
113
-62
-247
-363
-370
-359
-376
-404
-295
-39
212
298
256
344
538
702
755
804
865
862
723
670
744
774
635
448
408
583
627
432
203
40
-60
-227
-375
-432
-519
-713
-872
-961
-1016
-1126
-1279
-1396
-1371
-1268
-1200
-1164
-1139
-1191
-1308
-1372
-1327
-1248
-1252
-1275
-1256
-1169
-1085
-1049
-1009
-972
-835
-513
58
683
1004
918
653
523
500
572
636
680
591
329
71
19
167
104
-192
-528
-604
-588
-617
-713
-780
-813
-801
-721
-450
-79
99
-11
-222
-243
-9
270
388
413
343
315
379
565
789
1005
1117
1163
1276
1490
1718
1787
1651
1444
1304
1308
1328
1218
970
641
366
202
154
143
51
-140
-346
-464
-437
-384
-412
-515
-565
-382
-90
120
218
178
149
165
318
546
751
829
808
772
815
917
883
717
441
245
150
130
102
-70
-368
-621
-785
-864
-964
-1081
-1203
-1291
-1318
-1296
-1269
-1286
-1299
-1303
-1194
-1019
-873
-819
-857
-886
-889
-870
-878
-856
-811
-716
-571
-330
-5
212
180
21
-69
-24
31
18
-25
-61
-80
-129
-81
148
423
459
284
185
267
363
373
343
365
337
226
76
66
118
76
-129
-283
-263
-223
-303
-466
-528
-489
-394
-258
11
333
610
756
869
1059
1325
1529
1617
1653
1649
1607
1546
1422
1219
984
746
555
428
329
198
2
-235
-418
-488
-493
-539
-683
-830
-922
-921
-862
-730
-543
-357
-194
-51
115
310
500
616
694
756
815
833
856
851
826
740
621
524
408
277
100
-64
-203
-298
-400
-543
-699
-840
-937
-1009
-1043
-1030
-993
-922
-869
-807
-734
-709
-702
-757
-804
-837
-892
-983
-1079
-1157
-1226
-1185
-1042
-710
-425
-325
-393
-450
-415
-335
-268
-231
-124
-41
39
190
505
817
957
962
986
1105
1155
1051
825
620
448
266
114
49
66
-30
-269
-475
-545
-510
-546
-636
-717
-725
-647
-498
-264
58
368
589
752
926
1138
1279
1309
1268
1233
1221
1242
1230
1171
1046
882
714
571
525
466
310
71
-166
-330
-459
-583
-716
-802
-835
-782
-634
-446
-303
-197
-110
2
173
350
464
513
539
607
746
916
1033
1022
937
866
869
867
795
668
480
256
67
-75
-180
-326
-536
-751
-828
-791
-738
-727
-760
-799
-842
-861
-849
-867
-948
-1060
-1189
-1234
-1260
-1342
-1484
-1607
-1668
-1656
-1546
-1284
-953
-745
-668
-649
-516
-319
-154
-56
25
161
299
408
609
930
1178
1254
1213
1262
1349
1345
1131
849
637
520
388
245
162
58
-105
-344
-481
-483
-478
-574
-709
-739
-635
-527
-446
-345
-131
123
357
549
741
892
923
884
855
930
1009
1034
1006
961
940
906
806
668
507
341
168
3
-132
-259
-365
-473
-525
-513
-436
-330
-243
-154
-50
63
172
255
366
510
644
752
847
966
1050
1086
1088
1100
1084
1032
934
807
672
516
352
179
38
-89
-254
-389
-466
-513
-575
-652
-687
-715
-730
-743
-795
-889
-997
-1148
-1245
-1334
-1403
-1492
-1596
-1695
-1743
-1765
-1769
-1755
-1725
-1575
-1266
-907
-649
-534
-472
-399
-296
-155
21
272
461
583
670
919
1238
1438
1429
1381
1411
1415
1296
1063
849
623
330
9
-159
-133
-112
-306
-567
-731
-739
-757
-826
-875
-850
-797
-730
-592
-338
-38
162
302
477
731
946
1013
997
961
979
1008
1009
998
957
885
737
623
540
468
304
111
-63
-160
-204
-237
-234
-193
-130
-74
46
231
417
524
586
672
817
947
1011
1018
1030
1061
1075
1052
1023
950
831
682
573
481
373
224
64
-107
-238
-365
-502
-617
-723
-827
-893
-896
-895
-943
-1045
-1141
-1215
-1293
-1384
-1468
-1509
-1540
-1623
-1716
-1795
-1855
-1934
-1978
-1970
-1862
-1733
-1457
-1114
-789
-590
-502
-378
-181
43
257
506
772
993
1098
1195
1444
1707
1758
1599
1485
1478
1434
1209
899
593
327
0
-295
-396
-375
-444
-699
-913
-923
-834
-866
-949
-987
-868
-722
-561
-344
-36
253
436
587
816
1072
1181
1141
1046
1013
1027
1008
942
887
806
731
622
539
472
365
208
108
85
105
104
79
60
107
251
440
660
811
929
988
1049
1122
1189
1190
1137
1075
1040
1028
998
907
798
660
515
362
235
119
-41
-235
-438
-572
-666
-746
-851
-957
-1056
-1140
-1240
-1328
-1413
-1486
-1557
-1586
-1566
-1560
-1617
-1703
-1810
-1902
-2010
-2089
-2151
-2160
-2089
-2006
-1803
-1399
-867
-457
-265
-152
46
271
464
614
791
987
1075
1087
1262
1652
1905
1799
1548
1438
1452
1282
897
499
222
-8
-300
-503
-497
-456
-624
-896
-974
-793
-668
-715
-817
-751
-527
-288
-111
130
464
727
869
985
1193
1363
1338
1177
1047
1029
1031
934
766
614
525
420
337
312
298
221
117
93
156
247
305
342
405
588
853
1107
1274
1340
1328
1330
1397
1491
1510
1435
1315
1198
1083
991
906
762
568
370
209
92
-44
-286
-585
-853
-981
-1064
-1154
-1297
-1417
-1515
-1576
-1598
-1607
-1656
-1733
-1844
-1912
-1909
-1902
-1943
-2032
-2108
-2165
-2193
-2184
-2131
-2090
-2002
-1668
-1076
-482
-136
-98
-16
171
426
552
661
771
849
739
715
984
1298
1330
1047
870
933
984
692
281
-72
-202
-401
-588
-582
-370
-333
-501
-632
-458
-173
-129
-214
-233
-3
238
410
543
758
935
1005
1052
1209
1378
1355
1160
934
819
742
594
359
106
-96
-226
-260
-204
-145
-144
-151
-41
178
393
535
572
672
927
1245
1496
1678
1722
1704
1645
1680
1747
1688
1497
1285
1159
1129
1092
912
674
436
224
17
-130
-283
-514
-839
-1035
-1098
-1127
-1259
-1451
-1585
-1617
-1608
-1629
-1663
-1718
-1807
-1876
-1895
-1846
-1892
-2053
-2256
-2371
-2359
-2258
-2161
-2050
-1745
-1184
-549
-105
54
21
84
174
381
539
761
883
856
715
801
1057
1105
792
381
236
242
145
-165
-427
-562
-632
-774
-723
-473
-252
-354
-475
-329
71
354
389
391
546
788
946
1024
1151
1282
1273
1225
1287
1459
1487
1275
944
692
567
380
77
-286
-539
-699
-762
-681
-558
-428
-344
-185
85
368
575
723
863
1077
1330
1615
1835
1933
1875
1756
1652
1581
1473
1276
1110
1030
1002
915
772
609
439
205
-41
-259
-397
-569
-766
-954
-1054
-1101
-1161
-1195
-1179
-1103
-1082
-1182
-1336
-1477
-1608
-1747
-1864
-1929
-1983
-2094
-2226
-2284
-2259
-2190
-2108
-1786
-1107
-399
22
89
71
191
311
434
548
751
869
820
690
810
999
846
370
-27
-88
-67
-253
-610
-860
-981
-1078
-1225
-1147
-864
-636
-635
-510
-96
451
771
853
958
1185
1404
1454
1394
1420
1496
1480
1462
1544
1614
1503
1193
848
552
290
1
-307
-552
-671
-700
-673
-562
-437
-344
-283
-116
226
577
852
1105
1385
1628
1718
1721
1714
1666
1576
1459
1343
1236
1074
800
528
380
296
158
-6
-71
-97
-198
-354
-486
-650
-849
-1052
-1152
-1136
-1078
-1032
-963
-801
-715
-784
-983
-1147
-1315
-1463
-1576
-1649
-1775
-1942
-2139
-2163
-2037
-1899
-1607
-1017
-362
-9
9
-63
90
246
443
572
838
991
923
597
569
675
473
-45
-424
-419
-323
-500
-852
-1030
-1071
-1191
-1445
-1457
-1187
-952
-953
-771
-297
259
553
590
705
947
1145
1187
1227
1390
1545
1532
1482
1484
1375
1147
852
632
492
372
186
-17
-155
-247
-310
-287
-156
4
111
299
631
1041
1437
1632
1636
1538
1417
1334
1336
1387
1356
1244
1092
995
846
621
364
123
-40
-107
-136
-130
-146
-289
-501
-686
-777
-903
-1028
-1107
-1054
-934
-807
-742
-722
-729
-834
-994
-1074
-1120
-1178
-1294
-1351
-1411
-1551
-1703
-1789
-1748
-1607
-1151
-360
397
794
727
532
552
676
797
836
1012
1079
989
676
600
588
250
-336
-675
-656
-456
-592
-982
-1226
-1278
-1318
-1440
-1360
-1096
-866
-779
-581
-189
140
224
73
32
202
332
329
306
375
532
610
628
560
411
285
193
195
273
389
415
433
439
478
551
651
743
809
956
1282
1619
1833
1942
1900
1747
1505
1281
1182
1164
1185
1168
1098
970
759
425
109
-53
-80
-19
51
99
101
-3
-210
-463
-690
-868
-979
-1054
-1048
-997
-981
-1027
-1145
-1304
-1465
-1626
-1708
-1739
-1733
-1735
-1758
-1863
-1939
-1903
-1714
-1521
-1203
-461
545
1270
1481
1294
1081
1092
1127
1274
1435
1697
1633
1268
849
754
483
-65
-562
-686
-476
-326
-536
-791
-861
-907
-1019
-1037
-797
-463
-261
-147
-2
159
145
-47
-307
-339
-298
-290
-373
-479
-537
-548
-582
-720
-929
-1011
-859
-624
-394
-176
44
250
381
473
612
855
1095
1264
1478
1821
2127
2201
2101
1926
1772
1651
1515
1411
1380
1372
1274
1100
941
783
577
424
375
392
380
340
252
169
84
-64
-224
-349
-453
-585
-713
-780
-832
-986
-1230
-1466
-1633
-1757
-1958
-2114
-2186
-2188
-2180
-2162
-2208
-2201
-2108
-1916
-1666
-1280
-479
523
1160
1345
1203
1066
1166
1290
1468
1662
1835
1685
1255
760
571
354
-50
-325
-260
43
236
16
-302
-446
-485
-521
-444
-149
246
541
664
683
614
349
-24
-347
-424
-357
-344
-495
-757
-966
-1048
-1134
-1276
-1397
-1364
-1089
-754
-493
-360
-247
-171
-78
92
376
769
1078
1242
1359
1503
1596
1519
1376
1317
1286
1256
1318
1374
1339
1239
1070
866
740
673
737
871
973
1001
878
721
587
439
323
246
168
83
-54
-267
-511
-777
-1048
-1220
-1309
-1368
-1503
-1704
-1913
-2114
-2343
-2422
-2389
-2232
-2122
-2058
-1946
-1772
-1499
-1183
-592
282
974
1254
1145
965
1018
1138
1328
1499
1658
1583
1259
779
452
284
18
-194
-173
-2
196
68
-196
-362
-377
-297
-175
62
409
707
804
683
485
261
83
-56
-84
-48
-115
-315
-645
-922
-997
-1021
-1066
-1102
-1019
-771
-543
-459
-488
-474
-366
-199
79
471
859
1106
1258
1401
1473
1413
1166
945
873
875
924
910
808
612
415
333
377
474
549
646
816
942
906
701
467
307
285
344
385
382
215
-53
-361
-603
-767
-911
-964
-974
-1067
-1274
-1536
-1798
-1991
-2115
-2064
-1924
-1787
-1713
-1669
-1584
-1384
-1160
-967
-471
302
844
1056
903
720
778
897
1110
1312
1469
1411
1112
786
556
389
134
5
70
210
324
118
-150
-261
-277
-183
-39
155
374
537
534
349
169
-57
-216
-284
-247
-157
-178
-348
-640
-790
-742
-643
-548
-481
-355
-173
-54
-37
-87
-40
50
223
540
788
902
948
989
1084
1177
1194
1074
952
918
881
887
818
686
468
304
282
331
440
491
569
707
744
683
445
231
39
-53
-45
-127
-267
-509
-800
-1066
-1175
-1183
-1202
-1145
-1162
-1239
-1368
-1585
-1712
-1788
-1753
-1657
-1533
-1370
-1267
-1182
-1087
-888
-611
-59
607
943
1062
882
646
628
710
930
1156
1266
1152
896
667
516
434
240
203
287
391
421
164
-68
-188
-187
-136
-78
94
223
298
195
-51
-276
-481
-580
-602
-525
-450
-541
-757
-1040
-1129
-1035
-898
-714
-513
-249
-21
105
146
144
247
385
582
858
1030
1067
1085
1188
1289
1321
1200
1037
1009
1075
1104
968
779
522
327
309
498
679
749
723
675
660
643
557
470
386
378
318
189
-56
-457
-846
-1141
-1248
-1265
-1247
-1252
-1300
-1388
-1645
-1915
-2099
-2132
-1986
-1811
-1598
-1527
-1515
-1468
-1386
-1091
-775
-277
482
1017
1231
1110
861
756
815
1035
1272
1545
1586
1375
1078
817
759
622
532
627
742
827
585
169
-135
-225
-149
-106
19
152
254
226
1
-259
-529
-670
-760
-722
-587
-610
-764
-1044
-1205
-1159
-1063
-908
-751
-541
-311
-179
-136
-151
-61
97
344
664
933
1068
1049
1098
1204
1279
1256
1108
1064
1105
1123
1089
913
687
522
420
435
534
602
597
607
627
604
530
366
266
266
313
302
128
-128
-455
-779
-993
-1098
-1145
-1192
-1243
-1338
-1434
-1597
-1779
-1914
-1947
-1833
-1709
-1606
-1552
-1523
-1459
-1327
-1102
-839
-403
146
541
657
551
369
373
600
854
1067
1211
1261
1202
1049
917
920
943
1002
1085
1119
1149
947
596
322
203
263
280
243
192
165
100
-111
-398
-645
-752
-796
-774
-723
-706
-715
-833
-902
-801
-617
-437
-343
-266
-140
3
45
-3
10
122
308
475
580
613
600
619
631
646
666
673
673
691
720
686
652
614
532
520
533
543
591
600
597
624
637
614
530
412
328
246
160
68
-84
-211
-312
-436
-562
-666
-740
-778
-821
-901
-964
-1013
-1009
-999
-1022
-1024
-1000
-990
-948
-969
-960
-876
-831
-759
-710
-621
-459
-363
-383
-458
-510
-463
-302
-140
13
89
150
278
392
560
694
773
884
957
1015
1035
970
866
779
722
703
612
434
285
160
91
13
-212
-416
-510
-510
-444
-460
-493
-538
-524
-432
-341
-238
-174
-123
-63
44
146
179
214
261
358
466
532
511
490
511
543
551
527
453
411
447
454
491
457
394
388
370
415
480
487
468
423
378
383
345
252
185
142
124
70
-81
-208
-288
-378
-459
-594
-682
-705
-739
-754
-788
-806
-820
-872
-904
-887
-887
-927
-987
-1032
-1008
-964
-932
-848
-716
-591
-502
-509
-539
-513
-439
-286
-101
48
127
180
233
381
551
668
769
831
954
1063
1092
1049
967
902
861
796
677
575
475
393
321
234
144
16
-99
-157
-179
-167
-205
-295
-330
-277
-181
-110
-89
-81
-41
26
96
130
134
116
107
158
210
240
251
256
294
307
296
270
268
317
384
436
482
489
447
409
393
401
431
456
471
477
448
377
288
196
128
63
-30
-94
-178
-293
-412
-538
-617
-672
-709
-731
-754
-745
-782
-823
-834
-858
-840
-841
-880
-909
-917
-935
-933
-926
-879
-772
-672
-573
-548
-599
-628
-592
-474
-283
-156
-70
12
47
159
302
451
648
768
867
967
1039
1104
1086
1009
938
880
814
712
577
450
358
252
139
48
-42
-82
-117
-155
-189
-247
-268
-260
-227
-185
-146
-93
-6
80
136
167
173
185
205
235
269
298
323
309
331
347
319
307
305
363
474
538
546
557
514
470
451
424
456
483
501
532
535
507
443
338
260
212
158
92
-18
-154
-270
-413
-514
-591
-663
-700
-776
-848
-926
-1024
-1088
-1141
-1149
-1130
-1133
-1160
-1194
-1217
-1233
-1206
-1157
-1042
-878
-761
-658
-618
-607
-527
-455
-298
-114
-30
46
60
87
213
330
496
678
798
917
982
998
1003
959
890
830
778
741
731
687
641
559
439
349
249
203
172
118
97
46
11
-11
-36
-39
-61
-71
-57
-42
-23
-22
-37
-56
-92
-102
-112
-71
-4
24
57
48
44
67
81
162
263
362
489
542
545
539
506
500
533
578
640
645
609
563
487
415
343
270
214
168
90
8
-118
-239
-332
-429
-474
-529
-587
-647
-736
-811
-887
-975
-1024
-1077
-1137
-1174
-1216
-1238
-1249
-1257
-1222
-1112
-968
-835
-737
-742
-733
-662
-566
-357
-172
-47
81
150
235
378
499
656
793
875
980
1060
1128
1167
1133
1094
1054
989
917
843
764
713
654
545
407
287
227
196
166
102
17
-32
-51
-57
-53
-81
-108
-124
-135
-126
-119
-124
-134
-177
-207
-208
-192
-142
-96
-55
-25
-1
8
24
69
123
217
288
346
413
455
487
524
537
585
635
642
626
563
515
477
438
381
302
217
135
47
-45
-140
-243
-334
-416
-511
-595
-688
-787
-873
-956
-1019
-1095
-1174
-1233
-1280
-1308
-1294
-1269
-1232
-1158
-1058
-935
-812
-757
-734
-695
-632
-471
-278
-122
-2
53
101
202
317
472
622
711
808
874
929
985
988
977
951
903
865
806
747
693
603
504
394
285
202
133
71
14
-61
-132
-172
-186
-172
-183
-220
-256
-265
-252
-221
-203
-186
-171
-145
-106
-72
-28
13
65
125
186
225
273
329
384
455
522
546
567
582
598
640
666
684
681
648
592
540
485
438
373
301
235
146
50
-72
-182
-270
-357
-424
-485
-554
-633
-735
-838
-924
-1015
-1091
-1143
-1194
-1221
-1274
-1317
-1329
-1334
-1311
-1238
-1089
-909
-752
-668
-629
-571
-478
-326
-124
57
186
268
317
400
520
639
764
865
946
1022
1049
1056
1050
1023
989
937
870
802
753
694
624
527
402
274
163
94
43
-23
-115
-210
-270
-295
-303
-300
-310
-333
-355
-360
-347
-313
-276
-241
-216
-187
-159
-132
-91
-38
27
73
110
146
214
290
373
461
518
580
612
629
668
705
751
773
759
725
666
592
507
443
374
292
179
64
-43
-142
-222
-330
-439
-538
-627
-691
-753
-855
-955
-1045
-1121
-1169
-1211
-1257
-1274
-1274
-1289
-1268
-1241
-1193
-1038
-872
-717
-559
-512
-482
-389
-278
-55
159
277
405
457
503
629
747
892
1043
1117
1198
1245
1239
1237
1201
1160
1122
1062
1017
983
919
857
737
598
477
347
252
170
92
-8
-132
-235
-314
-363
-383
-399
-424
-443
-462
-452
-426
-406
-378
-370
-351
-319
-270
-212
-162
-114
-80
-48
9
76
170
277
349
386
412
444
505
586
627
656
662
667
674
642
596
534
444
344
254
173
91
-9
-114
-211
-310
-415
-531
-639
-719
-818
-924
-1017
-1129
-1214
-1285
-1369
-1405
-1430
-1434
-1415
-1420
-1403
-1337
-1212
-1033
-821
-675
-590
-525
-456
-329
-161
17
181
327
439
544
654
732
821
925
1033
1168
1250
1271
1257
1219
1183
1138
1082
1003
950
904
853
771
653
516
382
291
212
141
63
-27
-121
-228
-307
-355
-390
-419
-424
-397
-366
-350
-351
-350
-325
-280
-249
-228
-205
-201
-169
-123
-88
-22
55
113
184
237
289
358
397
433
467
494
544
583
589
586
554
510
454
395
336
269
186
86
-11
-105
-188
-287
-401
-508
-616
-712
-796
-873
-945
-1052
-1127
-1185
-1258
-1285
-1322
-1341
-1301
-1268
-1220
-1146
-1032
-913
-791
-689
-637
-554
-463
-346
-173
-16
115
239
340
430
549
672
790
917
1000
1082
1157
1197
1218
1224
1213
1211
1186
1135
1096
1051
997
931
836
730
626
538
451
350
246
107
4
-65
-125
-176
-229
-278
-313
-323
-332
-316
-272
-229
-218
-212
-203
-194
-179
-151
-108
-54
-17
14
46
76
112
141
173
205
223
258
287
308
338
354
367
357
344
335
304
276
214
138
84
16
-64
-143
-256
-382
-510
-633
-710
-788
-859
-932
-1012
-1076
-1145
-1207
-1254
-1270
-1250
-1242
-1241
-1217
-1182
-1096
-969
-862
-740
-648
-608
-514
-405
-276
-120
16
137
251
349
439
554
658
751
850
924
1006
1075
1105
1115
1109
1087
1073
1045
1038
1026
987
931
853
765
680
596
504
430
351
281
200
100
11
-76
-152
-196
-229
-248
-248
-257
-267
-262
-249
-237
-194
-141
-86
-33
-14
3
19
36
82
136
188
234
257
259
257
259
275
306
339
374
394
397
375
340
318
281
230
182
141
89
22
-51
-149
-250
-358
-450
-535
-616
-697
-809
-897
-987
-1064
-1103
-1153
-1192
-1194
-1197
-1187
-1135
-1106
-1061
-990
-940
-837
-728
-648
-546
-473
-396
-280
-195
-79
46
121
227
309
366
454
516
592
692
747
808
855
859
879
896
898
913
902
878
860
847
819
775
704
612
541
482
421
375
326
261
213
142
70
29
-43
-88
-114
-145
-137
-144
-148
-150
-169
-145
-98
-53
27
86
122
164
176
199
237
257
276
294
300
306
294
272
266
260
253
236
221
197
162
135
91
61
31
-5
-54
-111
-179
-271
-372
-479
-576
-656
-717
-774
-837
-915
-1003
-1091
-1148
-1179
-1178
-1142
-1119
-1096
-1070
-1037
-986
-909
-834
-740
-630
-539
-452
-383
-318
-234
-142
-41
69
168
256
324
380
432
487
542
595
662
726
761
784
763
740
743
744
756
782
779
771
742
696
670
626
591
555
517
477
446
392
336
278
219
182
135
115
105
82
71
46
20
18
10
30
80
117
168
216
243
287
309
318
345
352
360
372
360
349
331
306
286
266
238
216
197
169
120
56
-29
-105
-144
-177
-197
-223
-287
-379
-484
-587
-664
-725
-791
-862
-931
-1006
-1085
-1156
-1201
-1204
-1182
-1146
-1120
-1101
-1068
-1038
-998
-920
-860
-793
-712
-644
-535
-429
-349
-261
-186
-111
-5
75
171
261
313
360
393
420
467
507
542
589
611
623
643
650
660
687
686
688
695
672
667
656
614
596
570
528
511
478
437
415
360
307
274
210
197
209
194
206
192
160
174
180
199
250
256
277
304
303
339
368
361
386
402
418
450
440
424
396
361
335
326
297
270
238
173
125
63
-24
-92
-153
-186
-204
-239
-296
-375
-481
-565
-632
-689
-723
-769
-822
-893
-986
-1076
-1119
-1129
-1110
-1051
-1010
-977
-963
-963
-940
-894
-847
-785
-697
-620
-534
-466
-418
-358
-298
-225
-121
-28
70
147
180
225
248
260
298
335
372
423
454
461
477
467
470
494
502
529
547
548
559
554
529
524
508
485
490
480
472
462
423
391
352
317
304
283
264
260
252
250
256
261
265
279
286
299
308
325
354
367
387
392
396
398
400
396
403
386
373
351
322
302
272
237
189
143
68
7
-57
-104
-150
-189
-208
-248
-301
-370
-455
-533
-591
-648
-671
-702
-732
-790
-847
-895
-929
-926
-927
-905
-868
-857
-830
-807
-806
-776
-755
-713
-654
-582
-526
-460
-408
-369
-305
-247
-162
-82
-20
27
74
95
122
152
183
220
248
275
305
342
356
374
390
409
432
467
484
497
509
492
504
529
530
549
552
538
525
506
492
476
468
441
441
423
411
405
391
386
379
369
355
361
366
361
372
383
372
382
380
372
386
387
377
370
367
346
329
313
292
263
229
191
155
102
51
7
-43
-93
-153
-203
-252
-291
-334
-373
-416
-479
-519
-563
-607
-642
-678
-708
-724
-743
-760
-774
-795
-803
-804
-783
-766
-768
-760
-742
-727
-700
-674
-646
-613
-575
-526
-465
-417
-361
-311
-271
-212
-179
-151
-112
-82
-50
-16
10
40
77
97
137
166
191
234
249
283
319
337
365
394
407
434
459
461
482
500
499
514
500
485
496
480
471
462
443
428
422
402
405
404
381
373
362
360
363
351
335
337
335
335
348
332
327
315
306
307
305
288
284
261
232
217
159
122
71
30
7
-33
-77
-108
-139
-183
-202
-245
-284
-315
-352
-373
-389
-417
-444
-470
-504
-517
-529
-546
-546
-535
-547
-559
-569
-589
-591
-584
-569
-547
-543
-534
-507
-480
-454
-436
-408
-383
-338
-289
-246
-209
-199
-178
-143
-111
-81
-40
-12
10
26
50
66
82
103
129
164
188
212
236
258
296
321
337
372
384
393
403
412
413
413
414
425
433
423
428
414
397
398
400
393
379
357
340
331
310
298
288
283
273
271
268
241
231
203
192
184
184
179
168
145
130
115
88
80
53
44
17
-4
-37
-77
-98
-139
-167
-199
-217
-240
-254
-255
-264
-275
-306
-326
-343
-353
-360
-377
-391
-410
-421
-433
-426
-418
-426
-395
-386
-393
-372
-367
-357
-329
-312
-286
-252
-237
-207
-179
-157
-137
-106
-84
-68
-40
-17
3
14
28
38
57
74
101
126
132
141
140
152
177
197
222
238
237
251
256
257
283
286
296
298
283
292
283
279
274
259
249
239
223
218
216
210
204
184
179
173
159
162
154
140
139
132
125
125
125
121
114
108
95
82
64
51
32
14
-4
-20
-49
-62
-74
-102
-119
-138
-155
-173
-192
-203
-215
-233
-240
-248
-258
-250
-255
-268
-280
-291
-297
-309
-303
-317
-322
-314
-314
-307
-306
-298
-289
-277
-271
-249
-228
-216
-193
-178
-156
-128
-108
-82
-65
-54
-32
-10
6
28
53
71
95
111
127
153
169
171
173
174
178
188
187
191
191
196
197
196
205
209
212
213
206
200
203
189
182
172
147
152
154
147
151
140
133
133
128
125
133
123
117
120
115
126
118
96
97
90
82
81
66
61
44
26
15
1
2
-14
-22
-43
-69
-85
-105
-107
-110
-118
-134
-149
-174
-184
-199
-218
-228
-239
-241
-247
-255
-254
-257
-262
-258
-261
-256
-243
-238
-236
-232
-236
-224
-212
-206
-178
-165
-156
-147
-132
-117
-96
-83
-66
-34
-24
-1
33
51
75
108
123
135
150
155
166
172
190
199
200
211
212
225
231
222
225
224
217
218
224
217
236
239
223
216
209
210
197
181
183
173
166
157
144
139
128
129
130
127
121
107
104
102
92
78
68
51
45
42
33
35
20
0
-8
-13
-25
-37
-51
-76
-90
-102
-116
-127
-136
-160
-174
-196
-212
-229
-247
-258
-285
-296
-295
-308
-314
-306
-325
-330
-333
-342
-337
-332
-326
-313
-303
-295
-283
-279
-264
-254
-236
-218
-205
-177
-157
-142
-125
-103
-84
-62
-33
-7
19
46
68
88
107
121
143
157
179
201
207
218
224
239
251
256
268
268
271
260
244
245
235
238
236
218
214
204
193
188
176
170
168
153
149
144
136
132
125
118
125
133
131
129
121
112
113
110
108
111
111
111
107
114
108
108
102
92
81
68
53
41
23
-4
-18
-39
-61
-81
-94
-120
-134
-154
-172
-192
-214
-227
-245
-254
-267
-264
-281
-291
-300
-303
-299
-304
-297
-299
-294
-285
-274
-265
-259
-252
-237
-231
-214
-196
-185
-172
-166
-148
-134
-114
-97
-68
-37
-13
14
41
70
97
127
154
179
200
223
245
260
276
287
291
295
295
288
285
276
263
258
237
222
212
191
177
169
160
143
132
119
113
103
89
79
74
66
53
48
40
40
35
42
40
48
53
47
47
38
31
31
24
14
24
19
19
14
4
-3
-4
-8
-13
-18
-32
-37
-47
-52
-60
-72
-97
-112
-130
-146
-150
-164
-177
-194
-213
-229
-248
-260
-264
-280
-277
-278
-281
-283
-281
-258
-251
-248
-242
-234
-230
-211
-189
-179
-169
-152
-131
-114
-97
-73
-50
-33
-9
15
42
71
100
127
152
170
183
204
223
237
250
268
279
291
302
309
310
314
317
314
313
305
296
285
274
267
259
245
228
210
197
181
170
152
136
117
104
100
82
69
55
43
36
30
20
16
15
13
7
0
-5
-11
-19
-24
-25
-23
-24
-27
-32
-41
-43
-41
-41
-46
-55
-75
-85
-96
-105
-112
-125
-140
-156
-170
-191
-208
-221
-234
-250
-258
-275
-285
-294
-310
-315
-329
-334
-324
-328
-325
-318
-316
-307
-298
-299
-290
-275
-261
-237
-236
-236
-221
-201
-173
-139
-126
-114
-99
-79
-50
-24
6
39
60
82
102
119
139
159
179
191
212
233
251
262
272
280
288
296
304
304
305
301
292
285
279
275
267
254
239
222
204
185
168
154
144
140
127
111
94
84
73
60
49
43
36
32
24
14
0
-18
-22
-28
-36
-33
-37
-38
-42
-47
-48
-42
-42
-37
-39
-41
-40
-56
-59
-61
-73
-84
-94
-100
-110
-119
-131
-144
-148
-161
-160
-165
-167
-158
-160
-170
-176
-169
-164
-154
-149
-151
-141
-141
-139
-128
-122
-113
-100
-86
-72
-62
-56
-50
-38
-20
-8
11
31
49
62
68
75
89
101
119
135
138
147
158
170
176
182
184
187
194
201
206
205
205
211
212
209
204
200
192
180
163
159
155
146
136
126
117
98
88
78
69
64
46
36
29
13
8
-3
-24
-36
-55
-68
-79
-88
-94
-95
-102
-113
-112
-106
-112
-117
-114
-117
-117
-113
-112
-111
-116
-113
-116
-124
-127
-123
-122
-125
-127
-137
-139
-138
-136
-133
-134
-134
-139
-141
-141
-137
-129
-120
-116
-110
-106
-99
-96
-89
-83
-74
-65
-58
-44
-41
-27
-16
-3
1
9
24
35
54
68
88
97
109
123
135
146
163
176
188
202
212
218
224
236
242
247
243
235
233
227
224
218
217
218
217
205
191
182
168
160
145
138
132
120
101
83
65
49
38
27
14
1
-15
-21
-26
-37
-44
-67
-86
-91
-100
-105
-116
-121
-132
-146
-152
-151
-154
-148
-145
-153
-149
-150
-146
-147
-149
-149
-160
-162
-156
-151
-153
-158
-161
-163
-153
-154
-156
-155
-151
-150
-156
-154
-147
-135
-132
-124
-120
-113
-107
-103
-88
-73
-68
-56
-59
-47
-44
-38
-28
-19
-9
-4
8
8
28
42
43
52
58
69
85
94
106
115
124
133
144
153
172
178
181
189
185
185
185
188
190
187
185
184
182
174
168
157
145
145
134
125
119
103
85
63
52
45
32
23
14
1
-15
-23
-30
-39
-59
-75
-84
-101
-109
-116
-119
-127
-130
-139
-142
-143
-142
-142
-145
-142
-142
-135
-131
-121
-117
-118
-116
-114
-115
-116
-111
-106
-103
-103
-107
-110
-112
-112
-108
-99
-95
-95
-85
-76
-76
-71
-67
-62
-61
-56
-43
-31
-18
-8
-3
-1
8
17
26
39
53
72
79
85
92
104
110
123
131
142
155
159
168
177
182
186
189
191
194
198
195
197
192
179
178
177
170
167
165
161
155
141
137
133
120
115
108
92
81
65
56
44
25
16
1
-9
-16
-28
-45
-50
-62
-76
-85
-91
-101
-116
-121
-131
-138
-152
-156
-160
-170
-173
-177
-178
-169
-169
-178
-175
-176
-173
-161
-157
-152
-147
-149
-152
-150
-154
-150
-146
-147
-147
-154
-149
-137
-139
-133
-121
-109
-97
-90
-82
-75
-68
-60
-52
-41
-25
-10
0
11
14
17
25
31
40
51
69
78
87
95
108
122
127
141
150
155
165
180
187
191
201
201
211
214
221
218
216
217
218
220
218
221
219
212
209
205
196
185
176
168
145
128
119
109
84
69
58
31
9
-2
-15
-34
-45
-55
-64
-76
-77
-83
-88
-97
-114
-122
-127
-137
-141
-147
-148
-146
-152
-154
-149
-152
-152
-151
-153
-145
-141
-140
-138
-140
-140
-139
-141
-140
-144
-149
-146
-141
-134
-132
-127
-121
-123
-119
-110
-99
-88
-82
-77
-71
-60
-56
-52
-45
-42
-34
-31
-27
-19
-15
-8
-2
14
27
42
51
66
80
84
90
91
91
96
115
127
141
157
166
163
170
178
187
198
206
210
210
210
207
208
194
192
189
174
158
147
130
114
104
85
71
57
48
44
35
24
11
-2
-15
-24
-34
-38
-47
-62
-74
-87
-89
-93
-104
-116
-118
-121
-130
-139
-141
-138
-149
-151
-152
-152
-156
-152
-160
-161
-155
-164
-162
-154
-153
-154
-152
-141
-129
-126
-119
-106
-105
-96
-90
-80
-66
-60
-56
-50
-44
-47
-43
-47
-41
-43
-41
-35
-31
-15
-7
-7
4
16
22
32
42
56
63
60
63
69
77
85
94
97
102
116
131
142
153
160
165
183
190
191
200
204
201
197
196
196
192
183
183
180
175
171
167
158
141
131
122
117
109
96
82
72
54
32
19
6
-9
-24
-37
-55
-67
-85
-96
-96
-100
-108
-118
-121
-130
-138
-147
-155
-158
-162
-167
-169
-167
-169
-174
-176
-171
-169
-162
-164
-161
-151
-152
-148
-143
-131
-127
-125
-121
-116
-111
-109
-104
-107
-106
-105
-102
-89
-84
-83
-77
-72
-67
-58
-53
-44
-38
-33
-27
-18
-6
-1
6
13
26
35
46
51
57
70
78
93
104
113
119
130
139
142
147
151
155
162
166
168
174
171
169
175
179
181
179
178
186
188
184
186
182
172
167
158
157
148
138
124
115
103
91
77
58
45
31
19
5
-4
-12
-27
-37
-48
-65
-82
-96
-106
-117
-129
-140
-148
-153
-162
-168
-168
-169
-169
-170
-172
-169
-173
-177
-172
-171
-172
-170
-175
-163
-151
-144
-138
-130
-125
-121
-113
-111
-103
-97
-83
-78
-73
-67
-64
-61
-57
-53
-42
-41
-42
-35
-34
-32
-18
-8
-1
9
21
31
40
51
52
62
61
66
73
74
82
90
98
108
118
127
129
135
138
139
142
147
159
156
160
163
156
153
150
152
150
145
140
135
130
126
125
122
114
103
94
80
67
57
45
41
28
15
3
-7
-15
-21
-25
-36
-46
-54
-66
-74
-74
-72
-78
-80
-88
-91
-96
-109
-111
-118
-118
-120
-119
-120
-125
-129
-125
-130
-132
-128
-131
-129
-123
-125
-118
-113
-106
-94
-90
-77
-74
-74
-71
-63
-57
-55
-50
-41
-31
-22
-14
-8
-3
5
10
24
33
38
47
56
68
73
88
98
98
101
108
116
127
131
132
139
141
143
138
139
135
136
139
140
145
146
147
139
138
137
130
129
128
130
127
125
124
111
107
101
96
88
82
76
63
52
45
36
26
23
16
0
-9
-19
-28
-35
-53
-60
-66
-72
-79
-81
-88
-100
-106
-111
-115
-118
-121
-121
-125
-129
-129
-131
-134
-134
-141
-143
-140
-140
-135
-136
-136
-138
-135
-132
-128
-124
-117
-110
-106
-100
-99
-92
-85
-78
-74
-65
-61
-55
-50
-42
-31
-25
-14
-9
2
8
19
27
34
42
48
55
62
71
80
91
97
107
117
118
120
126
131
139
137
136
138
135
136
134
134
131
122
114
106
98
96
96
92
84
76
62
52
40
30
30
25
17
6
1
0
-5
-11
-16
-19
-24
-27
-32
-35
-31
-37
-46
-55
-63
-68
-78
-78
-84
-87
-90
-91
-94
-98
-101
-108
-108
-114
-117
-119
-117
-125
-126
-126
-130
-127
-126
-132
-132
-130
-131
-129
-130
-124
-120
-113
-104
-99
-91
-78
-66
-59
-54
-53
-45
-35
-21
-10
1
18
21
23
29
36
44
52
60
66
76
85
95
105
114
119
127
133
129
135
140
147
155
156
151
143
140
134
135
134
136
141
132
132
129
120
115
103
98
97
93
85
81
73
62
55
51
45
38
31
24
17
6
6
6
1
-8
-12
-17
-20
-26
-27
-27
-29
-31
-36
-42
-46
-48
-51
-52
-58
-63
-66
-69
-77
-80
-81
-84
-85
-94
-93
-90
-98
-98
-104
-111
-115
-119
-119
-113
-115
-114
-112
-112
-110
-102
-101
-101
-98
-91
-82
-81
-75
-64
-54
-47
-45
-38
-28
-19
-15
-2
11
25
34
45
64
66
74
85
98
104
104
111
114
121
123
133
137
136
140
143
142
143
148
149
150
147
147
147
145
144
138
133
127
125
119
115
113
106
97
88
81
72
63
54
53
49
52
46
39
30
20
8
3
-2
-8
-8
-12
-7
-10
-16
-22
-33
-34
-36
-38
-37
-41
-42
-46
-46
-46
-51
-57
-59
-59
-60
-66
-74
-82
-86
-96
-102
-112
-116
-122
-126
-124
-129
-128
-127
-126
-129
-131
-129
-121
-120
-117
-114
-112
-106
-105
-96
-96
-90
-85
-79
-64
-55
-51
-47
-39
-29
-20
-14
-9
-5
4
12
26
37
46
58
62
71
72
72
80
83
84
87
97
97
96
97
96
100
102
105
108
110
110
103
94
93
83
81
82
81
82
80
78
71
68
64
61
55
52
50
42
43
35
29
21
17
10
-3
-11
-15
-15
-14
-20
-17
-12
-19
-24
-25
-31
-38
-43
-43
-45
-48
-48
-55
-59
-64
-70
-76
-77
-74
-80
-82
-85
-87
-87
-85
-87
-88
-93
-98
-96
-96
-98
-100
-98
-97
-93
-91
-84
-82
-75
-68
-64
-57
-50
-42
-38
-25
-21
-17
-14
-11
-7
1
13
15
21
26
30
37
43
45
47
54
66
74
83
89
89
88
89
88
93
90
88
86
89
88
79
78
75
74
73
74
73
70
64
58
50
42
37
33
35
32
25
18
13
8
7
5
2
-6
-9
-9
-11
-16
-18
-30
-38
-38
-48
-48
-55
-64
-69
-72
-73
-76
-79
-84
-81
-75
-75
-72
-74
-76
-79
-79
-78
-77
-77
-74
-75
-72
-64
-67
-69
-72
-66
-65
-63
-56
-56
-54
-49
-50
-47
-41
-38
-34
-32
-27
-25
-18
-12
-10
-6
0
9
19
24
29
36
42
52
51
57
64
64
71
79
78
82
84
74
78
82
80
80
81
80
85
87
88
91
87
84
78
69
67
62
55
53
55
55
57
59
59
61
53
46
41
37
36
37
30
32
28
26
24
17
10
4
0
-4
-11
-17
-20
-24
-23
-27
-23
-25
-33
-31
-35
-40
-41
-48
-52
-52
-54
-58
-65
-69
-72
-77
-78
-83
-86
-87
-83
-79
-85
-87
-81
-76
-68
-63
-60
-62
-56
-57
-52
-48
-49
-42
-38
-33
-30
-24
-23
-21
-19
-15
-5
0
7
6
9
12
19
21
27
30
27
34
32
34
36
36
35
39
38
41
44
45
46
43
43
41
36
37
42
39
34
37
35
37
34
33
37
38
41
43
38
38
36
34
35
34
37
37
37
37
34
31
29
30
28
35
33
33
35
29
35
31
24
22
11
5
0
-6
-10
-12
-16
-18
-20
-24
-30
-28
-28
-34
-35
-42
-46
-51
-51
-54
-59
-59
-59
-62
-60
-57
-56
-55
-54
-49
-45
-39
-35
-39
-34
-31
-31
-26
-21
-19
-13
-12
-13
-7
-4
-1
1
6
9
18
24
23
27
30
30
32
32
32
33
31
34
30
24
26
21
18
15
13
10
8
8
7
7
7
4
-2
-2
-5
-2
0
-3
3
1
2
3
1
2
3
2
5
4
5
7
6
7
2
3
3
1
5
6
2
1
-2
-1
2
4
5
3
6
3
6
6
4
-3
-6
-9
-14
-15
-15
-20
-20
-22
-30
-34
-37
-40
-44
-48
-48
-48
-50
-48
-48
-47
-50
-48
-43
-40
-38
-35
-33
-35
-30
-24
-22
-17
-12
-7
-3
3
6
6
15
18
21
24
25
27
28
27
33
39
35
35
34
36
41
39
39
39
36
36
32
30
29
28
30
25
25
26
29
28
26
25
25
27
21
20
22
21
21
24
26
29
33
35
34
34
33
30
28
32
33
31
32
29
28
31
30
27
26
25
26
21
19
17
12
12
7
4
7
5
2
-1
-5
-11
-16
-13
-19
-23
-24
-26
-29
-37
-41
-45
-49
-44
-46
-46
-47
-50
-46
-44
-42
-38
-37
-38
-31
-27
-25
-22
-20
-19
-20
-22
-18
-18
-15
-12
-8
-5
-3
-2
-2
3
5
7
8
8
9
10
11
13
15
15
15
10
9
7
3
2
-2
-4
-6
-5
-6
-9
-5
-5
-8
-10
-10
-8
-9
-10
-11
-11
-9
-8
-11
-11
-12
-13
-11
-10
-8
-6
-3
0
4
6
7
9
9
9
7
10
7
8
10
8
9
10
8
5
7
4
5
3
4
4
3
3
3
6
4
2
0
-3
-3
-5
-9
-9
-12
-12
-11
-12
-9
-6
-5
-2
2
2
3
5
8
9
13
14
15
20
20
22
22
22
23
21
22
21
24
26
27
29
28
28
28
27
27
25
19
20
20
16
12
11
7
3
2
-3
-5
-5
-6
-10
-8
-9
-11
-8
-10
-12
-12
-14
-17
-19
-17
-20
-20
-18
-19
-20
-20
-21
-20
-19
-18
-18
-19
-16
-13
-12
-9
-10
-10
-8
-8
-8
-7
-7
-10
-8
-8
-9
-8
-6
-7
-6
-6
-8
-8
-6
-6
-7
-6
-6
-6
-6
-6
-8
