12
11
12
11
11
10
7
5
4
4
4
5
3
3
1
-1
-1
-3
-4
-4
-4
-4
-3
-5
-8
-11
-12
-12
-11
-10
-11
-11
-12
-13
-16
-16
-17
-15
-14
-13
-12
-12
-13
-14
-15
-13
-12
-11
-10
-10
-9
-9
-9
-10
-10
-9
-8
-7
-6
-5
-6
-6
-5
-5
-3
-2
-1
1
4
5
6
7
6
7
8
9
12
14
14
13
12
11
11
9
8
9
11
11
11
11
9
9
8
9
10
10
12
11
9
8
7
7
6
7
7
8
7
3
0
-1
-2
-2
-1
-1
0
-2
-3
-3
-4
-4
-8
-6
-4
-4
0
1
0
-6
-7
-5
-7
-4
-4
-4
-3
-4
-6
-7
-11
-12
-10
-10
-7
-5
-7
-9
-14
-13
-13
-11
-8
-5
-5
-7
-7
-5
-3
-5
-2
-3
-5
-3
-5
-3
-1
-5
-1
0
-2
1
-1
4
4
5
3
-1
3
4
10
11
11
8
10
11
14
16
11
12
10
13
17
15
15
10
8
9
11
14
8
11
6
3
8
1
-2
0
3
4
6
1
0
-7
-9
-7
-8
-11
-12
-6
-9
-8
-9
-14
-22
-24
-18
-9
-13
-12
-16
-17
-19
-18
-12
-20
-13
-6
-8
-5
-7
-4
-4
-6
-6
0
-6
-3
-2
1
8
17
27
13
6
7
9
13
21
34
34
24
16
14
20
24
33
36
39
23
20
16
11
20
29
23
20
10
15
13
7
9
8
-2
3
7
3
0
-6
-13
-17
-13
-14
-3
-11
-8
-19
-26
-33
-27
-21
-27
-22
-23
-18
-30
-34
-36
-35
-41
-42
-27
-29
-28
-30
-32
-18
-33
-32
-24
-20
-27
-23
-17
-12
-12
-17
-10
-17
-8
17
3
-9
13
16
4
1
33
42
3
11
21
28
20
38
54
36
44
32
24
23
60
55
42
28
26
19
39
66
56
55
12
10
8
20
56
42
21
21
-24
-17
29
39
42
3
-6
-30
-34
-15
23
18
7
-15
-57
-50
-35
9
-7
-17
-20
-36
-83
-62
-25
4
-25
-47
-43
-47
-49
-43
-24
-34
-58
-65
-35
-45
-28
-24
-29
-22
-24
-23
-21
-28
-40
1
-6
11
35
14
-16
-22
-29
-1
22
38
54
29
9
12
-17
-9
29
77
36
13
37
23
-25
17
55
44
27
23
56
24
-11
21
6
-7
42
41
39
45
0
-24
-14
-4
34
12
67
35
-1
-17
-33
-36
13
32
39
-7
-7
35
-38
-25
-2
38
-31
5
13
-25
-1
13
-10
-52
-28
-35
-25
-51
11
59
-31
-38
-11
-43
-56
-49
-33
-25
-1
-10
7
-19
-42
-25
-19
-13
5
23
-6
-55
27
-35
-30
24
6
-6
19
6
47
16
-51
11
8
5
36
6
26
20
-30
-1
65
20
0
2
8
13
29
3
43
27
-25
56
-52
48
32
14
28
-11
-1
42
-2
-2
25
-48
-7
-15
-21
75
5
38
-19
-29
-16
-55
8
-23
-3
-35
15
-28
7
-15
4
-16
-47
-43
9
14
16
-33
-43
-6
-62
-8
18
55
11
-15
-14
28
-13
-16
27
25
-13
8
76
47
19
-20
-18
34
30
50
39
37
-5
-3
-2
57
52
-12
24
10
16
-10
13
26
18
2
11
17
9
-11
-5
31
9
-13
-12
9
10
-17
-7
-28
-25
-9
-7
33
-12
-7
-36
-61
-33
-9
-10
0
-28
-54
-63
-53
4
-30
-8
1
-9
-65
-65
-56
-44
-5
-42
11
-55
-48
-49
-22
-19
6
-34
-25
-36
-28
7
-8
14
-8
-27
-9
17
-13
25
34
22
23
1
39
28
27
-36
6
14
12
69
75
90
25
-18
-16
15
17
78
74
38
26
3
35
43
42
71
29
-25
1
39
55
45
-39
15
-1
-17
40
28
-2
-18
-73
-30
24
43
48
-18
-21
-56
-65
-5
-14
38
34
7
-41
-29
-108
-73
-50
-26
35
13
11
-92
-100
-100
-81
-56
-26
2
-5
-75
-12
-47
-74
-28
-26
-24
-1
21
10
-7
-10
13
-36
-26
-19
-27
-35
-22
37
-37
-23
28
-57
-12
-40
-18
-34
16
24
38
27
15
35
-46
-28
75
72
108
100
12
3
-41
25
66
136
88
86
46
-2
7
43
70
75
12
40
70
14
79
67
62
14
0
50
55
63
96
107
24
61
12
-36
44
41
62
57
70
16
-26
-74
-23
-13
8
23
-28
-90
-106
-56
-50
-24
-2
-76
-116
-120
-123
-36
-12
-37
-68
-94
-152
-119
-72
-47
-18
-78
-54
-74
-67
-112
-71
-67
-70
-49
-107
-39
-68
-13
-11
5
0
-14
11
36
33
9
21
9
32
-37
5
52
30
63
-41
69
77
50
21
54
20
45
90
-14
18
21
22
27
-6
1
120
3
59
82
-20
37
33
6
54
59
91
43
-55
-12
20
37
48
18
-24
21
-27
-57
28
-46
9
-11
-96
4
-56
-35
24
-21
-59
-59
-67
-53
-80
-100
-7
-31
-15
-85
-75
-53
-17
-82
-55
-20
-5
19
-39
-29
-52
-61
10
-4
-44
91
70
-12
15
-1
51
13
45
95
17
13
42
-61
2
41
50
92
69
70
51
-63
23
40
13
123
60
110
9
7
-67
-65
23
79
82
70
8
-27
-32
-86
-7
13
44
5
-64
-42
-18
-84
4
-28
-77
-12
6
-55
-22
-44
-7
15
-27
-23
16
40
-10
-33
-86
-34
-6
-14
18
32
-84
-58
-72
-28
-52
78
13
-88
-78
-60
-63
-7
-30
74
9
-36
69
-33
20
20
49
82
-10
56
83
4
57
77
62
107
102
56
46
41
0
14
83
93
61
62
-10
-18
8
0
113
46
86
45
-61
-38
4
-16
18
93
84
24
44
7
6
43
29
42
18
22
20
34
-35
-25
-1
-46
5
-22
46
-13
9
-16
-76
-30
-31
-36
-60
-108
-97
-41
-95
-63
-23
-71
-50
-87
-45
-53
-37
-42
-38
8
-10
-45
-13
18
2
25
17
45
71
-46
24
73
-23
104
47
-5
60
45
24
99
23
88
75
77
74
45
36
95
85
14
54
123
63
35
37
66
95
98
59
109
40
75
33
-12
39
33
83
2
33
-34
20
-5
61
26
16
-22
-69
5
-85
-10
33
-10
-63
-34
66
60
-23
-16
7
-5
-6
6
8
-48
-51
-108
-102
-75
-32
-41
-116
-31
-20
-33
-72
-68
-37
-62
-86
-62
19
-66
-30
-64
-13
-33
-67
6
15
7
37
-4
-10
27
-48
-20
-27
-1
-53
-40
-32
4
-12
-57
-15
-34
-38
-51
5
-4
31
-41
-29
-45
-57
41
14
45
112
87
163
125
240
142
103
65
84
5
-4
64
-34
-44
-102
-55
-1
-35
18
78
-151
-101
-119
-7
6
-82
-57
-79
-91
-86
29
59
96
42
61
52
39
113
141
27
113
26
-44
-98
-115
-27
-157
-2
123
-105
-208
-36
-214
79
-235
-56
228
-247
-79
4
-197
-17
-114
40
119
-78
-12
94
-49
57
-4
134
-20
50
26
-31
157
77
-20
-56
-43
-31
-4
39
-76
91
7
-33
76
-112
12
-106
29
-63
45
-57
-85
129
-44
-105
155
-159
-77
87
-191
191
-120
-157
141
-45
128
-6
-82
45
147
-50
16
38
-62
3
-132
121
-85
125
33
-209
-77
86
-56
116
-51
-64
92
-73
-89
-25
-169
3
225
-201
76
-100
98
68
-187
-35
195
-61
82
43
207
192
-290
-61
245
-289
189
122
12
-64
-99
169
-18
-192
-90
256
-20
42
-31
5
-89
-14
-283
50
43
67
146
-120
129
-97
11
119
-188
414
311
-118
-26
21
312
36
153
139
165
-104
-201
341
72
-140
110
-183
244
234
-319
350
-106
-277
53
-294
278
-56
-243
-45
90
-318
-12
323
-40
91
-296
95
-73
-265
140
31
-16
-58
-88
-181
-68
17
-91
-87
123
-81
20
230
-1
-114
-149
-86
282
-18
39
273
128
-104
-179
-65
-95
29
-38
104
190
7
-235
-53
45
-188
-84
204
86
-277
-174
-164
25
-72
-335
299
-251
-74
200
-162
-43
160
-69
-201
-167
-172
348
-111
53
114
-162
-49
-16
-179
23
257
33
-159
-143
-99
55
98
-54
433
-144
-59
202
-297
-142
4
-175
159
58
-133
126
22
-117
-296
222
140
-113
44
-139
-321
-17
-382
118
-127
123
179
-122
-181
-32
-80
-253
288
59
-64
-61
-56
-333
89
53
175
95
-114
338
-84
-158
182
-72
27
40
-71
181
27
21
68
-39
113
127
-43
133
122
-3
31
-105
-92
-42
-38
118
-60
72
195
-25
97
1
-34
245
-335
-31
218
-210
-127
-9
133
-123
-116
46
99
-272
31
16
1
-275
43
-78
-298
105
-26
-99
51
241
-226
-50
-109
40
343
23
171
-136
-87
-111
-37
-43
262
80
-196
41
46
120
67
-64
-114
-3
271
178
-33
28
69
-370
-153
276
102
52
49
5
59
67
-108
70
-33
254
42
-117
28
176
-72
-18
253
35
-97
-32
-156
102
337
-101
242
1
-4
-38
-61
86
284
161
293
69
-197
43
20
-83
94
414
80
107
-18
-151
25
26
27
54
65
314
112
-103
33
-161
-139
100
-59
48
87
24
9
-437
170
203
-189
115
218
-50
10
-282
76
129
-44
64
-80
-186
136
10
25
-20
-131
167
-238
-4
-157
44
3
-266
-42
136
-97
-281
49
162
-38
152
0
-68
12
-84
5
108
26
122
60
-168
214
60
31
295
66
192
-131
-44
-211
-243
241
-124
-101
179
75
-52
-126
-128
70
-169
56
120
-49
-55
-197
-206
-145
135
-57
43
108
54
59
18
213
-56
-152
-96
23
85
106
-5
-23
13
-14
-111
173
356
-218
15
-8
-154
98
-127
-9
-118
-101
5
64
-110
269
167
-179
-166
36
-118
-217
17
-72
101
-42
-188
36
282
-35
39
73
14
157
-93
74
153
4
-267
-22
-178
-170
348
144
102
174
-244
-111
-117
-213
233
27
-58
8
-206
120
-290
-302
154
51
-243
-17
241
204
-154
-271
188
3
-289
-92
252
112
-16
-243
11
181
-146
22
122
126
139
58
-5
25
-57
6
-184
86
110
116
-135
-117
41
-246
362
95
-88
81
-158
185
45
-104
306
-43
-124
-230
8
131
103
89
48
-9
-85
-266
114
51
-189
-60
84
172
-24
139
38
-87
-173
-23
218
29
-129
205
-357
-212
275
228
236
-378
-140
226
23
36
95
15
213
19
162
5
-322
-107
-144
2
490
259
54
41
-358
-63
-284
171
147
-34
41
68
-62
-162
201
-364
-140
433
436
338
-114
-312
-5
-84
-228
-35
45
565
-17
-303
125
177
-276
-276
-125
33
136
-63
-151
-101
168
-49
-128
-119
165
-217
-217
23
87
246
112
60
-163
-14
-102
-62
169
158
25
89
-251
23
152
-39
74
-330
18
223
-129
121
307
-111
-113
-123
0
-89
122
179
-125
78
-186
139
-10
70
104
-209
67
422
-59
-25
3
-8
-236
-227
242
116
73
139
-275
-93
90
-44
128
84
-28
-38
-23
44
45
-91
330
79
-197
36
21
-9
-125
-67
195
-105
-156
213
-128
-145
63
-197
87
-27
-216
86
-271
-64
-59
-259
-62
280
-118
-28
-62
74
237
-102
-24
334
8
-267
169
211
21
-22
129
9
31
-78
164
91
-127
71
-151
-74
133
54
-267
5
17
-137
40
44
-33
-171
36
-182
-114
170
6
-140
20
179
309
1
9
187
-53
61
197
27
159
44
175
73
97
28
-45
-54
75
75
90
-59
63
60
-57
-143
-116
-59
-163
-59
-80
-89
-108
-38
-251
-231
39
29
-13
-195
14
173
-171
-92
82
38
176
190
115
54
83
-186
9
-13
-78
184
45
-48
101
-276
-13
-225
-148
-34
-128
-241
-17
-121
32
-95
113
20
-132
-93
85
25
198
92
-50
-123
-21
-116
146
204
249
60
-115
76
4
-223
-83
-10
45
-203
-158
20
-125
-95
-78
-186
3
-12
-126
95
-86
109
-13
63
-64
80
143
169
-127
-46
-108
160
29
64
194
13
-12
-81
-64
130
81
101
40
107
-79
-40
-299
-33
112
114
35
125
130
34
-61
4
202
31
-119
148
311
9
67
181
153
-67
-114
175
213
211
8
-21
-51
-315
-87
-144
100
-105
-75
-21
69
-78
-5
77
14
-142
29
-53
61
-136
180
22
81
168
-113
53
184
54
-29
58
204
47
-242
-28
-203
-59
-256
123
-72
169
-19
-37
-140
-100
-89
33
-30
184
79
-50
-130
-72
-85
-82
119
23
51
-135
-87
-130
98
-63
-12
-153
-168
-200
-231
-84
128
89
-12
-107
-71
-151
-203
-56
15
50
10
-176
4
-37
7
143
62
148
117
41
-114
55
324
46
-1
220
15
-1
164
148
204
-6
98
13
-55
-48
45
7
119
109
-46
28
-28
-17
-95
-29
20
-105
-107
120
-8
90
-3
32
-5
75
156
-51
21
-68
23
39
176
194
44
-20
58
83
76
-80
67
-185
-95
-20
-106
-98
-100
-120
-235
-80
-142
2
-42
-48
-41
-66
28
-39
-106
18
-16
-212
-118
-21
3
146
100
109
-44
-159
-47
-217
-105
-162
-75
-176
-68
-58
-161
-141
-15
-45
45
125
50
47
-137
-71
-43
-180
-164
177
4
100
-19
60
-128
-75
-160
97
98
114
237
26
24
-72
-82
-116
32
-136
-8
16
130
-61
-11
65
135
80
92
193
220
149
101
124
-65
5
-123
-72
-63
121
-12
23
-43
-39
-138
-74
47
50
116
154
78
-1
-86
-25
-132
-91
-29
-110
-27
-82
-64
-17
36
42
214
173
230
100
128
15
23
14
-65
-39
-96
-22
-62
8
11
91
75
165
220
178
127
154
62
33
-19
26
-27
-11
36
59
122
66
75
20
20
35
130
140
126
9
-24
-72
9
-3
-30
-34
5
1
-65
-19
37
28
-108
-102
-147
-71
29
-70
-40
-7
-64
-28
21
49
110
-90
-198
-3
-61
-45
-113
20
-36
-17
-55
15
-55
-20
20
30
8
17
-15
-196
-162
-140
-58
-86
52
49
168
17
-87
-111
-123
-100
0
66
20
-22
-104
-54
-18
4
37
172
74
56
2
-27
-72
-66
-132
-85
-56
-43
-17
-14
102
10
-1
-37
19
-19
88
80
141
87
-3
24
-47
0
39
67
119
92
72
54
8
-21
-37
28
6
52
-8
-13
-29
-79
-39
-48
13
15
-22
-69
-48
-35
2
14
41
72
81
30
-49
-23
-56
-26
-68
-8
-58
-125
-147
-186
-168
-188
-114
-40
-18
30
55
7
26
35
8
35
12
-24
-30
-49
-36
-22
6
17
9
60
77
44
67
61
-3
-47
-80
-115
-107
-119
-162
-124
-68
-8
47
71
70
96
77
61
76
73
35
4
58
57
37
18
1
-23
64
86
59
88
88
122
119
144
136
93
86
97
117
168
187
196
213
226
236
243
258
242
199
186
213
214
244
165
162
130
93
100
64
77
44
-19
-83
-139
-192
-210
-252
-298
-277
-299
-286
-280
-351
-393
-436
-482
-553
-587
-656
-700
-743
-690
-676
-680
-626
-593
-468
-433
-435
-384
-396
-416
-450
-500
-456
-428
-361
-299
-188
24
240
457
633
825
1012
1124
1196
1204
1162
1122
1010
863
721
625
470
384
268
203
193
139
164
211
287
367
384
472
565
642
670
713
697
673
710
735
723
687
662
630
628
619
616
606
564
509
517
498
429
362
311
188
43
-132
-315
-452
-604
-778
-923
-1006
-1087
-1220
-1244
-1255
-1285
-1242
-1265
-1259
-1292
-1295
-1270
-1378
-1399
-1443
-1521
-1563
-1659
-1726
-1759
-1754
-1715
-1609
-1305
-978
-559
-170
206
747
1210
1617
1933
2091
2227
2298
2087
1814
1541
1153
770
357
8
-138
-336
-524
-698
-727
-650
-606
-658
-702
-690
-657
-661
-706
-672
-609
-479
-346
-99
217
587
946
1271
1612
1962
2271
2433
2553
2615
2610
2564
2413
2161
1856
1528
1194
852
505
153
-219
-525
-795
-1006
-1163
-1281
-1351
-1374
-1345
-1242
-1120
-1030
-876
-690
-539
-377
-273
-123
-44
17
77
125
148
167
113
87
37
-68
-201
-383
-558
-806
-1038
-1362
-1673
-1954
-2178
-2372
-2629
-2741
-2834
-2868
-2718
-2604
-2299
-1816
-1256
-582
39
656
1360
1990
2538
2942
3167
3314
3354
3128
2822
2449
2053
1647
1049
594
297
-19
-324
-664
-844
-919
-1032
-1208
-1373
-1509
-1580
-1646
-1717
-1685
-1570
-1370
-1129
-801
-365
120
627
1130
1587
2049
2447
2720
2870
2886
2866
2785
2622
2327
1953
1556
1186
812
422
54
-316
-599
-798
-953
-1111
-1187
-1206
-1209
-1139
-1042
-953
-799
-694
-556
-335
-144
45
174
291
439
591
710
724
687
628
552
422
249
21
-236
-525
-802
-1110
-1467
-1762
-2116
-2381
-2584
-2856
-2960
-3087
-3194
-3156
-3115
-2892
-2537
-2051
-1378
-726
-35
674
1472
2293
2961
3494
3768
4007
4052
3838
3443
2922
2392
1774
1097
537
102
-302
-756
-1139
-1368
-1450
-1526
-1733
-1903
-1966
-1932
-1894
-1921
-1897
-1736
-1443
-1149
-803
-357
157
703
1247
1785
2302
2752
3050
3243
3351
3359
3263
2998
2590
2121
1640
1140
624
76
-406
-758
-1022
-1182
-1327
-1428
-1400
-1332
-1242
-1102
-993
-847
-723
-589
-432
-244
-101
33
196
374
604
791
938
996
1053
1097
1041
905
671
393
21
-326
-702
-1072
-1439
-1828
-2187
-2474
-2709
-2910
-3056
-3200
-3221
-3219
-3232
-3084
-2909
-2601
-2004
-1433
-721
-10
642
1567
2419
3147
3903
4272
4618
4800
4622
4379
3889
3182
2472
1609
811
189
-530
-1207
-1774
-2206
-2331
-2514
-2688
-2741
-2733
-2560
-2354
-2223
-2013
-1770
-1456
-1028
-653
-218
295
762
1313
1890
2420
2906
3214
3451
3618
3651
3617
3370
2942
2384
1785
1182
526
-205
-894
-1397
-1805
-2090
-2306
-2382
-2303
-2149
-1926
-1679
-1364
-1011
-706
-394
-92
205
496
734
967
1202
1428
1562
1636
1677
1656
1625
1432
1186
850
458
77
-406
-883
-1365
-1840
-2232
-2605
-2952
-3156
-3409
-3524
-3546
-3554
-3456
-3349
-3220
-2912
-2579
-2070
-1312
-606
228
1001
1727
2743
3631
4348
4908
5111
5355
5374
4999
4488
3722
2891
2045
1037
160
-552
-1317
-1986
-2525
-2887
-2909
-3022
-3172
-3112
-3018
-2749
-2516
-2392
-2131
-1823
-1424
-995
-575
-110
412
916
1516
2079
2541
2967
3235
3403
3445
3358
3158
2752
2174
1547
874
239
-428
-1109
-1684
-2091
-2280
-2363
-2391
-2279
-2022
-1643
-1248
-807
-414
-20
338
660
942
1156
1371
1480
1578
1653
1732
1772
1718
1622
1563
1461
1257
960
596
216
-160
-629
-1097
-1575
-2014
-2380
-2740
-3021
-3236
-3352
-3490
-3557
-3481
-3365
-3219
-3053
-2842
-2443
-1992
-1343
-602
194
997
1683
2566
3460
4159
4719
4911
5074
5116
4741
4199
3439
2629
1784
754
-220
-912
-1572
-2203
-2708
-3094
-3108
-3073
-3151
-3078
-2935
-2637
-2308
-2172
-1983
-1657
-1289
-873
-507
-119
394
930
1468
2004
2431
2856
3194
3388
3477
3406
3193
2866
2342
1708
1051
405
-219
-887
-1491
-1892
-2126
-2193
-2187
-2071
-1733
-1279
-795
-360
70
522
900
1199
1415
1534
1602
1628
1603
1540
1481
1405
1317
1194
1059
954
760
531
247
-57
-390
-795
-1206
-1639
-2032
-2387
-2707
-2984
-3173
-3324
-3386
-3360
-3350
-3190
-3033
-2897
-2558
-2258
-1813
-1243
-638
63
781
1434
2159
2964
3595
4200
4554
4649
4806
4545
4098
3550
2724
2002
1115
132
-584
-1263
-1908
-2427
-2856
-3029
-3024
-3152
-3155
-3015
-2839
-2516
-2328
-2119
-1776
-1441
-988
-612
-215
279
759
1246
1747
2194
2595
2952
3179
3336
3363
3261
3085
2655
2119
1554
944
365
-335
-989
-1475
-1816
-1993
-2065
-2022
-1747
-1369
-912
-435
-16
439
816
1090
1303
1406
1405
1379
1270
1176
1087
947
869
809
770
761
662
577
464
259
48
-253
-622
-1000
-1405
-1802
-2160
-2493
-2782
-2977
-3110
-3200
-3146
-3081
-2903
-2720
-2531
-2248
-1891
-1539
-1119
-513
98
772
1359
1824
2569
3210
3704
4094
4152
4325
4288
3898
3444
2811
2122
1341
392
-380
-950
-1613
-2245
-2780
-3110
-3117
-3201
-3330
-3266
-3125
-2801
-2545
-2387
-2071
-1692
-1250
-833
-452
-3
507
986
1441
1902
2330
2736
2994
3132
3222
3199
3117
2814
2325
1798
1246
739
131
-548
-1066
-1391
-1585
-1623
-1637
-1476
-1076
-703
-263
158
509
892
1113
1226
1322
1317
1268
1154
980
897
847
795
761
726
719
768
766
690
537
330
106
-198
-550
-902
-1292
-1671
-2061
-2343
-2523
-2733
-2825
-2915
-2871
-2705
-2625
-2386
-2190
-2016
-1652
-1458
-1114
-545
-62
552
1026
1383
2098
2721
3168
3622
3708
3858
4002
3700
3335
2838
2144
1539
642
-212
-750
-1468
-2138
-2725
-3169
-3263
-3391
-3603
-3588
-3418
-3098
-2723
-2530
-2248
-1821
-1373
-837
-436
-34
446
889
1377
1789
2165
2510
2761
2936
3053
3069
3046
2866
2458
2045
1580
1149
672
50
-436
-739
-924
-977
-1052
-1007
-723
-406
-75
233
467
789
972
1042
1112
1038
983
883
728
689
683
694
713
693
733
854
884
840
727
519
335
51
-323
-699
-1139
-1483
-1849
-2187
-2460
-2732
-2862
-2961
-2968
-2914
-2859
-2730
-2576
-2356
-2116
-1837
-1571
-1224
-673
-177
399
826
1276
1987
2487
3017
3355
3460
3718
3624
3336
2991
2456
1890
1171
275
-426
-990
-1712
-2347
-2906
-3283
-3325
-3515
-3578
-3452
-3260
-2815
-2483
-2169
-1729
-1254
-731
-263
141
585
1065
1485
1866
2186
2481
2811
2997
3096
3103
3049
2989
2711
2284
1816
1357
943
434
-149
-585
-842
-1002
-1108
-1205
-1094
-833
-580
-303
-84
170
448
610
712
800
872
906
875
833
860
922
907
903
886
915
946
875
760
577
390
149
-148
-483
-865
-1202
-1543
-1852
-2142
-2414
-2578
-2739
-2763
-2777
-2753
-2657
-2605
-2435
-2257
-2061
-1790
-1588
-1243
-724
-194
373
822
1286
1981
2586
3068
3423
3538
3676
3630
3280
2882
2322
1626
873
-44
-727
-1250
-1937
-2555
-3028
-3254
-3194
-3249
-3311
-3143
-2864
-2418
-2032
-1774
-1382
-950
-487
-36
327
728
1151
1527
1885
2202
2489
2772
2912
2960
3000
2957
2896
2649
2232
1853
1483
1127
674
140
-286
-520
-685
-805
-914
-910
-704
-508
-281
-60
133
419
582
704
839
913
991
982
910
923
953
972
947
837
785
810
749
601
404
166
13
-219
-537
-869
-1232
-1528
-1795
-2056
-2328
-2516
-2678
-2774
-2777
-2786
-2679
-2611
-2557
-2361
-2228
-1987
-1713
-1542
-1063
-575
-96
520
824
1414
2106
2511
3050
3190
3280
3438
3161
2823
2423
1754
1104
335
-504
-992
-1589
-2312
-2742
-3142
-3152
-3044
-3203
-3037
-2778
-2385
-1849
-1557
-1198
-748
-316
147
526
820
1168
1471
1719
2031
2241
2490
2677
2694
2791
2821
2849
2784
2444
2099
1784
1435
1044
488
-72
-435
-720
-951
-1115
-1252
-1157
-952
-746
-474
-244
66
367
590
779
915
1013
1033
1001
954
927
912
828
716
618
595
551
433
254
66
-85
-275
-518
-819
-1124
-1387
-1641
-1874
-2122
-2346
-2522
-2643
-2696
-2703
-2659
-2597
-2466
-2355
-2146
-1900
-1678
-1373
-1107
-578
-32
436
911
1233
1852
2405
2807
3144
3193
3360
3314
2998
2627
2100
1526
786
-8
-692
-1174
-1769
-2397
-2754
-2962
-2826
-2799
-2831
-2569
-2260
-1737
-1358
-1116
-795
-433
-32
261
521
705
989
1234
1431
1700
1860
2123
2270
2349
2464
2492
2536
2365
2041
1706
1397
1061
570
23
-432
-681
-874
-1056
-1179
-1177
-936
-658
-390
-130
149
462
698
860
953
1005
1012
950
867
778
729
645
525
415
379
389
338
206
53
-40
-136
-326
-609
-890
-1163
-1381
-1629
-1876
-2098
-2312
-2373
-2471
-2452
-2381
-2343
-2168
-2074
-1865
-1665
-1531
-1292
-1186
-892
-445
-63
413
714
1098
1755
2253
2725
3044
3153
3375
3349
3029
2695
2110
1475
808
-63
-682
-1178
-1827
-2296
-2648
-2747
-2562
-2575
-2501
-2219
-1872
-1395
-1106
-929
-628
-336
-42
190
318
482
711
913
1163
1402
1637
1943
2130
2328
2492
2576
2653
2508
2203
1915
1560
1176
667
33
-389
-689
-934
-1116
-1266
-1202
-914
-643
-388
-92
196
533
757
830
920
928
845
715
532
429
339
226
124
72
92
144
156
91
51
2
-68
-238
-497
-745
-973
-1207
-1515
-1783
-1987
-2135
-2223
-2294
-2311
-2224
-2149
-2024
-1908
-1797
-1599
-1508
-1403
-1254
-1152
-791
-408
-66
371
650
1201
1876
2320
2791
3005
3173
3376
3188
2829
2416
1844
1220
504
-267
-766
-1229
-1792
-2161
-2399
-2355
-2184
-2209
-2077
-1808
-1486
-1137
-989
-870
-667
-449
-260
-125
-12
180
472
764
1108
1439
1800
2162
2422
2687
2851
2946
2916
2651
2314
1930
1500
986
362
-216
-579
-846
-1072
-1231
-1277
-1081
-775
-560
-309
-47
219
475
535
537
540
447
325
187
54
26
-15
-64
-30
50
199
303
320
321
321
315
212
-31
-317
-567
-820
-1114
-1438
-1724
-1903
-2070
-2187
-2251
-2242
-2163
-2088
-2035
-1923
-1744
-1639
-1529
-1466
-1377
-1130
-781
-406
-43
297
683
1364
1941
2419
2874
3047
3355
3469
3205
2968
2521
1953
1310
522
-111
-535
-1112
-1734
-2103
-2290
-2159
-2138
-2273
-2135
-1925
-1616
-1408
-1372
-1260
-1068
-824
-639
-431
-208
92
483
868
1303
1739
2190
2520
2780
3001
3137
3221
3033
2671
2279
1856
1415
850
199
-319
-622
-879
-1061
-1174
-1186
-953
-728
-522
-279
-80
120
248
254
277
252
111
13
-82
-84
-2
20
91
224
426
644
765
806
793
770
681
469
154
-210
-562
-953
-1322
-1686
-1952
-2167
-2357
-2414
-2467
-2339
-2249
-2182
-2018
-1921
-1690
-1595
-1522
-1387
-1348
-1069
-691
-362
70
373
819
1568
2098
2626
3013
3211
3564
3579
3264
2977
2435
1785
1077
176
-438
-913
-1637
-2176
-2537
-2652
-2491
-2557
-2560
-2360
-2098
-1739
-1508
-1426
-1210
-945
-683
-386
-166
120
505
906
1385
1788
2205
2644
2917
3155
3293
3359
3344
3065
2612
2170
1697
1173
573
-116
-571
-859
-1124
-1291
-1410
-1334
-1061
-856
-648
-406
-205
-24
77
94
145
115
-5
-24
-14
83
208
262
398
593
798
948
978
931
865
761
517
181
-231
-622
-996
-1414
-1779
-2068
-2279
-2430
-2513
-2536
-2445
-2335
-2224
-2114
-1990
-1861
-1745
-1690
-1685
-1580
-1554
-1234
-797
-468
74
401
1061
1950
2489
3140
3471
3754
4097
3939
3574
3134
2467
1682
845
-128
-723
-1256
-2029
-2463
-2779
-2714
-2482
-2556
-2455
-2238
-1878
-1491
-1359
-1318
-1175
-889
-617
-353
-167
150
624
1099
1652
2080
2608
3079
3354
3568
3615
3654
3507
3044
2453
1909
1348
722
-10
-747
-1126
-1370
-1588
-1728
-1792
-1575
-1240
-971
-752
-489
-241
-62
84
96
167
187
112
146
235
372
520
616
728
982
1182
1231
1219
1058
937
771
409
4
-466
-891
-1272
-1683
-2060
-2290
-2455
-2567
-2574
-2549
-2349
-2205
-2080
-1938
-1838
-1629
-1543
-1538
-1521
-1444
-1313
-890
-514
-143
470
858
1705
2499
2966
3632
3819
4061
4232
3776
3339
2734
1878
1062
114
-805
-1318
-1920
-2586
-2830
-2990
-2782
-2550
-2602
-2371
-2090
-1743
-1429
-1386
-1278
-1037
-738
-437
-166
111
593
1141
1660
2201
2626
3163
3516
3651
3738
3633
3512
3140
2476
1842
1249
632
-52
-804
-1407
-1642
-1788
-1933
-1960
-1886
-1520
-1093
-828
-525
-242
3
238
318
386
485
455
463
495
595
787
871
928
1032
1192
1331
1295
1099
870
641
367
-23
-522
-972
-1358
-1750
-2073
-2334
-2488
-2555
-2585
-2563
-2441
-2241
-2135
-1975
-1922
-1775
-1591
-1629
-1524
-1527
-1437
-1117
-712
-269
260
764
1346
2243
2877
3462
3904
3984
4217
4055
3539
3000
2148
1288
385
-594
-1308
-1805
-2384
-2828
-2990
-2929
-2601
-2449
-2369
-2114
-1810
-1443
-1261
-1219
-1085
-824
-475
-173
138
564
1097
1662
2239
2723
3176
3596
3746
3810
3716
3513
3213
2588
1857
1198
562
-66
-779
-1508
-1918
-2073
-2181
-2170
-2154
-1925
-1470
-1116
-716
-394
-80
272
415
566
735
790
814
767
724
871
947
937
971
914
1046
1120
935
769
486
242
11
-415
-843
-1212
-1598
-1907
-2191
-2446
-2540
-2570
-2610
-2475
-2372
-2163
-1939
-1878
-1637
-1502
-1350
-1227
-1256
-1132
-1020
-856
-375
18
517
1060
1489
2296
2968
3411
3826
3893
3952
3888
3286
2645
1934
1022
213
-703
-1489
-1837
-2326
-2732
-2792
-2744
-2391
-2136
-2107
-1839
-1528
-1234
-996
-1016
-915
-629
-332
-3
286
654
1212
1762
2270
2717
3073
3436
3576
3480
3329
3066
2716
2158
1369
721
182
-399
-1011
-1639
-2022
-2111
-2160
-2209
-2085
-1874
-1450
-1011
-742
-315
41
335
637
757
926
1113
1074
1088
1084
1070
1173
1094
1001
986
952
937
806
526
294
85
-193
-504
-895
-1225
-1504
-1827
-2065
-2247
-2354
-2371
-2382
-2322
-2150
-1973
-1822
-1668
-1573
-1379
-1216
-1192
-1126
-1120
-1015
-820
-437
-43
454
957
1363
2159
2702
3195
3628
3604
3710
3534
2962
2416
1651
800
-11
-862
-1532
-1822
-2265
-2634
-2647
-2598
-2195
-1997
-1955
-1705
-1459
-1177
-1053
-1039
-946
-692
-415
-138
207
643
1225
1711
2202
2652
3040
3402
3426
3345
3178
2921
2586
1991
1284
674
161
-421
-969
-1523
-1852
-1934
-2067
-2076
-1992
-1741
-1395
-1069
-753
-408
20
302
556
793
966
1172
1216
1177
1246
1272
1229
1206
1067
970
957
783
651
449
150
-15
-282
-592
-857
-1180
-1457
-1711
-1976
-2097
-2174
-2239
-2261
-2204
-2081
-1960
-1809
-1694
-1538
-1367
-1251
-1184
-1108
-1025
-907
-765
-354
80
593
1106
1450
2198
2752
3214
3596
3565
3622
3495
2942
2361
1664
827
104
-739
-1429
-1675
-2058
-2387
-2458
-2437
-2076
-1842
-1840
-1674
-1480
-1265
-1111
-1129
-1070
-854
-599
-293
60
508
1079
1591
2078
2536
2925
3263
3314
3178
2972
2706
2368
1820
1104
489
-8
-511
-1014
-1546
-1886
-2002
-2112
-2142
-2080
-1887
-1565
-1292
-983
-633
-230
142
410
677
978
1239
1366
1390
1389
1481
1461
1322
1183
1010
936
798
556
366
141
-62
-247
-523
-772
-965
-1252
-1497
-1724
-1917
-1973
-2103
-2151
-2108
-2009
-1874
-1752
-1623
-1467
-1258
-1139
-1006
-938
-882
-707
-685
-287
168
558
1169
1396
2042
2711
3064
3533
3540
3468
3459
2972
2333
1756
891
161
-549
-1350
-1556
-1814
-2199
-2223
-2243
-1952
-1641
-1700
-1632
-1494
-1360
-1203
-1230
-1251
-1030
-764
-425
-4
439
1045
1581
2082
2556
2911
3229
3272
3074
2833
2542
2158
1655
950
334
-80
-551
-968
-1415
-1761
-1844
-1945
-1999
-1923
-1812
-1537
-1297
-1046
-663
-291
74
383
667
1042
1357
1498
1593
1591
1659
1650
1443
1289
1105
956
828
576
359
192
-33
-222
-431
-679
-859
-1116
-1400
-1604
-1810
-1927
-2050
-2148
-2132
-2046
-1941
-1841
-1680
-1486
-1298
-1113
-1043
-937
-849
-771
-670
-429
72
471
1024
1325
1845
2589
2965
3385
3445
3350
3335
2836
2162
1554
768
11
-772
-1529
-1810
-1922
-2286
-2407
-2385
-2133
-1740
-1760
-1760
-1648
-1499
-1331
-1315
-1325
-1142
-800
-443
8
510
1115
1689
2120
2553
2887
3179
3204
2964
2659
2328
2005
1520
892
298
-101
-456
-821
-1185
-1526
-1647
-1748
-1854
-1843
-1783
-1581
-1358
-1170
-806
-377
16
395
741
1154
1577
1739
1829
1863
1854
1858
1579
1289
1062
846
654
414
188
54
-82
-287
-437
-616
-770
-980
-1292
-1515
-1719
-1863
-1991
-2135
-2135
-2038
-1909
-1736
-1555
-1335
-1100
-945
-807
-725
-706
-679
-669
-623
-212
171
634
1105
1421
2163
2751
3141
3488
3385
3290
3075
2362
1761
1050
177
-565
-1363
-1843
-1870
-2088
-2307
-2259
-2098
-1649
-1487
-1624
-1569
-1527
-1421
-1406
-1532
-1453
-1167
-826
-369
165
785
1484
1968
2411
2811
3081
3210
2975
2596
2255
1877
1463
898
279
-145
-433
-710
-974
-1267
-1459
-1536
-1666
-1722
-1734
-1657
-1491
-1341
-1050
-613
-166
275
679
1138
1627
1909
2040
2066
2020
1955
1714
1376
1110
857
650
419
220
151
68
-81
-234
-389
-534
-758
-1136
-1448
-1746
-1947
-2083
-2241
-2198
-2124
-1904
-1690
-1421
-1129
-888
-648
-625
-491
-559
-665
-639
-813
-524
-62
298
976
1285
1852
2651
3004
3421
3498
3192
3042
2448
1598
1026
116
-659
-1309
-1956
-1948
-1907
-2100
-2030
-1936
-1628
-1267
-1432
-1558
-1600
-1671
-1595
-1704
-1689
-1339
-987
-445
162
818
1615
2163
2535
2882
3064
3143
2927
2380
1946
1518
1127
746
216
-136
-320
-500
-622
-834
-1089
-1224
-1467
-1664
-1777
-1873
-1739
-1641
-1388
-902
-364
285
799
1325
1880
2230
2399
2374
2209
2004
1663
1217
866
562
378
249
95
131
167
121
14
-189
-380
-639
-1060
-1464
-1810
-2069
-2196
-2265
-2161
-1954
-1658
-1343
-1028
-709
-457
-383
-404
-506
-682
-852
-1062
-1166
-1115
-696
-111
527
1173
1706
2434
3012
3325
3502
3204
2835
2322
1481
791
117
-591
-1121
-1582
-1681
-1386
-1322
-1350
-1293
-1213
-1029
-1140
-1569
-1812
-2010
-2084
-2111
-2097
-1711
-1139
-498
209
1013
1812
2495
2797
2925
2968
2852
2582
2029
1491
1076
778
565
331
144
92
39
-79
-281
-610
-972
-1409
-1905
-2273
-2461
-2488
-2283
-1970
-1380
-537
266
1063
1734
2245
2660
2745
2573
2316
1901
1473
998
592
422
347
344
403
494
613
600
412
116
-263
-701
-1208
-1735
-2110
-2340
-2417
-2308
-2076
-1665
-1231
-844
-543
-292
-243
-229
-461
-707
-909
-1222
-1360
-1459
-1319
-1056
-338
417
1168
1898
2278
2825
3154
3107
3042
2525
1978
1569
784
291
-87
-484
-702
-922
-968
-724
-744
-962
-1121
-1390
-1532
-1861
-2306
-2497
-2571
-2432
-2215
-1853
-1144
-412
297
961
1555
2117
2468
2435
2335
2135
1875
1696
1290
1039
918
866
926
888
801
650
364
-61
-544
-1146
-1730
-2255
-2732
-2915
-2854
-2491
-1957
-1302
-451
375
1169
1756
2108
2309
2284
2084
1821
1519
1260
1083
910
945
1053
1159
1239
1152
1055
837
431
-79
-620
-1140
-1544
-1829
-1957
-1882
-1712
-1439
-1128
-803
-489
-300
-268
-364
-555
-766
-1002
-1179
-1289
-1294
-1219
-1047
-827
-494
-252
73
616
936
1376
1467
1526
1798
1800
1888
1948
1725
1731
1488
1049
958
593
199
-271
-841
-1030
-1143
-1529
-1762
-1988
-2108
-2008
-2101
-2057
-1942
-1847
-1645
-1439
-1050
-576
-241
146
548
1034
1527
1759
1912
2024
2033
2112
2041
1841
1664
1360
1152
977
645
309
-121
-610
-981
-1388
-1721
-1963
-2194
-2284
-2208
-1923
-1488
-1043
-585
-68
460
960
1337
1607
1792
1869
1973
2034
2080
2089
1917
1797
1685
1515
1251
848
424
74
-287
-630
-886
-1112
-1184
-1230
-1179
-1014
-890
-821
-864
-883
-870
-873
-920
-1040
-1038
-1039
-894
-771
-619
-396
-366
-275
-307
-387
-414
-618
-791
-486
-176
357
781
979
1599
2023
2322
2612
2360
2094
1712
915
480
-9
-567
-973
-1439
-1425
-1117
-1053
-1035
-1133
-1254
-1217
-1449
-1768
-2069
-2353
-2377
-2239
-1850
-1213
-636
80
817
1498
2166
2443
2483
2382
2064
1816
1557
1182
911
597
508
616
572
489
244
-120
-473
-961
-1459
-1894
-2339
-2614
-2675
-2426
-1855
-1303
-685
52
773
1519
1978
2214
2382
2346
2306
2205
2030
1948
1737
1537
1475
1366
1192
883
482
188
-115
-453
-723
-1001
-1144
-1208
-1197
-1050
-911
-827
-804
-819
-766
-728
-791
-805
-883
-819
-744
-656
-493
-415
-358
-340
-383
-460
-675
-971
-1077
-1208
-895
-373
32
611
952
1429
1946
2050
2185
1975
1528
1253
622
151
-95
-446
-597
-772
-767
-516
-490
-685
-923
-1339
-1606
-1964
-2439
-2617
-2706
-2526
-2139
-1588
-747
54
753
1372
1793
2142
2287
2135
1933
1650
1438
1366
1221
1180
1123
1096
1145
991
709
300
-241
-820
-1425
-1990
-2336
-2516
-2558
-2382
-2006
-1335
-636
-8
628
1145
1620
1939
2086
2202
2260
2255
2258
2221
2203
2110
1847
1618
1333
966
576
110
-261
-538
-795
-933
-981
-960
-872
-831
-752
-660
-689
-773
-902
-1016
-1018
-1039
-947
-780
-587
-350
-144
-11
58
-13
-227
-468
-832
-1184
-1499
-1703
-1680
-1617
-1266
-512
168
801
1184
1420
1727
1749
1676
1420
1032
798
449
200
204
213
146
11
-143
-127
-288
-691
-1183
-1774
-2152
-2463
-2703
-2671
-2513
-2176
-1645
-996
-236
423
887
1282
1509
1669
1759
1679
1601
1448
1344
1408
1498
1530
1435
1321
1228
1015
611
96
-483
-1034
-1555
-1998
-2222
-2263
-2170
-1977
-1546
-904
-225
355
843
1325
1769
2096
2263
2374
2371
2305
2188
2081
2006
1780
1517
1245
993
769
474
151
-129
-380
-593
-721
-806
-858
-965
-1014
-949
-879
-832
-853
-864
-787
-723
-638
-492
-326
-230
-197
-183
-173
-219
-418
-632
-831
-986
-1182
-1357
-1526
-1500
-1446
-1415
-1062
-495
17
420
594
866
1156
1258
1418
1411
1319
1306
1040
914
854
637
369
-75
-357
-545
-846
-1189
-1601
-2012
-2183
-2292
-2310
-2166
-2045
-1737
-1343
-873
-348
54
453
792
1042
1306
1531
1670
1772
1756
1765
1850
1852
1762
1501
1223
940
526
84
-407
-868
-1256
-1609
-1818
-1814
-1669
-1454
-1183
-820
-343
103
502
890
1259
1553
1780
1998
2184
2314
2316
2260
2192
2080
1911
1599
1241
864
484
105
-228
-483
-691
-835
-911
-880
-864
-851
-837
-819
-754
-753
-761
-756
-741
-691
-626
-510
-315
-179
-87
-41
-83
-162
-339
-561
-784
-1058
-1302
-1520
-1789
-1881
-1926
-1844
-1738
-1424
-844
-278
204
593
884
1179
1370
1468
1561
1443
1375
1165
894
790
613
349
30
-333
-527
-755
-1105
-1453
-1860
-2127
-2266
-2393
-2315
-2132
-1870
-1459
-1000
-417
191
702
1121
1402
1621
1835
1929
1967
1914
1786
1747
1689
1600
1408
1153
919
626
292
-46
-430
-798
-1152
-1431
-1523
-1464
-1304
-1106
-829
-391
115
569
991
1344
1680
1876
2010
2144
2160
2114
2011
1892
1780
1564
1263
941
576
249
-79
-399
-610
-782
-895
-949
-937
-899
-880
-868
-825
-743
-669
-587
-530
-412
-311
-243
-146
-35
78
71
25
-113
-302
-548
-802
-1044
-1295
-1478
-1694
-1855
-1948
-2022
-2009
-1959
-1779
-1546
-1188
-533
48
567
982
1271
1585
1731
1788
1815
1667
1532
1246
877
691
455
150
-228
-644
-907
-1153
-1487
-1824
-2156
-2324
-2345
-2309
-2085
-1732
-1313
-833
-360
159
628
1000
1323
1534
1719
1901
2006
2090
2085
2006
1967
1857
1696
1414
1048
728
381
31
-294
-580
-767
-889
-931
-815
-628
-418
-202
22
326
631
889
1107
1277
1428
1542
1630
1661
1606
1501
1344
1170
980
779
548
317
97
-85
-233
-347
-428
-526
-607
-695
-726
-751
-754
-750
-719
-616
-514
-391
-323
-275
-252
-221
-200
-241
-333
-497
-734
-941
-1119
-1295
-1413
-1638
-1685
-1812
-1859
-1852
-1860
-1766
-1606
-1385
-1026
-681
-281
252
629
1082
1272
1416
1441
1432
1412
1384
1236
1011
729
443
281
20
-266
-686
-1043
-1304
-1527
-1730
-1878
-2002
-1980
-1859
-1594
-1205
-806
-395
-36
339
716
1059
1287
1456
1541
1644
1704
1752
1755
1692
1609
1500
1419
1330
1220
1044
870
651
470
284
80
-68
-210
-227
-154
-76
78
236
401
596
722
856
896
847
819
725
696
674
620
578
520
503
505
430
319
183
36
-69
-216
-310
-390
-474
-502
-502
-455
-376
-329
-337
-379
-452
-519
-642
-746
-812
-889
-928
-1030
-1128
-1241
-1378
-1436
-1473
-1504
-1492
-1521
-1522
-1524
-1547
-1488
-1356
-1143
-845
-576
-319
-55
180
465
747
930
1068
1059
1007
983
921
894
773
574
368
101
-150
-381
-675
-899
-1173
-1307
-1354
-1326
-1150
-1008
-841
-640
-412
-121
148
329
525
627
766
924
1043
1217
1330
1385
1463
1476
1482
1452
1356
1255
1111
979
865
713
601
527
454
415
375
359
352
366
416
456
486
502
477
450
419
383
323
278
244
259
307
342
367
334
303
224
137
23
-98
-203
-325
-374
-379
-347
-265
-226
-167
-119
-136
-175
-323
-483
-610
-695
-721
-753
-774
-849
-922
-1035
-1142
-1196
-1288
-1354
-1398
-1459
-1428
-1419
-1385
-1314
-1283
-1076
-984
-752
-604
-438
-242
-106
92
262
412
600
741
852
924
800
732
469
340
136
-26
-183
-389
-507
-603
-630
-633
-616
-623
-573
-544
-439
-372
-250
-170
-44
104
287
485
689
885
1045
1202
1321
1397
1439
1421
1346
1266
1128
1032
928
891
850
802
750
692
651
603
571
568
544
534
488
486
469
458
466
398
323
257
244
250
267
262
262
232
195
128
43
-52
-168
-288
-402
-460
-508
-493
-465
-398
-312
-241
-162
-104
-87
-107
-183
-305
-436
-547
-571
-561
-514
-477
-484
-549
-663
-785
-920
-990
-1075
-1082
-1091
-1111
-1110
-1071
-987
-897
-774
-642
-481
-377
-237
-129
59
196
248
238
179
148
131
97
69
14
-112
-240
-358
-405
-420
-412
-479
-570
-663
-770
-795
-764
-616
-517
-407
-329
-169
26
259
536
800
955
1070
1103
1060
1112
1130
1180
1165
1075
980
917
808
736
681
617
546
455
319
231
153
122
143
192
281
380
476
599
701
772
813
797
772
717
645
603
526
434
379
322
269
205
106
2
-127
-261
-352
-404
-460
-512
-551
-569
-561
-504
-409
-312
-186
-111
-78
-79
-98
-106
-127
-124
-117
-116
-126
-162
-223
-289
-346
-375
-405
-424
-419
-383
-340
-312
-286
-285
-280
-269
-239
-222
-198
-192
-171
-155
-141
-96
-69
-37
-38
-64
-123
-217
-321
-427
-545
-648
-729
-778
-782
-749
-703
-675
-630
-534
-435
-333
-216
-91
36
178
302
417
524
608
693
748
790
807
803
751
678
592
525
461
379
283
177
75
2
-42
-56
-34
20
67
105
140
206
305
361
407
396
363
352
337
329
341
361
383
370
344
308
236
153
67
-42
-118
-199
-226
-249
-229
-231
-262
-237
-244
-200
-168
-127
-108
-156
-222
-241
-212
-149
-136
-139
-150
-140
-109
-101
-23
-25
-75
-177
-197
-170
-127
-105
-79
-80
-121
-130
-121
-126
-104
-74
-20
-4
-49
-52
-72
-96
-156
-194
-219
-244
-257
-310
-319
-287
-326
-382
-448
-482
-464
-412
-351
-295
-280
-300
-241
-167
-11
149
235
345
377
423
519
565
559
523
447
430
451
497
522
458
382
299
280
283
312
283
212
161
114
117
135
169
178
189
192
250
303
330
317
255
213
153
101
65
38
2
-23
-66
-67
-97
-131
-151
-185
-219
-217
-202
-154
-138
-174
-170
-184
-180
-185
-184
-186
-182
-189
-176
-151
-153
-136
-144
-163
-155
-118
-75
-47
-66
-103
-106
-69
-30
1
20
31
61
82
115
123
78
18
-50
-64
-65
-50
-87
-146
-206
-265
-288
-292
-291
-326
-363
-380
-374
-341
-309
-291
-284
-276
-262
-253
-213
-167
-114
-78
-62
-23
21
64
106
128
133
127
125
122
71
32
1
-23
-18
-2
13
43
73
89
109
131
173
195
213
218
221
219
228
248
272
271
279
285
293
286
261
198
123
44
-30
-64
-118
-158
-205
-222
-183
-141
-92
-64
-85
-110
-108
-72
-14
14
27
11
-19
-17
-18
-24
-53
-59
-36
-14
30
33
10
-38
-77
-87
-52
21
104
159
193
204
222
271
300
328
351
376
418
439
415
359
257
167
94
65
79
95
100
81
48
-8
-71
-137
-178
-210
-205
-185
-133
-62
-25
12
19
33
82
120
148
167
142
97
15
-62
-105
-134
-142
-144
-148
-133
-136
-149
-197
-255
-314
-358
-365
-352
-309
-238
-172
-126
-78
-33
33
95
150
174
183
173
162
134
109
100
87
84
69
61
28
-15
-65
-133
-192
-226
-249
-255
-246
-230
-204
-195
-182
-172
-145
-108
-75
-66
-79
-79
-59
-55
-68
-108
-138
-126
-102
-70
-59
-60
-70
-83
-98
-80
-52
-1
43
79
135
181
208
218
226
240
267
293
318
341
357
353
319
281
232
202
198
187
172
153
120
95
68
42
17
5
21
31
67
92
110
116
122
132
170
184
219
220
183
130
50
-18
-81
-99
-127
-112
-135
-124
-146
-160
-180
-198
-231
-261
-276
-292
-270
-245
-190
-184
-177
-172
-109
-71
-41
-29
-15
-10
-5
10
4
-11
-43
-66
-85
-66
-52
-20
-44
-61
-72
-60
-47
-58
-76
-89
-93
-104
-120
-163
-181
-207
-211
-219
-199
-167
-138
-133
-125
-130
-140
-151
-169
-157
-130
-88
-69
-54
-36
-2
26
70
89
123
148
172
192
192
181
170
175
177
193
215
250
287
325
344
341
289
222
180
145
136
136
143
126
113
119
128
142
145
145
137
135
145
154
142
118
93
84
92
103
100
81
49
14
-25
-69
-112
-144
-180
-210
-215
-199
-181
-174
-167
-167
-154
-134
-124
-127
-145
-158
-162
-174
-172
-164
-145
-136
-123
-106
-87
-81
-68
-66
-69
-80
-86
-76
-80
-69
-71
-65
-75
-60
-44
-32
-43
-70
-96
-110
-110
-115
-111
-117
-110
-96
-71
-57
-40
-46
-48
-31
-13
10
14
15
-1
-5
-8
9
12
18
17
27
37
45
72
76
82
88
120
143
171
170
173
171
173
192
215
240
258
274
273
267
250
244
214
205
208
223
245
229
212
201
193
192
185
165
150
140
126
100
76
42
15
-8
-14
-34
-65
-99
-132
-158
-172
-167
-168
-177
-185
-175
-157
-143
-148
-165
-183
-207
-232
-259
-279
-277
-246
-201
-175
-159
-161
-171
-184
-184
-183
-178
-166
-151
-142
-142
-143
-147
-158
-175
-170
-156
-138
-137
-136
-142
-154
-149
-144
-128
-97
-71
-46
-36
-48
-60
-67
-57
-36
-14
8
27
32
21
-13
-37
-52
-60
-65
-70
-73
-70
-66
-62
-52
-27
17
74
128
160
179
208
228
245
270
294
318
331
340
343
337
335
331
322
310
305
289
264
244
214
185
149
128
114
107
115
133
146
139
134
126
118
106
100
88
72
68
71
59
41
32
16
11
4
-6
-10
-23
-48
-80
-118
-152
-194
-239
-278
-295
-263
-230
-196
-171
-155
-139
-121
-110
-99
-100
-99
-87
-90
-85
-85
-76
-73
-79
-96
-107
-110
-116
-124
-142
-149
-147
-143
-138
-122
-98
-73
-52
-33
-20
-11
1
11
24
28
33
30
20
-1
-29
-54
-73
-88
-99
-102
-113
-113
-113
-109
-102
-99
-91
-71
-38
-2
37
75
108
144
181
211
238
258
260
261
267
273
273
252
229
209
202
192
182
162
138
126
119
118
106
104
95
89
88
85
76
64
65
73
80
105
129
139
142
144
150
140
113
85
55
37
27
10
-10
-31
-51
-69
-89
-113
-125
-136
-139
-137
-144
-143
-147
-152
-147
-140
-133
-136
-141
-150
-152
-145
-148
-158
-164
-165
-168
-169
-173
-178
-184
-186
-180
-183
-175
-156
-144
-125
-98
-85
-78
-90
-86
-72
-67
-58
-58
-61
-63
-66
-68
-81
-92
-100
-118
-123
-120
-105
-86
-75
-54
-27
3
38
65
71
83
111
138
165
182
209
236
260
297
322
331
333
319
303
277
252
228
200
180
167
157
150
149
143
140
141
135
127
113
102
99
95
87
79
64
55
55
62
73
74
63
47
28
6
-27
-57
-77
-90
-98
-100
-94
-90
-91
-93
-89
-85
-75
-79
-93
-101
-114
-112
-114
-127
-142
-154
-157
-149
-144
-147
-150
-154
-153
-149
-135
-124
-124
-126
-123
-108
-94
-90
-90
-88
-78
-65
-55
-54
-56
-55
-55
-59
-69
-83
-100
-116
-131
-146
-147
-137
-129
-118
-104
-83
-62
-56
-40
-27
-16
-2
1
11
28
51
80
105
125
155
179
211
236
247
259
264
270
261
243
227
204
175
152
148
144
146
149
150
157
156
151
142
127
117
110
113
113
110
104
95
98
103
97
85
66
50
29
4
-21
-54
-79
-95
-91
-86
-81
-63
-54
-40
-34
-36
-33
-36
-39
-44
-50
-51
-63
-80
-93
-108
-120
-131
-139
-147
-152
-151
-145
-149
-158
-162
-159
-156
-156
-148
-138
-119
-99
-92
-83
-74
-67
-61
-66
-75
-85
-101
-119
-137
-154
-169
-179
-184
-179
-166
-153
-132
-124
-112
-100
-91
-80
-73
-66
-55
-35
-11
20
52
87
124
156
188
221
242
259
266
258
247
236
228
219
199
184
172
168
169
165
165
160
154
145
139
131
121
111
102
99
100
109
120
114
105
99
95
89
72
47
20
0
-9
-17
-33
-47
-56
-61
-62
-64
-64
-64
-68
-69
-69
-73
-75
-79
-80
-80
-81
-74
-65
-57
-54
-60
-63
-66
-74
-79
-84
-91
-93
-96
-101
-101
-94
-94
-91
-88
-79
-60
-53
-50
-47
-48
-50
-51
-55
-63
-70
-78
-87
-92
-96
-98
-93
-89
-91
-90
-92
-93
-94
-99
-102
-103
-100
-97
-84
-69
-47
-15
17
51
83
115
139
160
175
177
180
179
178
179
173
165
163
168
172
171
165
156
143
124
111
105
96
79
63
55
55
63
67
73
74
79
83
80
72
56
40
22
5
-7
-17
-18
-17
-11
-3
-5
-11
-17
-22
-36
-54
-76
-92
-104
-113
-110
-105
-97
-92
-81
-63
-47
-35
-32
-27
-25
-28
-35
-34
-34
-31
-32
-29
-23
-16
-9
-7
-8
-18
-31
-42
-50
-61
-73
-87
-90
-88
-84
-73
-63
-55
-48
-39
-32
-33
-42
-52
-61
-75
-89
-103
-114
-119
-116
-107
-94
-81
-69
-57
-49
-34
-19
-5
12
25
41
60
79
94
105
121
132
137
137
148
164
170
170
161
160
161
162
156
145
132
117
115
113
116
110
99
91
85
82
78
68
51
39
27
22
29
26
22
19
22
26
29
28
19
9
-4
-12
-21
-36
-54
-68
-76
-80
-81
-88
-90
-92
-92
-95
-100
-101
-103
-104
-105
-111
-111
-106
-102
-92
-79
-65
-51
-39
-32
-28
-26
-36
-47
-62
-77
-85
-95
-101
-102
-92
-81
-72
-59
-46
-41
-38
-34
-38
-41
-43
-45
-45
-46
-39
-29
-21
-15
-10
1
14
30
39
46
52
54
55
62
61
57
53
53
58
66
71
76
79
85
93
97
105
113
118
119
122
122
129
138
142
146
147
144
139
130
118
102
83
63
45
29
20
13
5
-6
-14
-20
-23
-31
-41
-48
-51
-52
-49
-49
-51
-53
-56
-55
-58
-58
-58
-61
-65
-70
-76
-78
-85
-97
-104
-106
-112
-115
-116
-122
-119
-118
-113
-107
-101
-92
-85
-81
-76
-68
-64
-61
-59
-55
-51
-44
-39
-35
-29
-26
-24
-22
-24
-26
-28
-27
-25
-27
-29
-31
-34
-32
-26
-19
-6
4
17
36
54
66
77
84
86
88
87
87
83
81
78
75
73
73
73
67
64
58
58
55
55
55
60
69
78
90
101
111
121
126
131
138
140
143
139
134
129
120
113
102
89
75
58
41
25
10
-6
-18
-30
-41
-48
-54
-61
-64
-67
-66
-61
-56
-52
-50
-51
-51
-52
-50
-53
-61
-69
-78
-80
-83
-88
-94
-99
-104
-107
-111
-118
-127
-138
-144
-146
-147
-144
-137
-130
-120
-109
-100
-94
-89
-86
-77
-67
-60
-52
-44
-37
-30
-26
-26
-29
-33
-36
-39
-41
-36
-33
-26
-15
-2
13
26
35
43
54
68
76
83
85
91
92
94
95
97
94
95
94
92
94
93
91
90
86
84
81
78
77
76
79
83
89
99
112
125
134
140
142
146
145
145
142
138
130
124
119
111
102
90
77
62
43
28
12
-4
-16
-26
-34
-39
-46
-52
-57
-62
-69
-73
-78
-83
-82
-87
-90
-92
-95
-98
-99
-103
-107
-110
-116
-120
-123
-125
-126
-129
-130
-134
-138
-142
-144
-147
-149
-145
-143
-139
-133
-129
-122
-117
-112
-104
-99
-89
-82
-73
-63
-54
-43
-34
-26
-18
-11
-3
6
17
28
39
50
58
65
72
75
80
82
80
82
83
83
84
84
86
89
89
92
94
92
92
91
89
90
95
98
103
110
117
124
129
133
138
138
138
135
133
130
124
120
114
109
102
95
91
88
88
87
81
75
68
58
46
34
21
10
1
-7
-14
-19
-23
-26
-30
-37
-47
-57
-66
-75
-84
-91
-98
-102
-106
-110
-109
-113
-116
-121
-124
-125
-126
-128
-132
-132
-133
-134
-133
-130
-129
-127
-126
-128
-130
-132
-133
-129
-127
-124
-119
-117
-111
-104
-99
-91
-81
-70
-57
-41
-27
-13
-2
8
20
30
35
39
44
47
53
58
61
66
66
67
67
69
70
67
66
67
71
72
75
75
77
80
83
84
89
94
100
106
109
115
118
122
122
121
119
117
111
106
104
98
95
91
86
80
76
70
64
59
51
47
38
32
27
18
15
9
8
6
1
-8
-17
-24
-31
-38
-46
-52
-57
-61
-64
-70
-73
-78
-81
-84
-88
-94
-99
-98
-99
-102
-104
-107
-111
-109
-106
-108
-105
-100
-98
-94
-90
-88
-86
-86
-85
-81
-80
-76
-75
-73
-68
-62
-56
-47
-41
-36
-31
-27
-19
-13
-8
-1
7
12
14
22
22
26
31
32
33
33
31
33
33
31
31
27
27
30
33
33
34
34
34
37
41
46
48
53
59
66
70
73
76
77
80
85
89
92
92
92
95
89
85
79
71
65
59
54
47
45
37
33
29
24
19
12
6
2
0
-3
-7
-10
-10
-11
-14
-16
-19
-24
-26
-27
-32
-34
-38
-42
-46
-52
-57
-62
-64
-68
-69
-70
-70
-67
-67
-67
-67
-68
-74
-74
-74
-75
-74
-73
-70
-67
-63
-59
-53
-47
-43
-38
-36
-31
-29
-25
-23
-17
-9
-2
6
9
14
21
22
23
23
24
25
26
23
20
20
17
19
16
12
10
6
6
7
8
6
6
7
9
10
10
13
15
20
26
34
41
48
55
60
62
64
64
61
61
61
60
58
52
51
47
44
41
37
33
30
26
22
20
16
11
10
12
13
11
12
13
15
14
16
18
17
18
18
16
13
9
3
-5
-10
-13
-20
-24
-26
-29
-32
-36
-40
-46
-50
-53
-54
-54
-57
-57
-54
-53
-48
-45
-40
-39
-34
-30
-29
-27
-24
-22
-19
-17
-16
-14
-9
-7
-5
-2
1
5
9
12
13
14
16
15
12
11
11
11
13
14
16
17
19
18
19
18
15
13
13
9
7
6
5
6
6
8
11
13
16
20
19
20
22
25
26
26
26
27
26
25
23
22
20
18
17
14
11
7
4
0
-5
-7
-9
-10
-7
-6
-6
-6
-5
-2
-1
0
-1
-1
-1
-3
-5
-7
-8
-10
-12
-13
-13
-15
-17
-19
-22
-24
-27
-29
-32
-37
-40
-41
-43
-44
-47
-45
-43
-41
-37
-37
-35
-33
-31
-28
-25
-21
-18
-15
-12
-9
-6
-3
-2
1
4
7
8
9
10
9
9
11
12
13
15
14
15
16
16
16
17
18
19
19
18
18
16
15
13
11
10
11
14
16
17
18
18
19
21
20
21
21
21
21
21
20
20
20
19
18
18
16
15
13
10
8
6
2
0
-2
-4
-5
-6
-8
-9
-7
-6
-4
-2
-1
-1
1
1
1
2
2
5
5
6
6
5
5
5
3
1
-1
-4
-7
-11
-16
-19
-23
-26
-26
-27
-26
-27
-27
-27
-27
-26
-25
-24
-24
-24
-20
-19
-16
-14
-10
-7
-5
-3
0
1
3
4
6
6
8
7
8
9
9
10
9
9
10
11
11
12
11
10
9
8
7
6
3
2
2
2
2
2
3
3
3
3
5
5
5
3
3
3
2
3
3
5
7
9
8
7
6
6
3
1
-1
-3
-5
-6
-7
-8
-8
-8
-7
-7
-5
-6
-5
-5
-3
-2
-1
0
2
3
5
7
9
9
12
12
12
10
11
10
8
7
4
2
0
-1
-3
-4
-5
-8
-11
-13
-16
-17
-19
