1
0
0
2
1
2
2
1
0
1
1
1
1
0
0
0
-1
-1
-1
-2
-2
-1
-1
0
0
0
0
-1
-1
-1
0
-1
-2
-2
-3
-2
-2
-3
-2
-4
-3
-3
-3
-2
-1
-1
-1
0
-1
-2
-2
-1
-2
-2
-2
-2
-2
-2
-2
-1
-1
-1
-2
-2
-1
-1
-1
-2
-1
-1
-1
-1
-1
-1
-1
-2
-2
-1
-1
-1
-1
-1
-1
0
-1
0
0
0
0
0
1
1
1
0
0
0
0
0
-1
-1
-1
-2
-2
-1
-2
-3
-2
-3
-1
-2
-2
-1
-2
-2
-1
-1
-1
-1
0
-1
-1
0
0
-1
0
0
-1
-2
-1
0
0
-1
-2
-1
0
0
1
1
0
1
1
0
0
0
0
0
1
1
2
1
1
3
3
2
3
3
4
3
3
1
2
1
1
1
1
0
1
1
1
1
1
0
0
1
-1
1
0
1
1
1
0
-1
0
0
0
1
0
-1
-1
-1
-2
-2
-2
-3
-3
-2
-2
-1
-2
-2
-2
-2
-2
-3
-3
-3
-3
-4
-4
-4
-4
-5
-6
-6
-6
-5
-5
-6
-5
-6
-5
-5
-5
-5
-4
-3
-4
-4
-5
-3
-4
-3
-3
-2
-2
-2
-1
-1
0
2
1
2
2
3
2
2
2
2
3
1
2
2
3
4
3
3
3
4
4
3
4
4
4
5
4
5
4
5
6
5
6
5
4
5
5
3
3
3
3
1
2
2
2
1
2
1
2
0
0
0
-1
-1
-1
-1
-2
-2
-3
-3
-3
-3
-3
-3
-4
-4
-3
-3
-3
-3
-2
-3
-3
-4
-3
-4
-3
-4
-4
-4
-4
-3
-4
-3
-5
-3
-3
-1
-2
-1
-1
0
0
-1
0
0
1
0
1
0
2
3
5
3
5
5
6
6
5
5
5
6
4
7
7
7
8
9
8
8
8
8
7
6
7
7
7
6
7
5
8
5
6
4
6
4
4
3
3
3
1
2
1
3
3
4
3
5
4
4
5
4
5
5
4
5
4
2
3
2
2
-1
-2
-5
-7
-8
-8
-10
-11
-11
-13
-12
-13
-13
-12
-12
-11
-12
-15
-17
-20
-20
-20
-22
-22
-20
-18
-17
-17
-17
-19
-20
-17
-16
-17
-18
-20
-21
-19
-17
-17
-17
-17
-13
-10
-5
-4
-3
-6
-7
-6
-5
-2
3
7
9
13
11
14
15
22
23
30
32
36
36
42
42
45
46
50
57
57
63
62
63
63
69
68
69
63
62
61
65
72
76
75
73
68
65
67
65
62
58
51
45
37
32
24
18
11
4
-5
-8
-12
-15
-22
-31
-40
-51
-55
-61
-64
-73
-81
-94
-106
-122
-138
-153
-165
-171
-174
-177
-183
-193
-208
-218
-225
-230
-234
-239
-249
-259
-265
-271
-270
-272
-270
-266
-261
-252
-241
-231
-219
-208
-197
-181
-173
-160
-153
-145
-132
-109
-86
-57
-35
-10
11
38
68
99
127
157
185
216
247
279
317
353
391
422
454
476
499
517
547
566
583
590
588
583
576
571
566
559
539
520
492
471
449
425
396
366
328
294
264
233
202
164
132
98
68
41
14
-20
-56
-98
-137
-171
-206
-239
-271
-306
-341
-376
-414
-450
-481
-508
-520
-536
-547
-569
-594
-624
-647
-674
-693
-715
-737
-752
-772
-781
-801
-813
-831
-835
-824
-777
-707
-606
-525
-480
-469
-476
-438
-339
-185
-27
101
154
180
199
270
376
507
620
700
751
790
819
835
843
826
817
807
810
798
776
725
668
597
536
499
469
444
414
375
321
281
240
224
214
212
199
183
172
167
162
156
140
118
114
107
113
114
99
73
53
39
41
47
61
66
51
48
36
35
43
47
49
53
47
36
21
4
-14
-38
-48
-54
-66
-75
-98
-139
-184
-220
-242
-262
-274
-291
-320
-343
-379
-415
-454
-481
-512
-531
-565
-598
-642
-692
-732
-778
-828
-880
-906
-948
-966
-1022
-1033
-1042
-988
-908
-800
-737
-700
-703
-696
-615
-476
-289
-148
-35
8
65
115
227
335
476
576
661
728
768
798
823
824
804
811
784
774
743
699
638
579
505
452
412
390
372
335
294
249
225
221
226
220
214
190
177
164
158
154
146
139
135
122
108
102
102
116
119
124
126
138
142
165
199
229
250
265
280
288
324
360
393
425
452
457
452
440
424
412
410
401
384
355
292
240
179
121
76
35
-14
-62
-111
-167
-223
-271
-322
-371
-401
-438
-478
-517
-572
-611
-657
-703
-750
-784
-820
-852
-893
-941
-978
-1027
-1041
-1065
-1079
-1079
-1094
-1104
-1081
-1030
-935
-808
-721
-652
-648
-644
-581
-472
-305
-149
-31
26
68
110
223
310
442
537
618
700
769
801
819
805
779
779
760
764
728
700
647
602
534
499
472
455
442
420
384
343
332
327
327
324
334
320
319
332
334
339
352
337
338
349
374
400
416
435
438
437
436
431
444
473
494
513
506
476
465
452
457
484
491
497
486
454
427
387
356
334
319
295
250
190
127
43
-28
-79
-128
-163
-195
-233
-286
-346
-407
-454
-498
-516
-546
-570
-615
-673
-730
-785
-832
-890
-928
-978
-998
-1038
-1062
-1115
-1166
-1199
-1245
-1263
-1286
-1294
-1336
-1330
-1372
-1317
-1257
-1115
-987
-901
-896
-921
-904
-809
-610
-442
-261
-215
-141
-120
-41
78
225
340
472
566
664
751
784
820
799
812
830
862
865
894
854
833
778
735
722
703
714
702
677
644
609
584
587
589
596
566
555
541
537
522
514
498
494
504
512
524
510
498
489
475
478
487
481
500
507
511
471
453
435
433
447
449
466
457
456
435
403
367
316
270
236
196
141
84
6
-74
-153
-236
-288
-340
-374
-406
-452
-500
-559
-628
-672
-726
-754
-789
-837
-886
-955
-1012
-1051
-1098
-1149
-1185
-1231
-1246
-1273
-1291
-1331
-1352
-1367
-1373
-1405
-1397
-1447
-1456
-1477
-1454
-1373
-1250
-1066
-921
-845
-846
-851
-796
-572
-341
-87
71
148
198
269
370
545
720
879
1002
1089
1195
1231
1263
1255
1236
1223
1233
1207
1201
1152
1072
990
884
822
766
734
703
643
573
496
435
419
399
393
385
345
328
319
307
298
276
288
297
321
333
328
322
321
317
332
349
367
403
427
439
442
429
418
429
451
492
506
539
534
535
518
491
439
402
365
337
299
251
186
106
16
-73
-143
-215
-241
-278
-305
-348
-413
-497
-566
-627
-664
-710
-745
-787
-840
-890
-951
-993
-1030
-1069
-1109
-1131
-1169
-1189
-1221
-1243
-1263
-1290
-1307
-1346
-1384
-1411
-1436
-1446
-1420
-1348
-1195
-1021
-882
-832
-859
-889
-784
-578
-312
-70
67
131
173
230
359
537
743
896
1017
1120
1188
1242
1264
1246
1222
1225
1204
1223
1207
1172
1091
978
871
816
782
771
752
693
614
538
479
439
444
429
410
390
384
367
363
332
332
332
348
377
374
384
384
388
403
417
413
426
431
458
483
498
498
490
491
507
532
546
557
557
564
536
491
419
349
285
235
189
140
75
0
-75
-179
-262
-345
-401
-438
-465
-501
-562
-634
-710
-776
-831
-878
-912
-966
-1014
-1040
-1090
-1134
-1190
-1243
-1292
-1346
-1357
-1387
-1400
-1415
-1432
-1462
-1500
-1568
-1627
-1625
-1650
-1605
-1552
-1457
-1280
-1090
-983
-928
-951
-910
-730
-455
-156
69
197
247
275
346
517
726
969
1111
1250
1337
1379
1419
1419
1399
1403
1394
1396
1405
1371
1316
1205
1071
956
870
829
808
760
706
609
522
452
380
358
336
302
303
284
278
262
237
230
226
244
248
264
280
314
346
387
399
404
431
453
496
559
595
625
633
639
645
638
650
650
663
685
686
668
604
534
445
369
287
230
167
102
22
-75
-181
-300
-394
-452
-495
-532
-571
-633
-708
-789
-864
-969
-1040
-1116
-1170
-1204
-1235
-1260
-1320
-1392
-1488
-1563
-1617
-1630
-1638
-1623
-1642
-1672
-1733
-1816
-1869
-1878
-1870
-1806
-1692
-1560
-1325
-1175
-1072
-1080
-1095
-1006
-741
-437
-110
109
208
253
305
404
607
873
1070
1242
1353
1421
1457
1521
1481
1484
1488
1475
1481
1471
1416
1354
1241
1107
1009
938
907
870
832
762
704
629
569
533
515
464
443
425
406
412
395
399
401
403
414
416
429
463
496
550
609
649
661
659
665
689
733
779
815
846
864
843
816
762
726
726
734
742
740
682
602
497
377
262
160
81
16
-43
-118
-228
-362
-473
-595
-678
-749
-815
-871
-914
-985
-1069
-1168
-1311
-1424
-1505
-1556
-1585
-1589
-1637
-1665
-1731
-1811
-1879
-1921
-1935
-1918
-1896
-1903
-1922
-1949
-1973
-1979
-1894
-1805
-1568
-1311
-1114
-1031
-1030
-1083
-913
-647
-333
22
213
339
420
482
575
832
1040
1260
1436
1571
1635
1721
1722
1667
1655
1588
1571
1576
1578
1528
1477
1303
1156
1038
951
901
851
786
694
628
543
477
418
353
264
228
184
185
198
183
170
168
170
174
153
151
182
233
326
395
461
480
508
506
538
562
609
673
749
823
864
873
827
796
762
761
757
752
735
701
652
547
406
273
153
35
-33
-97
-182
-270
-363
-461
-577
-710
-833
-930
-1002
-1044
-1096
-1162
-1278
-1394
-1500
-1612
-1693
-1717
-1739
-1739
-1751
-1816
-1870
-1933
-1985
-2007
-2016
-2045
-2034
-2049
-2047
-1951
-1889
-1706
-1411
-1167
-1008
-931
-1036
-960
-700
-379
16
303
428
569
642
673
881
1101
1301
1534
1723
1816
1908
1915
1850
1815
1754
1694
1671
1652
1656
1666
1539
1383
1218
1059
955
883
784
696
628
553
498
448
389
293
188
84
37
19
8
28
59
95
125
126
108
128
158
209
288
370
452
540
598
651
647
631
654
667
736
947
1141
1199
1087
922
915
1104
1314
1331
1126
788
617
580
668
724
601
225
-117
-365
-486
-558
-756
-1032
-1198
-1261
-1270
-1365
-1663
-1946
-2088
-2084
-2023
-2046
-2216
-2357
-2421
-2413
-2447
-2570
-2695
-2710
-2676
-2638
-2678
-2785
-2835
-2773
-2576
-2258
-1699
-711
373
1010
910
371
98
420
1066
1408
1497
1426
1499
1315
813
235
122
434
862
1265
1482
1691
1679
1435
1069
994
1101
1214
1244
1438
1810
1925
1553
830
272
82
110
24
-155
-162
-12
25
-156
-408
-578
-580
-421
-90
258
517
628
646
657
647
527
435
655
1148
1499
1499
1279
1131
1187
1199
1085
927
971
1155
1323
1239
1052
878
728
661
678
724
784
840
824
744
569
329
123
56
107
182
140
14
-148
-364
-607
-829
-977
-1013
-1040
-1114
-1234
-1367
-1607
-1910
-2194
-2334
-2354
-2310
-2218
-2276
-2427
-2577
-2867
-3133
-3212
-3192
-3213
-3212
-3180
-3085
-2870
-2588
-1770
-340
1258
1917
1425
566
442
734
1059
965
801
953
917
256
-786
-1223
-972
-488
-175
464
1219
1723
1544
967
863
1288
1484
1113
1071
1749
2352
2028
961
274
336
451
13
-494
-381
173
341
111
87
485
893
949
999
1368
1810
1748
1380
1303
1542
1429
864
411
679
1262
1314
828
608
977
1328
1202
909
1002
1376
1546
1304
949
808
752
438
100
91
201
107
-69
-99
34
78
-103
-171
118
492
511
278
128
210
191
-91
-475
-579
-479
-521
-788
-1088
-1224
-1341
-1525
-1711
-1811
-1860
-1906
-1971
-2060
-2177
-2350
-2649
-2846
-2957
-3082
-3305
-3330
-3143
-2815
-2423
-1569
-79
1482
2058
1575
740
370
405
430
144
-72
44
-142
-771
-1570
-1899
-1709
-1241
-827
-76
758
1329
1364
1167
1227
1349
1167
781
707
1146
1588
1458
852
377
188
42
-315
-632
-608
-211
212
528
876
1244
1543
1714
1872
1996
1998
1764
1493
1413
1367
1086
577
178
294
635
731
630
726
1066
1408
1493
1326
1277
1414
1494
1315
935
552
242
-110
-457
-651
-706
-688
-624
-448
-241
-150
-85
79
395
715
853
717
572
512
445
136
-261
-549
-625
-621
-683
-839
-995
-1047
-1033
-1231
-1432
-1585
-1614
-1563
-1604
-1902
-2347
-2630
-3001
-3124
-3275
-3441
-3429
-2857
-2003
-339
1311
2192
2013
1408
587
73
-252
-454
-612
-426
-567
-1024
-1695
-2274
-2423
-2070
-1537
-880
-85
612
1079
1336
1427
1295
1094
803
635
821
1105
1136
941
649
402
195
-97
-450
-493
-257
77
433
821
1322
1923
2309
2395
2362
2270
2089
1812
1475
1180
973
683
353
188
248
468
736
937
1234
1618
1838
1832
1702
1570
1446
1278
994
632
275
-139
-526
-851
-1065
-1034
-896
-725
-433
-95
205
421
604
744
835
929
845
568
298
88
-156
-466
-821
-1028
-1092
-1149
-1172
-1156
-1125
-1020
-936
-1053
-1149
-1174
-1327
-1574
-1884
-2232
-2488
-2828
-3144
-3306
-3282
-3130
-2601
-1448
377
2157
2973
2574
1659
804
375
-40
-552
-939
-974
-1039
-1368
-2002
-2434
-2397
-2017
-1506
-879
-194
468
883
1143
1271
1119
730
213
-70
112
452
494
302
89
37
-16
-353
-809
-922
-588
-24
513
909
1354
1932
2388
2564
2461
2161
1813
1499
1184
859
560
303
209
398
683
959
1252
1543
1980
2426
2573
2507
2355
2125
1899
1518
912
286
-134
-454
-736
-921
-1067
-1007
-672
-322
-3
287
482
729
955
1072
988
811
577
237
-32
-376
-729
-982
-1104
-1099
-988
-999
-1083
-1135
-1002
-830
-771
-929
-1077
-1055
-1124
-1461
-1900
-2419
-2757
-2886
-3130
-3281
-3293
-2670
-1371
657
2525
3358
3236
2501
1545
878
149
-567
-1000
-1126
-1193
-1510
-2020
-2473
-2608
-2296
-2004
-1468
-805
-227
369
779
967
856
324
-315
-730
-724
-493
-463
-453
-410
-302
-260
-589
-921
-1003
-814
-388
108
703
1393
2025
2448
2595
2567
2304
1815
1367
1007
785
566
286
160
400
877
1249
1513
1952
2530
3038
3234
2991
2715
2528
2176
1584
863
191
-316
-686
-1032
-1262
-1267
-1036
-740
-369
-46
324
662
827
951
1056
1025
843
520
93
-335
-687
-992
-1303
-1462
-1483
-1339
-1033
-775
-694
-669
-708
-697
-649
-776
-1080
-1174
-1268
-1551
-1942
-2556
-3094
-3152
-3184
-3195
-2614
-1216
1072
3355
4350
4024
3140
2175
1270
574
-238
-901
-1005
-1081
-1345
-1702
-2180
-2364
-2113
-1717
-1164
-642
-123
327
782
1133
932
392
-289
-858
-880
-765
-876
-938
-910
-712
-499
-681
-1085
-1285
-1112
-714
-203
305
865
1589
2205
2460
2423
2065
1525
1088
717
374
97
-130
-115
235
746
1190
1551
1950
2587
3281
3563
3478
3215
2879
2410
1710
853
104
-387
-735
-1025
-1237
-1256
-1054
-719
-360
30
452
790
1002
1076
1063
992
790
385
-103
-453
-750
-1069
-1367
-1583
-1559
-1424
-1325
-1175
-1012
-737
-513
-458
-573
-693
-818
-1025
-1314
-1736
-2176
-2655
-2981
-3273
-3430
-3461
-2971
-1611
478
2843
4178
4493
3926
3037
2006
1038
85
-638
-932
-1136
-1310
-1655
-1946
-2133
-1924
-1617
-1150
-559
-95
392
809
1082
994
513
-143
-664
-862
-845
-909
-1050
-1014
-884
-696
-748
-1016
-1209
-1215
-982
-626
-161
421
1123
1754
2148
2234
2009
1519
959
480
86
-167
-385
-407
-73
518
1100
1597
2023
2595
3331
3732
3701
3473
3196
2777
2146
1229
329
-202
-576
-922
-1104
-1121
-975
-505
-100
237
703
1125
1344
1407
1295
1011
784
351
-227
-673
-939
-1142
-1321
-1489
-1617
-1475
-1276
-1147
-1036
-839
-672
-470
-505
-761
-968
-1216
-1443
-1868
-2306
-2802
-3223
-3440
-3477
-3654
-3217
-1928
194
2645
4267
4652
4156
3383
2401
1421
492
-485
-941
-1102
-1258
-1469
-1695
-1943
-1719
-1363
-880
-403
-44
448
847
1230
1169
588
-39
-602
-896
-808
-885
-1042
-986
-904
-675
-651
-1004
-1281
-1336
-1099
-748
-334
130
793
1528
1996
2052
1840
1381
860
446
-16
-364
-556
-597
-297
248
812
1369
1892
2442
3080
3576
3643
3412
3139
2698
2052
1162
205
-446
-734
-920
-1068
-1050
-890
-537
-105
292
633
995
1336
1469
1392
1157
797
359
-145
-655
-999
-1217
-1439
-1545
-1530
-1356
-1145
-982
-957
-861
-562
-447
-512
-657
-868
-1004
-1246
-1692
-2246
-2840
-3206
-3391
-3409
-3521
-2975
-1554
682
3068
4420
4656
4140
3451
2455
1482
506
-375
-712
-965
-1094
-1412
-1579
-1686
-1450
-1092
-711
-237
171
644
1004
1276
1062
534
-98
-654
-902
-906
-893
-935
-794
-608
-462
-517
-818
-1091
-1165
-1017
-741
-324
140
739
1340
1701
1758
1558
1155
699
294
-130
-448
-632
-640
-354
166
712
1265
1837
2435
3048
3484
3548
3320
3002
2475
1696
766
-121
-721
-1026
-1163
-1239
-1121
-882
-486
-46
353
702
1039
1305
1385
1297
1011
678
247
-247
-746
-1160
-1418
-1608
-1701
-1682
-1456
-1219
-991
-873
-802
-653
-609
-696
-926
-1125
-1410
-1622
-1968
-2513
-2999
-3352
-3469
-3588
-3599
-2884
-1282
1227
3446
4513
4397
3821
3048
2126
1269
273
-417
-646
-843
-1098
-1403
-1663
-1668
-1267
-904
-398
113
574
1080
1421
1497
1093
455
-223
-727
-871
-834
-835
-784
-594
-384
-192
-304
-607
-784
-801
-612
-341
-8
445
1037
1506
1705
1624
1348
980
598
214
-183
-448
-603
-584
-250
228
759
1306
1840
2487
3171
3556
3532
3295
2918
2329
1485
476
-444
-935
-1127
-1222
-1199
-1034
-743
-307
171
502
781
1121
1375
1439
1247
887
459
24
-496
-969
-1288
-1483
-1605
-1624
-1560
-1400
-1125
-990
-952
-831
-665
-704
-855
-1100
-1496
-1726
-2041
-2606
-3132
-3566
-3646
-3657
-3433
-2641
-1113
1378
3413
4324
4008
3261
2482
1763
1267
369
-108
-411
-465
-793
-1154
-1646
-1718
-1285
-967
-473
-141
420
1006
1513
1555
1066
414
-222
-691
-882
-859
-939
-791
-629
-458
-257
-427
-676
-807
-661
-402
-70
153
569
1144
1585
1674
1382
1028
697
534
226
-138
-312
-294
-101
179
446
778
1254
1766
2344
2912
3337
3558
3586
3364
2743
1774
661
-198
-761
-1107
-1304
-1260
-1052
-683
-230
65
313
604
971
1273
1372
1246
988
673
235
-317
-933
-1380
-1590
-1675
-1728
-1764
-1644
-1405
-1105
-953
-888
-864
-790
-820
-967
-1367
-1725
-2082
-2537
-2947
-3572
-3886
-4044
-3614
-2658
-898
1633
3593
4458
4024
3060
2092
1491
1033
389
91
-64
-98
-477
-1008
-1611
-1654
-1385
-1121
-614
-247
340
942
1333
1335
923
215
-478
-960
-1135
-1051
-1019
-837
-687
-465
-321
-530
-767
-912
-700
-319
65
352
774
1276
1692
1757
1366
893
505
330
98
-171
-358
-331
-3
417
737
1035
1371
1852
2425
2918
3240
3447
3597
3542
3006
2016
877
-31
-592
-1013
-1352
-1478
-1293
-867
-370
-1
256
619
1099
1467
1532
1338
986
629
170
-447
-1113
-1604
-1790
-1818
-1831
-1853
-1831
-1661
-1362
-1134
-1022
-990
-867
-835
-923
-1219
-1740
-2357
-2791
-3297
-3738
-3810
-3805
-3151
-1524
919
3189
4353
4210
3177
2161
1330
768
422
198
312
442
308
-327
-951
-1349
-1204
-935
-569
-228
103
629
936
1052
818
210
-377
-830
-1040
-942
-907
-964
-915
-875
-806
-928
-1192
-1263
-1003
-466
11
406
777
1182
1516
1541
1162
685
319
112
25
-132
-220
-273
-188
71
443
875
1309
1802
2421
3069
3547
3715
3648
3518
3172
2481
1556
699
130
-183
-501
-938
-1279
-1324
-1063
-685
-348
72
743
1496
1958
1965
1581
1080
525
-149
-903
-1563
-1923
-1993
-1878
-1869
-1993
-2092
-2002
-1796
-1551
-1407
-1254
-1057
-994
-982
-1345
-2048
-2653
-3248
-3580
-3669
-3729
-3208
-1791
740
3189
4401
4076
2998
1954
1343
854
549
256
493
763
643
48
-778
-1289
-1047
-680
-98
366
588
1013
1124
1044
611
-236
-840
-1127
-960
-560
-539
-677
-773
-857
-910
-1303
-1734
-1718
-1250
-440
149
570
945
1348
1596
1379
852
412
145
133
105
-82
-168
-314
-380
-304
-96
339
930
1672
2512
3338
3921
3978
3791
3548
3044
2332
1555
980
709
538
223
-374
-966
-1321
-1346
-1196
-902
-346
521
1414
2023
2176
1862
1359
744
54
-686
-1297
-1695
-1829
-1791
-1845
-2052
-2273
-2413
-2265
-2039
-1877
-1716
-1386
-1134
-1055
-1226
-1973
-2505
-3096
-3497
-3557
-3677
-3331
-1939
409
2776
3876
3637
2493
1602
1259
943
840
709
694
1011
783
-42
-834
-1530
-1213
-675
139
916
1242
1603
1487
1082
559
-481
-1267
-1436
-1139
-287
69
-170
-527
-931
-1141
-1631
-2159
-2290
-1734
-601
223
686
965
1134
1361
1227
675
307
146
294
432
231
-114
-592
-940
-1048
-858
-362
286
1162
2240
3243
3945
4094
3887
3582
3084
2427
1720
1242
1051
962
751
71
-761
-1292
-1523
-1434
-1072
-467
406
1333
1986
2209
1990
1548
1062
588
51
-470
-905
-1233
-1457
-1709
-2129
-2529
-2617
-2454
-2108
-1862
-1664
-1530
-1324
-1205
-1442
-1918
-2582
-3032
-3122
-3126
-3006
-2350
-900
1316
3136
3427
2544
1379
821
938
1267
1258
1159
1310
1174
614
-342
-1325
-1573
-1075
-328
654
1348
1653
1674
1345
879
113
-720
-1361
-1373
-650
26
162
-244
-796
-1142
-1370
-1853
-2267
-2171
-1424
-443
207
422
391
529
655
632
513
384
459
690
715
397
-241
-980
-1446
-1420
-993
-436
222
1024
2002
2941
3411
3416
3272
3151
2926
2516
2051
1669
1407
1108
646
-86
-821
-1235
-1259
-1038
-620
-36
553
1068
1427
1566
1444
1262
1069
868
595
141
-328
-783
-1190
-1555
-2033
-2458
-2523
-2337
-2084
-1942
-1864
-1823
-1719
-1612
-1807
-2212
-2643
-2958
-3007
-3012
-2683
-1584
251
2445
3437
2873
1465
374
256
682
1248
1441
1586
1681
1212
301
-728
-1536
-1335
-708
195
1178
1573
1646
1379
1034
800
188
-466
-869
-658
46
246
-213
-935
-1386
-1358
-1418
-1636
-1756
-1443
-724
-218
-16
-78
-140
89
327
596
809
795
803
714
479
7
-728
-1320
-1444
-971
-360
-30
305
760
1508
2264
2559
2672
2802
2957
2989
2777
2403
1883
1375
873
240
-376
-895
-1118
-1007
-794
-433
-90
146
461
812
1067
1061
1022
980
776
401
-177
-740
-1106
-1325
-1640
-2061
-2295
-2373
-2410
-2424
-2452
-2484
-2305
-2102
-2063
-2254
-2542
-2887
-2967
-2738
-2251
-809
1381
3242
3620
2615
1014
78
250
822
1176
1252
1256
969
508
-240
-854
-859
-246
566
1416
1823
1527
922
409
334
574
570
327
226
481
644
142
-907
-1785
-1851
-1420
-1126
-1105
-1093
-888
-580
-455
-503
-465
-222
178
671
1028
1058
783
453
303
278
-14
-610
-1009
-813
-234
67
-73
-178
288
1111
1825
2183
2342
2583
2748
2632
2304
1999
1798
1686
1506
1105
513
-158
-792
-1093
-949
-643
-307
-4
317
701
865
736
621
633
791
773
364
-210
-717
-1071
-1480
-1967
-2304
-2419
-2353
-2265
-2307
-2427
-2565
-2437
-2343
-2456
-2609
-2783
-2824
-2579
-1966
-738
1183
3033
3326
2303
822
71
387
1359
1825
1755
1412
687
-190
-868
-1212
-863
69
1068
1975
2278
1719
650
-26
134
748
1093
968
684
728
626
-91
-1126
-1752
-1504
-897
-547
-697
-1060
-1248
-1359
-1251
-866
-342
171
535
760
947
835
315
-88
24
513
706
240
-503
-741
-470
-338
-455
-317
316
1324
2024
2136
2013
1867
1818
1762
1851
2069
2232
2209
1835
1220
520
-235
-800
-924
-588
-60
126
-11
-88
-13
82
106
204
476
850
896
386
-372
-988
-1294
-1536
-1785
-1940
-2064
-2195
-2315
-2578
-2835
-2855
-2641
-2526
-2607
-2796
-3005
-3031
-2766
-1824
-181
2101
3448
3141
1671
444
305
1056
1948
2174
1762
1079
-30
-951
-1231
-1020
-264
571
1324
2067
2057
1165
59
-160
817
1877
2061
1413
700
488
140
-695
-1428
-1415
-611
33
-20
-643
-1421
-1871
-1945
-1400
-429
344
617
468
391
462
192
-257
-291
469
1403
1381
311
-923
-1290
-943
-613
-340
163
1086
1964
2077
1595
1073
899
1173
1658
2171
2430
2271
1751
1017
476
179
-28
-50
95
357
386
-57
-503
-615
-307
127
374
453
395
242
-70
-547
-874
-925
-921
-1030
-1333
-1773
-2323
-2755
-3002
-2990
-2809
-2502
-2406
-2637
-2999
-3207
-3395
-3236
-2340
-724
1572
3110
2842
1404
247
360
1267
2341
2651
2131
1429
88
-1211
-1546
-1092
-80
841
1153
1480
1341
715
-236
-462
761
2258
2886
2241
1068
401
98
-397
-764
-624
3
356
-51
-891
-1793
-2090
-1904
-1114
226
1112
1063
267
-457
-466
-149
35
310
1005
1888
1847
676
-765
-1431
-991
-265
364
807
1147
1328
1184
963
879
1050
1430
1905
2328
2399
1852
978
409
501
844
856
520
117
19
-81
-369
-511
-217
422
878
807
317
-203
-561
-737
-753
-613
-420
-555
-982
-1638
-2146
-2511
-2631
-2649
-2569
-2393
-2414
-2692
-3256
-3537
-3442
-3134
-2877
-2419
-1226
872
2426
2204
757
-209
273
1906
3208
3238
2097
895
-429
-1154
-1086
-425
393
861
824
624
307
-302
-609
15
1704
2982
2850
1503
153
-184
96
367
590
994
1148
557
-654
-1786
-2187
-1931
-1282
-380
702
1037
345
-794
-1183
-463
476
908
942
1169
1397
1005
-7
-681
-426
321
750
686
505
426
376
320
677
1438
2021
2032
1725
1424
1195
924
609
689
1302
1694
1228
175
-594
-669
-389
-210
0
405
729
683
225
-235
-471
-432
-318
-272
-335
-703
-1282
-1871
-2002
-1938
-1942
-2233
-2531
-2708
-2861
-2953
-3221
-3331
-3116
-2991
-2817
-2442
-1542
-86
1188
1337
559
10
440
1707
2863
3214
2129
880
-371
-802
-354
538
1055
851
361
-130
-337
-608
-665
-82
1435
2631
2456
1062
-266
-378
362
1123
1264
1115
859
120
-796
-1461
-1500
-1159
-662
-271
90
40
-713
-1579
-1404
-110
1116
1362
763
335
463
554
278
191
800
1443
1326
506
-247
-260
224
691
1126
1658
1875
1471
881
719
993
1284
1170
990
1204
1399
991
149
-306
7
487
479
30
-201
-102
45
106
223
354
352
8
-455
-796
-1073
-1299
-1578
-1529
-1355
-1540
-2156
-2811
-3007
-2974
-2968
-3020
-3200
-3079
-2925
-2857
-2542
-1560
53
1160
936
-156
-718
-11
1684
2939
3275
2342
1055
-165
-643
-173
827
1433
1102
285
-328
-353
-377
-391
-22
1098
2044
1787
505
-642
-341
797
1584
1611
1064
437
-334
-1008
-1159
-609
-44
42
-249
-263
-299
-746
-1286
-1083
254
1425
1244
216
-431
-64
623
886
1030
1479
1831
1504
703
243
502
898
1030
989
1149
1316
1022
720
1015
1716
2000
1419
718
602
929
968
589
349
545
673
392
-143
-391
-291
-158
-94
34
148
80
-179
-359
-414
-681
-1257
-1925
-2144
-2014
-2010
-2427
-2814
-2879
-2899
-2985
-3337
-3597
-3572
-3336
-2929
-2303
-913
512
845
118
-772
-644
682
2254
2960
2299
1105
-35
-241
327
1267
1723
1123
88
-625
-461
40
389
397
875
1362
1134
166
-829
-566
731
1762
1772
787
-160
-726
-945
-726
-158
187
35
-551
-827
-532
-410
-587
-719
-176
544
511
-158
-521
25
984
1281
885
598
656
820
1024
1319
1794
2048
1743
1151
769
793
895
896
1091
1396
1437
1109
824
1003
1381
1390
1019
584
335
222
148
324
602
617
183
-419
-673
-554
-440
-336
-121
41
-307
-1116
-1864
-1953
-1628
-1609
-2095
-2683
-2935
-3155
-3374
-3525
-3440
-2959
-2879
-2965
-2760
-1657
-150
266
-165
-788
-365
847
2078
2464
1881
1098
256
242
809
1630
1924
1037
-198
-810
-213
598
950
597
476
698
570
65
-464
-171
717
1267
1045
333
-352
-776
-842
-490
36
-16
-882
-1712
-1599
-568
168
0
-450
-462
-192
-256
-556
-419
275
915
1001
742
625
616
476
652
1313
2008
2012
1275
855
1249
2005
2171
1648
1208
1126
1059
806
904
1431
1809
1551
928
646
647
662
593
692
941
839
195
-433
-436
-30
103
-172
-451
-483
-669
-1061
-1367
-1359
-1235
-1509
-2058
-2602
-2810
-3028
-3225
-3318
-3300
-3204
-3276
-3016
-2282
-858
-91
-442
-1082
-1009
207
1522
2277
2096
1249
593
331
903
1719
2357
1781
446
-452
-403
438
1014
1002
613
534
341
-80
-215
204
952
1200
762
115
-337
-398
-442
-332
38
148
-630
-1713
-2105
-1357
-338
-85
-530
-815
-639
-457
-534
-336
250
613
417
37
147
680
971
832
972
1445
1624
1166
678
918
1648
2074
1848
1359
1219
1208
1087
1043
1450
1851
1635
1026
705
874
1073
950
758
844
804
426
-81
-229
71
183
-82
-472
-603
-612
-837
-1150
-1319
-1342
-1480
-1783
-2060
-2216
-2361
-2711
-3129
-3358
-3364
-3391
-3358
-2945
-2217
-1184
-713
-946
-1360
-1150
-64
1151
1873
1703
975
459
648
1557
2333
2547
1663
221
-496
-48
939
1530
1271
521
203
129
28
49
429
1009
1156
685
84
-271
-283
-228
-108
83
-46
-895
-1836
-1914
-1087
-347
-475
-1091
-1327
-949
-521
-412
-259
99
238
75
2
345
840
966
802
941
1327
1454
1162
921
1214
1699
1836
1498
1115
994
1085
1234
1382
1739
1809
1404
986
983
1255
1308
1058
898
875
756
495
207
83
70
-97
-342
-487
-505
-611
-871
-1123
-1173
-1255
-1535
-1884
-2118
-2190
-2485
-2696
-2939
-3049
-3153
-3187
-2951
-2559
-1717
-1211
-1299
-1478
-1217
-390
520
1260
1212
761
352
464
1336
2247
2717
2022
741
113
394
1213
1693
1352
566
153
90
107
178
326
613
581
319
110
-30
-14
-42
-73
-12
-118
-691
-1283
-1310
-813
-426
-726
-1339
-1600
-1390
-991
-694
-421
-165
-129
-253
-161
243
635
749
616
774
1137
1281
1231
1236
1435
1606
1588
1481
1505
1503
1282
1017
911
1202
1387
1253
1175
1297
1408
1256
1003
974
1211
1230
941
552
312
160
-42
-178
-230
-316
-593
-1050
-1331
-1387
-1395
-1511
-1658
-1751
-1962
-2342
-2792
-2914
-2838
-2726
-2808
-2830
-2439
-1596
-1033
-1171
-1560
-1436
-662
332
838
823
383
197
392
1230
2078
2415
1901
779
423
966
1865
2080
1509
721
502
645
665
507
440
516
415
120
-23
27
86
-52
-215
-153
-191
-635
-1098
-1042
-518
-272
-684
-1285
-1417
-1155
-977
-951
-889
-677
-592
-584
-293
232
518
325
146
493
1072
1344
1150
1036
1211
1436
1516
1390
1438
1517
1444
1254
1051
1208
1196
1021
987
1116
1133
831
616
701
1036
1134
912
566
315
237
75
-21
-157
-355
-663
-1051
-1296
-1416
-1578
-1742
-1861
-1976
-2250
-2616
-2867
-2934
-2879
-2827
-2697
-2605
-1995
-1251
-1038
-1316
-1513
-1068
-193
617
812
393
25
-41
746
1537
2016
1854
878
447
911
1849
2362
1981
980
475
667
991
1089
847
611
448
238
204
230
213
33
-254
-289
-279
-607
-1053
-1117
-692
-378
-695
-1291
-1376
-922
-575
-657
-915
-939
-856
-776
-547
-13
362
220
42
286
873
1229
1074
863
936
1293
1486
1330
1283
1412
1513
1383
1226
1297
1328
1216
1229
1504
1588
1354
926
676
852
1062
984
687
404
282
217
162
84
-58
-399
-797
-1111
-1292
-1349
-1514
-1696
-1908
-2132
-2464
-2716
-2879
-2966
-2893
-2861
-2726
-1876
-1180
-1018
-1262
-1260
-687
187
788
715
456
74
239
1082
1504
1816
1377
316
258
983
1855
2249
1695
734
557
822
1128
1215
968
780
499
181
229
387
465
236
-153
-332
-481
-792
-1083
-937
-578
-559
-1017
-1497
-1370
-1006
-901
-956
-1053
-997
-960
-919
-654
-120
40
-146
-162
53
544
853
1012
1182
1239
1299
1165
1102
1318
1561
1529
1183
1044
1013
1043
1055
1230
1460
1331
1137
989
935
986
964
859
630
337
67
-99
-172
-269
-493
-809
-1041
-1220
-1404
-1620
-1805
-1924
-2139
-2443
-2617
-2701
-2762
-2754
-2716
-2557
-1882
-1334
-1268
-1523
-1506
-857
24
718
781
544
221
252
1205
1735
2015
1781
774
542
1151
1871
2233
1860
1018
814
1026
1158
1149
969
882
805
513
401
486
513
304
24
6
-97
-466
-918
-873
-467
-462
-996
-1573
-1426
-912
-775
-992
-1162
-1196
-1200
-1147
-933
-415
-170
-241
-52
326
716
805
734
987
1372
1537
1323
1132
1255
1566
1514
1220
1213
1208
1113
952
1059
1282
1161
947
1005
1156
1130
899
637
569
608
461
212
-23
-175
-422
-911
-1177
-1232
-1441
-1810
-2219
-2297
-2451
-2671
-2806
-2982
-3038
-3109
-2969
-2769
-1877
-1266
-1291
-1495
-1447
-671
5
564
569
404
256
354
1337
1601
1831
1565
761
829
1515
2025
2219
1843
1199
1129
1373
1476
1378
1092
849
792
596
617
637
521
269
23
3
-156
-468
-776
-800
-588
-693
-1107
-1490
-1381
-1024
-1014
-1197
-1345
-1382
-1295
-1117
-949
-760
-656
-586
-322
26
373
624
615
772
1133
1356
1446
1378
1488
1660
1609
1574
1567
1443
1410
1480
1410
1318
1161
1173
1266
1161
1004
880
754
677
493
329
167
-8
-214
-491
-686
-785
-1068
-1420
-1655
-1872
-2256
-2650
-2879
-2965
-3090
-3337
-3289
-3119
-2303
-1585
-1519
-1688
-1541
-915
-104
482
604
454
389
483
1453
1865
1840
1598
876
872
1572
2182
2311
1977
1371
1256
1566
1758
1697
1545
1287
1153
937
906
987
919
582
132
-12
-70
-269
-528
-675
-706
-869
-1171
-1356
-1209
-960
-1181
-1577
-1714
-1623
-1404
-1286
-1264
-1182
-1182
-1125
-906
-540
-239
13
156
340
699
814
861
959
1160
1407
1299
1240
1254
1210
1255
1313
1388
1449
1372
1265
1308
1265
1120
908
668
598
552
372
157
-148
-341
-469
-675
-882
-1160
-1452
-1651
-1868
-2184
-2448
-2700
-2883
-3048
-3173
-3243
-3110
-2454
-2019
-2009
-2261
-2061
-1252
-488
90
137
92
295
533
1344
1661
1796
1861
1473
1532
1993
2431
2554
2231
1743
1641
1842
1884
1779
1653
1422
1258
1053
1086
1306
1437
1259
838
529
285
72
20
39
-70
-525
-1039
-1237
-1089
-836
-1049
-1427
-1560
-1539
-1472
-1396
-1401
-1298
-1161
-1047
-837
-625
-523
-328
-94
152
449
528
670
876
1091
1221
1115
1064
1191
1268
1312
1372
1339
1289
1238
1221
1303
1283
1132
1042
945
819
731
447
140
-118
-293
-389
-643
-981
-1251
-1429
-1627
-1951
-2323
-2589
-2651
-2761
-2999
-3133
-3297
-2883
-2374
-2256
-2210
-2113
-1725
-1266
-804
-499
-441
-147
-87
638
1135
1105
1355
1216
1288
1708
1989
2306
2428
2229
2159
2070
2082
1957
1841
1705
1583
1406
1139
1126
1154
1157
983
715
616
541
492
415
210
-29
-258
-375
-483
-549
-731
-1047
-1194
-1279
-1335
-1353
-1386
-1351
-1231
-1191
-1081
-898
-760
-595
-445
-223
52
156
255
376
580
735
742
801
826
925
1065
1162
1185
1204
1245
1260
1349
1415
1399
1280
1050
799
673
556
382
201
-83
-287
-447
-691
-913
-1148
-1357
-1560
-1757
-1930
-2146
-2417
-2721
-2851
-2997
-2874
-2384
-2219
-2222
-2351
-2224
-1785
-1319
-888
-779
-544
-400
-4
551
516
730
957
942
1335
1604
1754
2004
1869
1879
1929
1908
1875
1820
1833
1768
1656
1458
1256
1158
1252
1337
1216
945
710
508
481
499
338
35
-226
-274
-212
-210
-439
-707
-837
-910
-887
-898
-1053
-1027
-1026
-1021
-895
-823
-780
-675
-533
-349
-158
-138
-39
176
373
569
637
574
655
807
901
987
957
912
1010
1098
1146
1107
967
843
795
821
759
563
255
-25
-272
-434
-533
-665
-806
-1003
-1282
-1569
-1735
-1909
-2096
-2244
-2439
-2581
-2620
-2479
-2372
-2315
-2334
-2300
-2096
-1719
-1414
-1228
-994
-1005
-651
-302
-119
225
466
538
893
1132
1307
1570
1579
1757
1896
1930
1795
1717
1667
1667
1597
1458
1297
1171
1122
1115
1175
1167
1091
908
782
822
849
719
569
340
264
285
143
-61
-227
-381
-447
-497
-555
-512
-535
-560
-560
-577
-512
-417
-400
-227
-101
-28
100
129
219
348
357
360
427
506
688
793
753
776
806
847
963
1007
993
911
777
637
522
361
125
-94
-281
-371
-460
-599
-767
-1003
-1327
-1567
-1760
-1902
-1972
-2181
-2322
-2449
-2472
-2455
-2357
-2192
-2097
-2126
-2091
-1979
-1695
-1239
-1140
-899
-675
-592
-302
33
167
549
768
879
1216
1365
1492
1614
1691
1742
1809
1784
1827
1767
1702
1538
1346
1235
1156
1110
1076
1059
967
858
762
752
766
803
675
531
467
415
373
309
153
94
69
-40
-156
-308
-363
-382
-438
-488
-507
-497
-360
-280
-169
-23
27
70
147
218
350
441
403
412
470
527
609
615
535
546
579
646
708
677
534
395
247
139
110
43
-55
-242
-558
-825
-1000
-1161
-1273
-1496
-1767
-1881
-2082
-2225
-2348
-2390
-2321
-2252
-2181
-2113
-2142
-2081
-1933
-1757
-1274
-1110
-1031
-892
-815
-589
-227
-104
134
419
539
818
1025
1172
1329
1400
1461
1597
1655
1685
1642
1609
1572
1486
1370
1269
1164
1072
1005
976
918
828
739
646
685
707
593
505
409
398
476
431
356
316
209
138
107
41
57
9
-82
-102
-108
-112
-94
-151
-155
-65
-23
70
197
296
411
483
526
588
642
675
684
718
751
734
698
636
530
449
374
261
197
138
-16
-114
-265
-473
-591
-789
-983
-1089
-1230
-1412
-1591
-1879
-2023
-2129
-2130
-2060
-2127
-2126
-2185
-2214
-2026
-1835
-1699
-1341
-1285
-1138
-844
-801
-579
-323
-279
-53
179
257
523
691
808
929
982
991
1048
1151
1188
1172
1201
1178
1100
1068
1029
1023
966
786
652
620
647
658
526
420
400
379
402
377
342
341
285
295
357
366
352
288
266
310
290
267
289
257
268
227
102
164
226
243
323
323
331
420
432
476
581
611
634
668
705
772
765
681
604
544
521
455
324
201
84
-26
-126
-297
-449
-597
-755
-892
-1016
-1195
-1336
-1414
-1549
-1666
-1735
-1796
-1738
-1643
-1671
-1741
-1744
-1671
-1510
-1280
-1162
-1108
-1006
-922
-791
-571
-390
-220
-44
89
288
483
580
639
666
743
815
851
878
867
830
828
799
762
782
738
668
636
583
541
481
401
387
388
352
284
225
230
248
231
179
124
110
140
175
168
121
117
138
243
334
328
312
285
289
380
414
403
397
340
386
452
474
523
557
588
687
704
693
689
638
649
639
561
499
430
351
291
184
85
-32
-141
-263
-432
-611
-778
-938
-1070
-1197
-1372
-1550
-1682
-1633
-1607
-1582
-1593
-1619
-1593
-1474
-1406
-1258
-1095
-1002
-822
-723
-674
-605
-486
-391
-159
-27
103
210
271
339
443
546
576
550
553
623
663
733
705
646
648
642
591
534
462
405
375
329
249
203
146
119
140
96
79
56
-2
29
72
58
78
27
-52
-21
15
43
115
92
96
157
185
249
297
308
401
462
469
488
504
560
668
747
764
814
805
848
919
902
856
789
698
660
599
487
411
323
229
129
16
-146
-273
-384
-468
-562
-677
-848
-1028
-1116
-1185
-1173
-1195
-1186
-1207
-1241
-1248
-1189
-1083
-952
-869
-790
-682
-619
-516
-387
-236
-85
52
122
214
318
389
433
418
381
366
382
406
423
420
389
355
314
312
314
292
261
210
143
95
74
51
59
47
4
-50
-108
-158
-157
-158
-213
-250
-276
-294
-285
-279
-306
-293
-227
-158
-110
-85
-54
-40
9
75
139
222
256
272
346
431
515
598
657
707
770
835
869
875
877
846
805
744
656
578
509
458
375
207
80
-25
-147
-205
-317
-525
-591
-688
-822
-838
-961
-1008
-946
-944
-918
-899
-994
-987
-931
-851
-689
-662
-620
-512
-413
-234
-113
-85
46
170
281
443
517
553
574
580
610
640
664
627
568
554
541
503
431
336
279
241
218
170
63
-23
-69
-104
-92
-124
-200
-245
-276
-258
-253
-292
-316
-310
-324
-344
-373
-416
-430
-387
-354
-334
-341
-375
-365
-296
-206
-124
-66
-32
46
166
261
331
395
446
510
605
662
690
741
756
753
749
702
678
684
643
605
503
358
248
127
35
-71
-211
-316
-416
-589
-667
-765
-835
-796
-798
-808
-751
-775
-776
-650
-654
-561
-456
-425
-327
-209
-171
-67
32
92
235
324
389
469
526
597
655
658
654
663
692
706
713
694
648
608
526
456
385
307
242
163
84
15
-65
-111
-130
-177
-226
-298
-364
-384
-390
-397
-410
-466
-516
-544
-561
-591
-612
-600
-600
-591
-583
-576
-526
-457
-375
-308
-277
-216
-161
-111
-21
31
90
164
215
286
358
423
491
536
541
542
557
610
638
615
616
541
459
382
218
109
72
-72
-191
-269
-432
-500
-540
-620
-591
-602
-640
-600
-591
-552
-516
-492
-403
-288
-222
-99
-43
22
150
214
309
444
532
603
685
724
788
828
816
774
756
740
728
700
665
628
603
571
514
485
434
380
303
251
200
133
79
8
-70
-143
-197
-285
-338
-398
-450
-454
-501
-567
-609
-688
-732
-706
-724
-721
-703
-730
-697
-667
-677
-623
-578
-508
-399
-349
-279
-216
-179
-110
-24
60
152
229
288
375
404
426
450
432
483
493
503
512
422
383
330
200
189
167
37
10
-128
-248
-279
-379
-484
-466
-485
-502
-429
-496
-525
-471
-412
-373
-219
-203
-180
-64
-13
100
266
307
396
486
504
650
726
746
787
773
776
816
785
754
720
678
673
638
550
488
452
414
372
279
162
109
35
-27
-74
-153
-227
-261
-299
-328
-370
-454
-491
-529
-554
-557
-627
-680
-717
-755
-752
-755
-769
-780
-774
-766
-728
-692
-641
-552
-470
-374
-330
-295
-234
-166
-49
45
94
141
196
239
318
352
346
330
332
364
404
376
295
220
153
127
113
36
-10
-100
-206
-255
-337
-392
-388
-382
-381
-337
-377
-394
-386
-332
-251
-157
-106
-49
27
111
215
297
368
436
530
613
734
806
837
862
861
855
892
885
875
877
841
814
774
706
664
616
554
520
426
333
264
180
120
68
0
-51
-107
-177
-225
-298
-353
-408
-477
-517
-563
-608
-643
-712
-767
-768
-772
-764
-771
-808
-815
-817
-803
-752
-701
-659
-632
-591
-535
-487
-415
-339
-265
-195
-145
-76
1
75
125
161
203
263
306
322
312
255
219
152
94
89
78
23
-34
-138
-235
-275
-333
-341
-309
-293
-276
-246
-277
-272
-257
-261
-212
-127
-78
3
84
131
203
284
386
494
574
663
733
797
854
875
892
911
922
935
940
925
914
864
816
785
751
716
673
598
543
455
363
300
264
203
157
77
-23
-72
-134
-207
-267
-331
-394
-440
-504
-561
-635
-665
-696
-693
-689
-698
-728
-731
-737
-720
-685
-666
-656
-646
-603
-555
-482
-416
-357
-304
-245
-177
-109
-69
-28
2
48
96
132
169
201
210
183
147
84
57
70
64
62
19
-93
-175
-228
-291
-303
-304
-306
-274
-252
-274
-281
-257
-253
-198
-160
-122
-56
15
79
139
208
274
329
403
490
543
617
662
688
724
746
758
770
772
779
771
756
731
707
704
679
629
567
496
430
380
329
266
224
180
137
65
-25
-96
-170
-211
-240
-288
-331
-393
-491
-556
-607
-637
-651
-688
-717
-721
-723
-702
-683
-691
-693
-680
-665
-628
-586
-534
-496
-455
-395
-342
-280
-228
-186
-118
-70
-37
-5
25
87
116
118
94
40
-5
1
-15
-20
-18
-73
-120
-129
-178
-218
-231
-294
-276
-242
-238
-200
-163
-193
-172
-135
-110
-29
54
91
160
231
238
302
347
410
488
565
609
667
710
746
794
800
799
789
787
798
812
798
785
737
689
656
607
548
494
403
336
287
250
227
173
87
12
-47
-111
-160
-214
-248
-288
-329
-416
-483
-532
-586
-598
-621
-652
-649
-646
-642
-613
-609
-599
-581
-561
-541
-507
-482
-436
-385
-342
-302
-254
-211
-166
-120
-77
-53
-48
-45
-34
4
7
10
16
-31
-42
-43
-75
-69
-77
-130
-154
-208
-289
-304
-369
-381
-378
-382
-366
-333
-333
-281
-233
-212
-147
-115
-48
10
94
143
223
268
340
389
435
499
561
632
689
724
763
801
795
819
813
812
829
821
809
782
731
687
632
564
506
434
367
328
242
179
119
43
-12
-45
-126
-186
-250
-323
-349
-373
-416
-457
-503
-549
-549
-531
-518
-534
-537
-527
-497
-448
-418
-418
-405
-376
-330
-279
-222
-182
-140
-75
-22
26
71
87
107
123
116
118
84
76
88
99
99
69
3
-51
-83
-104
-129
-169
-229
-279
-311
-358
-385
-432
-474
-518
-496
-488
-492
-477
-471
-463
-390
-364
-320
-215
-193
-89
-10
34
114
195
244
367
417
471
538
568
654
704
737
761
780
798
815
779
762
750
725
709
679
633
585
517
421
358
288
235
184
130
70
11
-84
-160
-206
-268
-304
-346
-410
-441
-458
-508
-506
-507
-525
-517
-500
-479
-436
-423
-406
-359
-327
-271
-217
-157
-94
-19
36
87
123
171
220
263
309
324
324
306
287
273
286
289
285
256
240
174
87
29
-38
-83
-106
-175
-251
-299
-414
-442
-491
-549
-569
-613
-644
-624
-634
-636
-625
-656
-576
-549
-497
-406
-382
-326
-232
-216
-130
-32
-6
106
148
193
291
345
410
520
565
626
656
655
708
724
721
705
666
644
631
580
552
505
442
399
355
293
235
177
115
42
-40
-111
-167
-229
-277
-314
-358
-382
-409
-438
-449
-441
-438
-419
-390
-377
-344
-308
-271
-213
-155
-94
-23
37
100
174
230
286
326
361
408
439
458
474
474
466
462
464
434
413
378
343
313
258
208
128
46
-21
-91
-168
-207
-291
-360
-430
-515
-564
-625
-658
-674
-695
-708
-701
-726
-706
-708
-696
-637
-617
-568
-499
-475
-430
-355
-338
-265
-184
-163
-71
-21
35
130
206
249
298
329
368
429
477
506
507
535
518
529
531
510
479
453
397
384
330
280
252
174
146
75
19
-13
-52
-98
-103
-139
-161
-170
-201
-194
-190
-191
-178
-151
-148
-112
-82
-47
8
56
96
145
194
252
308
348
383
412
454
492
512
532
551
551
547
530
519
476
436
407
365
327
283
225
160
114
37
-44
-128
-194
-239
-289
-335
-395
-469
-539
-590
-638
-645
-656
-675
-676
-699
-703
-689
-703
-691
-666
-656
-615
-589
-585
-519
-466
-436
-358
-301
-281
-247
-195
-155
-54
-19
6
67
82
137
201
229
269
295
259
296
304
301
319
279
236
229
189
160
148
98
98
91
77
68
50
26
14
-2
-16
-19
-24
-10
3
15
33
43
56
72
84
101
139
190
216
266
310
331
364
388
409
457
488
508
532
521
529
535
522
510
491
472
460
443
390
349
289
236
197
146
111
63
12
-44
-102
-165
-221
-266
-292
-317
-350
-386
-433
-459
-480
-514
-537
-543
-562
-563
-552
-549
-540
-533
-538
-538
-521
-510
-474
-451
-432
-388
-367
-350
-299
-266
-236
-185
-161
-127
-81
-55
-40
-13
5
20
32
37
25
42
55
49
54
48
37
39
40
27
38
24
16
25
39
37
41
47
42
52
67
109
135
151
157
172
194
231
252
276
295
314
331
340
376
392
423
432
439
442
445
438
453
466
469
477
441
423
409
392
374
364
359
343
311
263
221
191
158
117
80
40
15
-16
-36
-53
-86
-116
-148
-174
-199
-223
-236
-254
-277
-287
-311
-341
-354
-364
-351
-352
-357
-371
-387
-374
-360
-345
-335
-327
-318
-312
-299
-278
-274
-254
-227
-207
-188
-177
-168
-149
-145
-145
-130
-133
-131
-123
-121
-105
-88
-112
-108
-98
-87
-63
-57
-64
-67
-67
-32
-21
-30
-3
-5
23
52
73
86
121
132
163
183
186
210
210
209
225
242
247
270
271
275
287
293
282
286
288
290
291
293
273
257
257
258
271
261
252
230
212
209
206
189
185
185
158
142
123
129
137
110
83
74
71
63
38
14
-3
-18
-48
-59
-61
-70
-77
-103
-123
-134
-139
-147
-137
-140
-136
-135
-145
-145
-155
-151
-155
-157
-143
-142
-150
-152
-154
-155
-165
-180
-199
-211
-218
-206
-212
-202
-199
-219
-214
-216
-213
-206
-202
-203
-193
-175
-168
-160
-162
-152
-144
-142
-127
-113
-102
-89
-83
-79
-70
-73
-64
-39
-30
-19
-3
4
21
27
35
31
30
28
22
33
29
33
40
31
35
35
33
36
36
39
49
65
59
60
51
69
91
89
107
109
109
110
102
106
118
113
103
87
69
75
75
66
59
54
46
36
27
18
15
13
13
9
9
12
10
11
13
28
30
28
23
28
35
44
54
51
31
33
38
41
45
48
62
52
54
43
37
32
19
14
7
11
4
11
15
21
21
24
26
32
32
19
21
16
6
4
1
-9
-10
-18
-24
-14
-20
-28
-22
-28
-33
-21
-20
-22
-24
-36
-29
-32
-38
-39
-45
-48
-39
-29
-44
-44
-37
-50
-48
-42
-34
-23
-23
-19
-14
-17
2
3
-4
5
11
16
17
3
-19
-24
-36
-26
-17
-15
-15
-23
-19
-22
-26
-24
-19
-8
-3
6
14
19
19
18
13
24
28
29
38
34
36
25
26
34
36
48
59
65
75
65
76
82
92
96
79
75
81
89
95
96
89
93
91
82
78
81
88
95
86
81
83
59
51
38
28
35
4
83
145
83
-16
-75
-8
40
69
78
-32
-107
-197
-205
-117
-61
-3
-90
-241
-263
-230
-163
-135
-111
-94
-159
-182
-242
-210
-134
-122
-75
-84
-123
-129
-127
-97
-85
-29
-3
-73
-79
-69
-49
-33
-27
11
-3
-14
-39
-68
-44
-28
-9
-17
-45
-58
-56
-52
-38
2
26
12
2
-9
3
26
38
47
55
56
54
55
71
94
134
156
152
146
147
169
177
188
198
188
176
181
190
194
209
210
216
209
188
181
187
180
179
169
134
122
95
70
54
34
20
-3
-25
-54
-69
-75
-88
-97
-101
-115
-128
-147
-152
-140
-135
-140
-142
-147
-156
-174
-176
-169
-161
-158
-158
-147
-158
-158
-162
-163
-157
-150
-143
-144
-146
-134
-110
-102
-94
-79
-85
-98
-111
-112
-100
-79
-73
-62
-68
-67
-67
-79
-74
-64
-40
-33
-40
-54
-54
-37
-22
-2
15
21
19
10
13
29
60
73
89
100
87
83
87
113
135
151
163
166
155
155
164
174
180
189
201
192
185
177
178
191
197
202
192
177
170
163
152
136
135
138
118
100
83
77
78
79
76
53
32
18
18
3
-1
-2
-14
-46
-62
-60
-63
-59
-63
-59
-66
-75
-73
-76
-78
-74
-72
-73
-82
-88
-94
-99
-88
-72
-61
-59
-62
-56
-49
-45
-36
-32
-42
-58
-66
-76
-65
-54
-56
-56
-68
-69
-68
-77
-80
-71
-72
-80
-100
-117
-117
-107
-104
-100
-87
-86
-86
-92
-83
-74
-63
-53
-50
-51
-51
-42
-37
-20
-3
14
20
19
26
25
31
32
37
49
54
44
43
47
63
77
82
92
82
78
82
85
96
105
98
85
76
67
58
59
60
55
60
55
45
28
22
33
37
36
48
41
14
4
-4
8
13
9
3
-6
-8
-17
-18
-15
2
20
24
25
25
14
15
22
35
55
52
40
26
17
16
18
32
40
49
47
39
34
24
23
27
19
7
5
8
-6
-20
-36
-50
-59
-74
-71
-70
-76
-70
-73
-79
-81
-81
-79
-78
-69
-59
-60
-69
-88
-89
-71
-52
-42
-36
-34
-34
-35
-40
-32
-18
-1
1
-4
-4
0
4
9
17
19
20
21
26
22
15
9
11
18
28
31
32
34
34
31
34
32
28
26
17
17
22
23
26
25
21
16
22
32
39
43
43
44
41
36
42
45
52
62
58
53
49
52
52
51
51
56
61
55
43
41
42
53
59
60
55
39
27
19
12
12
8
3
-2
-15
-18
-29
-39
-43
-42
-42
-49
-56
-69
-77
-82
-76
-74
-86
-99
-103
-99
-98
-100
-93
-86
-86
-85
-87
-88
-84
-79
-66
-55
-56
-58
-63
-59
-51
-45
-45
-46
-39
-35
-34
-39
-30
-20
-13
-2
1
3
4
5
15
23
30
30
34
45
56
57
55
54
60
66
71
77
76
71
70
67
64
64
59
67
79
74
73
72
74
84
88
95
97
96
94
91
93
95
97
90
80
81
88
96
93
86
79
76
68
66
59
48
44
34
21
3
-6
-14
-18
-27
-39
-49
-57
-62
-67
-71
-78
-83
-80
-87
-97
-103
-106
-102
-104
-106
-106
-113
-119
-117
-114
-113
-115
-112
-105
-98
-85
-83
-86
-82
-76
-71
-74
-71
-69
-66
-62
-56
-49
-51
-48
-35
-23
-13
-6
1
4
3
10
17
21
23
30
29
29
36
45
51
61
65
64
63
69
76
76
74
76
76
74
63
61
61
54
54
49
44
44
38
35
35
44
57
63
55
50
51
51
54
54
52
40
32
21
10
7
0
-11
-16
-19
-24
-28
-37
-47
-51
-58
-62
-64
-72
-84
-88
-95
-102
-107
-115
-120
-123
-121
-120
-116
-112
-110
-107
-102
-92
-78
-77
-71
-66
-59
-55
-51
-44
-42
-37
-32
-23
-21
-20
-17
-8
11
25
33
34
38
46
52
54
62
73
73
69
67
72
77
86
93
93
91
96
104
117
118
120
123
118
123
128
123
121
119
112
108
110
109
102
93
86
88
83
70
63
56
58
64
68
61
55
49
40
35
24
12
1
-12
-25
-36
-49
-57
-64
-71
-76
-83
-93
-103
-109
-120
-128
-132
-142
-152
-163
-170
-175
-181
-184
-186
-179
-177
-179
-178
-168
-164
-161
-157
-147
-141
-138
-129
-126
-118
-113
-107
-99
-96
-92
-91
-85
-75
-67
-62
-55
-44
-29
-14
-1
7
10
14
23
35
43
50
55
60
69
82
90
97
104
111
116
126
138
149
157
161
163
163
162
164
164
158
153
147
141
143
149
149
139
137
135
130
129
125
126
122
122
121
117
106
97
92
83
76
66
52
40
36
33
27
22
10
-4
-16
-28
-27
-34
-48
-56
-58
-67
-84
-98
-107
-113
-117
-121
-129
-139
-146
-142
-139
-141
-141
-142
-142
-143
-139
-138
-137
-130
-123
-119
-120
-116
-114
-111
-109
-99
-88
-84
-73
-62
-53
-47
-40
-36
-33
-25
-17
-17
-15
-7
2
9
15
24
33
40
54
69
74
78
83
89
96
100
107
112
113
120
118
114
116
119
118
117
113
112
111
113
114
109
109
107
110
113
112
108
103
99
92
87
80
76
68
60
53
47
49
44
37
31
23
17
7
-5
-16
-28
-33
-42
-56
-68
-74
-80
-86
-93
-100
-104
-108
-114
-116
-119
-119
-118
-119
-125
-125
-126
-129
-131
-135
-135
-139
-142
-139
-138
-140
-134
-130
-126
-117
-106
-97
-91
-86
-81
-74
-68
-59
-49
-45
-40
-28
-20
-15
-10
-1
8
23
36
40
49
55
69
79
81
86
97
104
111
119
117
118
121
125
129
133
137
139
139
136
138
138
133
130
125
126
125
125
120
109
100
101
98
90
84
82
83
74
70
63
60
62
59
49
41
31
29
19
6
2
-4
-17
-29
-38
-52
-58
-59
-65
-72
-77
-82
-84
-84
-82
-87
-94
-97
-106
-111
-112
-117
-119
-125
-130
-135
-133
-131
-134
-134
-135
-133
-129
-126
-121
-114
-110
-110
-107
-103
-92
-82
-79
-78
-82
-79
-70
-64
-55
-44
-36
-24
-16
-14
-8
2
10
20
27
36
45
53
55
58
61
64
72
79
82
86
97
105
108
110
114
114
112
115
115
113
111
113
109
104
107
111
114
114
110
108
107
105
103
106
103
101
100
92
81
82
78
69
64
61
54
42
34
27
19
11
7
6
5
-2
-7
-10
-16
-29
-35
-42
-41
-43
-48
-53
-59
-63
-68
-72
-78
-78
-81
-83
-82
-88
-95
-93
-92
-92
-89
-91
-89
-90
-93
-97
-97
-96
-93
-90
-88
-86
-78
-79
-75
-67
-62
-59
-59
-52
-50
-46
-39
-29
-19
-11
-2
4
12
13
21
25
32
38
40
43
51
53
49
50
50
55
60
62
59
64
64
56
63
66
73
85
87
86
85
88
90
96
93
94
96
91
89
87
90
92
96
95
87
79
72
71
66
59
56
50
46
42
36
35
27
17
12
3
-6
-13
-22
-30
-40
-47
-55
-65
-70
-74
-78
-84
-87
-89
-96
-108
-119
-125
-132
-128
-127
-126
-121
-124
-124
-126
-126
-124
-126
-124
-115
-117
-111
-107
-102
-94
-86
-83
-80
-78
-80
-75
-65
-62
-60
-59
-56
-40
-36
-37
-31
-24
-18
-15
-5
4
8
14
16
23
26
23
28
34
40
48
53
55
58
64
67
69
70
76
83
84
92
95
97
99
98
102
105
109
111
107
104
102
98
92
90
94
91
91
88
85
83
80
77
74
74
71
62
49
41
35
32
25
16
10
-4
-10
-17
-21
-22
-29
-42
-53
-59
-66
-71
-79
-86
-89
-97
-100
-106
-113
-119
-119
-115
-119
-119
-116
-116
-113
-107
-103
-97
-93
-94
-89
-85
-82
-79
-79
-69
-59
-51
-49
-43
-31
-28
-22
-19
-14
-6
-4
5
14
23
35
39
42
50
54
64
74
75
74
69
67
71
75
79
84
84
80
78
80
89
92
94
96
97
102
102
106
113
113
111
112
109
111
116
112
111
108
101
93
88
85
78
71
67
56
45
39
34
30
26
16
15
8
-3
-6
-10
-21
-31
-38
-49
-53
-58
-63
-71
-76
-84
-92
-96
-97
-98
-103
-107
-106
-111
-114
-114
-112
-112
-113
-110
-107
-105
-109
-107
-105
-108
-103
-99
-94
-91
-89
-86
-83
-84
-77
-77
-74
-64
-62
-58
-49
-44
-38
-35
-33
-28
-21
-9
-2
6
11
16
20
26
42
50
53
56
60
61
65
69
77
82
84
88
87
89
96
101
104
105
106
107
106
106
113
120
123
119
118
117
120
119
115
113
112
110
107
103
99
94
87
83
74
67
63
55
43
34
26
22
20
13
8
-2
-11
-18
-29
-37
-46
-57
-69
-73
-78
-85
-94
-105
-107
-112
-114
-120
-124
-130
-137
-136
-140
-137
-135
-137
-137
-140
-143
-138
-140
-138
-137
-135
-133
-125
-119
-115
-108
-107
-105
-101
-93
-90
-85
-77
-73
-67
-59
-53
-50
-45
-38
-35
-33
-29
-25
-12
-5
0
12
16
21
30
36
40
47
49
53
57
63
67
74
75
82
92
101
106
107
109
112
116
119
122
121
126
120
118
113
112
109
107
109
105
104
96
96
94
89
83
75
67
58
56
51
46
37
27
17
10
8
7
4
-2
-12
-21
-24
-28
-29
-35
-43
-49
-59
-65
-73
-74
-75
-79
-84
-92
-95
-93
-95
-93
-87
-93
-93
-96
-95
-92
-88
-83
-82
-79
-81
-77
-74
-70
-62
-59
-56
-48
-45
-48
-38
-36
-29
-17
-12
-8
-5
2
8
18
28
33
42
48
53
60
64
69
74
77
79
83
88
91
91
92
94
93
95
91
87
89
86
82
82
80
79
77
77
76
74
76
74
73
73
74
72
67
64
63
59
57
51
47
44
41
37
34
31
26
21
13
2
-5
-10
-17
-21
-26
-31
-38
-40
-44
-46
-45
-50
-52
-56
-63
-67
-73
-75
-76
-85
-88
-93
-93
-96
-98
-94
-93
-87
-86
-86
-85
-83
-80
-79
-73
-68
-67
-68
-66
-60
-57
-44
-39
-40
-39
-34
-33
-30
-19
-11
-5
-2
2
4
10
14
20
30
31
29
30
36
38
44
52
59
64
63
65
64
66
70
71
72
73
68
62
61
64
63
63
65
63
59
56
54
46
40
39
40
38
35
36
38
35
24
22
20
12
9
8
10
16
14
10
4
1
-2
-2
-6
-10
-5
-7
-5
-8
-10
-13
-16
-15
-13
-15
-20
-18
-23
-30
-29
-37
-45
-49
-55
-57
-58
-59
-55
-61
-60
-68
-73
-70
-73
-67
-67
-65
-65
-68
-68
-68
-65
-60
-53
-50
-53
-52
-48
-44
-40
-37
-31
-30
-31
-27
-22
-17
-11
-6
-1
5
8
9
9
15
20
24
23
27
31
33
31
29
32
34
41
39
38
38
38
39
38
39
41
38
34
30
30
29
32
31
32
33
30
27
28
25
24
25
27
27
23
25
20
14
11
9
6
7
7
5
5
4
3
2
5
6
-1
1
2
1
2
3
4
5
2
-1
-2
-2
-5
-10
-8
-9
-11
-9
-9
-9
-8
-7
-4
-6
-8
-6
-5
-2
-4
-5
-7
-14
-14
-17
-18
-16
-17
-19
-24
-27
-25
-22
-18
-12
-12
-12
-14
-16
-17
-12
-10
-7
-6
-4
-2
-1
-1
1
3
1
4
8
9
8
8
6
4
4
5
6
10
12
14
14
13
10
9
12
14
17
12
8
7
5
7
5
4
1
0
0
-2
1
3
5
8
5
5
2
0
-2
-4
-2
0
-6
-6
-3
-2
0
0
-2
-6
-4
-4
-3
2
0
0
-3
-4
-1
-1
-1
1
0
-4
-4
-5
-3
1
1
0
-6
-9
-10
-11
-7
-3
-2
-3
-5
-7
-11
-12
-14
-12
-6
-6
-6
-8
-10
-12
-9
-8
-6
-4
-5
-9
-10
-9
-9
-2
-2
0
-2
-2
-1
-1
-3
-1
-2
-1
2
-1
0
-2
1
4
4
6
3
3
4
7
8
8
8
8
7
8
9
12
11
11
10
8
7
8
10
14
17
18
19
20
20
20
22
21
21
19
19
18
17
19
20
23
23
22
20
20
17
17
19
19
18
18
16
14
12
11
11
8
7
6
8
7
6
5
1
-4
-8
-10
-12
-15
-14
-13
-15
-15
-16
-17
-21
-22
-23
-25
-25
-25
-26
-28
-29
-29
-32
-30
-30
-30
-30
-30
-31
-30
-29
-29
-25
-25
-27
-26
-27
-25
-25
-21
-18
-14
-13
-12
-13
-12
-10
-8
-6
-4
-3
-1
-1
1
3
6
8
8
10
12
13
15
17
17
21
21
23
23
23
23
24
25
25
28
31
35
35
34
31
29
28
30
31
34
35
34
