-3
-2
-3
-3
-2
-3
-2
-3
-3
-2
-2
-2
-1
-1
-3
-2
-2
-1
0
-1
-1
-1
-2
-2
-2
-1
-1
-1
-1
-2
-2
-1
-2
-2
-2
-2
-1
-2
-1
-1
0
0
-1
0
1
0
0
0
0
0
1
1
1
1
-1
1
0
2
1
1
1
1
2
3
3
3
4
3
3
4
4
5
5
4
4
4
4
3
4
4
4
4
5
5
5
5
5
4
3
3
3
3
3
2
2
3
3
3
3
2
2
2
2
2
1
1
2
2
0
2
1
1
0
-1
-2
0
-1
-1
-1
0
-1
0
-1
-1
-1
-1
-1
-1
0
0
0
0
-1
1
1
1
0
1
1
1
0
1
1
0
-1
1
0
-1
0
-1
-1
-2
-1
-1
-2
-2
-3
-3
-3
-3
-3
-5
-5
-6
-5
-5
-6
-6
-4
-5
-5
-4
-6
-5
-7
-6
-6
-5
-7
-6
-6
-6
-6
-6
-5
-8
-7
-7
-6
-6
-7
-6
-7
-7
-6
-7
-6
-6
-5
-5
-5
-5
-5
-4
-4
-3
-4
-3
-2
-2
-3
-2
-2
-2
-2
-1
0
0
0
0
0
1
1
1
2
3
3
5
6
7
7
6
7
6
8
8
8
9
10
9
10
9
10
11
10
10
11
10
12
11
9
9
9
9
9
9
8
9
9
8
8
8
7
8
6
7
6
7
6
6
5
3
4
4
4
3
3
2
2
2
2
2
2
2
1
2
0
1
1
2
1
1
1
1
0
0
-1
0
-1
-2
0
-1
0
-1
-2
-2
0
-3
-2
-2
-3
-3
-2
-3
-3
-3
-3
-4
-5
-5
-6
-6
-6
-5
-6
-5
-7
-7
-8
-9
-9
-9
-10
-10
-11
-10
-10
-10
-11
-11
-11
-11
-12
-12
-12
-13
-14
-14
-14
-12
-12
-12
-12
-12
-12
-12
-11
-10
-9
-9
-9
-8
-8
-7
-6
-5
-4
-4
-4
-1
-2
-2
1
0
1
1
1
3
5
5
6
7
8
8
9
10
11
12
13
13
15
15
15
16
16
18
19
21
22
21
22
24
24
26
24
23
22
23
23
24
24
25
24
23
24
21
22
20
21
22
20
19
17
14
11
9
9
8
8
6
3
2
1
0
-1
-4
-9
-11
-15
-14
-14
-15
-17
-20
-19
-17
-17
-18
-20
-26
-27
-27
-25
-27
-31
-34
-35
-36
-34
-31
-29
-29
-29
-27
-27
-22
-20
-20
-20
-21
-21
-21
-23
-19
-20
-16
-11
-13
-9
-12
-9
-3
-1
4
8
4
8
6
8
11
10
11
14
14
19
23
24
25
21
24
26
28
28
26
21
18
14
17
17
13
10
5
2
-1
1
4
2
2
0
-3
-5
-10
-14
-18
-23
-23
-26
-29
-32
-38
-41
-49
-49
-56
-60
-68
-70
-74
-74
-76
-77
-80
-86
-85
-88
-81
-83
-82
-82
-82
-84
-82
-83
-82
-82
-86
-78
-87
-87
-93
-98
-93
-89
-80
-72
-78
-77
-74
-72
-53
-43
-29
-18
-12
0
16
25
48
57
73
84
96
115
130
139
159
175
190
216
225
248
260
282
307
326
344
358
367
382
395
409
422
422
430
424
429
425
418
411
392
376
361
342
324
297
258
238
201
184
161
134
108
83
54
41
12
-11
-32
-69
-84
-106
-126
-148
-174
-215
-226
-259
-266
-281
-310
-329
-358
-382
-397
-411
-447
-453
-500
-515
-540
-558
-577
-587
-624
-628
-647
-665
-657
-693
-695
-715
-725
-728
-711
-728
-689
-714
-708
-710
-708
-663
-583
-502
-405
-353
-337
-295
-279
-174
-61
64
163
233
263
327
385
471
551
605
662
700
760
799
840
820
798
762
742
745
754
738
705
648
587
565
521
512
488
451
431
412
384
385
367
364
373
355
360
358
347
368
365
363
381
351
349
330
301
296
278
266
265
236
213
184
139
114
76
54
32
11
-16
-40
-78
-119
-147
-179
-192
-211
-230
-264
-287
-316
-337
-364
-395
-422
-449
-472
-495
-524
-556
-583
-612
-628
-643
-662
-698
-725
-765
-801
-822
-846
-877
-913
-958
-988
-1009
-1029
-994
-969
-900
-796
-729
-665
-646
-645
-560
-445
-276
-89
7
97
142
181
294
417
543
667
724
803
870
903
947
925
880
855
826
818
813
773
722
639
568
513
471
433
383
342
299
268
234
197
169
142
110
92
71
59
56
27
34
16
-10
-9
-25
-24
1
1
22
27
10
50
62
95
146
165
196
220
214
253
271
303
350
357
387
399
404
436
430
425
416
366
361
336
302
287
238
179
138
75
37
-14
-67
-100
-149
-172
-217
-262
-298
-338
-385
-412
-446
-469
-499
-513
-530
-575
-617
-658
-695
-725
-738
-755
-770
-810
-826
-882
-906
-927
-942
-956
-962
-960
-935
-888
-810
-696
-630
-557
-576
-571
-527
-392
-209
-25
63
134
150
175
273
380
528
619
676
739
811
844
878
828
776
736
728
730
739
706
650
576
499
471
450
438
397
375
352
346
326
315
302
306
309
303
304
306
322
312
310
296
294
293
297
313
334
342
339
329
319
321
327
348
352
337
317
284
275
289
291
305
282
262
247
221
211
186
144
110
55
16
-5
-58
-98
-160
-222
-264
-312
-360
-392
-439
-452
-486
-519
-535
-569
-578
-611
-654
-665
-683
-700
-686
-711
-740
-770
-804
-828
-850
-877
-897
-930
-953
-954
-970
-997
-1022
-1033
-1052
-1053
-1059
-1077
-1029
-1003
-906
-776
-672
-604
-576
-630
-556
-446
-251
-23
89
170
231
240
353
493
595
749
807
888
1002
1053
1103
1109
1020
1029
1012
1022
1072
1038
999
941
852
827
815
794
804
749
733
720
692
679
660
627
609
586
572
574
556
553
531
510
501
484
459
467
456
463
461
422
410
414
413
415
400
351
332
309
301
319
299
279
244
191
193
184
159
132
76
15
-31
-85
-124
-181
-248
-307
-375
-433
-479
-537
-580
-627
-659
-686
-725
-740
-783
-811
-841
-891
-918
-943
-964
-975
-992
-1010
-1034
-1066
-1090
-1103
-1124
-1143
-1166
-1177
-1208
-1206
-1231
-1256
-1241
-1265
-1254
-1267
-1266
-1203
-1134
-1004
-804
-689
-541
-501
-524
-409
-258
-36
261
381
496
577
595
748
864
987
1131
1162
1230
1337
1339
1405
1343
1248
1238
1175
1176
1185
1084
1041
944
829
805
729
692
660
589
570
536
462
454
402
388
403
367
373
366
355
383
382
370
384
364
373
394
388
405
395
381
390
391
418
434
425
421
422
427
448
454
446
434
400
386
374
365
349
303
259
201
137
72
-6
-84
-153
-234
-297
-362
-421
-478
-545
-615
-656
-701
-720
-738
-763
-774
-824
-867
-881
-892
-898
-894
-907
-918
-930
-947
-972
-978
-1006
-1018
-1035
-1066
-1089
-1114
-1164
-1191
-1204
-1227
-1237
-1251
-1262
-1228
-1178
-1049
-851
-708
-593
-590
-623
-510
-349
-98
161
263
346
407
443
591
721
831
964
982
1090
1191
1234
1286
1197
1095
1079
1015
1035
1026
908
860
734
640
619
537
503
461
377
387
348
326
341
291
317
330
314
355
344
357
399
365
389
396
382
416
411
417
451
451
488
499
497
549
540
545
556
524
556
568
565
597
560
546
529
479
468
440
378
355
283
208
159
45
-26
-128
-208
-255
-338
-403
-459
-554
-613
-686
-762
-780
-823
-837
-858
-913
-933
-963
-994
-994
-1014
-1019
-1009
-1036
-1032
-1042
-1075
-1094
-1123
-1122
-1120
-1144
-1173
-1210
-1242
-1229
-1232
-1220
-1212
-1219
-1177
-1112
-989
-760
-607
-508
-474
-508
-392
-196
56
317
470
552
635
687
830
978
1080
1198
1227
1308
1423
1440
1467
1395
1258
1218
1140
1100
1085
957
871
746
615
560
483
435
393
309
288
264
223
238
203
215
233
202
233
235
245
297
280
294
323
320
352
360
377
422
427
448
477
487
536
556
549
556
538
551
562
550
581
551
543
536
479
453
402
344
327
283
230
163
46
-34
-123
-232
-315
-421
-503
-569
-644
-708
-804
-886
-950
-1012
-1028
-1051
-1091
-1116
-1162
-1170
-1182
-1199
-1206
-1212
-1207
-1213
-1213
-1227
-1244
-1262
-1262
-1279
-1266
-1274
-1299
-1295
-1335
-1326
-1302
-1295
-1255
-1208
-1142
-947
-750
-582
-464
-471
-438
-331
-98
169
436
576
675
725
824
937
1101
1246
1306
1392
1464
1527
1582
1570
1465
1394
1298
1232
1211
1159
1067
956
796
682
602
555
515
447
393
345
329
311
308
312
328
318
349
389
421
469
467
458
461
467
482
489
497
527
545
565
568
573
568
573
604
618
613
593
588
591
587
574
542
503
482
463
421
346
265
184
110
12
-84
-161
-261
-379
-496
-600
-725
-825
-915
-1004
-1043
-1100
-1173
-1227
-1288
-1319
-1328
-1353
-1361
-1376
-1373
-1366
-1337
-1336
-1332
-1336
-1317
-1277
-1266
-1243
-1229
-1218
-1207
-1172
-1207
-1221
-1232
-1217
-1239
-1190
-1196
-1156
-1091
-989
-796
-556
-401
-342
-349
-374
-182
70
384
618
747
777
848
938
1070
1211
1347
1448
1523
1623
1648
1655
1586
1467
1382
1315
1225
1203
1137
1047
939
739
618
527
479
454
386
315
294
298
332
306
364
506
460
261
125
168
363
516
604
570
329
218
185
333
653
886
932
874
808
879
974
968
889
779
806
967
1108
1030
761
545
497
570
628
541
388
298
296
297
74
-304
-521
-560
-489
-426
-547
-857
-1107
-1276
-1409
-1444
-1488
-1531
-1587
-1652
-1631
-1633
-1739
-1857
-1904
-1794
-1655
-1560
-1591
-1677
-1703
-1753
-1759
-1755
-1789
-1764
-1745
-1767
-1843
-1939
-1944
-1891
-1772
-1600
-1360
-761
258
1400
2000
1708
1024
774
1270
2166
2577
2352
1877
1628
1483
1056
484
148
265
615
1005
1149
1042
641
222
-10
182
604
836
817
860
1144
1304
918
152
-331
-216
219
337
45
-369
-587
-673
-799
-893
-852
-647
-381
-26
339
517
439
277
361
742
1129
1276
1321
1561
1935
2045
1736
1345
1292
1591
1813
1740
1526
1370
1234
1018
757
637
669
740
765
744
737
592
265
-103
-218
-134
-113
-205
-337
-459
-563
-752
-993
-1130
-1078
-939
-905
-986
-1163
-1399
-1663
-1829
-1845
-1808
-1827
-1935
-1992
-2003
-2030
-2197
-2325
-2266
-2050
-1859
-1791
-1923
-2098
-2155
-2206
-2219
-2120
-1926
-1796
-1522
-949
214
1701
2811
2788
1813
1019
1076
1696
2155
2010
1451
824
322
-225
-818
-1096
-916
-490
112
850
1321
1111
495
145
425
1060
1416
1270
1210
1566
1841
1351
250
-571
-785
-579
-417
-464
-580
-637
-644
-637
-435
-87
129
274
707
1377
1808
1663
1162
861
951
1056
816
470
477
806
989
869
760
807
1002
1145
1324
1604
1844
1838
1537
1241
1010
840
534
237
154
214
189
-99
-376
-504
-469
-433
-405
-248
-18
183
167
-33
-232
-337
-408
-529
-702
-876
-1060
-1303
-1568
-1871
-2137
-2311
-2336
-2272
-2164
-2113
-2062
-2007
-2004
-1984
-1975
-1958
-2018
-2063
-2245
-2449
-2537
-2473
-2400
-2324
-2067
-1492
-249
1543
2968
3224
2486
1615
1192
1334
1619
1479
1000
554
141
-328
-812
-1099
-1230
-906
-103
888
1619
1816
1534
1242
1360
1548
1441
1157
1148
1491
1850
1698
894
-45
-611
-804
-808
-745
-649
-436
-9
492
859
999
901
761
887
1265
1540
1470
1183
887
614
248
-306
-841
-969
-572
-17
387
682
939
1322
1725
1976
2032
2037
2076
1958
1811
1549
1040
256
-420
-740
-819
-682
-594
-477
-221
219
549
560
526
664
965
1165
1084
743
364
2
-361
-762
-1252
-1637
-1819
-1789
-1729
-1814
-1987
-2196
-2203
-2100
-1991
-1895
-1886
-1814
-1870
-1813
-1973
-2329
-2650
-2960
-3055
-3320
-3326
-3353
-3400
-3095
-2560
-1496
35
2047
3120
3163
2577
1723
1303
1286
1387
852
289
-265
-667
-925
-1160
-1376
-1332
-585
391
1373
2058
2217
2096
2066
2096
1860
1459
1027
862
1090
1306
1036
343
-378
-859
-934
-863
-830
-723
-225
623
1461
1946
1910
1557
1279
1233
1155
968
727
517
406
219
-277
-957
-1374
-1311
-807
-114
543
1176
1862
2536
2996
3117
2850
2444
2099
1861
1688
1376
770
62
-441
-740
-902
-938
-739
-250
448
1133
1498
1566
1420
1268
1110
878
530
158
-142
-441
-797
-1306
-1826
-2141
-2169
-1976
-1805
-1719
-1733
-1779
-1723
-1746
-1890
-2024
-2099
-2100
-2046
-2083
-2306
-2700
-3153
-3431
-3686
-3735
-3682
-3694
-3513
-2914
-1641
235
2404
3662
3642
2888
2023
1481
1355
1131
489
-235
-654
-958
-1263
-1598
-1835
-1542
-534
658
1687
2337
2501
2516
2484
2308
1809
1137
544
280
387
523
304
-199
-642
-870
-815
-710
-764
-636
-43
945
1933
2490
2498
2172
1806
1459
966
376
-89
-307
-281
-288
-609
-1089
-1408
-1310
-814
-168
500
1202
2050
2926
3591
3751
3444
2825
2135
1533
963
509
29
-458
-800
-971
-1008
-977
-735
-236
495
1349
2037
2413
2471
2308
1940
1404
701
28
-431
-719
-954
-1276
-1596
-1853
-1874
-1715
-1535
-1428
-1315
-1203
-1123
-1086
-1236
-1427
-1696
-1893
-2093
-2234
-2453
-2770
-3149
-3517
-3780
-3988
-4020
-4156
-4066
-3563
-2266
-289
2108
3773
3985
3283
2190
1495
1008
652
-55
-796
-1187
-1378
-1533
-1807
-1883
-1647
-673
650
1788
2597
2917
2953
2880
2609
2007
1153
348
-73
-27
145
125
-214
-537
-578
-417
-229
-229
-217
223
1108
2061
2689
2710
2321
1846
1361
701
-148
-892
-1222
-1163
-994
-1032
-1270
-1346
-1074
-546
-3
507
1072
1879
2812
3606
3921
3661
3022
2146
1205
302
-396
-895
-1192
-1208
-1030
-767
-509
-208
231
855
1663
2331
2745
2897
2866
2526
1776
709
-383
-1044
-1333
-1444
-1609
-1729
-1666
-1425
-1187
-1082
-1085
-1045
-925
-757
-759
-961
-1296
-1662
-1977
-2360
-2602
-3002
-3264
-3551
-3652
-3918
-4080
-4160
-4371
-4162
-3629
-2080
184
2828
4251
4330
3415
2300
1562
874
230
-781
-1440
-1745
-1786
-1869
-1996
-1915
-1495
-272
1108
2365
3174
3449
3514
3475
3117
2250
1121
145
-204
-87
39
-79
-410
-467
-230
-1
107
36
100
661
1525
2290
2754
2708
2332
1840
1233
407
-532
-1334
-1665
-1554
-1331
-1247
-1331
-1199
-687
-20
483
863
1303
2067
2977
3664
3825
3496
2907
2019
924
-187
-1014
-1498
-1713
-1592
-1218
-648
-108
373
900
1474
2137
2619
2853
2854
2727
2359
1567
460
-686
-1431
-1774
-1863
-1940
-1913
-1591
-1110
-675
-512
-532
-648
-668
-750
-914
-1226
-1563
-1884
-2358
-2640
-3017
-3370
-3671
-3957
-4197
-4376
-4337
-4269
-4305
-3879
-2743
-625
2024
3876
4328
3618
2691
1868
1176
354
-858
-1743
-2219
-2307
-2308
-2545
-2480
-1970
-839
655
2037
2972
3544
3803
3804
3549
2682
1467
346
-305
-315
-234
-335
-586
-644
-334
40
152
39
74
556
1456
2291
2772
2891
2733
2355
1729
773
-306
-1175
-1643
-1663
-1504
-1382
-1375
-1247
-861
-223
381
796
1227
1799
2625
3335
3692
3553
3157
2499
1454
242
-850
-1455
-1755
-1744
-1467
-998
-313
362
1006
1549
2095
2657
2982
3028
2820
2477
1876
915
-220
-1204
-1787
-1935
-1852
-1721
-1489
-1055
-549
-174
-75
-177
-313
-465
-635
-994
-1392
-1771
-2220
-2583
-2977
-3299
-3636
-3938
-4153
-4362
-4448
-4340
-4270
-4022
-3286
-1550
948
3240
4231
3790
2890
1894
1284
466
-756
-1966
-2671
-2810
-2601
-2566
-2629
-2218
-1284
141
1564
2562
3201
3594
3789
3731
3056
1850
554
-404
-703
-644
-690
-901
-1022
-771
-206
159
106
-8
211
1002
1978
2600
2855
2828
2645
2219
1339
90
-1059
-1744
-1910
-1760
-1634
-1559
-1352
-945
-354
224
621
1019
1628
2424
3209
3657
3696
3454
2952
2163
982
-306
-1207
-1565
-1594
-1377
-940
-393
301
1038
1659
2178
2601
2988
3225
3203
2922
2406
1554
460
-581
-1364
-1738
-1770
-1528
-1180
-703
-198
157
270
158
-6
-217
-469
-763
-1182
-1489
-1819
-2163
-2673
-3113
-3359
-3697
-3788
-4016
-4068
-4085
-3870
-3813
-3688
-2808
-1093
1645
3563
4176
3494
2361
1593
800
-22
-1517
-2500
-3144
-3014
-2731
-2664
-2384
-1831
-622
792
2085
2874
3272
3485
3563
3366
2488
1182
-125
-896
-1016
-979
-1040
-1270
-1239
-703
-4
347
324
220
584
1388
2179
2603
2685
2592
2403
1930
844
-474
-1581
-2136
-2133
-1972
-1898
-1724
-1330
-708
-44
398
691
1114
1854
2741
3475
3719
3557
3163
2549
1553
137
-1114
-1890
-2092
-1876
-1403
-767
-44
781
1501
2033
2384
2660
2874
2981
2952
2676
2033
1056
-75
-1043
-1688
-1927
-1833
-1480
-893
-209
322
527
462
212
-89
-416
-791
-1155
-1374
-1499
-1765
-2175
-2617
-2970
-3357
-3566
-3802
-4126
-3983
-3884
-3669
-3413
-2573
-818
1755
3676
3958
3352
2077
1388
873
72
-1219
-2344
-2959
-3022
-2803
-2978
-2781
-2161
-888
680
1923
2712
3152
3438
3530
3195
2242
938
-250
-894
-935
-927
-1020
-1190
-1171
-621
27
315
291
241
615
1444
2138
2457
2534
2512
2472
2089
975
-385
-1464
-2015
-2002
-1938
-1967
-1816
-1293
-557
164
523
663
1084
1820
2594
3143
3228
3039
2911
2453
1573
148
-1209
-1900
-2064
-1904
-1625
-984
-208
747
1552
1965
2246
2469
2832
3068
2959
2568
1957
1147
195
-734
-1541
-1963
-1874
-1463
-811
-147
381
704
736
625
327
-108
-586
-1063
-1215
-1396
-1619
-2042
-2516
-2774
-3101
-3218
-3752
-3995
-4081
-3843
-3421
-3303
-2598
-1365
1232
3311
4046
3426
2033
1322
680
248
-971
-2193
-2846
-3029
-2682
-2824
-2816
-2413
-1197
435
1800
2641
2951
3280
3433
3197
2328
1008
-152
-786
-775
-671
-727
-905
-974
-557
12
331
337
227
570
1377
2150
2520
2583
2522
2473
2215
1254
-58
-1200
-1816
-1855
-1776
-1781
-1666
-1253
-565
118
522
689
1030
1657
2419
2998
3135
2956
2774
2344
1434
186
-1177
-1935
-2065
-1916
-1617
-1008
-215
636
1459
1831
2093
2377
2670
2950
2872
2480
1901
1131
205
-683
-1487
-1909
-1852
-1489
-864
-211
365
728
799
725
482
73
-404
-922
-1167
-1371
-1568
-1956
-2446
-2824
-3219
-3383
-3784
-4035
-4127
-3997
-3646
-2991
-1602
702
2921
3981
3574
2327
1329
566
189
-774
-1690
-2384
-2670
-2639
-2938
-3219
-3135
-2215
-824
676
1720
2434
3060
3474
3529
2745
1457
158
-641
-809
-761
-751
-894
-861
-625
-266
-133
-270
-329
-8
780
1634
2215
2467
2669
2791
2619
1849
567
-627
-1330
-1587
-1698
-1834
-1860
-1476
-785
-96
301
374
566
1149
1906
2467
2703
2679
2707
2672
2098
941
-501
-1474
-1807
-1825
-1752
-1516
-870
-26
918
1474
1724
1951
2331
2847
3053
2828
2318
1702
1020
236
-713
-1547
-1885
-1692
-1128
-507
-30
422
785
942
892
520
-40
-451
-696
-936
-1309
-1768
-2178
-2589
-2955
-3256
-3621
-3840
-3852
-3850
-3547
-2756
-1290
1113
3290
3990
3369
2108
876
275
-194
-924
-1633
-2163
-2361
-2244
-2619
-3042
-3099
-2508
-1136
320
1314
1995
2560
3051
3257
2622
1346
96
-626
-627
-438
-496
-676
-753
-529
-246
-338
-732
-872
-452
574
1602
2184
2474
2711
2846
2646
1806
515
-502
-1010
-1185
-1306
-1584
-1714
-1406
-833
-218
194
352
656
1235
1880
2390
2521
2445
2366
2251
1724
669
-377
-1100
-1446
-1566
-1612
-1493
-1159
-370
407
953
1284
1598
2109
2488
2741
2567
2098
1551
1000
299
-522
-1219
-1618
-1547
-1283
-906
-499
-100
405
804
858
621
265
-68
-377
-722
-1256
-1784
-2104
-2360
-2628
-3057
-3414
-3610
-3511
-3533
-3341
-2430
-595
2096
3822
4069
3015
1779
917
305
-230
-1256
-1673
-1921
-1790
-1881
-2454
-2827
-2808
-2078
-976
160
973
1704
2292
2726
2842
2121
1019
8
-459
-290
-129
-316
-601
-591
-309
-100
-492
-1134
-1249
-529
671
1673
2142
2462
2869
3039
2610
1502
303
-347
-490
-564
-802
-1171
-1301
-1016
-605
-320
-162
49
654
1527
2238
2552
2530
2470
2451
2138
1229
125
-685
-1035
-1089
-1252
-1448
-1504
-1142
-437
174
581
894
1423
2060
2516
2535
2161
1652
1185
754
154
-577
-1166
-1363
-1245
-1061
-993
-984
-722
-236
248
387
207
-13
-72
-225
-630
-1312
-2044
-2383
-2604
-2704
-3143
-3422
-3525
-3432
-2953
-2292
-693
1406
3124
3542
2701
1637
762
448
155
-522
-1088
-1591
-1742
-2003
-2452
-2807
-2775
-2083
-1027
41
782
1272
1544
1761
1809
1400
773
153
35
359
580
420
-150
-579
-616
-556
-724
-1085
-1170
-609
493
1472
1995
2226
2355
2536
2397
1749
896
302
174
227
58
-467
-984
-1140
-897
-493
-261
-81
423
1301
2195
2655
2462
2133
2044
1911
1422
553
-196
-666
-820
-935
-1218
-1508
-1502
-907
-225
349
806
1306
1885
2284
2344
1884
1297
870
670
497
114
-292
-591
-687
-747
-920
-1161
-1183
-817
-357
-38
-8
-4
-11
-68
-360
-956
-1547
-2010
-2251
-2499
-2813
-3077
-3260
-3184
-2703
-1545
341
2294
3159
2809
1741
876
369
243
146
-289
-403
-926
-1351
-2084
-2741
-2889
-2631
-1754
-708
326
1007
1319
1157
988
736
200
-144
-305
136
915
1242
882
32
-710
-1085
-1231
-1432
-1466
-1078
-195
877
1649
1939
1916
1777
1717
1583
1228
866
658
703
726
412
-301
-1017
-1246
-976
-495
-97
278
896
1700
2355
2458
2110
1822
1732
1631
1254
816
423
-82
-615
-1159
-1664
-2002
-1847
-1192
-377
459
1151
1631
1927
2079
1942
1440
793
401
384
499
431
100
-276
-507
-692
-940
-1293
-1395
-1041
-622
-329
-412
-501
-535
-471
-546
-922
-1339
-1842
-1972
-2253
-2418
-2824
-3113
-2718
-1551
708
2454
3105
2453
1399
807
429
517
263
184
284
21
-607
-1722
-2643
-2959
-2493
-1561
-470
479
1084
1266
963
598
37
-555
-771
-549
272
1162
1466
1126
446
-256
-871
-1437
-1833
-1658
-925
-15
724
1103
1330
1453
1373
1305
1250
1229
1271
1263
1198
1043
554
-234
-913
-1163
-807
-216
231
573
1037
1562
1940
1865
1500
1380
1456
1570
1524
1409
1073
408
-326
-1126
-1709
-2110
-2019
-1569
-934
-37
600
972
1092
1238
1386
1314
1068
721
479
230
5
-285
-536
-667
-788
-889
-1004
-1017
-1043
-1162
-1300
-1406
-1305
-1137
-1151
-1109
-1194
-1306
-1690
-2226
-2505
-2655
-2400
-1913
-837
1211
2867
3406
2243
713
-145
-225
447
532
487
417
168
-309
-1320
-2233
-2676
-2227
-1220
76
1007
1395
1218
683
497
102
-479
-940
-980
-118
889
1155
554
-192
-580
-581
-635
-893
-865
-477
194
621
632
541
499
686
1136
1591
1836
1793
1538
1244
990
492
-239
-751
-667
-10
599
841
831
1016
1461
1721
1658
1500
1632
1771
1734
1591
1263
799
290
-90
-367
-605
-835
-1002
-1136
-997
-716
-518
-369
-2
760
1450
1646
1354
900
538
189
-289
-843
-1094
-906
-517
-363
-565
-910
-1228
-1399
-1543
-1725
-1790
-1710
-1520
-1382
-1582
-1944
-2363
-2469
-2391
-2301
-2222
-1583
23
2226
3531
3225
1716
373
67
345
899
740
567
157
-556
-1346
-2303
-2577
-2305
-1260
-46
1051
1363
903
143
-333
-66
134
69
-65
113
675
650
-252
-1415
-1839
-1439
-727
-319
-185
57
257
185
-125
-303
-83
384
916
1474
1971
2101
1656
972
519
461
398
187
124
497
1050
1163
719
463
865
1529
1954
2132
2279
2349
2160
1729
1046
493
179
-9
-140
-171
-37
-96
-322
-593
-699
-604
-513
-321
47
518
748
765
558
391
241
19
-208
-561
-810
-1063
-1178
-1149
-1029
-993
-1012
-994
-1026
-1046
-1315
-1753
-2149
-2334
-2397
-2402
-2454
-2510
-2416
-2007
-937
793
2552
3216
2574
1380
729
912
1584
2021
1870
1430
462
-782
-2112
-2830
-2676
-1894
-766
222
867
849
186
-621
-770
-220
433
782
798
908
939
294
-897
-1896
-1989
-1363
-722
-522
-597
-731
-906
-1112
-1105
-558
277
1032
1545
1806
1794
1401
748
281
277
621
762
611
510
651
820
722
486
621
1270
1962
2422
2494
2288
1962
1711
1489
1253
1038
711
353
-59
-327
-483
-652
-653
-514
-252
-36
58
73
108
128
238
364
353
216
-82
-335
-544
-756
-1000
-1236
-1299
-1236
-1251
-1472
-1707
-1700
-1444
-1184
-1088
-1092
-1328
-1628
-2181
-2745
-3033
-3081
-2630
-1909
-264
1787
3031
2758
1251
320
468
1766
2850
2881
2411
1412
322
-916
-1865
-1889
-1296
-429
198
409
66
-640
-1502
-1546
-516
594
1201
988
658
682
417
-339
-1130
-1178
-461
165
55
-613
-1223
-1625
-1730
-1643
-1156
-387
140
527
825
1106
1163
906
781
1091
1567
1466
754
117
146
553
642
461
553
1289
1986
2178
1968
1862
1972
2105
2251
2169
1980
1454
681
-80
-487
-370
-303
-276
-188
-52
-87
-420
-690
-459
157
652
788
536
244
-46
-465
-869
-1084
-958
-804
-868
-1159
-1559
-1999
-2271
-2316
-2141
-1759
-1475
-1430
-1646
-1941
-2182
-2364
-2379
-2403
-2215
-1882
-943
835
1969
1914
528
-475
-207
1203
2727
3087
2708
1730
605
-500
-1352
-1133
-527
253
797
899
559
-250
-1388
-1696
-662
619
1158
525
-274
-352
-155
-380
-779
-689
150
768
408
-450
-1200
-1404
-1249
-928
-335
202
188
-408
-745
-503
60
378
525
1114
1801
1927
1089
162
167
878
1461
1373
1181
1264
1441
1401
1186
1377
1816
2361
2668
2594
2284
1560
815
276
353
717
715
429
46
-153
-464
-831
-851
-190
726
1192
1065
481
12
-409
-771
-897
-726
-388
-382
-813
-1430
-1797
-2035
-2081
-2017
-1848
-1571
-1667
-1979
-2500
-2688
-2749
-2694
-2545
-2328
-1747
-885
806
1992
1974
858
-228
67
1201
2564
2472
1681
784
-26
-324
-651
-178
563
1005
943
477
-85
-505
-915
-943
253
1476
1755
707
-772
-1159
-779
-502
-699
-683
-253
73
-522
-1606
-2070
-1708
-784
-74
364
525
67
-784
-1278
-860
58
636
680
568
612
254
-532
-985
-269
1260
2262
2183
1518
1106
971
821
831
1334
2134
2549
2411
2070
1719
1417
1063
989
1268
1536
1198
272
-381
-236
105
134
83
330
710
644
124
-303
-124
376
594
420
78
-290
-923
-1678
-2099
-2020
-1735
-1669
-1735
-1797
-1729
-1900
-2222
-2423
-2334
-2210
-2373
-2635
-2772
-2348
-1803
-517
1066
1627
988
-374
-573
638
2611
3412
2683
1680
446
-88
-744
-813
118
828
1007
577
-17
-304
-282
-475
193
1380
1794
1063
-596
-1363
-686
247
628
441
253
-17
-778
-1901
-2317
-1762
-914
-246
7
84
-301
-1236
-1731
-1086
362
1283
1082
488
281
246
-265
-776
-460
667
1493
1195
471
327
826
1305
1656
2177
2624
2428
1528
878
982
1570
1823
1680
1715
1739
1256
133
-671
-421
296
490
117
33
313
507
254
59
431
828
574
-206
-651
-476
-346
-693
-1215
-1371
-1413
-1814
-2507
-2866
-2565
-2208
-2113
-2321
-2260
-2256
-2296
-2577
-2586
-1950
-1285
-19
931
1027
178
-979
-904
524
2595
3069
2251
843
-151
28
272
922
1478
1363
709
1
-414
-337
-86
21
926
1835
1690
388
-1287
-1426
-207
928
1025
317
-319
-720
-1104
-1398
-1137
-613
-417
-578
-804
-791
-1072
-1596
-1511
-467
756
804
-159
-841
-400
383
463
155
244
805
927
431
43
425
1221
1534
1575
1741
2001
1873
1482
1581
2156
2594
2098
1249
1015
1250
1327
821
492
728
869
377
-382
-421
206
666
547
311
390
563
353
-67
-24
329
288
-336
-1235
-1615
-1749
-1992
-2292
-2327
-2156
-2202
-2632
-3059
-2998
-2751
-2565
-2599
-2324
-1804
-822
423
921
709
-57
-517
71
1288
2130
1637
721
-263
-62
537
1091
1515
1092
377
-180
-216
229
704
698
799
1253
1301
636
-439
-845
-17
836
884
91
-698
-1025
-1098
-1059
-765
-452
-530
-1036
-1324
-961
-458
-622
-1007
-839
-197
60
-597
-1127
-641
394
689
35
-512
-307
176
241
145
475
1078
1194
813
705
1217
1822
1875
1733
1905
2262
2040
1335
1025
1442
1989
1713
964
530
480
383
51
-37
343
687
519
119
-18
219
328
52
-137
-35
70
-178
-677
-912
-881
-1078
-1592
-2124
-2343
-2323
-2489
-2707
-2770
-2626
-2595
-2761
-2792
-2612
-1599
-294
415
358
-209
-261
479
1662
2267
1798
1040
83
118
580
1144
1745
1400
499
-284
-265
411
1264
1204
918
993
972
755
174
-33
687
1356
1322
500
-283
-591
-608
-584
-426
-375
-802
-1528
-1964
-1401
-453
-241
-708
-1061
-815
-440
-575
-823
-481
357
708
249
-419
-588
-293
-3
229
561
874
753
238
44
477
1091
1434
1405
1493
1691
1606
1344
1327
1751
1985
1748
1215
915
947
878
647
408
337
217
-61
-307
-240
60
76
-104
-301
-289
-277
-585
-913
-1066
-1008
-1058
-1298
-1632
-1880
-2055
-2439
-2838
-3019
-3032
-2852
-2647
-2416
-1868
-878
-303
-426
-933
-929
-59
1401
2301
1864
1155
257
460
1341
1763
1971
1278
231
-236
74
752
1512
1414
895
769
580
459
342
508
1244
1672
1270
334
-264
-180
153
275
216
45
-444
-1081
-1458
-1156
-451
-370
-926
-1344
-1240
-910
-832
-905
-673
-112
67
-157
-244
63
421
261
3
147
648
896
651
533
849
1292
1083
566
426
771
1223
1131
1082
1319
1477
1364
1096
1152
1479
1556
1049
540
527
824
959
611
280
14
-259
-678
-927
-812
-660
-702
-1041
-1272
-1379
-1430
-1612
-1780
-1712
-1816
-2103
-2525
-2649
-2471
-2317
-2336
-2365
-1541
-894
-825
-1500
-1640
-685
760
1753
1234
739
262
354
1069
1448
2028
1951
982
67
95
915
1842
1730
710
363
506
743
714
460
750
1177
1103
646
320
374
448
297
68
78
-61
-547
-888
-688
-10
104
-718
-1532
-1526
-869
-400
-435
-709
-669
-574
-657
-581
-174
333
397
120
-12
284
656
697
636
805
1016
879
538
460
946
1466
1380
934
575
615
794
867
873
896
907
813
696
718
880
863
668
414
304
251
-21
-355
-609
-734
-902
-1191
-1515
-1743
-1842
-2004
-2219
-2456
-2553
-2534
-2525
-2530
-2451
-2285
-2131
-1563
-911
-606
-745
-980
-893
-216
662
737
653
282
21
612
1021
1490
1701
1130
592
721
1188
1888
1918
1074
572
581
941
1304
1187
1028
910
701
541
498
535
497
301
171
293
211
-145
-491
-459
-38
134
-322
-836
-860
-572
-353
-434
-612
-635
-686
-799
-651
-209
161
87
-125
-43
423
769
679
438
507
841
889
781
679
802
944
738
665
841
980
934
752
796
1107
1183
859
585
590
846
785
345
79
131
272
144
-130
-257
-285
-515
-929
-1326
-1428
-1551
-1904
-2385
-2661
-2630
-2591
-2765
-2892
-2732
-2498
-2027
-1498
-1257
-1225
-1273
-1141
-449
561
829
608
143
-163
613
1269
1640
1608
910
289
382
793
1441
1649
1014
589
656
954
1286
1136
928
956
877
765
636
668
798
734
424
177
-17
-246
-368
-354
-152
49
-206
-578
-624
-481
-315
-282
-432
-456
-375
-401
-297
-74
113
166
-22
-53
173
463
636
649
698
796
824
783
845
911
862
740
629
836
1063
1022
844
764
873
907
742
561
608
764
723
436
196
219
288
164
-113
-331
-464
-677
-902
-1035
-1068
-1219
-1593
-1991
-2127
-2136
-2219
-2600
-2897
-2870
-2764
-2437
-2021
-1651
-1496
-1516
-1473
-1130
-242
266
363
324
38
466
934
1220
1436
1109
596
548
868
1369
1704
1214
628
494
609
958
949
728
565
427
462
561
695
638
342
52
75
247
173
-6
-186
-229
-194
-411
-651
-635
-474
-440
-454
-477
-446
-311
-351
-255
84
344
314
79
19
357
864
1007
864
720
724
750
856
1098
1253
1221
857
556
641
881
1007
882
735
800
932
865
752
781
868
821
556
285
215
229
132
-123
-350
-545
-834
-1143
-1259
-1155
-1047
-1257
-1699
-2042
-2021
-1999
-2124
-2363
-2495
-2355
-2293
-1941
-1578
-1338
-1402
-1504
-1410
-900
-80
42
35
-164
-276
411
872
1244
1314
902
637
941
1349
1798
1762
1038
595
546
737
1008
887
628
378
227
305
464
573
437
147
-69
-55
-40
-231
-355
-369
-299
-269
-520
-747
-721
-584
-534
-444
-465
-484
-441
-440
-163
236
421
330
168
251
685
1094
1177
1094
1062
1143
1224
1329
1351
1267
1132
963
1016
1188
1288
1219
1050
938
949
895
744
699
742
796
723
502
283
186
147
6
-190
-403
-667
-944
-1118
-1227
-1302
-1467
-1749
-2054
-2178
-2236
-2310
-2390
-2498
-2463
-2326
-2051
-1529
-1162
-1263
-1396
-1298
-993
-290
120
8
127
-115
-17
511
809
1198
1103
535
442
862
1299
1724
1485
1004
951
936
1018
1095
939
798
478
252
294
452
444
140
-248
-389
-309
-395
-574
-614
-589
-472
-540
-749
-800
-741
-778
-784
-693
-650
-600
-676
-611
-209
153
269
153
119
442
855
1094
1157
1159
1171
1194
1240
1429
1667
1716
1557
1322
1243
1323
1301
1180
1070
1086
1157
1096
951
904
892
822
644
404
260
173
-8
-239
-426
-641
-908
-1145
-1349
-1446
-1570
-1825
-2160
-2316
-2354
-2387
-2489
-2606
-2619
-2575
-2250
-1821
-1514
-1450
-1401
-1206
-838
-213
61
77
91
-34
373
791
1072
1193
845
490
684
1121
1505
1640
1238
922
937
990
1098
1107
973
810
587
516
564
633
500
173
-47
-141
-204
-454
-673
-668
-606
-675
-920
-1139
-1109
-961
-978
-955
-860
-838
-780
-812
-741
-409
-143
-81
-117
-10
273
606
724
783
889
986
1084
1185
1360
1487
1476
1358
1292
1360
1427
1435
1414
1402
1454
1413
1229
1045
1004
1041
968
750
529
376
285
173
-20
-226
-429
-696
-940
-1155
-1314
-1506
-1729
-2007
-2184
-2336
-2503
-2609
-2663
-2604
-2510
-2157
-1773
-1516
-1485
-1430
-1246
-804
-227
6
172
205
131
508
709
982
1118
864
713
887
1177
1535
1600
1243
1043
1032
1075
1199
1200
1147
1023
819
687
620
659
565
323
151
0
-117
-300
-489
-529
-551
-644
-862
-1054
-1098
-1031
-1005
-961
-970
-1050
-1083
-1065
-895
-603
-443
-421
-414
-242
78
355
511
601
699
828
1004
1131
1194
1216
1149
1218
1286
1325
1292
1219
1259
1387
1481
1416
1298
1207
1224
1216
1091
889
676
561
435
254
58
-218
-469
-647
-839
-991
-1198
-1485
-1747
-1855
-2002
-2136
-2295
-2479
-2443
-2415
-2112
-1760
-1586
-1634
-1479
-1291
-961
-331
-293
-141
59
-14
495
793
913
1101
957
816
1100
1297
1447
1570
1263
1121
1143
1083
1122
1052
971
959
873
812
679
595
542
490
428
274
57
-252
-375
-328
-344
-449
-720
-1026
-1118
-1050
-985
-907
-955
-1162
-1240
-1159
-963
-705
-674
-684
-557
-334
-84
86
172
295
429
527
644
821
968
999
965
1044
1212
1254
1242
1179
1210
1338
1358
1226
1106
1064
1158
1224
1111
952
785
606
544
479
332
91
-258
-512
-672
-815
-1064
-1375
-1660
-1777
-1878
-2119
-2359
-2481
-2443
-2341
-2103
-1779
-1585
-1592
-1571
-1355
-1051
-508
-328
-364
-156
-171
280
598
729
856
771
686
918
1163
1345
1484
1288
1138
1185
1180
1193
1154
1047
1031
999
976
872
726
566
452
448
394
207
-126
-393
-364
-302
-346
-546
-803
-885
-793
-785
-817
-870
-1026
-1059
-1007
-945
-787
-719
-771
-716
-577
-366
-106
39
214
419
571
646
745
836
935
1043
1030
1124
1148
1162
1177
1090
1103
1174
1158
1133
1071
1046
1036
922
747
653
569
489
333
44
-134
-322
-551
-735
-953
-1138
-1356
-1582
-1848
-2056
-2233
-2436
-2459
-2452
-2136
-1768
-1742
-1792
-1771
-1472
-1062
-577
-416
-352
-203
-213
222
623
786
921
703
596
934
1237
1443
1427
1225
1158
1269
1292
1292
1251
1115
1039
906
922
992
947
867
680
561
498
378
173
-32
-83
-143
-233
-410
-600
-691
-746
-839
-920
-970
-1082
-1142
-1089
-962
-794
-745
-831
-806
-659
-432
-202
-62
34
145
257
378
522
645
744
847
970
1011
1071
1081
1083
1169
1213
1244
1285
1237
1160
1085
1014
969
917
771
590
402
212
36
-142
-308
-484
-661
-905
-1171
-1399
-1506
-1688
-1844
-2047
-2208
-2267
-2362
-2093
-1771
-1780
-1885
-1882
-1742
-1169
-691
-673
-541
-461
-327
242
531
780
980
760
805
1103
1383
1714
1687
1388
1301
1401
1484
1467
1287
1184
1185
1123
1064
966
907
922
897
827
746
584
339
188
163
67
-70
-343
-636
-634
-587
-683
-853
-1090
-1188
-1120
-1020
-952
-942
-1025
-1049
-941
-803
-578
-459
-385
-277
-157
44
230
370
479
612
720
848
886
856
954
1028
1082
1153
1111
1096
1123
1163
1161
1078
972
888
843
700
504
265
33
-86
-237
-442
-651
-921
-1275
-1560
-1691
-1828
-1931
-2148
-2409
-2505
-2467
-2197
-2002
-2060
-2145
-2009
-1739
-1288
-926
-907
-792
-749
-564
-94
162
339
415
310
621
1033
1266
1500
1428
1290
1359
1502
1616
1663
1572
1466
1374
1293
1257
1169
1097
1048
994
964
891
701
512
398
364
349
211
-39
-256
-343
-380
-443
-587
-766
-902
-959
-953
-940
-985
-1023
-1010
-923
-790
-672
-594
-543
-397
-234
-31
180
277
320
471
628
746
877
880
997
1141
1119
1195
1230
1210
1362
1392
1318
1252
1131
1083
1026
902
714
446
226
103
21
-132
-388
-754
-1103
-1283
-1366
-1542
-1813
-2076
-2322
-2352
-2197
-1972
-1897
-2094
-2277
-2146
-1802
-1300
-1058
-1123
-1055
-930
-525
-126
-28
27
25
114
543
896
1099
1232
1114
1034
1196
1396
1479
1394
1254
1204
1238
1307
1273
1185
1142
1107
1072
1007
908
825
763
734
633
420
229
90
15
-51
-199
-386
-549
-664
-680
-691
-769
-869
-989
-1021
-914
-786
-749
-730
-688
-597
-421
-284
-192
-66
2
125
275
380
496
582
665
774
831
864
957
1023
1118
1198
1226
1239
1188
1119
1120
1052
934
723
421
241
184
129
-56
-346
-704
-1006
-1127
-1194
-1379
-1601
-1861
-2077
-2049
-1903
-1706
-1693
-1926
-2105
-2003
-1674
-1258
-1075
-1088
-1089
-983
-637
-293
-140
-63
-81
11
441
760
1005
1156
1071
1042
1167
1322
1404
1345
1203
1125
1121
1196
1207
1130
1047
1019
995
1005
945
832
818
789
718
585
437
329
252
160
25
-138
-314
-436
-488
-509
-542
-656
-815
-869
-792
-674
-588
-554
-518
-416
-323
-230
-106
5
93
164
190
288
411
473
521
531
553
659
740
806
903
910
933
913
889
920
867
726
503
254
147
128
-5
-170
-403
-672
-828
-954
-1168
-1371
-1623
-1868
-1911
-1909
-1768
-1704
-1850
-1953
-1952
-1846
-1551
-1393
-1380
-1309
-1298
-1017
-698
-575
-490
-480
-434
-38
286
481
634
615
684
857
1041
1121
1096
1049
1041
1053
1099
1049
966
930
912
952
984
935
828
751
776
822
768
706
608
544
539
504
398
278
169
98
63
-17
-97
-191
-285
-325
-318
-335
-322
-302
-282
-181
-68
-14
55
127
178
284
371
405
432
469
546
651
707
700
687
711
780
832
854
822
732
655
571
475
408
256
64
-84
-244
-381
-535
-766
-1015
-1118
-1244
-1343
-1469
-1628
-1638
-1655
-1692
-1673
-1755
-1818
-1707
-1651
-1457
-1226
-1165
-1081
-1049
-990
-727
-544
-407
-146
-57
108
313
418
527
603
656
726
800
885
939
918
942
929
921
902
829
760
746
796
814
770
735
659
600
638
640
582
463
329
287
311
306
250
155
57
22
-12
-49
-68
-102
-116
-98
-63
-56
-55
-62
-72
-41
60
154
213
250
278
340
394
421
456
516
592
667
690
693
693
715
702
640
536
407
313
247
188
120
-34
-255
-455
-657
-813
-875
-992
-1134
-1234
-1350
-1305
-1296
-1359
-1407
-1539
-1633
-1512
-1453
-1305
-1099
-1129
-1019
-925
-898
-722
-589
-532
-288
-182
-75
96
168
280
400
479
529
544
576
674
743
817
821
799
803
832
856
852
824
739
653
650
646
607
602
525
440
423
404
409
374
285
230
194
158
132
90
53
40
19
28
47
27
17
-12
-48
1
28
24
82
99
131
222
276
338
413
426
456
511
550
586
608
622
622
577
541
451
353
285
230
183
104
-41
-192
-309
-442
-546
-684
-846
-964
-1061
-1126
-1073
-1160
-1239
-1292
-1413
-1415
-1294
-1327
-1213
-1084
-1107
-932
-895
-913
-791
-708
-595
-368
-347
-268
-148
-91
35
137
170
173
194
249
356
439
453
430
439
470
544
604
594
587
549
532
571
549
486
437
364
344
334
256
200
151
143
186
173
111
63
6
2
59
48
9
-2
-3
25
76
103
91
88
122
142
187
235
264
313
403
432
475
550
578
635
697
709
703
700
640
581
544
497
420
364
347
257
152
63
-58
-140
-187
-271
-350
-437
-575
-688
-737
-821
-832
-837
-929
-964
-982
-985
-853
-751
-771
-695
-695
-662
-476
-379
-311
-201
-196
-140
-37
14
78
97
73
62
50
59
118
139
143
173
204
245
288
313
344
394
379
348
346
325
335
343
272
204
148
76
90
73
40
14
-58
-73
-32
-40
-18
-18
-104
-115
-97
-85
-33
-33
-94
-87
-80
-73
-2
32
34
125
188
232
321
334
348
448
516
529
572
564
550
512
471
412
327
318
285
221
140
48
-63
-129
-161
-230
-295
-381
-469
-593
-635
-579
-594
-582
-562
-698
-713
-629
-675
-494
-391
-462
-339
-323
-361
-190
-164
-142
20
19
113
208
221
248
238
215
239
218
247
280
230
228
231
210
208
229
220
194
205
185
142
144
110
90
64
39
20
8
9
40
20
-19
-16
-46
-56
-41
-100
-124
-106
-116
-98
-110
-155
-195
-212
-222
-165
-118
-90
-59
-31
23
69
133
183
224
302
367
407
445
463
449
439
434
416
416
407
370
334
265
181
93
-12
-55
-96
-177
-239
-328
-447
-499
-578
-555
-509
-504
-438
-470
-527
-450
-403
-356
-179
-219
-164
-70
-107
-25
74
46
154
228
199
279
314
318
340
340
304
269
244
255
238
229
245
237
210
207
189
152
137
112
24
-11
-32
-84
-92
-136
-196
-221
-247
-247
-255
-262
-236
-254
-301
-293
-333
-362
-335
-378
-413
-413
-437
-428
-385
-390
-369
-371
-358
-314
-242
-181
-127
-82
-60
-10
62
124
178
237
278
299
316
339
334
361
405
447
460
428
353
272
223
193
132
58
-6
-94
-174
-253
-340
-393
-308
-261
-266
-256
-301
-325
-225
-180
-130
-1
15
100
197
196
259
340
330
445
488
502
591
594
593
615
599
557
539
524
525
518
497
460
429
422
414
389
364
330
275
207
160
110
64
21
-15
-58
-69
-85
-130
-170
-233
-271
-284
-297
-329
-368
-458
-522
-562
-610
-616
-635
-638
-630
-630
-630
-611
-594
-566
-527
-482
-435
-382
-313
-258
-209
-144
-110
-99
-62
-36
4
49
88
105
132
146
128
94
50
22
6
14
5
-24
-107
-163
-231
-269
-311
-342
-311
-278
-247
-183
-217
-252
-171
-178
-72
46
67
134
188
212
337
418
461
543
549
588
673
716
750
774
740
714
680
675
697
679
634
587
562
550
524
492
449
401
354
287
252
204
159
134
77
42
11
-40
-84
-127
-178
-192
-226
-261
-299
-367
-398
-453
-499
-516
-538
-563
-563
-593
-604
-580
-592
-585
-588
-592
-568
-552
-516
-474
-441
-367
-304
-282
-242
-216
-214
-167
-96
-47
27
69
38
10
-33
-59
-77
-84
-82
-75
-116
-174
-217
-274
-304
-293
-306
-299
-229
-197
-150
-134
-181
-138
-69
-17
107
131
152
247
255
331
441
466
554
625
627
716
765
765
790
800
794
803
792
778
744
722
709
671
641
601
559
499
459
399
352
308
267
235
213
157
85
37
-42
-64
-92
-150
-180
-232
-316
-354
-419
-479
-504
-563
-578
-556
-597
-595
-622
-682
-677
-668
-669
-652
-637
-638
-602
-597
-581
-565
-549
-511
-460
-435
-405
-381
-341
-277
-210
-146
-154
-172
-144
-155
-158
-110
-136
-133
-130
-173
-186
-208
-254
-245
-244
-233
-191
-159
-127
-56
-36
-53
-16
-3
59
139
215
240
302
347
384
443
513
576
632
684
717
766
818
848
846
846
835
828
816
783
766
747
721
694
660
639
611
561
520
466
410
385
337
265
223
187
132
113
71
-1
-46
-116
-189
-205
-273
-338
-387
-462
-501
-519
-555
-577
-583
-610
-621
-629
-618
-620
-614
-600
-571
-580
-569
-561
-560
-506
-456
-425
-406
-372
-347
-287
-241
-199
-168
-164
-168
-161
-170
-163
-122
-151
-136
-131
-194
-197
-207
-248
-227
-225
-274
-239
-228
-235
-178
-159
-187
-135
-128
-102
-8
3
47
91
123
199
285
329
403
425
460
532
554
609
663
672
694
718
699
723
726
698
698
701
688
667
629
596
577
563
538
492
432
355
313
261
220
195
118
61
29
-35
-83
-114
-191
-237
-268
-335
-370
-406
-433
-442
-463
-484
-514
-544
-529
-509
-496
-475
-478
-494
-479
-447
-396
-373
-344
-321
-321
-284
-267
-236
-171
-116
-71
-45
-63
-75
-110
-137
-114
-89
-82
-84
-135
-175
-172
-192
-201
-198
-217
-235
-240
-249
-252
-243
-270
-283
-292
-270
-232
-195
-162
-126
-73
-42
10
68
128
184
265
311
351
404
432
474
527
560
593
639
644
654
693
702
719
714
678
683
671
650
644
603
553
511
456
413
370
320
279
226
153
99
32
-33
-62
-126
-186
-231
-294
-339
-361
-400
-418
-436
-492
-494
-492
-499
-490
-488
-486
-451
-424
-392
-349
-337
-301
-260
-244
-222
-197
-201
-179
-145
-106
-64
-25
-39
-52
-68
-78
-57
-69
-58
-68
-94
-138
-154
-179
-181
-186
-213
-233
-255
-271
-277
-277
-303
-295
-324
-329
-319
-314
-310
-265
-273
-241
-173
-136
-76
-15
20
62
117
137
212
256
280
321
365
396
443
473
500
543
587
608
639
660
676
691
656
632
608
556
543
535
490
466
424
349
322
269
209
196
122
56
28
-46
-109
-144
-207
-246
-261
-288
-315
-312
-324
-346
-346
-342
-322
-293
-271
-257
-235
-198
-160
-117
-84
-55
-8
18
51
80
96
126
140
151
143
122
99
70
47
44
37
24
-13
-54
-93
-128
-142
-195
-233
-274
-302
-317
-340
-382
-390
-425
-450
-426
-450
-439
-419
-430
-410
-374
-367
-306
-274
-245
-181
-156
-110
-65
-20
38
84
121
152
179
224
275
300
342
353
377
415
439
454
484
474
464
474
455
449
432
396
342
316
287
225
180
151
90
56
26
-45
-71
-107
-174
-204
-232
-260
-267
-290
-292
-284
-291
-282
-262
-248
-221
-197
-167
-135
-107
-61
-38
9
71
118
157
203
232
265
292
293
295
293
302
302
286
264
241
201
179
162
135
115
91
42
0
-32
-88
-123
-153
-206
-220
-247
-291
-294
-315
-345
-331
-366
-375
-331
-344
-344
-308
-310
-285
-259
-253
-220
-197
-171
-142
-115
-100
-72
-53
-17
15
59
96
143
161
168
198
210
239
262
263
268
272
249
233
220
195
172
150
109
94
75
39
0
-34
-61
-86
-99
-114
-155
-179
-181
-208
-199
-186
-202
-198
-178
-183
-155
-126
-111
-77
-50
-26
6
50
91
136
188
230
259
304
326
329
358
373
373
390
380
349
351
343
326
316
308
294
260
235
199
163
131
90
48
21
-7
-61
-108
-147
-181
-200
-218
-248
-279
-296
-328
-312
-307
-328
-315
-320
-334
-308
-285
-287
-263
-247
-235
-197
-176
-171
-145
-117
-83
-56
-27
-7
10
35
51
62
68
78
82
90
93
94
92
84
77
61
42
15
-17
-41
-75
-92
-112
-148
-173
-187
-202
-204
-197
-197
-204
-197
-185
-178
-161
-138
-120
-87
-58
-34
-12
18
49
76
114
153
184
215
241
267
293
323
351
362
375
387
393
400
404
400
401
396
402
386
368
353
328
301
267
246
202
166
135
92
65
51
13
-14
-50
-91
-119
-146
-167
-182
-197
-211
-217
-231
-242
-257
-280
-277
-276
-275
-264
-257
-260
-254
-256
-240
-217
-207
-191
-167
-150
-134
-105
-92
-71
-68
-68
-53
-31
-10
-14
-11
-15
-28
-23
-37
-54
-68
-92
-102
-106
-120
-142
-159
-189
-186
-190
-200
-186
-199
-212
-210
-209
-197
-182
-192
-189
-169
-156
-130
-109
-83
-57
-30
0
43
69
108
132
164
197
216
243
267
290
310
329
347
363
369
386
376
381
382
363
361
327
304
291
263
248
221
188
176
141
110
87
53
28
-3
-29
-54
-74
-97
-120
-140
-151
-170
-183
-194
-201
-217
-231
-230
-229
-226
-227
-221
-213
-204
-197
-184
-180
-162
-143
-129
-113
-88
-71
-70
-49
-43
-35
-24
-13
-6
2
0
3
7
2
0
-16
-29
-32
-38
-43
-39
-44
-67
-72
-73
-74
-73
-75
-67
-87
-97
-86
-91
-82
-61
-51
-35
-12
-12
-5
1
9
15
34
53
67
85
81
83
93
91
99
125
121
135
148
149
163
160
156
153
151
146
138
129
138
138
130
134
111
86
92
78
70
72
58
46
40
32
30
1
-21
-38
-52
-54
-58
-49
-70
-77
-86
-106
-122
-126
-134
-134
-132
-146
-136
-137
-137
-131
-128
-127
-114
-114
-98
-69
-63
-46
-43
-35
-13
-9
7
23
33
58
69
68
69
75
70
79
90
91
83
77
81
90
101
94
106
104
97
104
106
111
120
116
118
122
110
102
94
103
96
93
92
85
78
76
68
65
58
44
48
50
51
46
47
40
30
19
18
14
4
6
-4
-20
-20
-22
-24
-17
-31
-26
-29
-39
-38
-44
-53
-56
-62
-68
-74
-82
-84
-92
-95
-94
-101
-108
-116
-113
-123
-135
-127
-130
-134
-128
-133
-131
-131
-140
-136
-139
-135
-132
-126
-104
-100
-99
-87
-84
-88
-79
-75
-72
-60
-41
-35
-30
-23
-15
4
2
9
21
31
48
72
90
100
115
125
130
131
135
130
148
151
151
161
151
154
147
139
139
127
112
110
113
103
91
80
70
52
29
17
-4
-19
-27
-25
-42
-45
-51
-63
-54
-64
-72
-74
-71
-75
-72
-66
-62
-48
-39
-21
-16
-16
-11
-7
-9
-3
6
-2
5
7
7
19
17
4
-2
-19
-30
-38
-43
-46
-54
-55
-70
-74
-84
-86
-85
-101
-102
-100
-99
-101
-100
-95
-106
-110
-101
-100
-101
-90
-83
-74
-66
-56
-41
-31
-7
7
26
46
55
64
73
89
109
126
136
149
156
160
166
175
190
181
189
187
187
199
196
194
191
181
172
160
145
135
134
127
118
112
93
74
72
65
54
51
39
32
31
27
16
12
8
2
-8
-14
-24
-30
-35
-51
-53
-50
-48
-46
-54
-59
-69
-65
-62
-59
-54
-58
-57
-54
-59
-59
-55
-58
-48
-44
-48
-58
-65
-64
-72
-71
-73
-81
-88
-99
-105
-105
-117
-119
-119
-126
-126
-128
-122
-125
-123
-121
-119
-116
-107
-101
-98
-92
-96
-85
-76
-56
-43
-34
-20
-14
3
16
24
41
56
73
89
92
104
122
136
152
153
163
164
164
169
168
170
171
177
176
168
158
150
136
129
121
103
91
77
73
57
38
22
11
6
1
-1
-5
-5
-7
-12
-10
-11
-16
-12
-14
-17
-17
-25
-20
-20
-7
-7
-9
-8
-11
-2
-6
-9
-11
-13
-20
-22
-27
-29
-27
-42
-52
-63
-79
-84
-86
-92
-93
-101
-109
-112
-115
-113
-121
-121
-119
-118
-113
-108
-102
-89
-81
-75
-68
-60
-51
-40
-32
-18
-14
-3
2
10
26
28
37
33
33
35
38
42
47
47
51
55
53
62
61
61
60
55
53
50
53
59
53
44
34
32
33
27
29
27
30
30
30
34
35
44
47
51
44
40
42
40
41
40
37
33
28
28
28
20
14
9
11
11
2
2
1
-7
-10
-11
-11
-18
-15
-14
-16
-20
-18
-17
-20
-21
-17
-16
-19
-19
-18
-22
-24
-25
-22
-23
-24
-23
-26
-26
-29
-23
-25
-29
-31
-31
-22
-21
-21
-19
-21
-19
-14
-15
-13
-12
-9
-8
-13
-9
-9
-3
3
9
22
26
34
38
42
42
45
45
48
44
47
52
48
44
36
36
29
28
25
25
21
13
9
4
1
-1
-5
-5
-11
-19
-20
-19
-18
-17
-16
-22
-31
-30
-26
-23
-19
-9
-5
-6
-8
-13
-13
-12
-13
-8
-4
-6
-3
-4
-6
-8
-8
0
2
5
4
1
-1
-2
-1
1
2
1
2
4
0
-7
-10
-8
-8
-9
-13
-26
-32
-30
-33
-42
-48
-48
-41
-37
-36
-40
-40
-40
-36
-31
-23
-16
-13
-8
-5
0
10
16
19
28
34
44
50
54
62
73
78
75
77
76
76
74
71
67
63
60
51
37
30
19
13
9
2
-5
-13
-18
-29
-36
-41
-45
-42
-46
-50
-48
-48
-49
-48
-44
-44
-42
-40
-34
-31
-29
-28
-25
-21
-16
-10
-11
-12
-8
-10
-4
-3
0
-1
3
6
-1
-3
-4
1
7
13
14
13
14
15
12
17
17
18
18
18
18
21
22
20
17
15
14
12
12
5
0
1
-4
-9
-9
-15
-18
-24
-33
-32
-31
-32
-28
-28
-24
-22
-22
-19
-17
-11
-3
3
6
9
13
15
19
24
34
39
35
27
24
35
47
55
52
35
22
11
8
13
16
17
7
-15
-21
-19
-19
-19
-22
-29
-33
-42
-54
-55
-50
-46
-41
-42
-48
-51
-53
-47
-41
-27
-16
-12
-12
-12
-10
-1
7
15
19
24
28
27
30
35
42
51
53
53
57
56
54
58
67
67
65
58
50
42
39
37
34
28
22
14
5
-7
-10
-13
-16
-21
-32
-39
-44
-52
-52
-52
-54
-56
-58
-60
-59
-55
-52
-53
-49
-44
-38
-35
-31
-25
-15
-9
-7
0
1
6
11
14
18
14
15
17
15
15
15
13
11
9
4
1
-2
-7
-8
-9
-10
-10
-12
-17
-19
-17
-12
-7
-2
5
4
3
2
6
15
19
26
27
25
28
31
40
45
47
50
54
53
50
53
56
58
55
54
52
49
45
41
38
35
29
25
22
19
18
18
13
11
3
-2
-7
-10
-8
-11
-17
-24
-33
-41
-46
-49
-51
-53
-60
-62
-65
-71
-72
-73
-70
-72
-75
-79
-82
-80
-79
-74
-73
-73
-73
-73
-70
-68
-63
-61
-57
-52
-48
-40
-38
-32
-26
-20
-14
-9
-4
-2
0
8
15
22
30
35
38
41
44
51
56
62
66
70
71
72
76
78
81
84
87
89
88
89
90
91
92
89
89
85
80
75
73
72
69
65
60
54
49
48
46
45
41
37
33
28
27
27
26
24
20
14
7
2
-1
-3
-7
-10
-14
-23
-30
-37
-39
-43
-48
-51
-58
-66
-74
-82
-89
-91
-93
-96
-102
-109
-116
-118
-120
-120
-118
-118
-120
-125
-125
-125
-123
-117
-111
-106
-104
-102
-100
-95
-88
-75
-67
-63
-61
-56
-49
-43
-35
-25
-19
-13
-8
-4
5
14
23
31
36
40
48
54
60
67
75
82
83
85
88
90
93
97
101
102
105
106
109
109
114
120
120
119
117
118
119
118
117
116
114
109
104
101
98
97
94
90
84
81
76
72
68
64
62
55
47
39
30
25
18
11
4
-4
-13
-22
-31
-40
-44
-48
-54
-62
-69
-74
-80
-85
-89
-96
-101
-109
-113
-116
-118
-122
-124
-126
-131
-131
-130
-130
-130
-128
-126
-126
-126
-123
-118
-114
-110
-107
-103
-100
-97
-92
-83
-73
-64
-58
-55
-50
-44
-33
-26
-16
-6
1
6
12
20
27
36
48
56
62
69
73
80
87
95
102
110
112
110
111
111
117
122
127
128
125
125
122
121
125
127
127
123
119
115
112
111
109
108
104
96
88
84
76
73
72
66
57
47
37
27
22
14
9
1
-10
-21
-31
-40
-53
-61
-66
-78
-88
-96
-105
-114
-119
-121
-124
-131
-133
-135
-137
-136
-132
-133
-133
-133
-132
-128
-128
-122
-114
-107
-101
-97
-93
-89
-86
-81
-72
-66
-60
-54
-51
-48
-43
-36
-32
-27
-22
-18
-13
-9
-4
3
7
16
22
28
32
37
46
52
57
64
73
76
87
95
95
106
111
115
118
119
126
128
134
139
143
143
144
143
142
141
135
130
128
122
114
107
101
94
90
83
73
67
57
50
42
35
29
18
16
11
4
0
-10
-18
-28
-30
-32
-40
-42
-47
-55
-59
-66
-77
-80
-83
-83
-83
-84
-86
-92
-96
-103
-110
-111
-114
-118
-117
-118
-123
-123
-124
-121
-118
-119
-113
-115
-114
-107
-99
-95
-94
-92
-86
-81
-77
-72
-68
-56
-51
-49
-44
-39
-30
-26
-20
-15
-8
-3
3
3
1
5
11
14
16
16
17
20
23
32
29
30
38
43
45
47
51
56
60
65
68
66
69
75
79
84
87
85
81
79
81
83
78
78
81
86
87
87
85
81
82
84
78
75
70
70
70
60
57
52
44
40
39
37
35
29
27
28
21
17
11
3
4
-3
-4
-7
-13
-15
-21
-20
-25
-26
-25
-28
-28
-32
-39
-39
-35
-32
-35
-39
-44
-42
-40
-37
-37
-37
-35
-31
-25
-22
-17
-14
-12
-13
-12
-13
-9
-6
-8
-3
-3
-7
-10
-9
-8
-7
-7
-9
-9
-9
-8
-6
-10
-14
-16
-20
-22
-27
-32
-37
-42
-36
-36
-40
-40
-34
-30
-29
-27
-27
-24
-20
-13
-9
-7
-3
5
8
8
10
13
17
18
23
24
23
21
22
21
21
20
20
22
24
22
22
21
15
9
3
-2
-4
-7
-10
-13
-18
-25
-31
-36
-37
-42
-46
-51
-53
-50
-49
-47
-49
-50
-48
-48
-45
-43
-40
-36
-28
-23
-23
-19
-17
-10
3
9
12
22
22
22
29
30
31
39
41
38
35
32
30
26
22
22
22
19
14
17
14
14
13
3
-1
-5
-6
-8
-6
-2
0
-1
2
5
5
11
16
19
29
35
42
48
47
52
53
53
60
66
71
75
79
83
83
81
82
84
83
84
85
86
83
82
76
71
65
59
57
52
47
41
36
24
19
12
0
-7
-14
-23
-32
-34
-35
-42
-51
-57
-63
-66
-68
-76
-76
-82
-87
-89
-90
-92
-93
-94
-92
-95
-94
-88
-86
-83
-82
-84
-85
-83
-87
-87
-87
-84
-79
-74
-73
-72
-66
-62
-59
-59
-60
-62
-59
-55
-56
-56
-57
-58
-56
-53
-49
-49
-44
-42
-34
-25
-21
-17
-17
-7
2
8
11
14
19
23
24
28
34
38
42
41
47
56
64
69
76
82
81
89
95
99
102
105
107
111
117
122
117
115
115
115
115
110
109
105
104
101
100
97
92
88
80
74
67
62
57
48
39
33
26
20
10
8
5
-2
-13
-18
-21
-27
-29
-32
-37
-39
-40
-39
-38
-42
-43
-44
-43
-42
-41
-41
-39
-33
-27
-27
-27
-23
-23
-22
-20
-21
-19
-19
-18
-19
-23
-22
-22
-21
-22
-22
-22
-23
-25
-22
-20
-24
-27
-29
-32
-30
-30
-30
-29
-30
-30
-31
-28
-31
-31
-28
-25
-22
-20
-19
-13
-9
-8
-4
0
3
4
4
6
7
8
11
14
13
13
15
15
13
14
9
7
5
5
3
1
-2
-4
-4
-3
-5
-5
-4
-11
-12
-15
-19
-23
-25
-24
-22
-22
-24
-21
-21
-18
-17
-16
-13
-12
-13
-14
-11
-9
-7
-6
-6
-6
-5
-3
-1
5
6
5
6
5
7
6
11
12
14
16
15
15
12
12
12
13
15
17
19
24
28
28
28
28
29
28
29
29
30
29
32
32
36
38
40
42
41
43
45
48
51
55
51
51
50
50
49
46
46
44
40
38
33
28
26
21
17
17
17
13
8
6
6
3
2
-4
-6
-9
-12
-10
-16
-19
-23
-26
-28
-30
-38
-42
-43
-41
-40
-43
-43
-43
-42
-40
-41
-41
-43
-45
-47
-48
-49
-50
-51
-51
-48
-48
-50
-50
-51
-52
-52
-53
-55
-60
-62
-63
-66
-66
-66
-67
-65
-61
-59
-59
-57
-53
-51
-50
-49
-46
-44
-41
-36
-34
-29
-25
-21
-17
-13
-10
-7
-5
2
6
10
15
19
24
29
34
37
39
43
44
47
50
51
53
55
57
58
59
60
61
61
57
60
58
57
56
55
55
54
51
49
47
45
44
43
43
42
43
39
38
37
36
35
33
33
31
30
29
28
27
24
22
21
21
20
17
14
11
12
8
7
6
2
-1
-1
-2
-3
-5
-6
-7
-8
-10
-12
-13
-14
-14
-14
-14
-15
-15
-16
-15
-12
-12
-11
-11
-11
-10
-10
-12
-11
-9
-8
-8
-8
-7
-4
-3
0
2
2
4
5
7
8
8
9
9
11
11
13
12
12
12
11
12
10
7
5
3
6
8
6
6
5
6
5
4
1
0
0
0
-1
-1
-5
-6
-6
-6
-8
-12
-15
-17
-18
-20
-24
-25
-26
-27
-28
-29
-29
-30
-31
-32
-33
-34
-35
-39
-38
-41
-41
-42
-43
-41
-41
-39
-40
-37
-36
-37
-37
-37
-36
-37
-37
-36
-32
-29
-28
-27
-25
-23
-21
-20
-17
-12
-7
-6
-5
-2
-1
0
2
3
5
8
11
12
14
15
18
21
23
25
27
32
34
36
37
37
38
40
40
41
43
44
46
47
47
47
47
46
48
49
47
48
47
47
46
46
45
45
43
42
41
39
37
34
32
30
29
27
25
24
22
19
18
16
12
9
6
3
0
-1
-3
-6
-8
-11
-13
-15
-17
-19
-22
-22
-25
-26
-29
-30
-31
-31
-32
-32
-33
-34
-35
-37
-38
-38
-39
-40
-39
-38
-40
-39
-40
-37
-36
-36
-36
-34
-34
-34
-34
-34
-34
-32
-31
-30
-27
-25
-24
-23
-21
-21
-19
-18
-17
-14
-12
-11
-9
-9
-8
-8
-5
-3
-1
0
1
2
2
2
2
4
4
6
8
10
12
12
11
12
12
13
12
12
11
13
13
14
14
16
16
15
17
17
17
16
17
16
16
15
15
14
16
15
14
14
13
14
12
11
12
10
9
8
8
6
6
6
6
5
6
4
4
3
3
3
2
2
2
3
2
4
4
5
5
5
7
7
8
7
7
9
9
8
8
8
8
9
8
9
10
10
11
11
10
11
