1
0
1
1
2
1
1
2
1
1
1
1
1
1
0
1
2
2
2
2
1
0
0
2
0
1
1
0
-2
-2
-1
-1
-2
-2
-2
-2
-2
-2
-3
-3
-3
-4
-4
-3
-4
-4
-4
-4
-4
-5
-4
-3
-3
-3
-3
-2
-2
-2
-1
-1
-1
-2
-2
-3
-2
-1
-1
-1
-2
-2
-2
-2
-1
-2
-1
-1
-1
-1
-2
-1
0
0
-1
0
0
1
0
1
-1
-2
-1
-1
-1
0
-2
-2
-2
-2
0
-1
-1
-1
1
0
0
0
0
0
-1
0
0
0
1
1
1
1
2
0
1
2
2
1
2
2
2
2
2
3
3
2
2
2
2
3
3
2
3
2
2
3
3
2
3
2
3
2
1
0
1
3
1
1
1
2
2
2
2
2
0
0
2
0
0
0
-1
0
0
1
0
1
1
0
-1
-1
-2
-3
-2
-3
-3
-2
-2
-1
-1
0
0
0
0
0
-1
0
-1
-1
-1
-1
-1
0
-2
-1
0
-1
0
-1
0
0
-1
-1
0
1
1
1
0
0
0
0
0
0
0
0
-1
-1
-1
-2
-2
-2
-1
-2
-1
-2
-3
-3
-3
-2
-3
-2
-2
-3
-4
-3
-4
-3
-3
-4
-3
-3
-2
-4
-4
-5
-5
-5
-4
-5
-3
-3
-2
-1
-3
-4
-3
-3
-4
-3
-3
-3
-2
-2
-3
-2
-3
-4
-2
-3
-1
0
0
0
1
0
2
1
1
2
2
2
1
0
1
1
1
2
3
1
3
2
2
3
3
3
3
3
2
2
2
2
1
2
1
2
1
0
0
-1
0
0
0
-2
-1
-2
-1
-2
-2
-1
-1
-2
-1
-1
-1
-1
-1
0
1
0
0
0
0
0
1
1
1
1
1
0
-1
0
1
1
1
2
3
2
2
2
2
3
3
3
3
5
2
1
3
1
2
2
1
2
0
-1
0
0
-1
-1
-3
-1
-3
0
0
-1
-3
-4
0
-2
-3
-1
-1
-2
-2
-3
0
-2
-3
-2
-2
-2
-1
-3
-3
-1
-5
-2
1
-1
0
2
-3
-4
-5
-4
-4
-4
-4
-3
-5
-5
-5
-5
-5
-3
-4
-3
-1
-3
-1
-2
-1
-1
-3
-2
1
0
-1
2
2
0
-1
1
-1
-2
4
0
1
3
-3
-2
-5
-6
0
-4
1
8
0
3
5
-2
-2
1
4
4
7
5
6
3
-8
0
7
-5
9
11
-2
8
-2
-10
2
-4
-1
5
2
6
-2
-4
-2
-4
0
8
6
5
9
1
-6
1
2
-5
6
6
1
-3
-2
-8
-1
1
-3
7
5
-4
-4
-3
-1
-3
-4
12
4
-8
4
6
-10
1
7
3
10
0
-1
4
-6
-11
2
7
-1
-2
6
0
-5
-9
4
5
-2
9
1
-4
2
-10
1
7
4
11
1
2
1
-8
8
7
3
18
4
-4
-2
-3
-2
-2
4
16
0
2
-1
-5
1
0
6
13
8
3
-5
-7
-5
-13
5
8
6
3
2
-6
-17
-11
7
-2
-3
22
5
-19
-8
1
-7
4
6
23
10
-14
-1
-1
-15
4
8
6
10
-13
-12
-1
-32
-10
20
-12
4
12
-12
-4
-26
1
18
-8
14
32
-6
-8
-9
-11
-2
3
6
26
-2
-17
2
-20
-17
5
16
11
3
8
9
-12
-17
20
28
-2
14
32
13
0
-1
33
24
-9
26
40
-2
-3
35
19
-1
23
26
14
11
20
28
6
8
33
13
14
24
22
19
23
7
40
49
10
28
30
6
5
13
33
16
-5
18
-20
-4
8
-5
13
14
11
7
-12
-11
-1
-8
3
-3
18
9
-26
-9
22
-28
-21
8
-15
-16
-26
-15
-17
-41
-42
-26
-45
-25
-43
-26
-29
-57
-35
-30
-22
-13
-38
4
-29
-70
-21
-43
-33
-6
-47
3
-5
-82
-6
-21
-58
-14
-27
-15
-14
-5
-6
-36
-13
-29
-60
-34
2
-28
-44
16
-25
-83
4
-18
-50
4
-26
-22
-24
-18
-7
-44
26
14
-55
32
27
-64
14
11
-54
14
13
-24
13
-6
3
-38
-8
46
-44
60
78
-3
33
11
27
-9
25
70
-1
69
35
-25
44
20
25
31
92
20
-17
34
28
6
46
80
56
62
78
34
64
80
-18
43
58
5
-5
81
70
8
-20
51
5
-45
76
69
23
85
7
58
18
-28
44
55
14
22
65
23
-27
15
41
-18
10
54
-25
-72
20
-60
-51
-2
0
3
-39
-32
-22
-8
-43
4
-2
25
4
-29
-9
23
-99
-55
27
-36
-30
9
-15
-77
-14
-64
-69
-29
-75
-33
-88
-64
-46
-74
-48
-12
-18
-73
-98
66
-84
-84
86
-25
22
-72
10
14
-60
1
21
18
-30
-18
-4
-14
-5
-77
-55
0
-169
-76
-48
-87
-8
-83
42
-45
-144
41
-108
22
63
30
27
22
-50
-9
-29
36
35
72
80
-121
147
-45
-18
-8
75
-11
-65
-22
46
-126
-82
98
-55
7
9
129
-36
-34
20
60
58
45
115
169
83
-37
132
120
-23
166
220
74
36
18
81
32
-117
106
100
-43
14
-28
56
-1
-50
59
208
-127
64
197
-72
16
135
78
8
68
76
94
-13
4
80
102
-35
-38
107
-69
-90
-35
3
-59
-41
75
57
-82
-4
67
-128
-2
5
26
-69
-19
93
-183
40
-28
-57
49
1
-57
107
-23
-65
-3
14
-49
-181
43
7
-193
33
104
-140
25
-6
-17
-34
-164
151
-42
-137
61
-35
-53
15
-21
-8
85
-147
-12
124
-58
-60
167
-12
-55
-4
118
118
-22
89
223
-32
-61
111
-99
86
3
-82
77
6
-133
-12
127
-73
-20
153
-3
59
20
-61
199
-242
-17
176
-96
88
33
-76
11
-86
38
-13
81
-33
-217
176
-290
-17
57
-279
55
-29
-382
170
-131
-18
-41
-221
181
-136
-16
-12
-26
25
-57
-93
106
61
-85
-69
106
75
-85
-5
140
-64
-232
37
-24
-145
-98
-48
-74
-130
-35
-23
-10
-26
-11
66
-139
39
73
-62
113
26
135
60
-200
124
21
-107
57
72
-10
44
-31
-63
-26
22
-96
104
34
-113
238
-122
-2
45
-86
124
-29
-123
193
-87
69
154
3
66
50
146
-86
66
110
-61
190
-47
-131
135
-13
-51
-32
111
-11
-10
40
1
31
48
-181
250
-133
-33
320
-207
99
146
-55
149
-63
0
103
-155
172
-22
31
6
-38
22
68
-10
-14
-121
137
-127
-10
65
-53
101
-88
-132
137
-10
60
110
-68
315
13
-22
69
47
33
-4
90
142
-80
2
-20
-47
-71
-33
19
40
-32
-108
76
129
-223
29
63
147
-22
-237
259
-98
-177
50
98
27
11
-243
154
-113
-333
239
123
-329
54
10
-265
106
-87
-24
195
-104
-88
74
-194
46
137
-197
150
4
-268
106
-49
-94
-11
277
45
-330
451
-187
-61
67
-410
274
48
-290
360
-104
3
119
-245
287
141
-105
226
184
-108
29
155
-16
71
2
160
260
-151
148
227
-59
134
293
-209
285
20
-101
281
-205
140
238
-98
37
362
72
-33
242
127
-240
310
36
-81
209
40
190
2
-108
242
129
-128
132
267
-276
230
-132
-51
253
-158
-10
209
-29
159
-305
236
311
-550
212
153
-31
-230
-29
89
-32
-219
174
25
-152
127
-72
-5
-89
-89
148
-142
-37
93
-334
-75
-109
-199
-33
-41
94
-8
-281
7
167
-199
-79
184
-209
70
-133
-182
20
-14
-422
100
-12
-157
82
43
-48
-87
-119
-216
141
-162
-273
216
110
-580
238
-164
-291
307
-246
38
65
-263
23
-185
-162
120
20
-107
123
84
-313
102
225
-354
141
45
-16
12
-383
223
-76
-231
117
88
-98
80
-148
99
-48
-251
131
-6
16
-68
186
4
-28
-21
23
72
121
50
146
66
-104
167
-157
50
-3
336
-39
-199
372
52
-106
80
183
144
-16
-31
216
-108
-5
-87
239
-46
29
251
47
61
-23
132
144
-284
217
188
-232
168
-9
48
-229
-73
390
-243
31
462
-178
94
-48
-72
63
-174
35
188
-344
198
-283
74
-84
-172
262
-72
99
-136
-72
120
-172
-181
169
-182
-6
-167
130
-97
-140
131
-57
-9
-74
74
-82
-248
144
-261
-38
-55
62
-137
9
-83
255
-393
14
348
-367
-107
170
-61
-216
41
-84
237
-466
148
-156
7
182
-346
124
119
-321
-78
110
-137
-85
-23
267
-314
120
149
-120
9
-63
76
-42
-98
140
-47
-144
-29
157
-118
-104
166
-77
117
-17
-47
162
-126
70
-51
28
48
-111
315
-224
-76
393
-338
136
171
-227
181
50
5
-174
311
-8
-325
399
13
-174
289
-62
144
-12
-151
459
-162
-68
47
32
44
-28
-31
258
56
-45
44
207
49
-34
144
22
180
-78
0
182
-153
59
74
38
29
2
227
-36
-118
269
-127
-25
34
0
16
15
-6
18
-223
144
55
-255
196
14
-13
-7
-66
58
-80
-130
-75
-98
40
-111
-107
132
-103
88
-320
291
-85
-249
262
-7
-253
15
39
-199
-15
116
88
-250
217
-120
24
-33
-11
155
-82
-169
104
67
-181
208
-49
-90
155
-57
-49
203
-8
-36
112
-127
16
160
-212
245
41
-285
390
-262
-95
360
-397
381
-90
-180
197
-222
60
-78
85
-9
34
-10
-52
-83
72
-225
118
-254
223
-281
112
-138
-123
87
-101
-149
121
55
-116
117
-76
160
-210
-53
145
-148
-137
225
-165
-55
90
-74
45
38
-8
-130
217
-179
24
176
-185
85
-161
65
7
-217
276
2
-128
256
38
27
0
-111
105
-111
213
-10
-104
309
-264
74
65
191
35
83
2
122
-130
34
120
-257
-94
365
-546
133
332
-558
536
-208
-30
283
-381
290
62
-498
262
166
-456
118
183
-338
53
-8
-52
25
23
-47
2
-60
-255
286
-324
-23
265
-377
446
-69
-282
492
-423
135
148
-248
296
-194
-102
390
-404
-154
434
-139
-225
247
161
-39
-148
188
29
-135
166
-55
86
-103
400
-412
482
-88
-132
97
311
-253
269
-57
297
-300
61
199
-267
442
-66
-4
114
-12
8
31
-127
268
-242
188
-157
-31
137
-169
53
57
-269
410
-384
130
82
-192
123
-99
-32
68
-76
-132
23
156
-264
-86
462
-562
160
124
-492
283
-5
-278
87
3
-108
-20
-168
65
-32
-193
91
57
-346
-121
408
-555
-45
439
-574
258
-65
-306
222
50
-76
40
-46
185
117
-343
269
73
-174
3
278
-388
362
47
-237
95
23
24
-58
223
-265
563
-507
230
184
-296
265
212
-198
223
-57
9
218
-330
313
289
-504
387
252
-467
231
264
-335
451
-459
587
8
-394
378
12
-121
72
68
-82
115
93
-117
-4
234
-237
25
270
-341
282
8
-33
-75
208
-207
262
-195
-3
356
-199
-72
256
225
-655
726
-274
5
139
-169
279
-123
-134
368
-280
225
-53
-121
326
-333
293
-215
58
195
-440
155
111
-428
123
90
-205
-73
368
-462
131
262
-570
356
-139
-355
332
-319
-156
162
-315
-6
-22
-63
7
165
-323
272
-42
-294
207
-122
-191
104
-53
-463
412
-221
-167
207
-115
-99
126
-223
171
-211
-69
119
-228
-118
-70
35
-261
-60
73
-143
19
-253
95
53
-511
592
-439
-69
102
-214
179
-70
-110
401
-372
110
19
-118
184
-286
228
-131
-110
48
5
25
52
-256
470
-287
-31
265
55
-67
107
26
172
-122
47
321
-166
220
141
-96
411
-144
85
331
-159
236
144
18
272
-74
-26
306
-287
410
-195
54
37
152
-463
461
-218
-95
103
1
-43
155
-172
-21
390
-472
379
33
-126
123
80
-429
704
-583
17
362
-260
17
57
28
9
31
-159
404
-248
34
130
-18
-294
197
-28
-196
33
105
-244
-2
150
-224
184
-84
4
181
-424
193
166
-394
144
-48
-55
101
-288
135
32
-144
-193
345
-249
-182
141
-145
-90
-88
92
-67
-133
167
-268
134
149
-437
573
-435
-20
292
-648
369
140
-616
614
-292
-15
256
-423
478
-110
-445
625
-410
129
80
-301
368
-301
-133
373
-178
-21
74
71
46
-171
144
-49
-2
-79
70
20
117
-72
-19
141
-173
37
41
71
-48
45
-110
-8
-25
-99
17
279
-370
225
157
-228
239
-90
255
-86
-154
277
19
-273
409
-53
-190
354
-171
123
82
2
201
-33
-56
356
-427
319
-98
74
72
-21
200
-204
-107
235
-277
304
133
-597
747
-675
-9
376
-415
300
2
-314
378
-397
182
193
-490
531
-271
-111
53
81
-255
214
-115
72
-150
287
-315
372
-206
33
253
-491
346
36
-636
767
-394
-97
209
-285
115
-212
271
-100
13
218
-205
0
-23
-306
445
-508
378
-104
-138
-30
12
-366
279
-170
-13
153
-67
-57
-20
-91
-55
78
-45
99
52
-183
-32
299
-458
229
297
-479
237
147
-490
491
-196
-72
270
-332
276
-87
-132
298
-66
-59
81
126
-218
182
183
-502
423
-20
-400
444
-120
-110
235
-172
176
-22
-179
347
-269
33
153
-61
-142
152
-260
230
-201
248
-247
145
137
-386
350
171
-412
370
-136
-164
201
-221
269
-129
81
-175
237
-340
-8
340
-264
-31
263
-372
256
-277
41
234
-243
30
255
-143
-11
211
-74
-181
289
-146
-17
315
-570
624
-425
-158
684
-688
276
240
-527
446
-139
-241
520
-630
113
102
-68
-118
181
-14
-247
60
63
-311
243
15
-208
264
-485
221
-23
-165
38
180
-253
262
-171
-127
481
-620
37
562
-718
255
282
-647
471
-319
26
361
-390
217
247
-624
496
-88
-124
24
162
-135
23
-39
81
29
88
-49
-7
328
-349
196
93
90
-197
91
138
-105
28
61
205
-131
55
233
-86
117
298
-337
507
-172
-199
723
-420
117
445
-445
314
25
-109
297
-187
78
276
-530
652
-290
-100
265
-95
-9
25
-57
341
-487
370
-106
-125
284
-429
516
-422
49
237
-438
393
-198
-231
413
-459
277
-176
26
-16
92
-387
178
30
-266
134
-107
-10
-122
-140
-74
163
-337
351
-368
110
0
-374
245
34
-301
115
166
-290
31
163
-34
-260
414
-327
84
150
-343
426
-78
-406
732
-459
-116
602
-660
507
-97
-216
667
-715
526
-5
-338
432
-263
155
120
-232
308
-91
-4
137
-180
312
-13
-83
254
11
-65
215
-93
53
421
-519
485
-30
-257
479
-92
-196
402
-273
-47
272
-389
358
-45
-373
458
-85
-292
436
-351
181
-1
-412
576
-349
-52
295
-342
70
21
-94
256
-198
95
11
11
-248
53
109
-142
-65
94
14
-31
-214
337
-281
-76
304
-217
20
173
-227
81
-23
-204
440
-437
134
283
-296
-159
351
-480
84
274
-591
502
-227
-196
-3
3
20
-93
117
51
-149
-99
148
-150
125
-60
222
-49
-111
104
-164
259
-372
506
-126
-220
356
-316
224
-114
29
318
-537
214
272
-878
920
-666
217
79
-259
-7
158
-161
-155
564
-566
91
187
-517
486
-396
52
487
-737
362
147
-293
220
-114
256
-260
48
-28
128
-304
417
-428
191
166
-410
329
72
-424
565
-250
-113
236
11
-28
-118
121
-51
388
-597
739
-83
-373
578
-401
317
-198
-14
363
-524
287
16
-155
300
-579
663
-274
-231
463
-178
111
-60
-16
64
61
-168
100
274
-146
-22
183
19
-279
298
118
-243
327
-344
240
54
-387
462
-152
-252
181
176
-392
222
126
-491
512
-485
175
301
-540
411
-135
-180
157
-63
-1
36
-78
-90
125
-222
-212
422
-535
138
108
-456
638
-588
196
155
-434
228
-153
34
22
-13
51
-170
53
-86
-46
158
-257
298
-59
-285
315
-130
-107
215
-136
63
150
-485
534
-433
99
186
-107
-45
39
-288
240
-203
35
96
-80
106
-242
165
10
-239
336
-195
-103
333
-400
197
42
-351
436
-345
148
232
-503
372
-82
-311
460
-317
36
226
-466
381
-67
-92
220
-120
55
11
51
-57
62
113
-297
239
84
-339
675
-671
579
-87
-401
851
-881
580
57
-361
383
-153
-106
231
-235
104
109
-138
-61
349
-301
140
281
-319
158
228
-359
197
221
-363
171
153
-373
313
-85
-169
232
-134
-100
101
48
-204
436
-463
-2
530
-843
700
61
-635
897
-691
-24
464
-579
278
109
-338
250
142
-224
-70
381
-517
350
199
-465
405
-135
-561
476
-340
-157
356
-341
289
-168
-246
259
-331
159
-122
362
-279
-92
131
-311
-21
135
-262
358
-332
110
86
-163
75
-14
-241
151
68
-321
441
-251
-99
372
-566
210
98
-228
224
111
-282
566
-572
196
-54
-2
97
61
151
120
-248
215
-191
5
39
-3
335
-498
316
-116
-354
427
-367
238
173
-331
480
-169
-108
217
-149
80
-19
53
50
106
-286
-56
261
-379
217
255
-203
187
-215
-60
-8
-22
-64
357
-234
134
-93
-284
245
-200
-29
205
57
-133
160
-242
127
-183
180
-175
344
-325
209
42
-220
84
-90
159
-265
148
115
-233
-86
369
-566
399
-340
149
52
-260
382
9
-226
114
-128
-178
106
-266
338
-278
78
-63
-208
154
-203
-138
392
-314
53
221
-528
405
-276
-127
226
-277
-5
316
-570
359
-53
-447
297
-152
-177
116
134
-241
271
-4
-440
713
-605
127
627
-866
693
59
-740
921
-590
9
235
-12
-146
129
223
-295
378
-309
31
342
-459
342
278
-428
361
93
-83
22
226
-55
22
323
-261
326
-31
-180
277
-216
184
8
-69
221
-233
-65
328
-293
-113
185
-160
209
-94
-11
294
-407
-79
382
-434
360
7
-199
282
-115
-168
289
-222
-186
406
-317
68
155
-373
138
-59
-440
444
-158
-210
355
-256
-142
194
-488
308
50
-290
563
-405
-107
131
-117
25
109
146
13
-107
-4
77
-49
-48
213
38
-19
18
93
-39
-7
133
-46
233
82
-175
230
2
-101
156
-6
25
81
96
-19
221
-91
-141
159
-108
-12
256
-105
-57
36
-132
-35
-65
107
128
-152
158
47
-184
-51
110
-84
63
102
81
-66
-52
73
10
62
59
-20
26
84
-273
228
-7
-115
17
-125
96
-17
-211
145
12
-232
165
-58
-101
41
-162
99
69
-60
61
66
-374
169
44
-103
375
-201
80
86
-394
11
89
-199
186
-2
60
-114
-225
-143
3
-147
-4
101
-75
-34
-230
-50
-149
-4
-65
112
60
-130
-96
-96
-67
-68
46
83
43
-39
-49
-51
-102
-96
123
43
-42
143
-47
-35
-9
45
104
93
131
79
129
8
105
62
104
189
209
150
220
19
184
169
112
233
94
262
128
126
74
45
29
140
8
236
43
-12
-2
-151
133
-47
39
-4
104
-169
-35
85
-188
-180
-46
-245
-6
-196
-362
26
-566
-424
-121
-573
-450
-335
-609
-366
-521
-758
-403
-780
-812
-609
-620
-590
-647
-679
-587
-140
-324
-124
12
-373
-312
38
254
491
347
506
479
294
535
641
839
614
740
826
811
800
578
401
417
272
489
709
332
116
28
-143
-121
-56
-80
135
-100
88
189
44
58
-113
116
313
563
891
799
529
506
571
665
956
1011
1009
986
779
682
717
392
442
477
421
574
265
-41
-310
-447
-507
-503
-245
-403
-676
-817
-976
-813
-1134
-945
-868
-1022
-895
-722
-1186
-1134
-1192
-1514
-1090
-862
-997
-1168
-1468
-1557
-1795
-1365
-313
-61
-155
-694
-1080
-1291
-591
290
620
855
655
264
247
320
498
1083
1149
1337
1722
1548
1623
895
292
168
694
1277
1562
1170
228
-294
-632
-407
-234
82
109
-72
-438
-606
-753
-1001
-996
-758
-402
263
655
154
-256
-695
-521
298
938
1159
1076
828
470
512
610
954
1314
1260
1358
1250
1314
930
558
392
416
867
1118
858
412
-73
-493
-340
-121
36
167
-115
-483
-583
-695
-743
-657
-602
-501
-289
-277
-531
-761
-932
-827
-632
-229
-23
-285
-638
-938
-1053
-1017
-799
-820
-814
-1364
-1396
-1744
-1710
-1741
-1416
-564
-380
-281
-1221
-1646
-1332
-858
241
1087
882
774
-80
-27
293
1048
2094
2175
2094
1916
1567
1547
1351
876
1117
1396
1943
1740
795
24
-706
-879
-436
9
181
-122
-1048
-1804
-2096
-1858
-1186
-1157
-833
-980
-811
-797
-852
-984
-878
-137
549
1080
1015
886
431
450
885
1619
2256
2494
2022
1628
1435
1484
1779
1787
1532
1542
1293
1000
831
277
104
289
66
307
202
-429
-629
-1020
-1014
-657
-491
-716
-854
-1290
-1321
-1128
-1018
-758
-875
-871
-864
-916
-820
-903
-861
-952
-728
-996
-770
-1157
-1460
-1595
-1862
-1366
-1592
-1388
-1043
-511
-338
-1104
-1690
-1328
-1410
404
956
1077
813
-239
-452
38
956
2567
2890
2320
1743
921
1258
1857
1711
2002
1798
1717
1713
703
185
-216
-420
112
216
208
-194
-1275
-2063
-2519
-1812
-973
-454
-892
-1559
-1976
-1776
-1200
-775
-271
-33
171
95
93
115
515
1050
1365
1639
1918
1890
1833
1545
1446
1927
2312
2265
1932
1289
1112
922
947
1068
978
929
478
-44
-289
-301
-189
-20
-221
-399
-784
-1130
-1190
-1117
-998
-746
-800
-983
-1332
-1419
-1388
-1119
-876
-757
-976
-1127
-1322
-1627
-1239
-1375
-1013
-1145
-1422
-1715
-1948
-2338
-1449
-396
309
359
-1224
-1996
-1749
-1019
1155
2096
1758
1077
-930
-649
232
1785
3775
3227
2109
1236
489
1348
1988
1913
2397
1909
1589
1126
-96
-262
-319
-116
440
367
-28
-1059
-2283
-2786
-2248
-996
-279
-679
-1801
-2875
-2541
-1835
-851
-106
-207
-368
-743
-1016
-440
446
1185
1714
1408
1280
1385
1441
1788
2038
2529
2896
2487
2156
1526
1313
1838
1863
2059
1877
1303
688
271
104
456
733
584
72
-560
-1122
-1210
-846
-685
-548
-875
-1366
-1666
-1809
-1484
-1067
-955
-834
-1305
-1491
-1513
-1531
-1160
-1067
-1024
-1003
-1536
-1501
-1964
-1811
-1396
-1495
63
254
44
-966
-2425
-1595
-467
1099
2717
1449
71
-1191
-1566
578
2281
3895
3677
1220
-177
-265
854
2954
3115
2583
1354
5
-21
-149
464
980
713
199
-697
-1239
-1501
-1820
-1595
-1355
-947
-729
-1712
-2563
-3175
-2475
-993
-227
-41
-773
-1708
-1751
-1227
-92
1440
1697
1400
459
-71
668
1709
2870
3190
2809
2140
1682
1587
1942
2727
3080
2773
2032
1157
845
1142
1450
1608
1469
668
77
-449
-598
-201
-118
-100
-618
-1310
-1757
-1872
-1539
-1228
-1121
-1233
-1583
-1989
-2002
-1888
-1313
-1048
-929
-1294
-1654
-1775
-1683
-1307
-1065
-968
-1292
-1405
-1762
-942
-20
319
-52
-1168
-1436
-791
50
1426
1502
603
-225
-1014
-14
1318
2469
2941
1607
309
75
759
2176
2567
2115
1311
224
212
316
823
1093
552
14
-848
-997
-712
-751
-854
-1117
-1392
-1288
-1690
-1860
-1872
-1574
-905
-816
-963
-1210
-1275
-1061
-600
-35
595
661
476
-43
45
889
1650
2353
2109
1569
1409
1222
1803
2425
2550
2596
1797
1262
1079
1369
1936
1932
1584
859
440
330
351
408
356
29
-369
-809
-988
-1010
-1039
-1002
-1220
-1399
-1498
-1530
-1381
-1451
-1427
-1273
-1246
-1128
-1117
-1114
-1063
-919
-879
-734
-819
-865
-862
-839
-586
-582
-43
178
-137
-673
-1166
-798
-79
391
891
278
-526
-942
-987
112
1099
1712
1327
158
-644
-401
689
1798
2082
1498
525
-250
-208
408
1250
1583
1008
3
-973
-960
-358
205
350
-308
-1148
-1554
-1605
-976
-509
-282
-537
-1295
-1570
-1248
-531
35
136
-220
-389
-526
-151
311
823
1042
908
735
563
847
1216
1534
1656
1561
1402
1283
1186
1204
1448
1676
1653
1365
996
686
673
805
883
927
551
109
-262
-417
-178
89
98
-272
-769
-1075
-969
-688
-399
-405
-576
-919
-1082
-881
-565
-159
-80
-256
-430
-528
-341
-44
198
210
-56
-266
-416
-442
-288
-144
-151
-195
-358
-581
-898
-1019
-898
-709
-428
-458
-733
-1153
-1430
-1260
-836
-257
113
2
-504
-935
-853
-178
584
963
751
134
-428
-421
118
823
1137
845
99
-491
-548
6
550
694
281
-375
-762
-795
-226
195
416
133
-365
-574
-369
185
647
742
443
101
-45
225
649
1040
1058
801
480
296
487
882
1164
1210
883
464
266
324
616
892
934
612
244
30
59
308
548
474
326
23
-141
-30
39
184
159
-19
-153
-222
-116
85
72
11
-196
-250
-100
67
193
159
62
-70
-155
-48
107
227
215
29
-196
-384
-435
-335
-346
-502
-642
-796
-906
-1029
-1030
-971
-939
-1044
-1266
-1403
-1344
-1199
-1062
-1052
-1159
-1125
-1064
-858
-597
-494
-352
-320
-359
-246
-172
182
350
355
335
203
323
329
525
694
716
606
388
208
263
461
682
809
548
288
49
98
399
642
866
775
461
250
254
545
743
849
753
480
345
344
409
569
545
414
300
173
219
253
248
169
-19
-121
-128
-46
60
-12
-84
-198
-308
-218
-78
70
141
56
34
16
51
184
301
356
344
308
286
269
325
347
383
428
345
386
286
219
168
71
40
17
-53
-97
-200
-351
-429
-520
-502
-527
-576
-667
-830
-887
-931
-902
-875
-911
-945
-1103
-1083
-1004
-890
-775
-789
-894
-950
-929
-742
-546
-460
-436
-598
-649
-626
-427
-125
92
105
-6
-128
-198
9
313
606
715
562
286
117
193
482
835
977
839
547
353
349
548
804
874
829
607
436
354
378
489
489
558
504
389
299
166
143
195
239
316
263
138
2
-65
-28
54
168
139
48
-28
-44
22
139
127
102
82
77
191
251
289
262
224
276
364
430
530
524
455
443
394
476
470
401
383
304
323
340
268
131
57
25
50
129
83
25
-110
-272
-343
-282
-162
-78
-138
-341
-503
-521
-415
-220
-214
-308
-421
-525
-491
-413
-327
-280
-361
-464
-542
-542
-405
-350
-393
-474
-565
-596
-514
-432
-389
-421
-558
-635
-630
-486
-326
-219
-277
-396
-454
-376
-198
-74
25
-10
-33
-100
-82
-22
54
165
139
113
34
-4
33
72
74
71
48
8
-19
-48
-66
-62
-8
-20
9
-7
-21
33
51
99
121
120
166
238
288
347
343
342
340
381
468
487
531
533
487
460
467
447
491
491
470
463
429
382
333
336
324
338
373
375
357
334
231
207
190
243
358
375
330
237
129
126
208
279
277
200
58
-7
-48
-20
16
-48
-87
-163
-237
-280
-274
-324
-333
-349
-428
-441
-450
-449
-460
-477
-527
-523
-528
-516
-484
-506
-477
-501
-514
-541
-513
-468
-422
-394
-438
-473
-537
-501
-440
-339
-302
-354
-454
-521
-477
-375
-282
-263
-295
-339
-329
-338
-259
-204
-168
-136
-101
-94
-52
-24
-16
55
106
219
303
319
316
290
330
387
477
534
538
508
460
471
462
512
492
467
418
377
371
331
250
166
160
140
180
126
73
27
-9
4
4
58
77
76
75
51
57
116
155
198
244
228
269
286
311
356
384
391
370
348
353
378
391
375
291
239
212
257
269
244
185
97
64
45
70
80
64
-21
-95
-136
-120
-79
-119
-137
-184
-231
-270
-290
-332
-410
-414
-485
-485
-498
-558
-616
-688
-721
-699
-645
-628
-643
-689
-696
-679
-625
-575
-511
-450
-415
-363
-307
-244
-182
-128
-85
-4
69
148
194
231
258
312
388
416
475
500
499
490
481
479
507
497
488
475
428
392
327
298
286
270
278
252
157
139
70
28
13
0
-5
-1
-32
-97
-131
-185
-171
-157
-119
-150
-166
-187
-222
-143
-94
-62
-62
-65
-54
4
56
100
116
148
180
264
338
357
381
324
332
364
426
511
535
500
454
405
401
430
445
427
371
333
244
181
94
31
9
-33
-63
-165
-283
-388
-484
-507
-524
-542
-604
-672
-763
-803
-786
-800
-828
-865
-844
-830
-789
-767
-784
-794
-761
-684
-572
-484
-434
-410
-397
-311
-191
-67
18
76
76
132
210
289
373
423
437
441
468
508
573
586
585
559
557
605
609
635
609
587
542
515
475
450
474
431
384
285
211
139
150
97
49
-11
-108
-153
-227
-235
-261
-252
-338
-366
-364
-358
-332
-354
-363
-352
-247
-162
-101
-110
-148
-122
-42
82
188
265
273
245
243
318
398
461
495
459
473
473
476
466
390
372
371
387
350
291
161
74
54
63
95
43
-84
-215
-282
-273
-243
-263
-351
-458
-518
-543
-496
-487
-488
-548
-587
-593
-579
-527
-518
-512
-523
-472
-444
-406
-415
-402
-363
-299
-229
-173
-138
-119
-107
-62
11
93
157
179
200
180
342
458
378
301
312
402
417
483
647
608
470
417
409
361
379
471
491
419
322
207
67
-29
-4
98
87
50
-34
-200
-321
-336
-286
-249
-229
-245
-290
-369
-403
-393
-368
-321
-254
-187
-188
-214
-260
-244
-177
-78
6
13
-35
-53
-40
25
93
122
138
124
109
142
188
180
199
155
153
182
209
243
213
186
165
284
294
192
113
97
85
90
173
243
155
-7
-66
-98
-56
19
101
56
-80
-171
-187
-217
-227
-187
-184
-187
-227
-232
-307
-359
-301
-257
-252
-248
-215
-256
-298
-282
-190
-105
-69
-69
-83
-74
-4
99
159
185
222
414
416
235
152
258
325
293
396
584
456
219
203
219
155
266
426
319
176
121
47
-57
-5
148
192
73
5
-68
-134
-82
61
88
54
-42
-174
-266
-253
-172
-118
-88
-151
-262
-279
-260
-283
-319
-313
-167
-55
-124
-278
-355
-486
-495
-381
-60
122
234
171
-83
-283
-269
-161
-6
198
351
309
98
-1
-86
-20
165
386
465
410
301
180
93
107
225
357
442
378
290
167
169
192
169
220
216
164
38
-53
-62
-197
-148
-16
-146
-214
-186
-262
-420
-462
-220
-175
-271
-164
-44
-257
-373
-227
-139
-81
37
194
117
-44
-24
17
64
173
284
303
141
99
158
153
220
275
228
148
121
160
147
162
238
261
163
169
171
166
146
212
297
218
70
45
19
-50
33
215
169
-32
-101
-92
-191
-224
-85
-93
-254
-310
-312
-377
-326
-210
-266
-321
-312
-335
-409
-370
-190
-181
-227
-161
-214
-346
-219
-8
125
107
157
63
-74
-94
100
253
328
346
239
114
114
164
249
350
477
413
251
181
116
90
184
345
347
230
134
52
-10
-61
107
136
114
30
-117
-129
-97
-95
-79
-81
-57
-181
-189
-162
-167
-237
-178
-166
-166
-212
-198
-258
-313
-248
-287
-240
-34
-134
-248
-230
-271
-174
-199
66
22
-190
70
129
2
75
175
22
-219
-72
154
39
111
227
32
-211
-86
54
-120
0
194
62
-192
-98
-90
-228
-280
-83
-134
-218
-171
-239
-376
-260
-132
-254
-242
-200
-316
-388
-311
-203
-216
-220
-57
-205
-328
-110
-62
-98
9
183
58
-112
49
82
99
206
350
156
119
294
275
135
390
398
139
209
673
710
583
537
410
151
98
347
494
616
513
296
132
191
212
196
469
575
380
310
304
140
-77
-3
164
164
193
182
-53
29
-128
-187
-121
160
50
-290
-225
-145
-370
-290
-289
-123
-277
-284
-122
-266
-197
-232
-381
-239
-262
-246
-141
-183
-273
-252
-317
-240
-18
59
34
-46
-126
-162
-174
-175
90
-11
33
38
-67
-200
-78
-123
-215
138
134
-67
-129
-183
-156
-161
-215
158
-120
-106
-47
-257
-176
-16
11
125
66
-65
154
-38
-42
-99
174
312
15
165
205
-91
41
193
383
87
244
411
-103
42
299
246
37
40
158
350
215
104
353
275
-39
252
338
443
289
62
315
-39
-66
300
621
314
228
71
107
163
-53
75
575
57
-259
208
-126
-399
-200
97
-108
-61
123
-90
-302
-342
-168
-446
-109
243
-23
-524
-65
-273
-631
-268
238
-113
-253
-124
-385
-289
-438
-201
7
-182
-300
-147
-245
-195
-205
-298
80
-36
-358
30
-186
-195
187
-527
106
202
-279
-257
-205
361
-333
51
301
-260
-20
-192
-3
212
-58
363
-406
16
57
-371
363
464
-10
158
201
-476
14
236
351
188
298
386
-532
-248
321
49
497
189
528
75
-577
278
-227
435
299
449
492
-358
-60
-217
-95
682
61
723
239
-155
-129
-386
76
261
239
493
77
-269
-24
-35
-468
129
534
43
84
14
-178
-488
-520
24
-53
-187
381
-80
-408
-823
-73
-159
-701
400
82
-211
-487
-778
-330
-670
-37
287
-323
131
-442
-583
-297
-659
167
-76
-102
544
-694
-760
-359
-353
-442
121
534
-235
-292
-601
-181
-531
-88
749
-395
143
459
-793
-374
454
-17
-275
940
483
-440
455
316
-511
305
678
282
399
309
595
-213
-224
589
578
-209
1215
379
-367
348
483
-374
579
1067
-215
798
-398
782
22
-440
1276
432
-572
1522
-415
278
449
-177
965
-212
554
128
-141
507
119
-113
406
183
-42
-184
365
186
-386
792
-415
-78
-165
63
-320
169
-230
495
-212
-543
326
-516
-24
163
20
-705
709
-912
-116
56
-366
-109
-148
-220
-177
-588
191
-334
-845
180
-200
-485
-380
260
-964
-328
-57
-568
-104
-651
54
-450
-628
130
-484
-428
138
-416
-165
43
-91
-591
175
-194
99
331
-274
41
-10
-320
367
32
130
622
-437
109
610
-134
86
451
493
-59
282
729
-265
-170
1172
57
213
942
-199
73
-209
806
67
282
846
234
-713
456
618
-981
843
513
-459
341
482
-414
22
-33
486
-628
527
367
-495
47
64
-471
-270
489
-16
-62
-159
552
-668
-393
741
-707
359
4
133
-167
-210
-155
-167
-198
324
59
134
199
-109
-379
-154
664
-901
962
-249
-30
-22
-367
359
-418
393
-219
-189
131
-703
67
301
-1046
531
-497
-310
-171
-129
26
-246
-359
159
-792
211
187
-378
234
-613
101
-234
-550
858
-617
45
459
-963
737
-563
207
544
-861
853
-119
-184
818
-622
280
107
-41
835
-345
453
351
-380
-126
626
160
-48
546
-158
-20
-153
300
101
122
284
104
-276
216
-98
-245
288
17
-349
-47
210
-220
-457
206
54
-787
436
75
-635
285
23
-456
-330
286
-207
-507
239
-103
-527
-138
223
-424
174
39
-40
-169
-341
399
-155
-213
737
-324
-152
172
-237
216
-20
81
371
-168
-104
-51
195
-332
207
6
-203
383
-274
-98
21
-20
178
-349
414
200
-504
232
-284
367
-427
115
302
-611
583
-83
-231
330
-255
172
105
40
30
169
-538
402
-133
-286
654
-124
-130
366
-228
187
-15
-149
17
231
-90
347
-145
152
153
-176
283
192
42
248
66
306
-165
530
-253
370
-28
47
325
177
-50
343
122
-172
61
355
-276
24
599
-435
64
-268
-17
-318
38
-79
230
-630
55
125
-1105
335
353
-847
404
43
-652
-40
-604
309
-547
-20
574
-567
-113
95
-599
67
-249
202
344
-488
355
-360
-440
410
-495
399
95
365
-290
-61
217
-335
-213
567
-426
460
23
-176
114
-188
46
101
4
388
442
-512
325
-103
-8
67
-18
373
179
-298
525
-326
359
-549
637
-78
-1
536
-457
95
356
-727
581
140
-253
534
-450
456
-251
50
-134
112
-174
285
36
-47
492
-320
-179
720
-154
-104
709
-153
98
-13
300
301
-437
748
-408
-56
678
-522
395
207
-426
334
-268
-271
172
-300
387
-547
212
-326
-280
-467
55
-140
-106
-136
-34
-667
-244
-286
-669
229
-472
292
-573
62
-296
-607
111
-228
-234
348
-513
12
58
-471
-172
-23
316
-438
198
307
-368
242
-123
-139
640
-269
173
447
-459
489
-28
-346
1111
-536
298
373
-127
383
139
38
366
178
241
-219
802
-36
-352
898
-297
229
110
-42
754
-599
444
305
-603
805
-457
138
566
-577
573
-228
84
353
-526
537
63
-442
643
-177
-184
387
-23
148
-77
172
-73
-110
120
255
204
-283
392
79
-439
195
149
-230
9
140
-176
-63
-204
-246
75
-506
-127
475
-920
-14
373
-979
-150
358
-834
33
-66
-356
-23
-235
-622
50
-343
-401
65
-222
-287
-325
-356
-65
-74
-272
253
-349
-115
-309
401
-829
165
277
-678
181
-159
138
-260
-155
296
-288
37
228
-275
484
49
-188
121
288
-534
672
228
-333
1058
-698
224
274
-161
372
45
-101
432
-283
27
258
50
-62
177
277
-79
146
286
-203
511
-76
61
748
-450
204
295
-191
468
-62
196
446
-96
135
247
-31
144
521
216
-225
623
-419
331
-81
-81
613
-197
-443
630
-565
88
65
-128
129
-131
-250
739
-818
228
-16
-711
602
-445
-99
422
-736
293
-324
-393
215
-341
-113
9
-23
-354
-8
-212
-474
248
-259
-186
591
-810
198
251
-969
632
6
-737
827
-632
-38
302
-660
386
-406
196
21
-364
558
-305
-367
391
-284
308
-438
293
365
-874
342
255
-843
506
393
-1102
1058
-835
221
452
-959
951
-35
-687
776
-217
-163
512
-193
360
-166
371
-328
615
-275
215
748
-567
314
635
-599
511
433
-568
752
89
11
349
366
-243
125
344
4
85
545
-284
367
104
-496
528
125
-612
1100
-494
-319
797
-724
28
147
-13
53
200
-304
472
-637
175
-132
60
-128
65
-88
46
-388
248
-298
-33
83
-142
325
-498
527
-597
41
111
-122
-227
389
3
-297
88
184
-277
-183
388
-132
-4
42
166
-540
189
-200
-11
6
378
1
-297
267
-258
-257
-10
473
-221
-153
497
-568
-56
199
-516
418
128
-340
448
-261
-97
117
-343
288
98
-37
62
91
-221
218
-230
170
122
43
156
46
214
-122
92
-117
-6
274
59
-148
458
-298
-76
46
72
160
-11
-7
249
-323
200
-90
-587
841
-574
-174
715
-638
34
90
-503
303
-169
-95
383
-678
462
-382
-466
224
-32
-331
427
-427
1
136
-584
338
-367
165
-59
-330
225
0
-714
553
-273
-179
-20
226
-413
521
-508
25
166
-223
7
23
-258
338
-383
338
38
-307
205
-325
39
51
146
-347
340
-217
-49
-87
223
-422
294
-289
209
55
-349
463
-645
272
-209
151
138
-286
185
-16
-545
552
-268
-93
404
-533
529
-35
-512
725
-225
-298
478
-45
-85
657
-769
714
-195
-115
313
-97
103
371
-338
349
202
-611
679
-488
232
228
-146
147
141
-87
76
-211
28
357
-275
65
151
-38
-382
121
32
-211
236
74
-132
26
65
-45
-105
273
-357
533
-681
409
256
-717
624
110
-741
760
-417
103
402
-439
577
-454
161
58
-329
229
171
-14
-40
466
-424
387
-347
519
-138
-218
583
-154
-136
310
-296
526
-118
-411
1076
-776
472
370
-390
319
255
-578
514
-121
62
471
-515
315
297
-381
-1
455
-242
-107
540
-426
220
-166
-237
333
-443
415
-157
-79
100
-205
-22
46
-135
546
-738
708
-531
152
135
-508
287
-85
59
212
-404
581
-548
-116
230
-167
85
124
231
-534
279
-193
-253
224
123
53
51
-245
265
-319
-19
250
-106
-158
481
-500
226
-8
-246
238
-205
-29
370
-474
231
-88
-185
149
-85
-73
187
-184
-220
503
-664
256
228
-490
233
-103
-261
369
-547
130
65
-172
19
-193
170
-257
85
165
-539
570
-279
-300
550
-752
599
-111
-609
773
-723
364
218
-670
845
-502
-220
803
-721
342
62
-234
191
-169
-136
542
-454
48
291
-408
51
288
-605
310
-71
-70
-162
98
69
-369
157
44
-229
265
-160
-239
608
-783
200
315
-817
583
-54
-601
1090
-975
128
328
-649
599
-411
189
275
-471
448
-490
567
-410
36
525
-451
389
127
-606
1033
-791
286
456
-415
319
264
-486
474
-166
-170
259
-4
-168
70
83
-417
411
-124
-446
935
-946
-33
809
-1341
968
-289
-599
769
-815
-141
543
-909
531
-6
-645
554
-238
-412
84
354
-745
310
337
-743
273
-38
-468
851
-974
782
-82
-650
968
-692
14
671
-557
175
142
-98
321
-352
418
177
-349
443
167
-143
341
162
-37
154
-131
308
-197
285
4
325
39
-101
160
125
-129
232
104
-68
151
84
-125
-79
416
-647
576
13
-353
835
-431
-231
446
-452
76
147
82
-173
200
167
-612
646
-412
-131
582
-389
200
200
-395
170
-11
-315
532
71
-444
702
-422
-229
697
-696
359
-7
90
19
-267
546
-458
-136
153
-97
-10
134
-168
185
-339
265
-369
128
1
-53
271
-482
786
-520
-354
632
-586
103
443
-472
513
-238
-285
178
-165
-56
232
-146
156
-32
115
-563
448
-59
-512
926
-518
58
450
-695
508
-212
-132
563
-597
529
-181
21
-311
394
-368
-140
413
-236
-77
115
-133
-212
247
-337
96
-108
-42
13
-140
-84
88
-379
335
-231
-1
279
-236
124
-74
-88
52
-254
417
-392
115
365
-697
613
-113
-576
1262
-1003
207
817
-1048
421
532
-806
566
191
-513
656
-242
-112
477
-264
-69
604
-549
347
157
-210
102
284
-153
-168
636
-592
277
69
-3
102
-63
-35
276
-574
634
-452
-1
581
-609
287
235
-498
238
54
-384
543
-291
-179
399
-566
-3
214
-428
109
68
-247
2
124
-354
219
-231
166
-60
-203
382
-365
70
143
-391
508
-285
-173
727
-1005
571
93
-654
810
-556
17
303
-444
90
229
-441
305
-83
-161
181
-110
-179
96
17
-512
637
-325
-211
459
-237
-272
634
-350
67
543
-609
326
72
-328
404
-65
-62
265
-178
-83
355
-203
152
54
283
-270
167
184
-427
404
-230
13
170
-135
68
168
-292
150
173
-274
200
113
-224
20
159
-415
202
104
-330
448
-497
274
151
-435
209
352
-660
602
-377
-140
289
-364
-205
331
-197
-190
377
-336
92
-57
-141
62
-147
66
-79
69
13
-257
414
-480
196
276
-165
-9
552
-585
448
-174
81
212
-65
-75
304
8
-191
318
76
-207
357
-48
-154
294
46
-163
156
57
-142
178
27
-396
614
-519
-55
473
-625
360
-17
-296
333
-104
-94
358
-427
73
341
-413
291
-2
-82
-70
-21
-202
150
-258
424
-297
-30
253
-468
-4
144
-225
-54
314
-480
227
-133
-240
-10
90
-429
408
-326
-122
499
-906
365
-142
-300
175
-121
-216
329
-450
120
103
-410
-34
-87
-120
19
204
-522
278
-622
183
-174
-266
415
-241
-337
510
-601
114
207
-471
439
-291
-11
433
-594
496
-27
-485
680
-359
-184
671
-337
92
208
-226
194
-207
42
307
107
-189
295
-181
164
-235
52
495
-565
432
174
-362
251
-206
29
85
-280
382
-242
62
68
-278
261
-223
-29
248
-367
429
-281
17
428
-784
522
153
-712
860
-422
-110
466
-557
344
-69
-184
357
-130
121
11
14
164
-100
76
55
140
-137
89
28
-26
29
-57
188
-137
24
96
-148
45
122
-186
155
-66
-153
385
-567
259
65
-224
236
-20
-167
384
-505
267
2
-321
399
-287
101
36
-128
-80
135
-68
28
127
247
-182
-21
314
-335
126
200
-49
246
-38
-30
317
-474
215
320
-420
642
-67
-150
364
-230
-157
410
-189
139
383
-324
254
-94
-174
316
-115
-241
529
-452
129
147
-239
144
15
1
19
31
-25
201
-194
21
214
-238
178
117
-196
315
-122
85
273
-376
674
-551
243
360
-559
656
4
-274
652
-656
448
79
-334
623
-172
-48
256
-331
191
-103
-1
297
-461
493
-199
-205
386
-466
243
6
-313
545
-557
238
46
-482
527
-574
392
-262
20
317
-753
406
47
-673
648
-266
-128
407
-520
258
-3
-368
420
-130
-239
523
-356
-34
244
-283
107
-47
-3
4
-185
320
-227
110
-74
22
17
-262
318
-82
-129
306
-217
-212
328
-394
159
31
-135
285
-328
-9
144
-274
-59
160
-99
-249
135
-242
-120
30
-104
-168
243
-402
253
-133
-104
219
-304
108
-23
-62
160
-312
153
49
-364
418
-318
60
134
-266
291
-219
-123
366
-477
18
294
-516
28
398
-562
236
-49
-200
78
-192
-144
384
-365
-244
511
-843
21
318
-516
98
163
-396
239
-207
-384
418
-353
-269
554
-370
-141
341
-364
-3
120
-65
112
-13
96
83
87
-186
229
-139
-142
492
-268
103
315
-397
213
104
-181
215
95
-33
240
111
-57
126
190
-194
350
35
-49
327
-282
60
299
-236
6
387
-399
269
25
-110
145
164
-271
238
177
-316
134
131
-348
296
47
-162
156
-137
-92
46
98
87
67
-110
164
41
-152
144
191
-44
35
82
97
-134
224
-265
241
226
-367
284
113
-216
158
115
-135
148
-187
237
-95
-59
121
-220
16
-104
-70
185
-422
238
77
-550
498
-142
-320
504
-455
163
408
-535
277
104
-412
312
65
-112
155
-160
108
-77
71
58
32
158
-119
170
79
-84
51
241
-322
442
16
-95
227
23
22
182
10
124
-10
194
-79
61
358
-313
162
142
-169
156
21
-115
240
-51
-151
303
-260
-128
173
-106
69
104
-29
1
-72
8
37
-45
33
177
-80
-46
99
6
-173
95
129
-296
307
-112
-126
230
-79
14
-8
-189
321
-417
260
158
-208
36
-53
-91
89
-263
195
-57
-100
79
-239
142
-140
-211
101
-2
-236
279
-173
-142
29
-107
-143
-14
-54
-25
-174
-72
51
-408
-138
247
-343
-93
239
-298
15
-55
-264
242
-249
-71
238
-357
163
127
-404
238
-137
-61
99
-111
200
-148
-108
57
-171
135
-183
6
240
-285
227
-71
-11
160
-198
-27
210
-5
-87
40
28
34
-242
304
-36
-105
231
-10
28
95
41
-1
29
-15
134
-161
44
192
-255
61
154
-139
-45
114
-53
-18
-9
187
-351
97
194
-271
9
222
-156
-56
182
-12
-84
-79
195
-245
-95
209
-48
-133
11
10
-167
101
-104
52
8
-80
173
-240
-90
212
-369
55
192
-208
84
119
-229
110
2
-43
-7
80
143
-91
-46
196
-306
52
66
-102
188
-18
-132
127
-76
-21
9
-38
84
23
-115
103
226
-263
200
27
-134
202
-19
-35
67
184
-83
-95
147
81
-242
210
75
44
-44
-31
144
-102
-53
128
-87
-5
103
-181
28
-1
27
-111
6
192
-9
-243
273
-36
-18
141
-30
177
-45
52
130
-55
147
107
-160
281
43
-95
102
69
-169
205
-11
6
161
-125
115
-12
26
62
-80
137
14
-11
58
-62
128
-124
-46
186
-27
-81
182
4
-102
149
-91
6
160
-129
88
103
-75
86
-23
-78
83
27
-103
-64
162
-53
-115
121
10
-180
66
-20
6
103
-61
20
-55
-51
31
-146
0
116
-70
-50
96
65
-186
27
34
72
-7
72
125
-153
72
12
-94
57
59
-8
36
-26
136
-146
-37
107
19
-139
95
53
-216
70
8
-82
2
43
-82
10
34
44
-34
10
117
-99
-64
146
13
-76
145
95
-69
19
128
-84
-37
238
-13
-105
111
53
-234
17
149
-153
-84
104
103
-198
23
54
-86
-63
65
70
-116
17
-35
-146
-125
122
-167
-97
124
-20
-48
-37
-9
-42
-61
-72
116
5
-40
15
-63
-35
19
-87
2
128
-28
-36
78
-37
-24
-123
-6
-22
-75
-13
53
-111
17
-39
-130
-66
9
3
-94
141
-71
-50
-37
-116
-47
-27
-10
10
-45
-52
2
-147
-43
1
-70
-56
21
-133
-77
-36
-156
-103
-86
-87
-118
-62
-3
-73
-80
-20
-82
-82
18
-61
20
90
-42
30
50
-87
-1
106
-52
75
122
39
-74
29
3
-92
99
12
91
35
-64
52
6
-43
59
99
2
80
79
10
4
104
40
91
120
37
94
72
18
79
52
43
132
-8
62
47
38
76
-56
192
27
-14
179
-24
55
132
49
50
95
97
70
109
67
92
111
11
102
98
32
4
68
66
10
17
7
-16
-3
-11
15
6
-44
24
-83
-93
16
-80
-57
-23
0
-19
-110
5
-49
-96
-6
-41
20
-16
-62
-86
-77
-49
-56
-51
-59
25
-69
-129
-23
1
-95
-15
88
-56
-31
43
-70
6
31
-26
-7
-12
12
-48
5
19
44
-82
-30
38
-125
-54
9
-88
-53
-14
-53
-54
-54
-23
-93
-33
65
-92
-42
40
-14
-55
-17
22
-2
-20
90
-7
38
56
-2
27
31
59
-20
69
76
25
12
28
-21
2
-26
18
38
41
32
-24
9
-7
36
-44
55
86
-23
26
63
-16
27
53
15
102
62
-14
51
30
12
21
49
37
32
66
15
57
34
19
7
42
-12
41
50
6
102
12
-4
51
23
26
71
70
62
27
47
-56
31
-4
-13
62
34
51
-28
13
-47
-84
-12
-44
8
1
-26
14
-97
-47
-41
-58
16
9
42
-9
-16
-16
-69
-50
2
-4
-11
12
1
-76
-21
-56
-33
5
-32
28
-9
-13
-39
-106
-40
-67
-50
-33
5
-13
-44
-20
-51
-67
-58
-33
-74
23
-37
-52
-15
-69
-48
-99
-10
-31
-55
33
-57
-27
-15
-82
-46
-48
-19
-34
-8
-17
-28
-25
-74
-3
-27
-4
42
16
23
5
-1
-21
7
61
-5
50
70
13
4
53
-8
16
37
4
46
3
24
2
-13
8
24
-30
40
33
3
17
17
44
-43
41
5
15
15
24
-3
21
20
8
56
12
40
17
7
47
-2
6
49
17
24
5
47
16
19
57
6
34
32
12
18
29
36
-16
44
17
7
21
11
35
11
36
39
29
8
25
-10
-16
36
6
-8
24
27
-15
-3
13
11
-18
3
22
-31
25
-13
-3
-1
-11
-9
-18
15
11
7
1
32
-22
1
16
4
1
38
-5
-14
13
-28
-15
-6
27
-35
21
-13
-38
-6
-39
-7
3
-3
3
-16
-27
-11
-48
-23
-8
-41
-10
-2
-9
-35
-28
-26
-47
-25
-11
-22
-32
-17
-43
-14
-57
-20
-23
-40
4
-23
-26
-33
8
-49
-18
-22
-17
-15
-31
12
-27
-18
-7
2
-21
-2
7
-20
7
16
-9
-1
25
2
2
6
22
-8
4
31
-13
20
25
-3
15
24
3
11
21
10
36
-12
21
6
-10
21
3
2
8
-11
11
4
15
8
11
19
-10
12
9
-11
18
49
-34
44
21
-7
27
24
9
15
38
10
43
8
14
19
-8
22
23
7
22
13
-4
-7
6
-7
-2
5
-12
-11
-4
-11
-11
7
-8
15
-11
31
-21
-11
21
-30
19
6
-25
-13
-14
-20
0
-13
12
1
4
-1
5
-16
-2
17
-19
5
6
-31
1
15
-27
9
20
-6
10
30
-25
8
31
-33
22
20
-28
2
-3
-24
-4
1
-26
30
0
-28
24
-20
-12
-1
-11
-4
-13
3
8
-17
26
-18
-11
9
-12
1
7
-7
-5
0
-26
-17
9
-29
-8
30
-33
21
5
-20
10
7
-17
3
12
-25
-11
0
-12
-7
20
-6
4
2
-12
8
3
-4
7
-18
-6
14
-17
0
16
-20
-10
4
-19
0
11
-25
25
-23
-16
-7
-29
-3
-7
-9
11
19
-22
2
17
-15
-18
29
-36
17
20
-31
37
-5
-10
14
19
-1
12
28
-13
23
21
-17
33
16
-13
34
1
26
23
-3
20
7
8
-3
40
-22
12
12
-29
13
2
-4
-1
13
-17
9
-26
-6
-15
-16
-9
-12
0
-19
-20
-11
2
-37
16
-15
-1
1
-16
1
-22
-2
-31
-1
-13
-1
-12
-6
-5
-9
-8
-9
9
-6
-4
5
-11
2
-15
-14
1
-3
10
-4
26
-6
-1
6
3
5
26
-5
11
29
-30
19
1
-13
19
6
4
12
17
-14
-5
23
-36
4
13
-21
11
1
-1
3
7
-9
7
8
-1
1
1
-10
-10
10
-20
9
8
-22
15
9
-3
2
17
-7
3
15
-3
9
-3
-4
5
-17
10
15
0
10
17
-4
-1
12
-1
4
-8
15
-15
-3
26
-34
16
5
-16
3
-1
-4
-9
7
-22
-3
-7
-8
-32
7
2
-22
-14
8
16
-42
5
-1
-2
-25
-11
8
1
-42
5
3
-5
-13
8
9
-14
-8
17
-28
19
-3
4
-3
-2
18
-4
-16
46
6
-20
34
17
9
-10
32
8
-2
9
1
25
11
-6
26
21
0
5
33
9
5
23
6
21
10
11
15
20
16
3
33
10
15
22
3
25
19
-1
17
22
3
1
16
10
5
11
6
14
11
-6
6
20
-7
11
3
8
4
-9
8
0
-7
-1
-9
-4
10
-20
-10
-4
-9
-24
-12
5
-30
-7
-20
-22
-20
-15
-37
-2
-30
-38
-11
-36
-32
-18
-29
-45
-3
-38
-33
-13
-27
-38
-19
-15
-43
-14
-21
-34
-19
-17
-28
-21
-13
-19
-20
-4
-20
-12
-12
-13
7
-22
-14
12
-13
-16
14
-2
-14
11
1
-12
14
5
-4
18
10
3
10
21
4
23
17
19
12
45
2
21
42
4
31
28
27
16
31
25
24
26
25
27
26
22
28
25
9
33
19
16
26
19
18
15
23
20
12
14
24
12
15
16
18
3
6
14
1
8
8
11
-5
11
-2
-2
-2
5
-2
-14
5
-5
-20
1
-6
-20
-5
-14
-16
-11
-20
-9
-23
-18
-18
-27
-28
-17
-31
-25
-20
-22
-37
-21
-21
-45
-10
-26
-31
-19
-25
-27
-29
-23
-17
-21
