-3
-5
-5
-5
-5
-4
-5
-3
-4
-3
-2
-2
-2
1
2
4
6
7
9
10
11
13
14
14
16
17
16
17
18
19
19
18
17
17
15
14
14
13
12
10
8
6
4
1
-1
-2
-5
-8
-10
-12
-15
-16
-19
-21
-23
-24
-26
-29
-29
-31
-33
-33
-34
-35
-36
-35
-35
-34
-32
-31
-30
-27
-25
-22
-20
-17
-14
-11
-7
-5
-2
2
5
9
11
15
17
20
23
24
25
27
28
29
29
29
29
28
27
25
24
21
19
17
15
13
12
10
7
5
3
2
-1
-4
-4
-7
-8
-9
-9
-11
-11
-12
-13
-14
-15
-14
-15
-14
-13
-12
-11
-10
-9
-7
-6
-4
-2
0
1
4
6
7
9
12
12
13
14
14
15
16
18
17
17
18
18
17
18
17
15
14
13
12
11
10
9
7
5
3
2
-1
-2
-3
-5
-8
-8
-10
-12
-14
-16
-15
-17
-19
-19
-20
-20
-19
-19
-17
-16
-15
-13
-13
-11
-11
-9
-5
-3
-1
1
3
5
7
7
9
9
10
12
13
14
16
17
16
16
15
15
14
14
14
12
11
10
8
6
5
3
1
-2
-4
-6
-8
-10
-10
-11
-13
-15
-19
-20
-21
-21
-21
-20
-21
-18
-17
-16
-15
-12
-12
-9
-7
-3
-1
2
5
7
9
10
12
12
13
13
13
13
12
12
11
10
8
8
5
4
1
-1
-1
-3
-2
-3
-4
-3
-4
-5
-5
-5
-5
-2
-3
0
1
1
2
3
3
3
4
4
4
3
1
1
0
-1
-3
-4
-5
-7
-6
-8
-7
-9
-10
-9
-9
-6
-6
-6
-4
-4
-3
-3
-1
0
2
4
6
7
7
8
10
10
10
10
8
8
7
6
5
4
3
1
-2
-3
-5
-7
-9
-10
-10
-12
-10
-13
-12
-11
-11
-10
-9
-8
-4
-2
1
4
5
7
9
10
13
12
14
14
15
14
14
13
12
11
9
8
6
3
0
-2
-3
-6
-7
-8
-11
-12
-12
-13
-13
-13
-13
-13
-12
-12
-10
-9
-7
-4
-2
0
3
3
5
5
5
6
6
6
7
9
9
8
6
4
2
0
-1
-2
-2
-4
-5
-6
-7
-7
-8
-6
-6
-6
-5
-4
-1
0
1
2
4
4
5
6
7
7
8
8
7
6
4
2
1
0
-2
-4
-6
-10
-10
-12
-12
-13
-14
-14
-15
-16
-15
-14
-13
-12
-10
-9
-6
-4
1
4
6
10
11
14
17
19
22
23
24
25
25
27
26
25
22
21
18
15
13
12
10
7
5
1
-1
-4
-6
-6
-8
-10
-10
-11
-11
-10
-9
-9
-8
-8
-8
-6
-3
-1
1
4
5
5
6
8
7
6
5
6
4
3
4
5
4
3
2
0
0
-1
-2
-2
-3
0
-1
-1
1
3
5
6
6
10
11
10
12
14
14
14
13
13
12
9
9
9
6
3
0
-1
-6
-10
-13
-16
-22
-25
-25
-25
-27
-28
-28
-26
-27
-26
-25
-23
-22
-20
-17
-13
-9
-5
-1
4
5
7
10
12
13
13
15
14
12
14
18
15
15
16
12
9
6
6
6
1
-1
-1
-6
-7
-5
-6
-6
-6
-7
-6
-5
-6
-6
-6
-4
-6
-9
-8
-7
-5
-7
-6
-2
-5
-7
-4
-4
-5
-5
-7
-6
-7
-8
-4
-2
0
1
-3
1
3
1
2
5
7
4
4
9
11
11
15
14
14
14
12
14
16
16
15
10
12
13
7
9
14
9
5
4
5
3
-3
-2
-2
-9
-11
-13
-14
-10
-14
-15
-15
-17
-16
-20
-18
-11
-17
-19
-15
-14
-13
-10
-4
1
-2
-1
7
2
5
11
9
9
10
9
10
11
15
18
10
12
9
4
8
7
6
5
1
-2
-8
-4
2
-6
-6
-1
-9
-16
-11
-8
-7
-12
-8
-5
-16
-12
-6
-5
-3
-3
-1
-1
-6
-7
-5
-5
-4
-9
-10
-5
-5
-3
-4
1
5
-6
-8
1
-6
-7
-2
-3
-1
0
5
10
10
17
11
10
26
26
17
27
33
16
12
17
21
13
11
21
5
-12
-11
-14
-13
-17
-27
-37
-43
-50
-44
-37
-18
-15
-27
-6
-2
-24
-14
8
-5
-18
-9
14
-7
-11
15
19
10
-3
15
30
-2
0
28
18
4
-5
2
14
-10
-9
9
6
6
-6
3
19
11
-15
0
20
7
15
40
52
48
37
56
56
30
41
53
29
32
13
-12
-5
-17
-5
1
-5
-2
-21
-42
-31
-10
-5
-11
-5
-29
-36
-37
-29
4
17
13
1
-1
17
-38
-48
15
4
-22
-12
21
8
-46
-14
47
-10
4
36
30
14
2
9
19
12
1
15
34
42
-6
-7
24
3
-41
27
9
-38
-6
-26
-19
-1
-23
13
17
-20
8
-16
-37
7
-69
23
19
-31
21
-4
11
11
32
83
34
35
55
-36
-23
8
9
-10
-15
33
-16
-9
-43
-6
-7
-74
-10
-20
-58
-58
-96
-71
-37
-95
-22
33
49
7
53
107
42
4
61
102
44
-20
69
97
-25
17
50
108
37
11
42
27
10
-42
-69
-3
-64
-89
-121
-40
2
-110
-61
48
19
0
24
73
89
3
58
81
54
94
42
55
146
68
41
45
101
44
-14
36
5
3
-70
-110
-36
-29
-8
-77
-21
143
-94
-42
87
29
74
-22
39
110
-21
-52
-14
39
46
-106
18
73
17
-145
54
84
-91
-30
30
-8
-51
-39
1
-18
-34
-34
-3
-18
6
-121
-73
40
-121
-102
-5
27
-49
-146
-7
-24
-167
-46
19
-3
-49
-62
47
-82
-128
-18
-56
0
66
-63
39
10
1
-43
-34
64
5
-83
0
9
-91
-80
-36
-54
-49
-43
-109
-12
-16
-86
-54
1
-3
-50
-136
31
-43
-107
32
13
-10
64
-64
-9
136
-45
22
86
103
-27
-13
20
107
-133
37
127
-22
48
107
-18
75
8
-82
-3
74
-7
-86
102
14
-45
-24
40
122
-87
73
162
-45
1
12
-24
-105
-16
53
-53
-77
13
44
-128
-110
163
43
-176
227
58
-33
130
-28
98
-19
13
168
-177
167
105
-222
84
-11
-62
-62
84
115
-150
33
178
-187
-93
218
-131
-79
148
14
-51
-124
117
74
-213
134
104
-67
-22
-24
29
-78
-39
15
-159
60
-27
-105
10
-60
100
-149
-22
176
-100
-82
63
-49
129
-70
11
260
-95
43
93
-35
115
-189
-66
125
-125
-90
-19
17
24
-275
23
120
-123
-39
83
70
-102
-109
20
48
-167
39
94
68
-17
26
84
-24
13
-131
74
127
-126
-89
-18
-80
-108
-175
56
-114
-116
84
-203
-123
-12
9
-185
-179
187
69
-369
95
134
8
-24
7
242
143
-167
137
91
27
60
-189
144
66
-168
-12
32
83
1
-241
210
31
-100
-73
46
50
-31
-98
128
34
23
104
115
152
125
170
102
158
7
73
36
11
5
11
-6
175
-135
57
156
-15
-49
-19
146
66
-162
94
206
-68
53
126
126
93
138
148
205
-64
193
-24
-82
190
-137
-136
101
-190
-10
-210
-78
98
-215
-73
121
-89
21
-98
-26
223
-159
-64
137
20
97
-131
79
289
-222
-70
22
103
-98
-246
218
36
-195
-68
100
10
-140
-49
171
-188
-54
-80
-106
-77
-52
-129
63
54
-99
4
143
4
-72
-18
198
-95
-55
123
38
-178
-48
36
-140
-130
61
-88
-5
-102
-166
102
-275
-53
-38
-11
18
-296
121
43
-275
30
75
-85
29
-79
-12
-108
8
11
-145
50
34
63
-136
63
53
-217
61
-21
-162
170
-133
-169
151
-266
-64
9
-13
35
15
152
41
-94
-110
286
-33
-141
213
126
-138
137
24
31
37
19
369
-255
159
244
-143
-189
232
40
6
-168
402
47
-217
220
261
-283
-16
251
-74
50
-114
190
3
-108
137
-288
177
183
-348
34
168
-17
-173
-58
347
-90
-130
133
250
-91
-141
242
87
-116
-68
198
-67
-208
92
-112
-156
-57
43
-161
-97
-12
-129
-236
97
12
-101
-39
232
87
-204
266
157
-115
44
265
9
-33
184
55
-140
23
121
15
-96
17
213
-102
-197
169
4
-75
-35
-142
348
-124
-272
332
5
-25
-170
176
284
-382
95
23
181
-227
-187
436
63
-188
-21
121
164
-368
-85
399
3
-268
-86
420
-184
-254
191
-69
232
-225
-24
230
-8
-158
-82
35
194
-350
173
33
-58
35
-240
249
-173
-238
109
-55
-140
57
-271
156
-58
-254
-25
185
-47
-316
156
8
-39
31
-115
306
-50
-157
183
-82
73
-5
-72
-60
-109
208
-236
-94
238
-117
-49
-102
22
91
-349
0
126
-454
148
-12
-199
283
-133
155
9
-68
66
-75
-20
141
-142
94
67
-17
-76
145
111
30
139
-46
54
54
-187
-86
-10
-12
58
-278
-5
287
-307
37
133
8
256
-218
26
267
-149
-59
126
107
-7
-56
225
32
2
-12
300
90
-133
264
39
-149
138
-118
115
-17
35
100
-51
53
102
-50
107
-5
55
202
-180
6
147
-51
-153
14
14
-11
-203
-77
235
-218
96
65
-140
174
-177
-68
154
-226
227
-164
-151
176
-15
-199
172
-144
82
22
-68
2
114
-155
18
-226
20
-19
-114
-131
81
128
-334
135
140
-269
-77
186
-107
-75
-94
194
-315
-11
-62
-85
40
-131
34
-70
-85
157
-95
-51
240
113
-244
235
193
-122
120
21
43
186
-495
315
33
-347
291
35
-102
-45
323
-102
-35
263
171
-67
-158
411
125
-487
292
241
-81
-22
197
315
-211
273
-68
118
355
-357
396
-75
155
189
-417
477
225
-388
227
61
403
-396
-38
673
-408
32
264
-19
131
-230
234
342
-698
544
354
-572
343
93
-89
66
-212
231
-40
-194
268
-104
-179
196
-104
-51
-52
133
-75
48
-74
177
-6
-116
36
127
-121
-75
150
-170
135
186
-317
259
209
-212
-41
115
67
-144
-277
77
-111
-322
117
-85
-12
-58
-91
-196
-79
118
-33
-275
472
-179
-246
123
-126
-35
-50
-124
279
-20
-41
42
-98
164
-199
-74
318
-25
-320
97
36
-57
-302
186
101
-212
-15
38
-155
-189
-40
-80
-60
-45
93
-166
68
-135
139
-110
-74
324
-136
-130
247
4
-340
264
-42
-118
76
91
96
-203
-90
319
-469
36
169
-210
-51
28
31
-139
-194
164
-29
-167
107
-159
55
8
-131
-57
-62
178
-76
-280
317
33
-197
77
-192
349
-257
-43
219
-206
-180
88
-75
-183
-20
38
-58
177
-4
-82
217
-192
33
-251
-28
463
-496
33
272
-266
118
-111
-123
421
-230
-55
202
-86
54
-234
12
137
-132
-235
152
194
-414
-18
445
-303
-115
165
102
-88
-303
378
144
-390
-43
503
-257
-275
83
410
-143
-248
308
49
-197
-182
101
180
-314
58
92
-227
301
-423
225
218
-472
209
190
-45
-23
-98
351
-84
-309
488
-37
-119
-139
268
9
-297
251
297
-426
58
180
-73
-242
303
106
-156
-257
238
200
-534
260
365
-134
-260
301
-63
-11
42
176
260
-165
80
40
-82
-137
219
99
-25
56
-126
107
-128
-220
263
-173
301
-60
-142
281
-95
-244
82
-64
183
8
-72
410
-158
13
12
-37
111
245
-187
418
-119
-53
23
-144
91
-122
24
303
90
-69
148
-185
461
-481
69
507
2
-202
38
207
-92
-141
95
532
-293
-9
362
46
-282
149
81
28
-150
80
126
83
-421
188
200
-248
185
64
-85
196
-258
345
-115
15
231
-275
58
-94
138
238
-114
122
34
-223
116
-132
146
151
-16
-171
-105
-152
59
109
-68
406
-391
93
-176
-130
428
-270
83
238
-445
77
-451
399
91
-292
189
232
-152
-329
353
232
-481
183
181
-331
-69
-254
504
-332
-538
595
-286
-310
198
-92
115
-38
-136
179
-351
163
87
-313
435
-167
155
-89
-19
-191
-131
332
-44
-494
297
-23
-370
-187
185
419
-740
124
229
-325
99
-78
85
37
-445
-109
109
-41
-103
40
54
-195
-262
84
18
80
-335
184
-74
-267
233
-261
100
176
-541
133
348
-271
-239
263
75
-249
-379
428
388
-565
-141
531
-50
-335
63
331
35
-409
-4
128
-180
-74
-19
64
76
-221
-243
201
-46
-86
52
-95
432
-532
-161
353
-216
-169
114
317
-130
-271
357
-114
64
110
-203
430
-231
238
-88
-138
367
-136
-89
293
50
156
-18
-34
220
-221
-77
265
-146
159
-118
-54
197
-417
108
200
14
162
-191
434
-357
-378
462
-96
46
71
195
5
-491
280
295
-325
136
532
-115
-528
233
656
-599
129
254
-51
37
-143
512
-252
-89
290
-245
-24
-61
355
-368
-202
230
-477
448
18
-437
615
-459
67
-259
245
770
-1086
347
407
-413
-349
263
668
-491
-478
904
-179
-541
238
735
-492
-127
682
-403
-298
228
300
76
-676
875
79
-834
365
152
-42
-182
45
327
-413
205
-144
123
211
-503
293
436
-372
-123
349
157
-270
-502
914
4
-891
309
685
-772
22
345
289
-658
214
561
-764
154
240
4
107
-212
161
228
-627
499
-193
-99
428
-714
151
454
-549
-122
204
309
-723
-11
816
-456
-179
370
5
24
-535
825
112
-645
543
99
-64
-340
342
314
-528
209
309
-295
4
-29
127
-159
-200
391
29
-461
-38
513
-549
-400
325
-111
-149
79
-200
327
-476
-25
237
-654
443
176
-559
285
99
-259
-170
-68
372
-450
217
236
-399
-98
-17
-19
-142
98
-80
-20
-385
470
-731
52
505
-276
-262
120
-86
47
-546
-6
398
-432
-72
150
100
-347
-182
299
-142
-317
435
0
-193
-217
58
287
-380
-89
365
-457
24
183
-146
317
-263
-76
256
-206
41
-53
-44
168
-516
324
207
-412
327
-8
-423
-176
361
92
-55
-4
82
-131
-490
124
102
327
117
-721
749
53
-718
306
276
17
-133
-50
394
-295
-257
510
-81
-310
473
339
-632
87
344
-35
-287
170
366
-131
-366
85
304
-147
-191
278
37
-79
28
-53
209
136
-282
60
561
-365
29
350
30
31
-242
329
77
-211
362
-114
341
-107
-111
84
118
274
-41
186
-105
227
-183
-162
692
-615
439
277
-729
858
-560
23
896
-955
351
484
-514
371
155
-138
147
-92
428
-214
-49
411
154
-450
256
170
-339
505
-24
-319
366
197
-167
-465
438
620
-1124
502
806
-997
72
791
-448
-250
28
456
-82
-704
934
122
-714
280
312
-496
28
558
12
-188
59
297
-86
-811
1161
-117
-669
417
135
-175
-432
614
26
-654
634
-54
-413
285
129
-257
-161
714
-245
-1075
1200
-26
-1241
938
179
-295
-534
175
647
-1106
276
1012
-1145
7
475
-449
-190
362
245
-640
70
589
-924
-150
853
-462
-227
-17
466
-279
-754
1365
-640
-787
1242
-493
-475
574
-72
-289
-49
390
9
-747
616
520
-992
-76
1373
-640
-893
1300
-66
-1030
271
771
-300
-786
1019
212
-1220
794
374
-992
316
493
32
-993
169
1448
-1791
-90
1258
-638
-247
-38
832
-805
-292
923
-625
-128
154
283
-260
-786
1259
-713
-668
1184
-207
-756
569
195
-254
-550
427
470
-785
-475
1243
-904
-487
695
-341
64
-162
85
214
-713
534
177
-834
477
559
-912
554
-195
-334
629
-654
491
26
-320
595
-639
76
670
-875
615
-90
-228
16
187
-11
-396
297
194
-509
38
383
-210
-402
491
-224
-282
301
-310
58
43
264
-291
-182
608
-236
-810
1129
-277
-438
347
184
-100
-418
173
201
-331
11
422
-34
-183
161
-350
322
86
-807
1056
-471
79
204
-550
633
-527
-116
442
-73
340
-496
355
-115
-168
114
33
-4
154
387
-597
207
498
-397
-177
436
298
-172
-393
778
-43
-641
375
397
-171
105
81
304
-301
219
-64
113
562
-450
194
114
-198
24
-129
578
21
-382
663
-612
446
-426
12
917
-1028
528
266
-605
535
-695
874
-430
-265
1096
-888
144
99
-118
6
-247
735
-658
-35
416
-114
-233
151
581
-763
279
194
-427
325
-39
-231
69
343
-221
-108
125
207
75
-604
747
113
-854
882
-348
-279
623
-310
146
-329
428
77
-415
243
554
-511
-195
857
-820
308
326
-499
552
-282
-47
363
-676
776
-113
-761
1215
-694
-393
809
-724
211
13
1
102
-510
574
-433
-297
581
-392
52
109
-103
205
-557
628
-142
-913
1134
-400
-502
870
-888
407
-119
-263
525
-328
25
117
-418
88
-46
-197
108
-282
196
-249
78
-252
-97
347
-486
163
182
-690
617
-436
-190
343
-21
-360
96
409
-315
-223
335
121
-434
24
429
-371
-280
427
-73
-539
457
147
-751
578
67
-462
183
-74
315
-601
369
281
-891
441
276
-453
-112
598
-452
-170
102
162
-346
-93
772
-644
-60
451
-588
437
-220
15
365
-513
460
-424
142
177
-251
233
28
-43
45
-13
-228
565
-437
179
542
-559
566
-403
157
288
-795
741
-14
-388
676
-399
78
83
-136
229
-182
557
-418
180
357
-671
571
-645
385
-74
-653
783
-518
195
167
-632
433
-8
-597
445
55
-101
-82
122
-52
-498
278
-29
-346
253
144
-135
-274
190
-95
-495
652
-333
-304
355
-85
-308
-227
732
-533
-29
399
-112
-208
92
268
-404
182
40
-306
244
-75
24
-138
128
26
-206
54
-15
86
-398
353
-190
51
154
-170
-66
233
-263
57
477
-137
144
117
-31
26
-228
319
-28
-261
412
-295
154
82
-123
132
-44
122
-132
168
236
11
-41
84
143
-245
35
210
76
63
181
52
-40
51
-78
174
-54
119
13
-254
323
-238
-9
247
-81
56
310
-294
266
-121
-223
308
-393
154
173
-183
-16
-40
91
43
-160
169
298
-366
-4
316
-231
-41
40
115
-157
-79
120
67
-228
-21
242
-176
201
-172
-38
476
-474
53
237
-130
-22
13
247
74
-83
94
54
100
-196
228
71
-238
188
-162
211
-142
-165
204
-224
111
-90
-133
240
-326
122
46
-410
328
-365
-6
204
-317
49
7
-152
-114
62
60
-278
-34
-26
-9
-228
-5
94
-172
-42
-53
89
3
-156
69
-86
192
-148
-142
271
-228
-42
34
-104
224
-120
146
201
-188
2
-37
79
101
201
363
-50
114
79
-173
187
-108
352
17
-11
77
-428
-150
-184
-127
90
-17
11
-8
-245
-270
-29
-164
153
-48
52
205
-175
86
-213
-202
47
23
79
12
197
-116
-202
63
-135
-75
46
115
170
17
115
-70
-102
-89
-15
149
128
239
-117
-12
59
-33
11
64
132
214
-22
144
151
-128
32
-7
180
71
94
173
-123
119
-59
-70
99
115
116
-26
209
257
-251
88
147
-112
105
100
205
-77
-76
-11
-71
-170
-223
-150
-253
-41
-412
-452
-174
-627
-584
-294
-543
-486
-687
-614
-518
-626
-753
-750
-449
-568
-511
16
-76
-170
-285
-34
113
122
419
502
541
440
534
699
630
644
823
834
976
987
808
859
494
503
506
447
476
271
278
151
131
86
31
38
-87
-17
25
127
200
39
107
190
131
216
440
506
465
721
653
644
667
519
627
562
668
513
398
220
46
-52
-315
-210
-328
-584
-739
-806
-999
-1227
-1353
-1392
-1370
-1650
-1836
-1672
-1972
-2238
-2189
-2129
-2060
-1946
-1299
-773
-943
-965
-1266
-1233
-507
-96
457
903
966
636
470
818
1144
1349
1647
2208
2209
2050
2106
1547
1062
973
1147
1596
1600
1244
630
105
-190
-438
-429
-177
-148
-468
-511
-627
-1099
-1193
-1400
-1214
-502
-228
6
-4
-502
-520
-267
164
775
953
1168
1391
1353
1143
1177
1151
1210
1542
1878
2087
1893
1313
796
529
604
834
778
752
528
50
-310
-580
-761
-1078
-1075
-602
-698
-1010
-1260
-1765
-2049
-1873
-1648
-1197
-1233
-1366
-1729
-1801
-1746
-1711
-1545
-1669
-1260
-1616
-1643
-1562
-2176
-1565
-1176
-393
263
-675
-730
-1399
-740
140
823
1238
973
521
96
497
965
1653
1940
1794
2126
2190
2082
1737
1024
1243
1388
2056
2197
1436
464
-22
-420
-112
335
416
241
-482
-1041
-1096
-1303
-1165
-1219
-1365
-737
-439
-606
-956
-1299
-1294
-586
146
723
915
606
447
197
595
1054
1352
1707
1862
1920
1806
1627
1233
1107
1310
1762
1912
1547
1030
537
96
272
497
477
224
-249
-448
-667
-820
-853
-1067
-1221
-1321
-1202
-1404
-1691
-1882
-2412
-1884
-1923
-1774
-1577
-2238
-2121
-2519
-2552
-2029
-2187
-1747
-629
-416
-551
-1448
-2042
-1597
-419
940
2133
1338
420
-303
-610
806
2150
3002
3007
2203
1532
1740
1565
1878
2021
2046
2711
2596
1746
685
-346
-261
450
1030
1287
787
-672
-1810
-2127
-1395
-379
-431
-656
-1317
-1807
-1557
-1547
-1426
-1049
-627
-72
287
93
-127
-458
-291
605
1379
1894
1984
1297
789
1061
1653
2243
2323
1979
1686
1269
1265
1329
1206
1319
1060
882
591
157
-186
-478
-433
-206
-180
-550
-1204
-1748
-1972
-1613
-1352
-1129
-1559
-2307
-2344
-2850
-2019
-2515
-2169
-2380
-2735
-2192
-2241
-1770
-1630
-1300
-1178
-1402
-1351
-910
-278
-6
371
626
258
674
454
1279
1768
2344
2739
2337
2076
2298
2464
2669
2815
2695
2640
2338
1765
1614
1235
1277
1465
881
719
186
-202
-663
-980
-825
-613
-886
-1384
-1762
-2001
-1705
-1591
-1451
-1243
-1218
-1248
-1072
-923
-645
-362
-208
163
201
479
772
702
962
1330
1463
1721
1569
1288
1312
1325
1501
1676
1429
1209
799
493
498
443
480
317
-9
-327
-632
-736
-934
-1114
-1104
-1285
-1312
-1466
-1707
-2099
-1981
-1995
-1904
-1820
-2077
-2301
-2783
-2680
-2519
-1932
-1512
-1185
-1140
-1890
-2126
-2166
-1278
-96
315
560
-200
-825
-835
-5
1226
2325
2549
2058
1521
1216
2120
2846
3366
3677
3257
2866
2354
2075
2222
2469
2768
2713
2233
1427
705
222
271
593
873
633
-407
-1451
-1981
-1818
-1197
-869
-980
-1473
-1995
-2234
-1922
-1431
-884
-820
-990
-1119
-1106
-824
-497
74
306
689
530
394
395
473
1065
1309
1494
1326
836
467
492
828
1040
1073
654
250
-279
-173
9
11
129
-390
-788
-1047
-1232
-1089
-1113
-1078
-1243
-1555
-1733
-2093
-2051
-2153
-1968
-1975
-2299
-2030
-2053
-1356
-1167
-1742
-2310
-2406
-1398
-632
208
136
-641
-1448
-1414
-185
1319
2439
2129
1090
375
786
2283
3324
3792
3319
2607
2222
2260
2727
3163
3427
3068
2573
1998
1683
1583
1311
1239
1359
1355
815
-226
-1037
-1137
-554
-179
-168
-733
-1601
-2301
-2219
-1358
-502
-373
-1023
-1759
-2071
-1643
-871
-113
136
-109
-466
-730
-486
-39
458
672
747
465
122
3
140
518
907
929
711
205
-183
-139
225
573
654
101
-435
-723
-748
-328
-366
-105
-838
-1188
-1519
-1439
-1343
-1316
-1236
-1688
-1896
-2092
-1696
-954
-1152
-1365
-2315
-2231
-1734
-1259
-469
-338
-827
-1921
-1904
-1116
332
1073
1157
535
-326
1
965
2102
3002
2761
2140
1623
1726
2312
3202
3560
3503
2591
2014
2087
2267
2554
2599
2341
1968
1193
680
724
886
1005
724
200
-172
-791
-1108
-811
-589
-446
-794
-1430
-1591
-1804
-1651
-1250
-864
-785
-1177
-1447
-1502
-1335
-1106
-597
-382
-532
-877
-1131
-957
-599
-192
104
-2
-191
-550
-524
71
351
393
218
14
-110
-59
187
565
407
12
-127
-176
-67
-5
-139
-236
-577
-726
-709
-844
-646
-472
-689
-973
-1410
-1588
-1545
-1461
-826
-622
-1239
-1606
-2011
-1816
-959
-279
267
-2
-608
-890
-520
434
1418
1787
1673
1206
901
1092
1886
2532
2916
2649
2163
1838
1829
2342
2611
2776
2556
1780
1278
1244
1455
1697
1555
1152
541
-144
-288
26
209
228
-288
-915
-1328
-1360
-1065
-787
-731
-1024
-1397
-1694
-1571
-1384
-1216
-1070
-1110
-1200
-1410
-1400
-1181
-1113
-860
-773
-647
-632
-740
-603
-382
-13
180
296
162
42
141
416
686
806
898
763
613
649
843
961
1061
1056
838
556
417
253
112
47
56
-63
-642
-892
-911
-1044
-1106
-927
-1043
-1486
-1827
-1709
-1514
-1375
-1351
-1268
-1479
-1636
-1226
-821
-413
-211
-103
-48
11
423
837
1102
1205
1302
1317
1336
1542
1725
1915
1841
1783
1706
1612
1586
1525
1389
1212
919
654
562
404
368
334
177
-149
-459
-502
-432
-375
-341
-554
-856
-1062
-1051
-968
-812
-773
-841
-991
-1126
-1052
-885
-731
-632
-632
-580
-541
-498
-381
-313
-148
26
155
205
322
461
560
658
803
897
950
1081
1188
1144
1088
1099
1096
1139
1232
1167
1036
964
864
710
638
666
577
207
33
51
-101
-344
-441
-528
-757
-860
-879
-955
-1137
-1184
-1260
-1351
-1359
-1225
-1161
-1252
-1247
-1070
-1016
-979
-869
-750
-601
-456
-300
-293
-284
-181
-40
203
359
491
476
347
292
381
535
663
539
443
298
126
113
98
79
-50
-68
-167
-370
-520
-589
-602
-683
-681
-731
-827
-922
-978
-918
-917
-864
-821
-798
-723
-659
-499
-377
-313
-227
-71
53
242
405
508
689
797
938
1081
1170
1429
1599
1686
1700
1700
1663
1689
1750
1880
1918
1740
1562
1421
1336
1335
1400
1304
1091
815
601
505
423
348
193
-30
-162
-331
-477
-565
-690
-796
-854
-825
-836
-834
-956
-958
-877
-865
-754
-745
-725
-653
-527
-464
-384
-336
-385
-335
-176
23
127
68
-16
-134
-159
-42
48
112
2
-192
-365
-413
-438
-465
-485
-503
-618
-800
-894
-952
-963
-955
-923
-991
-1067
-1144
-1199
-1157
-1122
-1064
-1112
-1064
-1007
-951
-840
-798
-723
-745
-607
-437
-246
-59
-76
-5
94
260
444
676
803
878
945
997
1149
1218
1247
1357
1404
1517
1546
1470
1365
1325
1347
1355
1454
1431
1297
1098
940
924
913
912
876
678
535
397
334
281
218
122
55
44
-30
-86
-90
-119
-145
-184
-148
-133
-147
-105
-102
-95
-116
-89
-107
-11
47
67
63
15
-5
-45
-41
32
16
-47
-126
-263
-346
-360
-370
-357
-418
-469
-590
-754
-812
-822
-734
-761
-793
-942
-1093
-1081
-1059
-953
-936
-1001
-1034
-1088
-1055
-929
-826
-790
-804
-870
-804
-652
-468
-372
-338
-342
-271
-116
64
231
282
344
351
391
515
689
781
828
881
797
780
765
826
830
912
976
913
868
724
668
627
729
762
765
707
567
459
388
358
320
298
246
170
45
45
-11
-41
-40
-71
-55
-80
-76
-87
-110
-104
-118
-107
-61
-36
33
5
16
-8
39
67
71
157
149
120
42
9
-102
-103
-88
-87
-49
-103
-156
-288
-385
-404
-364
-263
-262
-397
-532
-622
-637
-585
-500
-452
-515
-636
-678
-643
-568
-439
-402
-416
-475
-429
-352
-269
-187
-185
-160
-127
-23
80
180
188
240
199
204
277
366
401
378
365
320
303
302
332
401
351
343
328
310
310
267
324
341
363
315
286
249
183
169
231
222
198
148
115
36
6
36
50
85
26
9
-41
-68
-20
-15
-10
-13
-1
22
63
58
23
31
-5
74
159
182
106
64
18
-42
21
71
78
9
-27
-67
-94
-79
-119
-155
-179
-191
-195
-205
-255
-354
-371
-388
-364
-351
-371
-411
-454
-480
-459
-374
-360
-338
-356
-344
-282
-234
-140
-104
-80
-74
-37
23
89
159
190
213
252
276
310
368
402
380
326
341
341
351
347
359
312
253
215
230
246
201
197
149
94
27
63
90
28
-1
-50
-93
-107
-78
-97
-146
-192
-214
-217
-207
-164
-201
-196
-211
-197
-166
-156
-129
-121
-109
-70
-13
4
-29
-51
11
41
59
82
128
95
61
53
30
17
-15
-52
-33
19
7
-64
-128
-188
-213
-183
-108
-82
-158
-224
-287
-360
-398
-375
-325
-379
-357
-333
-297
-283
-346
-396
-346
-256
-191
-69
-24
-47
-94
-68
16
113
246
357
417
423
428
438
449
475
560
634
704
674
629
539
511
499
500
597
616
576
471
447
411
324
254
271
280
231
197
152
72
-46
-104
-153
-142
-158
-165
-113
-151
-247
-359
-374
-355
-334
-246
-185
-203
-285
-366
-393
-356
-274
-221
-146
-121
-188
-244
-279
-317
-336
-255
-133
-109
-143
-172
-264
-368
-387
-275
-160
-168
-197
-252
-317
-393
-354
-291
-243
-250
-254
-252
-258
-281
-278
-281
-211
-139
-130
-102
-95
-61
-61
-24
97
150
171
211
251
278
291
343
395
430
452
474
529
567
520
479
487
514
532
544
589
587
516
480
449
463
437
441
443
424
393
315
242
251
258
215
199
204
113
38
15
17
-40
-60
-4
-59
-116
-174
-177
-162
-188
-207
-165
-154
-169
-252
-254
-235
-250
-223
-230
-184
-218
-271
-223
-185
-189
-174
-225
-230
-264
-293
-274
-273
-248
-241
-329
-323
-323
-360
-396
-360
-238
-276
-333
-356
-361
-372
-369
-283
-216
-215
-227
-246
-186
-167
-118
-39
41
-13
-69
8
88
93
92
265
334
282
295
378
343
276
304
367
425
409
454
434
385
325
294
318
321
349
360
388
331
234
228
159
103
109
224
205
156
135
105
37
-8
30
-10
9
15
9
-15
-58
-87
-108
-127
-86
-37
-100
-141
-166
-160
-162
-158
-111
-122
-168
-147
-138
-163
-169
-178
-121
-89
-99
-76
-100
-135
-180
-183
-93
-69
-126
-137
-160
-178
-166
-184
-142
-165
-215
-197
-167
-119
-155
-123
-160
-214
-213
-195
-141
-178
-162
-167
-134
-142
-182
-194
-128
-115
-74
-46
21
-28
-75
-25
66
84
84
99
109
99
49
135
207
228
189
191
223
202
170
187
203
211
257
212
234
207
209
177
127
168
159
153
122
97
35
22
-13
-44
-11
-15
-7
-69
-131
-82
-75
-62
-83
-85
-82
-161
-140
-92
-32
-51
-89
-94
-62
-66
-81
-63
-23
4
-103
-41
13
15
-54
-37
8
-2
-67
-82
1
-14
-25
49
174
160
45
-18
16
-39
-92
38
182
108
37
49
57
-49
-121
15
127
88
63
153
109
-16
-130
-68
-5
-10
50
158
198
87
-85
-78
-60
-55
-95
52
116
37
-91
-98
-51
-50
-101
-57
-4
19
-37
-54
-14
-1
-43
-77
36
25
-18
-7
-5
-1
-66
-16
58
19
0
-8
-15
-89
-75
26
57
38
62
54
5
-22
-21
8
-58
-95
-59
-90
-85
-32
-11
14
-66
-34
0
49
80
145
137
55
-101
-147
-236
-242
-167
-71
-14
20
41
6
28
101
184
208
308
299
208
56
30
30
29
75
149
225
179
55
40
134
210
201
201
222
78
-48
-88
-18
37
35
126
168
144
3
-45
-44
-70
-76
-120
-28
-69
-155
-230
-199
-156
-198
-271
-115
62
15
-68
-97
-84
-240
-278
-199
-53
-72
-186
-224
-194
-253
-272
-161
58
171
106
96
78
-68
-246
-200
-14
87
16
-30
7
-79
-226
-241
-101
24
48
-30
91
114
-35
-181
-199
-109
-98
-142
-60
79
78
25
7
27
119
-6
9
69
160
183
147
139
167
117
133
104
267
283
307
319
420
481
320
198
118
86
-58
-37
62
182
56
53
104
184
53
0
-34
11
-107
-123
51
227
120
-26
-46
-66
-249
-303
-91
134
91
42
131
19
-101
-225
-145
-84
-54
-35
54
114
56
-104
-206
-224
-230
-207
17
83
96
-59
-61
-93
-184
-177
-82
37
21
63
116
40
-131
-225
-91
21
-17
-39
33
-48
-102
-139
-74
-31
-80
-35
-29
-101
-93
-93
-96
-127
-148
-99
-222
-304
-323
-68
340
623
567
413
236
-32
-299
-246
106
457
490
386
387
173
-125
-348
-77
233
370
344
480
408
-54
-427
-503
-278
-146
-18
334
509
369
109
-169
-147
-220
-53
65
91
75
114
46
-117
-103
80
77
91
48
174
21
-97
-231
-312
-336
-151
-203
-282
-303
-99
-202
-194
-166
4
165
-47
-20
73
12
-67
-360
-212
189
264
214
221
229
96
-149
-229
104
274
332
130
149
255
70
-216
-127
37
118
-81
9
63
48
-37
-64
-122
-138
-146
-180
28
-17
-47
-72
-176
-157
-98
41
178
8
121
158
20
-4
0
84
4
-10
107
139
99
62
87
131
99
77
32
15
-31
-88
-67
-196
-254
-151
-65
-139
-134
36
89
-248
-317
-79
-42
-163
-276
-53
-101
-219
-242
-145
-150
-66
-57
-81
-79
52
92
-54
-141
187
-81
-345
-108
86
172
78
158
-6
-206
-271
120
-141
141
259
202
-52
-117
0
149
-62
-18
104
208
251
-177
91
369
133
190
-48
116
73
-212
52
-14
267
350
135
176
78
136
-128
-160
-29
402
423
213
129
157
-159
-289
-42
55
181
395
368
77
92
186
-158
-534
-124
345
148
-89
41
54
58
-335
-107
-133
-96
-172
-391
-8
249
-44
-129
-500
-249
-310
-331
-2
33
195
-28
-244
-185
-217
-192
-296
-370
-19
-137
-295
-171
-193
191
-87
-92
-186
-252
-497
-220
-151
138
276
203
-221
-138
-388
37
-72
-183
489
249
180
73
225
132
54
-482
190
99
278
338
244
375
213
-188
-33
-14
393
90
-55
354
300
155
243
233
397
64
-159
464
-51
298
354
686
496
-54
282
333
-38
-604
-97
847
410
548
-56
326
108
-930
-563
202
746
659
-390
425
-217
-8
-541
-303
-160
-55
132
300
48
487
39
-586
-859
-635
19
204
379
23
-49
-477
-141
-742
-263
-313
458
-287
-157
130
25
-370
-885
-722
164
-276
83
107
142
-123
-700
-202
-443
203
-98
157
-162
-147
-220
-67
-128
286
-161
565
-284
18
-53
347
427
-96
265
464
65
-113
15
-151
362
-101
562
-49
521
153
-130
-293
205
-24
297
94
590
250
-42
151
194
-238
372
460
155
76
-24
734
-40
547
39
66
112
-41
340
139
326
916
-502
161
-56
61
134
-589
32
163
-16
186
-129
92
-21
-816
-1
-405
211
-145
398
-183
114
-210
-155
-65
-241
-8
-72
162
-218
-78
-399
77
-120
-334
159
-46
-278
-289
-683
19
-106
-172
-224
-306
-284
-480
-620
-711
40
-10
-368
-459
-110
516
-471
-626
264
441
-87
-499
393
571
14
-226
-63
-124
54
-126
-86
257
714
-195
-364
-16
306
19
259
192
218
-318
16
42
-297
445
480
4
307
265
-211
-59
-212
348
-18
576
241
422
-505
-236
-128
-410
393
534
99
303
-374
186
48
-276
49
21
162
46
43
185
323
-66
-218
-345
621
244
-296
20
206
469
-546
-34
176
339
-746
-128
52
81
-294
108
-167
274
-110
-497
-324
-428
513
-216
-427
17
280
-560
60
-649
814
-322
357
-276
-11
227
-73
12
-521
299
229
126
-352
2
84
227
-206
264
-222
902
-468
14
-207
222
497
-543
12
424
232
106
-210
-71
174
-136
183
-109
944
19
130
-456
-150
388
-289
-189
479
510
144
-362
-16
624
-403
-141
-264
598
264
145
-125
419
9
-343
-262
70
721
66
84
-140
51
-106
-30
-213
2
47
-270
-288
-113
-112
109
-433
157
-161
-217
-153
-292
74
26
-210
54
-95
-248
-62
-552
237
-41
33
-160
-114
-319
-59
-468
43
-308
170
-150
5
-429
-468
271
-734
420
526
-231
-269
-32
118
122
-753
789
51
199
-123
-97
404
9
331
27
-426
578
626
-316
194
195
586
-19
-594
649
666
-490
161
254
227
-338
48
288
265
-755
549
-39
-109
-13
-105
599
-325
195
177
-125
10
-54
348
-91
-29
652
-419
618
-336
125
-47
-209
484
-191
294
352
-71
145
-401
61
-36
-165
223
169
131
348
-687
-374
113
-457
204
-407
524
-308
-477
-12
-310
-129
-427
-271
261
-345
207
-233
-157
126
-582
-84
-356
211
-69
-237
-67
-179
238
-235
-702
211
96
-50
-120
-633
247
144
-107
-133
-50
33
38
-321
-218
440
40
52
189
-405
232
49
332
-12
135
151
8
-41
129
576
-66
292
-67
28
64
-69
-107
530
-269
217
-43
489
103
-271
4
-100
299
76
535
-204
84
232
-33
34
-25
264
453
-524
248
109
442
-35
-357
421
25
70
-92
381
31
227
-53
26
103
241
96
-145
170
335
-291
-182
-172
155
-174
-69
-15
-276
130
-421
144
-466
-399
-8
-177
62
-185
-478
294
-273
-321
-424
71
335
-307
-572
-141
297
215
-544
-233
316
-185
-174
-80
291
-14
-185
-235
322
-64
224
-133
176
-236
118
-321
409
-184
-371
383
12
-122
90
-217
278
-200
83
-8
-247
880
-425
-107
-224
188
361
-204
266
200
-281
559
-424
-301
346
411
272
-411
-163
560
142
-237
67
239
780
71
-291
110
311
242
63
-44
239
539
200
-456
130
276
194
-73
-179
438
236
-95
80
-234
50
323
204
-377
35
360
-4
-473
169
283
159
10
-556
539
116
-261
-68
-432
503
27
-417
192
-235
204
-261
-551
91
62
-8
-705
464
-290
118
-323
-459
413
-486
111
32
-306
371
-437
-361
207
-195
-192
-404
193
-205
-322
-202
7
-132
-353
5
-328
2
-23
-227
-355
-88
219
-151
-452
115
7
-12
-604
-39
317
99
-426
-43
225
-388
305
-549
160
83
-141
102
-186
383
330
-438
314
-15
104
48
190
304
-223
471
-66
219
-19
64
475
-100
-4
431
206
413
39
-148
503
66
-195
389
-32
583
56
-117
70
337
150
60
31
243
73
-66
414
-115
84
-118
427
-95
-19
86
112
156
-208
-51
146
85
-18
-170
156
14
-24
208
-525
241
-194
347
6
-691
365
-333
147
-371
-336
596
-358
-105
-509
-39
344
-621
-59
-106
-246
-31
-385
-212
18
-410
228
-600
-395
94
-351
78
-409
-283
158
-331
-119
-54
-35
208
-475
-63
111
-13
-12
-188
365
-110
-430
384
139
135
242
-284
498
-1
-176
278
-217
255
650
-467
181
401
150
439
-382
137
750
53
259
-217
127
666
-158
140
-439
496
648
-253
75
189
159
431
-264
-115
476
-217
389
-177
-239
382
192
-99
-112
-314
492
268
-562
213
-245
304
-283
-95
250
-200
18
-331
246
-74
-153
73
-89
-134
-84
-297
386
-346
-648
252
-242
199
-93
-519
127
-299
-200
-58
-387
274
-162
-238
-378
22
223
-546
-176
-74
61
468
-753
176
230
-200
34
-274
425
266
-538
-158
462
87
130
-23
192
29
226
-136
259
77
5
199
179
85
-153
299
-54
28
15
158
434
280
-255
240
190
-49
-73
-24
361
154
-19
-90
532
-371
17
294
-177
374
-303
328
0
-397
369
-225
139
-213
67
321
-349
-148
77
63
-210
62
-57
289
-226
-511
390
-296
267
-178
-360
533
-215
-35
-285
-120
254
18
-293
-237
244
254
-258
-672
95
460
-434
-413
-38
206
-24
-646
-122
303
-246
-76
-65
-275
173
-472
212
-65
-276
125
-87
-79
-298
359
-210
-225
319
-141
455
-433
-206
809
-590
123
-22
50
676
-478
46
136
5
465
-511
27
452
158
2
-251
255
290
-95
-160
38
233
153
-196
68
284
25
251
-357
-17
356
-309
558
-403
-18
592
-720
170
-307
278
324
-809
533
-17
5
-9
-240
498
-384
-276
279
-275
126
102
-421
343
-283
201
-59
-424
688
-369
-127
164
-207
276
-192
8
-93
-124
318
-336
-83
120
49
210
-640
179
594
-593
-85
108
-69
363
-628
114
373
-348
155
-173
-113
54
360
-182
-147
357
-38
26
-264
1
526
-31
53
14
66
53
209
-108
115
639
-248
140
76
-28
400
-205
250
183
-125
416
-264
-19
349
-76
6
-127
511
-52
-534
171
214
189
-516
-27
466
-257
-164
-285
334
-26
-415
138
-142
259
-71
-426
40
-177
148
-184
-151
173
-195
-15
-109
-260
-56
71
-88
-198
-102
234
-76
-529
340
-73
-177
193
-564
218
-74
-121
187
-225
302
-234
-207
26
171
138
-276
251
-140
194
3
-319
421
-175
87
-139
180
358
-110
59
-269
385
134
-360
395
-241
165
255
-271
476
-185
-18
141
-14
-16
149
103
-86
46
8
309
55
-228
358
-165
144
-61
108
389
-13
-108
-146
268
138
-130
-285
333
378
-188
-415
384
148
-230
-177
-94
392
-221
-306
146
-151
51
-212
-191
239
-330
33
-28
-14
-210
-75
-225
50
194
-399
-11
-260
154
-3
-626
371
95
-27
-179
-525
825
-322
-367
64
-41
718
-722
-166
560
-395
73
-380
272
283
-221
128
-124
124
110
-180
12
182
261
-183
-199
136
215
-105
-83
176
129
87
-237
298
176
-505
256
166
-243
182
-31
274
-207
-304
576
-141
-337
213
100
102
-214
-115
240
21
-153
-365
171
457
-423
8
84
50
93
-343
94
85
-261
-23
-77
-74
62
113
-96
-234
103
-157
63
-181
-315
519
-185
-343
287
-300
-44
43
-290
196
-86
-11
100
-305
51
404
-374
-234
172
178
-103
-309
353
58
-187
-131
116
226
-147
-32
39
-77
111
-7
221
-203
77
374
-354
207
84
-45
383
-70
-223
478
4
-202
189
26
475
-337
-108
716
-191
-243
286
32
234
-184
163
268
36
172
-233
43
257
-21
-13
204
30
163
-108
-146
321
-150
156
-140
124
244
-431
257
285
-295
-88
55
249
-75
-288
183
3
78
-136
-195
253
-191
195
-285
8
472
-528
124
78
-106
122
-185
-24
95
47
-224
83
137
27
-82
-113
165
52
-240
176
217
-101
59
121
-231
350
-19
-147
274
-287
254
148
125
-77
-145
267
156
-105
-163
299
289
-199
-53
190
137
76
-376
262
215
-234
144
57
195
-121
-138
262
-65
-78
164
-44
-123
83
112
-129
-163
138
172
-346
-112
260
-1
-211
-327
236
113
-259
-182
-108
365
-236
-277
132
-27
105
-315
-133
-13
-54
80
-154
-262
162
214
-359
-167
-210
225
106
-376
57
25
-48
-47
-328
2
160
99
-286
-115
145
37
189
-454
102
356
-133
-42
-133
159
329
-208
-81
143
158
40
-114
-89
138
266
-361
-86
401
-52
-32
20
114
193
-272
270
72
3
47
-109
235
-85
-102
264
8
8
-52
-46
130
41
-77
26
229
-90
-84
16
106
4
-270
173
207
-288
22
-25
269
-133
-158
97
-109
182
-188
-141
138
-41
125
-360
-127
245
-167
-57
-259
33
130
-75
-119
-176
-30
102
-225
-51
-135
118
61
-367
70
-105
28
120
-318
58
-23
19
-119
-20
49
-48
54
-276
81
7
38
32
-49
-2
18
59
-76
108
54
-50
27
-161
112
81
-103
118
41
26
-128
26
176
-128
36
0
55
-78
-53
169
-192
-12
132
-21
-36
-273
241
27
-155
110
-91
145
-59
-147
26
54
117
-133
-144
196
111
-41
-20
-119
213
-39
-173
69
-19
332
-122
-282
325
-2
-66
-288
-19
335
-167
-148
9
59
76
-290
-156
231
75
-227
-69
193
-52
-12
-74
16
135
-203
111
98
-195
180
91
-24
-5
36
193
-55
-132
236
43
14
107
46
47
224
48
-81
257
79
128
16
121
194
-7
152
54
29
125
78
106
-44
221
123
-25
135
-7
165
28
38
39
-149
253
150
-141
-12
-4
98
59
-294
173
144
-33
-4
-127
139
24
-77
-2
30
-128
49
-120
-58
0
-7
118
-236
-8
0
-151
51
-228
74
74
-237
-26
-73
-210
-99
-4
-144
-91
-100
-19
35
-347
-117
29
-169
-21
-313
-12
102
-154
-177
-56
110
-100
-214
37
18
-17
-133
-45
-38
-100
20
-91
-21
43
19
-144
-91
108
-2
-79
64
1
-3
-55
-84
126
-35
-13
76
44
7
32
36
65
5
-55
211
100
-14
-47
119
126
-5
17
105
66
30
-10
118
42
-8
72
-9
45
-7
152
56
73
-43
55
99
-59
159
-103
88
175
-133
15
-71
70
72
-87
169
-13
-28
37
-94
65
-25
14
96
-142
88
0
-39
58
-122
37
-54
-70
36
-106
109
-76
-146
74
-61
-71
-30
45
39
-11
-63
59
-52
-34
105
-84
-13
48
45
9
-117
130
61
-46
45
44
64
75
39
-16
23
128
45
-30
33
132
85
-196
52
29
-19
26
-16
86
4
-49
53
-72
-20
-21
-21
39
5
14
-61
41
-77
-94
30
-28
11
-53
-16
-25
-52
-45
-7
-11
-67
-17
-88
-73
17
-42
-71
-30
-62
-46
-58
-22
-3
-77
-19
-86
-80
35
-35
-29
-73
37
15
-176
-41
28
73
-65
-108
86
-57
59
-117
25
90
-45
22
-57
97
8
19
37
20
123
19
-18
27
121
12
34
107
68
76
33
67
59
19
54
126
48
71
107
73
84
22
65
-10
58
114
73
140
58
41
84
78
38
7
143
86
16
75
54
89
5
-16
19
20
71
-56
25
9
46
38
-95
-13
-31
-65
-16
-40
2
-21
-94
7
-94
-64
-74
-102
-19
-172
-17
-65
-129
-48
-180
10
-177
-152
-15
-125
-48
-162
-91
1
-117
-125
-128
-41
-87
-123
-30
-102
-64
-51
-6
-41
-59
22
78
-60
-38
74
50
-19
-1
60
41
44
-93
149
82
-56
121
29
82
47
62
138
-17
92
49
46
74
20
120
41
50
93
34
115
44
39
54
53
54
30
72
43
71
23
-3
114
80
22
-32
10
112
-16
-18
-25
48
11
-121
5
65
-1
-56
-85
39
34
-118
-51
-51
-34
-40
-143
-71
-70
-42
-102
-107
-84
-66
-54
-122
-64
-23
-19
-43
-117
-122
-42
-26
-114
-72
-2
22
-60
-116
-15
72
-26
-75
-61
56
88
-49
-45
16
43
-12
-32
12
76
37
-16
94
45
23
85
31
41
43
88
66
39
34
72
92
32
66
56
100
39
10
87
48
26
49
63
49
-32
-1
50
4
0
19
61
-22
-34
9
-25
26
-42
-3
1
-39
49
-37
-54
-33
-9
-12
-62
4
24
14
-42
-66
-3
-15
27
-72
-91
-14
-6
-26
-43
-34
-46
-41
-72
-71
-33
-25
-47
-11
-19
-40
2
-44
-16
-74
-30
24
-52
-3
0
31
-6
-31
-10
2
3
9
2
25
32
17
-11
-41
35
11
10
21
50
25
-33
16
39
39
18
-12
10
53
14
-16
2
11
55
20
-18
16
36
13
-24
-16
23
43
-8
-36
-6
0
-43
-55
-19
14
2
6
-5
20
-6
-35
-14
-12
13
-4
-11
5
23
10
23
-2
-4
33
25
14
17
20
9
33
-40
-22
24
-6
-1
-9
41
-3
-41
-38
-30
-5
-63
-2
-40
-41
-26
-36
-14
-5
-23
-18
-2
-30
17
9
17
12
-9
26
-11
-12
51
41
36
33
63
60
47
38
1
63
50
51
52
53
42
31
10
20
54
31
15
-9
26
36
1
-25
-9
0
-1
-5
-1
9
-20
0
-24
-25
10
-25
-33
-51
-60
-27
-50
-59
-31
-30
-31
-48
-38
-28
-78
-33
-34
-54
-37
-36
15
-46
-58
-50
-31
-28
-49
-17
-23
-14
-13
-28
-18
-18
5
4
-1
4
-18
40
19
-17
28
-22
22
9
24
29
-22
46
19
13
-2
-7
23
-3
12
6
35
25
-23
33
19
28
47
10
13
29
45
36
22
51
42
53
15
54
49
30
80
0
38
42
20
39
6
67
33
33
5
9
44
-12
21
17
40
20
-34
-11
-2
3
-28
-45
17
11
-22
-30
-5
-23
-36
-19
-9
-15
-30
-15
-43
-31
-28
-9
10
-22
3
-2
16
5
2
19
17
20
3
35
31
23
38
41
15
33
32
26
28
23
19
19
16
0
13
4
26
10
16
-1
-13
42
3
-20
15
40
-17
-2
9
11
28
2
33
14
41
35
4
23
53
53
12
9
41
37
2
40
24
26
12
-11
32
3
-4
-39
-14
-14
-44
-41
-50
-21
-55
-58
-72
-35
-60
-57
-53
-102
-18
-58
-96
-64
-68
-30
-75
-96
-40
-44
-42
-67
-60
-16
-31
-42
-46
-34
-14
-25
-18
-63
-20
-15
-64
-38
-35
-13
-12
-39
-30
-8
-25
-35
-18
-21
-12
-20
-31
5
-19
2
-17
1
15
-17
32
-6
17
27
26
22
9
38
38
16
28
30
51
70
27
55
47
66
73
48
39
46
72
58
29
22
61
35
29
18
53
49
15
45
13
57
38
-2
35
29
19
20
24
50
15
5
29
15
49
10
36
41
6
22
22
29
15
15
35
21
18
-3
3
32
-7
0
0
20
-11
-29
-17
-12
11
-46
-33
-16
-17
-41
-45
-28
-23
4
-40
-32
-16
-22
-45
-34
-26
-15
-13
-40
1
-20
-10
-27
-28
10
-3
16
4
25
7
-13
15
-4
14
2
8
24
1
16
20
-4
4
-2
12
9
-11
20
-3
-20
-36
12
-15
-24
-21
-8
9
-22
-21
-29
18
-23
-18
-19
-17
-3
-45
-29
-18
-16
-14
-31
-21
-21
-30
-12
-29
-20
-29
-25
-20
-35
-17
-48
-24
-26
-34
-25
-22
-33
-31
-15
-39
-7
-19
-32
-21
-17
-31
-18
-28
-28
-4
-22
-11
-20
-3
-2
-8
-6
-8
15
-3
-6
4
0
6
2
17
18
3
31
17
31
34
19
39
34
49
37
37
34
42
40
37
57
41
59
61
56
56
42
58
54
54
61
62
55
56
50
42
56
50
49
50
64
49
51
44
42
55
19
40
35
27
22
17
22
17
4
-4
17
16
-12
-5
3
-8
1
-18
-23
-14
-18
-20
-31
-28
-13
-30
-29
-38
-44
-22
-43
-34
-45
-37
-42
-53
-30
-66
-42
-36
-58
-35
-41
-50
-41
-42
-40
-45
-29
-39
-46
-32
-46
-37
-40
-22
-40
-49
-17
-24
-17
-39
-16
-6
-12
-13
-28
-4
-5
-12
-26
0
-2
-19
-6
-8
-4
-4
0
-9
-6
13
-3
-5
6
4
-2
-21
18
5
-14
4
-5
27
-8
3
3
3
7
-18
15
-5
2
-1
-13
0
-2
0
-4
-11
1
7
-12
-7
-7
2
-11
-11
-2
-12
-5
-21
-3
-8
7
-1
-5
1
9
10
-6
11
18
12
1
9
17
16
8
20
25
31
22
16
37
36
35
28
46
48
37
44
44
49
51
48
46
41
48
51
45
43
40
54
51
41
49
37
42
36
39
43
36
38
33
29
30
26
15
16
18
27
14
12
10
11
8
-12
-1
-6
-10
-9
-22
-3
-6
-26
-27
-24
-19
-34
-25
-34
-36
-36
-54
-39
-50
-57
-43
-53
-52
-51
-54
-40
-60
-47
-53
-52
-46
-57
-42
-74
-60
-41
-51
-43
-60
-50
-21
-44
-34
-37
-28
-19
-37
-23
-33
-22
-20
-16
-12
-16
-5
6
0
-8
0
10
22
1
-5
18
18
10
4
19
31
10
15
24
17
33
14
27
27
12
31
12
21
14
15
26
15
18
25
16
16
15
15
26
0
10
7
2
20
-8
10
6
5
6
-6
8
-5
-5
0
-11
-17
-2
-7
-6
-6
-12
7
-12
0
-6
-13
1
-16
8
-4
-11
-9
-3
4
-4
-1
7
8
7
12
8
12
6
7
10
12
15
-1
24
22
25
28
31
48
27
24
19
27
31
27
31
19
46
37
37
27
33
48
40
35
22
42
41
25
10
13
28
18
18
11
20
30
20
10
9
8
5
1
-7
-2
-10
-21
-15
-13
-18
-20
-23
-13
-8
-25
-38
-27
-30
-44
-46
-52
-35
-41
-52
-48
-42
-39
-46
-49
-47
-33
-48
-58
-57
-44
-56
-47
-57
-54
-34
-50
-41
-49
-37
-29
-39
-37
-36
-32
-32
-36
-35
-33
-24
-22
-30
-18
-15
-17
-12
-14
-8
-2
-8
-4
1
1
2
0
14
12
9
19
22
21
16
17
22
16
22
28
22
28
37
36
34
26
37
39
35
34
31
39
33
34
33
35
33
36
38
40
32
33
41
31
39
28
33
31
29
28
19
34
24
29
36
29
26
16
27
22
7
16
16
20
15
7
14
11
14
7
12
13
8
9
1
4
-8
-7
-1
-2
1
-11
0
-1
-1
-9
-11
8
-1
-14
-7
-12
-13
-23
-17
-13
-22
-9
-12
0
-13
-13
-3
-7
-2
-21
-13
-7
-11
-20
-22
-12
-5
-6
-10
-5
3
7
-11
-4
0
-1
-5
-3
0
-7
-8
-11
-2
-5
-2
4
5
5
1
3
0
-5
-5
0
5
-3
-12
0
-3
-2
-10
-11
5
6
-6
-17
-9
-4
-9
-28
-17
-11
-13
-15
-26
-15
-18
-9
-21
-26
-14
-19
-20
-32
-29
-24
-25
-28
-28
-25
-20
-24
-23
-20
-17
-21
-25
-19
-19
-17
-29
-24
-12
-13
-25
-21
-6
-4
-14
-17
-5
-5
-7
-12
-2
-4
1
2
-5
6
5
8
7
13
13
15
11
15
23
14
19
16
28
25
22
25
23
32
26
31
25
27
36
29
24
28
33
32
34
32
40
38
39
35
28
35
25
27
21
21
26
24
21
20
23
