11
10
8
6
2
3
1
0
-3
-5
-7
-9
-10
-12
-16
-16
-17
-18
-18
-21
-22
-24
-24
-22
-21
-23
-24
-25
-21
-19
-16
-16
-17
-16
-14
-8
-6
-5
-7
-4
0
4
7
8
6
6
10
13
13
9
6
6
8
10
5
-1
-4
-3
1
2
-2
-7
-11
-9
-5
-4
-3
-9
-10
-11
-8
-5
-9
-7
-5
-1
6
4
3
2
5
13
18
17
15
11
16
17
22
21
18
17
18
24
27
24
21
17
20
24
24
21
12
8
9
12
15
13
5
2
2
7
7
7
4
-3
-1
-1
-1
-6
-12
-12
-13
-13
-13
-14
-15
-16
-14
-13
-17
-20
-19
-17
-12
-16
-21
-25
-25
-15
-8
-4
-11
-17
-16
-8
1
1
-3
-10
-13
-6
-4
0
-6
-11
-10
-5
3
-1
-4
-7
-8
-3
-4
-8
-16
-18
-12
-9
-10
-17
-23
-23
-17
-9
-5
-7
-15
-14
-13
-4
-3
-7
-3
-1
8
9
7
4
2
13
23
30
26
19
18
19
30
31
29
22
18
25
31
33
26
14
12
15
24
29
24
14
8
6
10
12
12
11
5
8
6
3
2
-1
5
6
9
6
-3
0
-2
2
1
-8
-11
-14
-7
-2
-5
-8
-16
-16
-9
-6
-2
-10
-17
-15
-12
-5
-6
-15
-20
-21
-8
-4
-6
-8
-17
-16
-12
-5
-2
-13
-13
-13
-13
-10
-18
-19
-19
-16
-9
-14
-17
-21
-25
-20
-19
-22
-25
-31
-26
-17
-17
-20
-20
-16
-6
-1
4
0
0
5
5
10
10
6
3
5
19
18
19
17
22
32
31
39
32
30
28
21
32
22
21
21
14
29
26
27
24
23
28
22
24
17
12
7
5
3
3
5
0
0
4
21
34
31
20
2
3
5
10
10
2
-8
-19
-8
-4
-7
-10
-16
-18
-15
8
5
-16
-19
-23
-24
-37
-36
-28
-29
-9
-9
-16
-29
-33
-31
-31
2
2
3
4
-6
-16
-42
-35
-43
-46
-28
-6
12
0
-8
-18
-26
-19
-8
-18
-20
-10
-3
-8
-44
-28
-1
10
32
36
45
17
-26
-37
-26
-7
18
30
42
25
-14
-22
-18
12
66
99
78
22
-19
-24
5
17
64
84
59
40
3
5
22
19
27
2
1
-5
-14
25
61
58
25
17
19
18
9
36
45
-1
-32
-48
-32
-25
-30
27
78
67
43
11
-18
-36
-55
-35
-28
-52
-31
-45
-10
13
17
47
-8
-13
-22
-18
7
-27
-58
-64
-65
-38
-37
-6
3
-10
8
39
42
-21
-60
-73
-86
-49
-39
-10
0
-25
-21
-17
14
4
-29
-19
-9
-19
-3
1
-12
-35
-48
0
5
-15
-15
1
28
27
33
7
-52
-90
-75
9
99
163
151
63
-20
-55
-68
-30
30
52
49
58
23
13
-3
32
57
-27
-2
26
13
49
42
39
-25
-94
-48
-2
83
169
127
66
-6
-68
-30
-35
-16
7
0
50
17
23
30
24
14
3
23
25
11
-17
-23
-26
-41
-31
-39
-31
-20
11
48
4
3
4
54
61
-51
-85
-71
-13
14
20
50
22
-29
-26
1
-7
-11
-41
-30
-58
-63
-12
64
80
67
8
-83
-166
-166
-69
53
74
90
31
-51
-107
-161
-60
27
62
67
19
-68
-143
-138
-39
-14
13
43
53
59
8
10
1
-10
8
-26
6
17
4
-4
-46
-31
25
18
45
24
14
43
25
9
69
61
68
28
-25
6
-25
-6
47
58
53
-7
18
65
45
-8
-41
28
54
53
76
30
-47
-115
-99
-95
-42
57
116
120
25
-24
-10
-65
-22
48
44
-1
-151
-142
-88
-115
-21
70
94
68
3
1
-34
-94
-59
-9
-54
-58
-61
-54
-62
-67
46
112
181
167
70
-24
-48
-68
-51
-45
28
73
-15
-55
-77
-11
48
155
152
16
-37
-60
-23
-22
-22
1
-78
-100
-45
58
92
76
127
60
-3
2
7
-42
-64
1
-8
-88
-39
86
-15
31
45
-31
11
14
139
84
-42
-72
-186
-131
-33
24
74
92
59
-48
2
60
92
-5
-12
122
48
-33
-47
-89
-168
-132
38
181
165
153
119
-66
-100
-102
-22
109
-5
4
-98
-69
-25
-107
-1
46
82
149
111
11
-128
-154
-10
51
-1
36
-94
-168
-105
-36
158
105
79
-2
1
24
-97
-22
-61
-59
-53
-28
76
-34
-41
-32
-139
-90
-56
67
149
163
69
-55
-157
-151
-99
9
188
143
117
-35
-88
-36
-78
0
81
125
92
16
7
-99
-127
-117
51
15
-92
57
106
181
103
-24
16
-52
-14
-10
53
72
-177
-174
-57
103
187
185
83
0
-65
-47
-29
70
218
72
-90
-121
-155
-137
-36
168
217
89
46
-36
-63
-50
20
20
-48
49
39
-20
95
97
11
69
169
62
34
5
-102
-133
-113
4
100
103
81
-23
-29
14
66
36
38
38
-56
-169
-228
-115
-38
30
104
104
168
52
-49
-19
10
64
-42
-19
-49
-131
-47
-51
-26
3
117
174
43
38
17
-67
-113
-79
-20
39
-27
-136
-179
-159
145
223
207
123
-16
-114
-258
-79
-7
-32
-69
-210
-179
-25
133
59
143
184
34
6
9
55
-76
-177
-205
-276
-177
-26
75
139
138
191
-17
-108
-56
-30
-25
-90
-123
-204
-271
-129
-54
-53
143
131
162
107
89
162
-37
-65
-149
-180
-165
-101
215
161
6
34
25
196
111
166
28
-192
-63
39
5
72
-128
-217
-34
153
299
143
107
38
-171
35
175
48
8
-50
30
88
100
171
103
79
19
-187
-201
-10
238
267
89
-42
-164
-256
-171
142
334
233
-17
-9
20
-75
-46
-196
-101
-142
29
276
85
93
-12
-133
-138
-89
136
200
129
42
-133
-227
-180
123
214
200
187
25
-192
-227
3
173
178
137
61
-31
-44
-71
43
4
-13
88
-26
-32
-6
-88
-49
-152
-102
63
-27
88
137
40
-44
-98
-162
-14
46
-10
-60
-82
-12
-137
-184
45
16
10
31
71
42
-210
-258
-103
39
34
-39
-25
-101
-78
-82
53
269
99
43
-178
-329
-127
-21
216
262
51
-35
-168
-169
-100
135
244
130
-30
-28
-55
-185
-177
-16
79
-91
-165
85
16
-4
98
66
-59
-250
-30
178
128
-46
-218
-163
-46
127
202
117
112
-151
-59
76
152
79
-9
-84
-144
24
-63
-10
41
119
222
83
55
-161
-146
-27
7
72
-57
67
-21
57
28
-16
40
32
118
112
155
138
132
-136
-232
-157
-146
43
-75
36
44
3
88
50
71
-51
-142
-8
99
-28
-12
-152
-276
-172
-85
14
-39
15
62
9
107
99
107
55
-20
-101
-142
-25
-114
-52
104
188
-70
-147
-129
-11
149
125
219
121
-109
-149
-162
-104
-15
126
36
1
316
206
172
-152
-240
-223
-67
141
79
50
25
-157
-310
-148
-46
39
303
253
124
-96
-235
-247
-268
90
132
108
-21
-264
-109
28
251
248
25
-99
-194
-57
89
195
181
54
-33
-170
-256
-99
164
128
-38
49
169
40
-261
-328
-192
54
220
293
185
8
-101
-384
-321
8
124
255
155
74
125
-159
-150
-177
14
82
28
146
0
-288
-190
209
160
143
173
74
27
-221
-31
4
-192
-78
-195
-93
-6
-145
58
24
48
275
281
123
-90
-21
34
-92
-95
-77
-101
93
41
-70
76
234
329
-78
-29
158
-29
7
14
36
-76
-226
-257
-221
-42
289
451
231
-69
-221
-412
-146
6
150
166
-70
-215
-394
-114
139
183
251
7
36
-115
-186
29
-81
7
13
180
99
-81
23
2
-126
21
303
368
67
3
-75
-224
-161
163
236
90
28
-3
-51
-112
66
6
-6
70
-17
-1
-43
-134
-95
-33
76
108
40
107
35
-66
-60
-143
-28
-13
7
142
97
52
-152
-235
11
61
-8
86
-46
-48
-43
-134
-26
-91
-14
-60
-260
-2
70
45
35
-15
-91
-148
-89
-86
101
138
141
-38
-193
-157
-90
59
51
116
267
30
-144
-272
-15
-5
-119
118
108
-11
-11
74
27
-3
1
157
98
57
38
102
39
-64
14
113
-20
-182
-109
157
70
-26
100
26
-1
-26
34
-36
-139
-69
-37
-47
110
17
-104
-3
58
44
131
154
77
-55
2
0
-99
24
122
54
83
101
66
-25
-93
19
35
124
31
-108
-47
-147
35
-25
-46
91
67
-5
-1
-15
-78
-22
-46
33
54
-24
17
-122
-89
97
15
30
-18
-6
-10
-118
-3
3
73
115
138
88
113
64
-41
10
-6
86
46
-3
60
-105
-21
-26
-83
120
48
44
73
-4
24
-121
-22
46
-33
-59
-26
-113
-19
90
10
25
-42
73
-123
-182
85
-76
-22
6
-58
3
-40
50
-39
-108
-80
-18
-12
30
48
-97
-108
-83
-83
-43
100
7
14
-26
-156
-49
-38
59
23
-59
120
13
-30
-23
3
45
-27
38
18
61
-14
-61
15
19
-5
53
97
67
-9
36
-55
-32
20
80
92
-62
-68
49
-44
-30
67
25
14
-57
3
-10
-19
-3
-75
-43
-48
-50
117
76
75
-28
-60
11
-121
24
29
6
78
-48
-70
64
27
67
289
240
106
4
5
-6
-82
-24
184
-20
-20
-64
-54
8
-60
-75
26
-25
27
22
-52
-225
-158
-97
19
69
118
-33
-177
-90
-87
-15
42
64
-44
-61
-22
-35
-6
44
184
116
-5
54
-4
-70
-67
-2
-69
-112
-16
-38
-31
-4
63
47
-28
11
9
-49
-56
-40
-62
-15
-15
15
25
43
57
109
71
-15
25
-102
-83
-107
-97
-94
-15
-31
-91
6
172
76
128
111
196
-41
-52
29
-46
-5
-68
-60
-27
-13
-24
2
93
99
77
40
93
-11
-71
-81
-157
-39
-86
-64
-91
-67
11
-38
92
109
231
219
96
123
-5
0
-73
-76
96
22
35
-20
10
-47
-74
-32
96
145
45
46
-65
-124
-80
-120
-112
-70
-119
-156
-96
12
20
-15
34
57
32
57
45
50
153
117
141
198
47
24
15
24
-5
32
138
-7
-29
-99
-3
-16
-22
-4
66
112
34
-44
-74
-89
-94
-151
-38
117
48
25
-28
-28
-67
-92
101
23
-61
-69
-55
-48
-136
-7
37
121
124
94
176
43
-36
-96
-65
-75
-67
-83
-116
-53
-42
48
33
98
124
79
179
15
-45
-168
-170
-109
-156
-84
-107
-66
-77
-10
56
122
102
18
10
-137
-170
-133
-125
-131
-127
-7
-24
-66
-24
-17
-23
-15
-61
-39
-62
-76
-78
-23
33
11
81
36
59
30
19
-23
-84
-24
-51
-85
-135
-82
1
-44
25
-21
7
42
100
48
-10
35
-24
-76
-100
-16
45
98
77
32
17
75
127
59
58
65
-5
-11
-46
-11
49
51
33
74
80
74
26
62
69
45
47
-24
-90
-95
-35
-5
28
94
74
59
39
55
77
117
151
89
103
89
52
-17
8
73
76
58
104
27
71
133
141
127
88
88
-20
-20
37
31
12
34
28
15
-9
-46
-96
-102
-55
9
48
40
32
60
18
-8
49
32
61
24
20
-11
-106
-135
-124
-93
-40
-24
8
-7
-28
-30
-39
-1
7
-44
-50
-32
-36
-24
-35
19
-11
-12
28
-26
-51
-81
-136
-97
-79
-24
13
33
50
18
53
40
18
9
45
21
-63
-84
-117
-160
-193
-160
-97
-17
74
41
65
-4
-12
-28
-48
-58
-82
-88
-120
-102
-88
-25
-8
36
68
76
108
76
27
-13
-64
-51
-52
-34
-35
8
45
43
36
38
53
43
74
46
43
23
8
7
27
-4
-25
-46
-47
-47
-39
-32
-46
-12
11
44
93
137
133
143
112
116
110
99
85
64
69
40
53
71
55
44
2
-12
-11
4
-10
-29
-29
-13
-9
-53
-43
-53
-72
-49
-23
-3
-38
-63
-31
-37
-47
-57
-50
-82
-77
-45
-49
-57
-73
-89
-82
-81
-58
-82
-127
-112
-124
-118
-112
-127
-132
-144
-149
-135
-155
-140
-142
-144
-135
-110
-70
-55
-14
25
49
50
58
40
9
-1
1
13
39
56
99
117
153
186
200
211
232
236
257
288
237
217
229
231
257
301
319
338
331
313
325
324
291
272
245
237
225
205
193
162
156
160
184
167
139
99
44
5
-47
-90
-159
-204
-225
-253
-240
-257
-278
-304
-362
-410
-457
-510
-549
-600
-639
-671
-715
-759
-796
-811
-825
-824
-830
-812
-814
-855
-895
-919
-911
-892
-873
-807
-642
-437
-189
4
216
487
756
1025
1238
1375
1477
1505
1486
1436
1307
1130
909
655
480
361
196
52
-94
-193
-227
-262
-288
-321
-354
-397
-428
-417
-401
-386
-364
-319
-214
-49
152
368
618
903
1202
1494
1750
1954
2119
2239
2285
2239
2086
1852
1567
1227
852
483
134
-160
-431
-642
-783
-877
-951
-1033
-1064
-1080
-1074
-1095
-1122
-1152
-1184
-1169
-1122
-1058
-991
-897
-804
-728
-635
-556
-546
-523
-543
-573
-619
-717
-824
-944
-1096
-1255
-1480
-1657
-1805
-1939
-1871
-1751
-1576
-1346
-1117
-719
-146
398
987
1392
1761
2075
2265
2322
2296
2082
1781
1441
1112
909
660
343
115
-71
-119
-127
-192
-279
-351
-425
-541
-648
-751
-871
-1009
-1151
-1220
-1152
-998
-824
-650
-383
-22
425
828
1189
1559
1859
2153
2367
2455
2414
2290
2080
1818
1517
1172
787
437
142
-99
-245
-375
-449
-503
-557
-524
-474
-439
-463
-510
-538
-513
-514
-546
-556
-537
-427
-288
-84
69
231
408
527
624
696
713
651
530
363
225
48
-188
-498
-795
-1058
-1301
-1540
-1767
-1989
-2152
-2302
-2414
-2499
-2572
-2591
-2551
-2486
-2346
-2002
-1619
-1161
-727
-275
394
1104
1784
2415
2819
3272
3587
3723
3749
3624
3333
2925
2388
1896
1447
887
254
-321
-776
-1093
-1395
-1730
-1966
-2107
-2188
-2261
-2308
-2283
-2223
-2132
-2052
-1862
-1568
-1253
-925
-616
-206
313
862
1398
1855
2289
2699
3069
3326
3417
3377
3222
2977
2639
2214
1718
1170
630
85
-382
-706
-947
-1144
-1320
-1418
-1405
-1297
-1203
-1161
-1082
-964
-786
-624
-504
-361
-218
-27
148
336
541
722
884
1000
1052
1108
1086
998
826
608
380
86
-248
-616
-956
-1290
-1592
-1920
-2215
-2477
-2661
-2800
-2899
-2976
-3028
-3047
-2957
-2841
-2561
-2110
-1646
-1084
-535
51
862
1610
2355
3000
3400
3838
4092
4178
4134
3884
3478
2959
2339
1797
1259
622
-44
-650
-1114
-1448
-1819
-2144
-2412
-2565
-2622
-2698
-2690
-2626
-2541
-2383
-2215
-1935
-1548
-1172
-812
-411
88
678
1236
1709
2172
2622
3049
3391
3560
3578
3489
3304
2997
2596
2103
1535
925
318
-242
-692
-1000
-1247
-1426
-1508
-1508
-1381
-1203
-1028
-869
-711
-511
-301
-132
2
138
284
451
599
730
853
968
1071
1096
1088
1070
972
832
635
385
115
-213
-573
-944
-1271
-1573
-1870
-2186
-2462
-2652
-2754
-2822
-2832
-2852
-2824
-2748
-2609
-2413
-2163
-1704
-1260
-768
-223
256
988
1663
2304
2928
3265
3691
3917
3971
3965
3701
3353
2863
2248
1695
1106
483
-229
-854
-1363
-1737
-2121
-2487
-2730
-2899
-2928
-2960
-2960
-2861
-2763
-2559
-2369
-2104
-1734
-1398
-1053
-699
-245
303
843
1320
1758
2234
2722
3157
3434
3580
3652
3604
3468
3184
2732
2247
1712
1160
599
72
-357
-711
-1000
-1220
-1362
-1389
-1334
-1258
-1165
-1045
-848
-635
-476
-305
-116
104
345
524
667
816
961
1090
1151
1171
1195
1153
1053
876
664
456
179
-156
-484
-799
-1056
-1361
-1669
-1942
-2164
-2335
-2471
-2598
-2701
-2736
-2801
-2813
-2725
-2664
-2371
-1976
-1542
-962
-516
103
893
1593
2376
2887
3295
3727
3887
3960
3849
3540
3139
2510
1840
1255
675
-17
-751
-1390
-1838
-2133
-2507
-2798
-3001
-3014
-2978
-2986
-2910
-2784
-2593
-2363
-2196
-1870
-1502
-1131
-756
-376
151
757
1312
1790
2277
2787
3313
3717
3953
4088
4109
4008
3772
3360
2858
2301
1688
1060
427
-137
-589
-985
-1313
-1552
-1691
-1678
-1617
-1514
-1390
-1252
-1028
-810
-617
-423
-219
9
213
385
552
709
869
989
1038
1071
1104
1062
942
784
597
388
111
-224
-533
-831
-1114
-1426
-1749
-1966
-2171
-2337
-2475
-2641
-2719
-2791
-2836
-2827
-2755
-2657
-2360
-1951
-1517
-941
-505
155
996
1655
2500
2965
3388
3877
3946
4061
3940
3615
3223
2502
1897
1334
715
-32
-793
-1377
-1774
-2043
-2421
-2722
-2890
-2905
-2850
-2850
-2750
-2606
-2437
-2196
-2027
-1696
-1337
-999
-627
-263
264
856
1372
1869
2350
2859
3394
3806
4039
4147
4143
4015
3755
3316
2761
2148
1463
798
101
-504
-981
-1411
-1705
-1904
-1986
-1919
-1810
-1650
-1468
-1246
-931
-653
-409
-180
39
273
492
652
819
994
1150
1285
1349
1379
1405
1338
1210
1036
831
614
288
-76
-428
-765
-1081
-1439
-1783
-2034
-2259
-2453
-2639
-2816
-2917
-2997
-3006
-2998
-2920
-2826
-2522
-2052
-1591
-1018
-536
102
974
1663
2454
2941
3404
3937
4073
4206
4100
3783
3373
2664
2067
1486
837
43
-785
-1395
-1829
-2141
-2593
-2957
-3142
-3146
-3055
-3083
-3045
-2915
-2737
-2483
-2284
-1953
-1575
-1218
-819
-408
153
774
1340
1840
2361
2950
3520
3967
4174
4270
4286
4178
3944
3479
2880
2257
1568
909
208
-451
-961
-1399
-1721
-1934
-2057
-2022
-1932
-1788
-1562
-1323
-1002
-722
-463
-204
49
327
557
729
878
1058
1219
1323
1373
1364
1378
1316
1199
1037
821
594
269
-88
-423
-744
-1088
-1457
-1836
-2129
-2349
-2580
-2792
-2976
-3099
-3104
-3170
-3187
-3094
-3040
-2659
-2229
-1812
-1195
-793
-90
767
1388
2280
2761
3256
3785
3893
4105
4032
3728
3337
2685
2139
1604
980
167
-623
-1222
-1641
-1933
-2416
-2753
-2929
-2954
-2873
-2950
-2901
-2763
-2598
-2342
-2173
-1866
-1516
-1180
-787
-378
156
770
1330
1823
2367
2950
3545
4006
4237
4382
4447
4386
4169
3696
3092
2493
1817
1130
384
-330
-871
-1353
-1718
-1974
-2136
-2132
-2089
-1958
-1778
-1545
-1221
-954
-686
-428
-127
174
405
587
767
976
1152
1260
1304
1334
1371
1326
1218
1066
873
677
379
27
-299
-643
-969
-1371
-1770
-2055
-2347
-2604
-2888
-3121
-3247
-3382
-3411
-3508
-3454
-3323
-3112
-2560
-2181
-1580
-995
-452
574
1322
2233
2991
3427
4130
4401
4634
4704
4403
4095
3448
2829
2199
1506
653
-287
-965
-1546
-1897
-2402
-2909
-3110
-3226
-3121
-3141
-3184
-3003
-2841
-2541
-2317
-2038
-1634
-1257
-843
-407
144
786
1404
1931
2443
3068
3692
4200
4483
4598
4696
4632
4408
3955
3314
2655
1948
1174
362
-463
-1176
-1726
-2208
-2513
-2711
-2796
-2715
-2593
-2349
-2013
-1655
-1243
-919
-565
-177
179
517
718
917
1154
1358
1524
1570
1565
1584
1559
1466
1272
1044
816
530
180
-176
-538
-907
-1282
-1666
-1988
-2257
-2523
-2772
-3013
-3163
-3251
-3293
-3375
-3359
-3275
-3072
-2578
-2161
-1596
-1016
-471
487
1300
2150
2987
3431
4101
4457
4620
4713
4431
4063
3458
2767
2121
1434
599
-339
-1079
-1665
-2030
-2466
-2968
-3181
-3288
-3195
-3157
-3191
-3017
-2826
-2543
-2299
-2059
-1682
-1289
-908
-490
18
645
1293
1830
2362
2982
3616
4198
4537
4685
4798
4760
4560
4134
3491
2794
2076
1271
442
-390
-1143
-1718
-2204
-2554
-2772
-2881
-2794
-2648
-2429
-2105
-1775
-1375
-1033
-693
-328
24
347
590
814
1051
1264
1432
1509
1545
1560
1554
1495
1352
1156
926
661
332
-16
-380
-754
-1154
-1580
-1943
-2271
-2568
-2894
-3189
-3364
-3482
-3529
-3610
-3558
-3434
-3026
-2444
-1966
-1272
-739
76
1116
1853
2829
3386
3948
4560
4672
4898
4759
4407
3945
3169
2564
1877
1137
207
-693
-1350
-1874
-2256
-2840
-3220
-3427
-3490
-3413
-3508
-3407
-3246
-3015
-2685
-2455
-2043
-1613
-1180
-709
-211
425
1095
1731
2269
2865
3509
4102
4552
4710
4780
4771
4611
4281
3670
2938
2203
1439
636
-213
-1006
-1653
-2142
-2534
-2798
-2932
-2919
-2776
-2581
-2292
-1927
-1568
-1204
-872
-511
-74
316
639
878
1123
1444
1701
1839
1864
1885
1914
1860
1693
1431
1179
886
499
98
-336
-726
-1136
-1611
-2029
-2365
-2617
-2882
-3156
-3369
-3474
-3464
-3502
-3467
-3385
-3128
-2519
-2036
-1396
-780
-176
849
1667
2524
3306
3737
4379
4667
4793
4819
4489
4077
3386
2642
1964
1250
390
-552
-1320
-1941
-2317
-2775
-3245
-3478
-3633
-3524
-3461
-3419
-3199
-3018
-2702
-2386
-2042
-1591
-1173
-752
-274
283
905
1546
2086
2614
3208
3784
4310
4586
4659
4685
4549
4283
3796
3101
2372
1605
808
13
-784
-1464
-1986
-2407
-2663
-2800
-2804
-2667
-2494
-2216
-1872
-1489
-1082
-734
-406
-50
335
663
912
1092
1312
1578
1726
1803
1780
1766
1784
1667
1473
1194
912
585
192
-224
-664
-1065
-1504
-1951
-2327
-2658
-2894
-3144
-3371
-3507
-3546
-3507
-3485
-3386
-3253
-2808
-2223
-1698
-1017
-494
293
1266
1993
2923
3442
3956
4512
4625
4791
4639
4263
3792
3049
2353
1667
924
6
-840
-1558
-2089
-2412
-2955
-3285
-3497
-3570
-3429
-3441
-3310
-3123
-2888
-2533
-2239
-1826
-1407
-990
-536
-39
562
1188
1794
2277
2815
3379
3902
4341
4483
4528
4485
4282
3957
3377
2680
1971
1196
444
-322
-1055
-1649
-2132
-2472
-2667
-2725
-2645
-2498
-2279
-1981
-1631
-1215
-866
-510
-191
165
556
830
1060
1231
1463
1696
1814
1850
1805
1805
1748
1591
1375
1074
802
427
30
-380
-811
-1191
-1646
-2051
-2363
-2661
-2862
-3106
-3300
-3362
-3380
-3325
-3285
-3195
-3005
-2512
-1942
-1413
-777
-309
547
1485
2199
3102
3487
4063
4552
4596
4764
4470
4098
3549
2747
2091
1360
599
-379
-1226
-1907
-2361
-2668
-3224
-3484
-3662
-3611
-3416
-3433
-3228
-3037
-2710
-2340
-2040
-1589
-1195
-745
-311
177
803
1421
2001
2434
2959
3483
4000
4349
4396
4424
4323
4121
3744
3082
2351
1583
791
47
-715
-1440
-2016
-2464
-2727
-2815
-2815
-2668
-2440
-2126
-1731
-1325
-871
-483
-156
162
516
873
1147
1291
1399
1587
1757
1873
1852
1766
1734
1666
1531
1302
993
676
318
-77
-485
-890
-1286
-1687
-2062
-2348
-2590
-2797
-2997
-3164
-3215
-3171
-3112
-3065
-2980
-2813
-2277
-1738
-1233
-626
-219
645
1530
2229
3096
3398
3962
4370
4384
4543
4199
3824
3206
2440
1805
1125
401
-593
-1338
-1990
-2338
-2612
-3175
-3373
-3563
-3439
-3267
-3282
-3056
-2922
-2579
-2265
-1957
-1504
-1111
-651
-270
261
864
1487
2073
2473
3029
3538
4069
4402
4401
4420
4256
4042
3608
2907
2159
1343
560
-186
-924
-1634
-2165
-2588
-2820
-2853
-2845
-2634
-2404
-2098
-1677
-1280
-816
-428
-104
200
544
880
1133
1293
1386
1581
1738
1844
1858
1764
1725
1638
1488
1260
940
616
247
-143
-539
-956
-1371
-1775
-2162
-2449
-2652
-2882
-3037
-3209
-3241
-3158
-3133
-3045
-2964
-2800
-2355
-1758
-1250
-619
-146
549
1579
2262
3186
3628
3994
4583
4576
4722
4451
3962
3408
2544
1898
1142
470
-529
-1365
-1962
-2421
-2523
-3068
-3301
-3426
-3386
-3080
-3145
-2937
-2788
-2499
-2137
-1925
-1459
-1100
-600
-224
260
924
1535
2223
2585
3112
3644
4142
4540
4497
4464
4260
3993
3568
2815
2020
1142
323
-452
-1188
-1856
-2394
-2782
-3011
-3013
-2938
-2692
-2403
-2081
-1646
-1220
-742
-319
-12
269
563
866
1168
1334
1419
1573
1695
1831
1838
1737
1673
1543
1409
1170
839
497
93
-301
-713
-1097
-1510
-1901
-2267
-2549
-2698
-2900
-2985
-3100
-3126
-3015
-2977
-2859
-2775
-2650
-2350
-1788
-1264
-665
-121
351
1366
2110
2985
3676
3917
4540
4612
4701
4561
4040
3503
2586
1866
1013
374
-533
-1488
-2061
-2648
-2681
-3088
-3373
-3414
-3447
-3068
-3065
-2858
-2684
-2439
-2077
-1913
-1438
-1086
-560
-186
201
862
1453
2244
2634
3078
3583
4023
4499
4474
4391
4111
3777
3339
2603
1836
933
147
-671
-1360
-1949
-2436
-2700
-2945
-2886
-2749
-2434
-2039
-1727
-1309
-941
-463
-49
266
504
724
1009
1257
1486
1537
1636
1753
1866
1964
1866
1787
1616
1439
1199
861
521
56
-372
-845
-1230
-1597
-1996
-2289
-2620
-2733
-2849
-2947
-2932
-2969
-2856
-2766
-2688
-2613
-2471
-2372
-1946
-1382
-968
-202
82
886
1848
2499
3587
3813
4355
4698
4646
4706
4176
3712
2778
1948
1026
278
-389
-1520
-2062
-2826
-2934
-3018
-3415
-3327
-3509
-3110
-2960
-2837
-2596
-2463
-2045
-1943
-1529
-1201
-691
-192
69
744
1279
2157
2745
3116
3632
3975
4527
4618
4522
4221
3782
3340
2595
1842
859
20
-843
-1632
-2146
-2689
-2863
-3084
-3123
-2875
-2600
-2050
-1654
-1273
-863
-465
38
414
689
843
1083
1344
1612
1801
1824
1950
2002
2100
2114
1965
1809
1530
1241
896
508
58
-453
-949
-1407
-1755
-2101
-2409
-2687
-2873
-2925
-2926
-2915
-2869
-2765
-2666
-2520
-2421
-2297
-2132
-1958
-1413
-924
-293
269
686
1628
2368
3334
4003
4224
4680
4636
4617
4291
3664
2899
1852
937
19
-570
-1475
-2241
-2799
-3218
-3040
-3232
-3240
-3211
-3094
-2715
-2622
-2406
-2288
-2012
-1819
-1637
-1263
-852
-241
128
619
1227
1966
2782
3214
3601
3901
4270
4506
4348
3997
3482
2945
2273
1493
609
-251
-1015
-1762
-2270
-2621
-2781
-2782
-2824
-2633
-2275
-1808
-1247
-901
-573
-226
142
575
850
1025
1160
1361
1647
1891
2029
2063
2100
2135
2150
2037
1802
1505
1134
772
386
-39
-509
-1021
-1464
-1828
-2101
-2335
-2545
-2692
-2755
-2712
-2721
-2592
-2541
-2460
-2327
-2358
-2202
-2132
-2038
-1568
-1136
-525
138
547
1414
2261
3108
3978
4233
4557
4651
4439
4120
3470
2606
1584
575
-370
-933
-1672
-2385
-2837
-3209
-3022
-2991
-3010
-2942
-2880
-2597
-2513
-2456
-2398
-2235
-2060
-1880
-1549
-1086
-374
194
774
1438
2198
3089
3629
3952
4153
4308
4405
4171
3654
3024
2364
1644
887
33
-732
-1376
-1973
-2362
-2647
-2649
-2571
-2514
-2374
-2145
-1685
-1244
-839
-559
-271
117
516
924
1202
1472
1723
2032
2309
2478
2576
2531
2458
2306
2097
1808
1399
940
452
31
-362
-780
-1226
-1638
-1935
-2155
-2321
-2486
-2571
-2626
-2591
-2563
-2497
-2339
-2241
-2155
-2126
-2065
-1893
-1768
-1426
-835
-347
421
915
1593
2553
3258
4143
4400
4528
4592
4241
3840
3074
2211
1131
146
-762
-1355
-1778
-2409
-2675
-2934
-2746
-2497
-2561
-2524
-2581
-2407
-2364
-2431
-2470
-2387
-2132
-1911
-1485
-944
-139
660
1304
2016
2675
3457
3930
4027
3974
3837
3711
3329
2726
2007
1349
761
186
-406
-972
-1356
-1729
-2030
-2236
-2349
-2293
-2235
-2223
-2081
-1859
-1510
-1083
-774
-297
210
769
1393
1781
2235
2579
2842
3031
3005
2931
2752
2449
2038
1607
1163
768
360
-78
-380
-687
-931
-1225
-1543
-1717
-1934
-2079
-2291
-2404
-2399
-2389
-2349
-2337
-2191
-1979
-1771
-1678
-1534
-1517
-1258
-1244
-873
-175
181
1079
1193
1907
2750
3253
4128
3915
4001
3796
3335
2832
1967
1160
74
-676
-1500
-1723
-2008
-2444
-2481
-2756
-2336
-2206
-2294
-2303
-2525
-2376
-2497
-2537
-2466
-2242
-1857
-1528
-913
-219
744
1454
1998
2541
2989
3574
3639
3446
3174
2850
2663
2223
1708
1180
751
357
-42
-430
-815
-1082
-1480
-1801
-2098
-2294
-2325
-2460
-2380
-2249
-1929
-1376
-907
-262
319
1025
1749
2287
2776
3013
3236
3252
3159
2913
2540
2209
1793
1430
996
667
374
92
-139
-421
-611
-876
-1157
-1434
-1740
-1960
-2207
-2380
-2437
-2408
-2312
-2207
-2091
-1830
-1571
-1368
-1228
-1239
-1132
-1107
-1101
-820
-311
194
797
1111
1688
2533
3111
3762
3720
3611
3474
2846
2266
1481
622
-251
-1126
-1743
-1928
-2031
-2186
-2259
-2327
-2059
-1851
-1970
-2023
-2263
-2315
-2463
-2620
-2435
-2190
-1755
-1332
-749
97
1069
1807
2334
2748
3084
3443
3383
3079
2732
2292
2001
1556
1132
828
489
225
-137
-428
-709
-967
-1384
-1855
-2256
-2517
-2570
-2653
-2524
-2280
-1841
-1143
-471
322
1099
1779
2419
2835
3112
3251
3176
2960
2662
2279
1963
1670
1338
1106
826
647
498
290
66
-265
-643
-1003
-1395
-1731
-2041
-2328
-2460
-2489
-2327
-2068
-1846
-1619
-1379
-1154
-900
-873
-891
-1054
-1275
-1292
-1507
-1128
-510
7
872
1184
1998
2868
3407
4035
3821
3571
3141
2366
1579
832
-17
-808
-1452
-1900
-1680
-1538
-1489
-1413
-1552
-1327
-1344
-1631
-1922
-2448
-2711
-3002
-3055
-2728
-2209
-1597
-888
-58
963
2047
2633
3019
3078
3038
3027
2644
2194
1716
1288
1098
947
912
968
929
785
498
106
-302
-828
-1553
-2310
-2993
-3288
-3291
-3109
-2685
-2085
-1248
-225
766
1625
2345
2728
2940
2914
2738
2580
2217
1870
1586
1422
1505
1574
1621
1585
1449
1244
914
449
-141
-828
-1538
-2064
-2414
-2544
-2529
-2489
-2264
-1934
-1427
-1024
-810
-762
-900
-981
-1255
-1381
-1692
-1891
-1975
-1969
-1663
-1198
-102
695
1556
2146
2496
3172
3223
3478
3145
2480
2051
1174
693
249
-50
-443
-778
-936
-758
-480
-704
-874
-1468
-1816
-2109
-2696
-2968
-3389
-3463
-3378
-3076
-2251
-1375
-448
269
957
1644
2280
2528
2411
2168
1798
1707
1513
1424
1466
1493
1717
1841
2016
2069
1851
1299
438
-481
-1345
-2066
-2818
-3440
-3761
-3614
-2935
-2101
-1182
-300
455
1223
1743
2059
2179
2004
1763
1508
1459
1643
1867
2084
2279
2531
2798
2907
2680
2152
1383
528
-271
-1017
-1588
-2082
-2373
-2364
-2101
-1617
-1200
-967
-866
-867
-895
-1036
-1352
-1708
-2053
-2229
-2136
-1907
-1549
-1174
-858
-548
-230
-68
357
770
956
1228
1122
1403
1728
1979
2516
2426
2422
2221
1789
1507
1069
509
-217
-918
-1390
-1399
-1576
-1729
-1942
-2226
-2098
-2194
-2199
-2208
-2363
-2314
-2356
-2060
-1525
-959
-403
91
624
1232
1808
2035
2180
2081
1980
1991
1864
1891
1789
1650
1559
1430
1376
1154
710
50
-645
-1306
-1795
-2201
-2559
-2714
-2740
-2301
-1677
-1011
-304
145
653
1036
1341
1643
1729
1784
1815
1899
2123
2415
2563
2618
2530
2369
2190
1760
1255
610
-58
-586
-1003
-1192
-1299
-1369
-1366
-1288
-1146
-1038
-1092
-1293
-1463
-1638
-1691
-1731
-1734
-1585
-1483
-1143
-868
-605
-379
-428
-593
-743
-986
-1036
-607
-194
500
935
1295
2035
2439
3031
3273
2836
2485
1656
961
452
-124
-546
-1000
-1301
-1161
-822
-744
-737
-1182
-1544
-1881
-2361
-2593
-2935
-3057
-2948
-2732
-1987
-1059
-168
611
1073
1458
1805
1910
1883
1707
1353
1288
1293
1498
1833
1965
2104
2046
1878
1618
1042
284
-639
-1566
-2278
-2701
-2843
-2694
-2486
-2114
-1463
-828
-124
303
502
697
743
889
1131
1327
1690
2001
2303
2721
2978
3155
3060
2633
2152
1540
924
384
-231
-673
-969
-1115
-1021
-929
-869
-872
-1037
-1145
-1329
-1582
-1766
-1937
-1969
-1866
-1677
-1348
-1006
-712
-434
-340
-264
-418
-646
-1009
-1245
-1414
-1248
-436
209
1128
1563
1854
2376
2442
2772
2439
1832
1284
457
32
-224
-317
-382
-497
-696
-549
-435
-591
-901
-1741
-2235
-2686
-3011
-2910
-2938
-2520
-2136
-1664
-892
-168
537
911
950
926
1038
1105
1339
1410
1458
1741
1901
2259
2408
2347
2140
1598
1054
402
-171
-697
-1228
-1704
-1999
-1981
-1749
-1423
-1322
-1146
-974
-760
-432
-306
-21
321
648
1136
1631
2231
2822
3110
3206
3136
2946
2744
2261
1629
1076
520
216
-31
-221
-264
-350
-388
-460
-606
-726
-979
-1282
-1601
-1882
-2027
-1995
-1858
-1615
-1318
-1069
-769
-621
-427
-386
-391
-566
-808
-1070
-1235
-1275
-1216
-597
29
851
1423
1545
1931
1936
2137
2183
1653
1426
766
276
46
-153
-77
-182
-530
-666
-687
-804
-875
-1481
-1942
-2225
-2570
-2530
-2573
-2337
-1955
-1743
-1338
-908
-246
402
711
857
981
1177
1500
1680
1735
1860
1850
1886
1818
1677
1662
1413
1079
606
143
-88
-383
-714
-1151
-1524
-1660
-1679
-1694
-1715
-1656
-1408
-1076
-677
-189
416
1060
1528
1904
2205
2545
2834
2822
2684
2403
2149
1924
1563
1195
902
672
471
254
21
-58
-198
-411
-691
-1038
-1210
-1407
-1607
-1786
-1980
-1936
-1813
-1576
-1244
-960
-690
-622
-563
-534
-496
-477
-707
-906
-1237
-1386
-1306
-1272
-553
44
884
1528
1520
1875
1637
1707
1734
1213
1086
439
101
17
-156
68
98
-71
-137
-310
-542
-644
-1218
-1618
-2056
-2519
-2515
-2619
-2257
-1834
-1556
-1134
-866
-295
223
605
764
774
861
1004
1198
1323
1534
1692
1903
1943
1937
1935
1840
1730
1285
841
358
-137
-504
-1023
-1351
-1626
-1754
-1767
-1755
-1524
-1168
-713
-351
1
323
696
1050
1336
1615
1818
2060
2200
2256
2268
2173
2059
1816
1519
1245
1014
815
588
382
148
-72
-325
-568
-800
-1033
-1290
-1553
-1780
-1926
-1952
-1849
-1670
-1445
-1205
-1062
-921
-856
-816
-772
-876
-879
-1057
-1133
-1206
-1225
-974
-650
50
639
1316
1552
1565
1386
1016
1066
840
891
683
349
353
104
335
329
364
357
113
-104
-616
-1066
-1565
-1825
-2025
-2107
-2095
-2126
-1912
-1721
-1348
-1004
-715
-442
-346
-186
-71
184
412
712
964
1231
1532
1746
2017
2140
2222
2160
1974
1710
1387
1042
613
212
-234
-550
-785
-978
-1061
-1150
-1074
-969
-785
-598
-462
-340
-249
-83
137
487
832
1156
1405
1557
1689
1720
1718
1646
1566
1484
1374
1272
1149
1056
881
690
442
196
-30
-334
-637
-951
-1179
-1290
-1273
-1226
-1126
-1009
-918
-837
-828
-704
-684
-716
-739
-772
-631
-523
-406
-430
-476
-468
-489
-470
-415
-253
-110
33
88
31
-84
-232
-248
-250
-127
2
95
159
117
106
41
21
0
-28
-63
-123
-187
-332
-460
-611
-707
-736
-712
-603
-543
-483
-510
-532
-542
-512
-396
-269
-82
79
243
345
432
482
501
534
553
639
745
830
846
762
647
540
459
367
237
87
-27
-88
-102
-73
-21
39
88
136
221
322
404
454
453
467
499
553
615
658
700
732
782
798
816
804
763
714
637
578
505
429
316
192
96
40
54
42
87
120
109
104
56
30
-5
-52
-85
-107
-128
-168
-240
-298
-322
-350
-378
-448
-538
-624
-749
-886
-1033
-1131
-1196
-1276
-1287
-1302
-1243
-1161
-1103
-1029
-960
-857
-756
-667
-615
-552
-517
-485
-433
-372
-238
-148
-86
-96
-98
-60
-34
7
-2
25
70
143
206
235
272
284
302
275
238
192
119
80
82
179
311
430
497
504
505
439
349
215
112
46
-9
25
84
230
404
526
601
651
729
760
729
640
556
542
566
629
687
776
869
937
947
883
787
638
454
282
184
175
205
246
261
262
254
225
190
169
164
183
178
166
245
342
437
420
287
106
-100
-245
-305
-260
-211
-229
-336
-523
-700
-825
-925
-979
-986
-1007
-1044
-1164
-1329
-1460
-1542
-1531
-1476
-1345
-1209
-1089
-995
-971
-942
-868
-724
-514
-283
-65
70
71
-31
-144
-166
-59
121
303
480
607
678
661
542
420
298
201
119
15
-39
-66
-78
-47
42
182
298
311
248
132
18
-82
-182
-254
-272
-255
-219
-160
-28
191
396
532
599
612
640
633
609
592
649
777
868
973
1047
1129
1190
1224
1232
1211
1183
1065
897
732
638
630
590
545
431
313
240
168
103
64
70
76
43
-29
-50
-47
-17
-16
-17
4
3
-5
-61
-93
-78
-154
-253
-414
-573
-659
-723
-766
-857
-954
-1044
-1218
-1365
-1475
-1505
-1509
-1556
-1560
-1650
-1647
-1590
-1549
-1376
-1238
-1053
-924
-819
-649
-467
-230
-8
203
405
573
645
728
803
904
1045
1043
965
766
482
275
52
-77
-97
-108
-123
-173
-221
-242
-241
-266
-286
-363
-432
-463
-506
-451
-370
-240
-69
101
315
508
684
820
924
996
1033
1065
1062
1151
1253
1376
1507
1531
1578
1526
1430
1289
1114
992
832
680
530
422
339
248
172
88
57
3
-25
-83
-140
-141
-163
-140
-140
-109
-38
9
60
66
80
115
136
152
138
97
12
-116
-299
-443
-572
-645
-662
-716
-755
-924
-1067
-1242
-1380
-1437
-1542
-1569
-1666
-1731
-1718
-1685
-1528
-1360
-1184
-1015
-933
-830
-731
-609
-392
-155
197
537
832
1078
1190
1248
1290
1256
1180
996
736
474
170
-50
-244
-364
-441
-492
-547
-612
-670
-725
-819
-895
-978
-1032
-1029
-969
-819
-591
-295
10
319
609
884
1094
1247
1332
1431
1514
1600
1662
1672
1730
1728
1722
1676
1583
1485
1329
1133
914
661
480
292
142
1
-99
-185
-249
-258
-267
-228
-231
-186
-171
-131
-69
-10
68
130
171
211
222
252
260
263
235
169
92
-29
-154
-324
-470
-568
-644
-681
-724
-794
-901
-1050
-1149
-1224
-1202
-1197
-1213
-1247
-1322
-1329
-1325
-1239
-1096
-969
-777
-659
-534
-463
-428
-300
-195
19
228
433
670
823
984
1050
1035
954
776
602
371
170
-40
-194
-302
-381
-396
-455
-489
-561
-623
-695
-779
-863
-937
-970
-951
-853
-749
-569
-363
-126
136
325
553
693
829
976
1105
1326
1480
1612
1670
1666
1688
1683
1692
1663
1597
1458
1298
1110
931
811
641
522
377
273
204
87
26
-66
-124
-115
-110
-61
-47
-27
-32
-49
-70
-95
-80
-92
-64
-73
-94
-125
-239
-345
-468
-570
-641
-700
-707
-733
-743
-816
-886
-986
-1045
-1059
-1048
-988
-1002
-974
-1025
-1024
-1042
-1007
-931
-833
-696
-594
-523
-484
-446
-354
-236
-68
78
191
328
374
503
528
611
606
589
559
475
428
330
262
172
124
64
-12
-91
-200
-263
-330
-390
-419
-521
-547
-614
-599
-579
-505
-403
-280
-122
6
159
246
393
475
613
755
894
1059
1152
1237
1303
1346
1407
1405
1354
1276
1161
1046
924
811
699
604
472
387
306
275
258
218
171
85
20
-24
-34
-49
-29
-5
41
112
156
186
173
115
28
-102
-223
-327
-387
-420
-424
-403
-424
-449
-547
-660
-793
-881
-905
-917
-910
-935
-960
-964
-933
-873
-811
-770
-765
-763
-790
-772
-732
-669
-591
-534
-435
-325
-196
-108
-30
45
130
220
267
316
366
412
455
436
400
321
254
154
85
48
12
-3
-60
-113
-187
-232
-292
-362
-433
-500
-499
-453
-384
-256
-179
-73
-15
58
160
263
397
468
551
621
753
875
1012
1093
1135
1158
1125
1081
1033
975
899
795
680
573
522
481
427
370
316
273
203
151
101
108
113
118
146
182
248
298
319
329
316
280
206
111
15
-81
-181
-258
-270
-259
-217
-219
-275
-402
-573
-713
-800
-794
-756
-712
-724
-775
-854
-888
-874
-844
-804
-796
-786
-788
-778
-774
-734
-686
-638
-591
-520
-457
-387
-318
-264
-178
-122
-53
5
65
115
152
166
193
205
225
225
198
155
96
71
40
43
36
40
38
12
-27
-67
-92
-81
-70
-29
19
61
122
154
221
297
380
452
531
596
687
763
818
859
877
906
888
864
818
772
727
661
581
518
469
427
379
321
263
209
151
108
87
100
125
142
166
193
262
323
368
355
320
273
208
157
77
28
-15
-37
-66
-76
-54
-59
-89
-181
-326
-465
-557
-589
-592
-565
-533
-531
-559
-625
-671
-709
-723
-745
-762
-771
-779
-753
-736
-714
-692
-698
-708
-683
-646
-594
-552
-519
-483
-440
-383
-299
-198
-107
-40
-29
-21
-19
-21
-28
-44
-55
-40
-23
14
51
72
92
64
19
-13
-16
34
86
113
151
188
239
310
373
442
509
559
619
675
733
795
811
820
813
807
823
818
802
762
687
604
504
405
328
273
219
169
127
99
92
68
51
21
22
45
69
117
161
197
209
214
212
212
226
230
216
188
164
141
97
53
-5
-32
-33
-41
-44
-70
-104
-163
-245
-314
-357
-372
-376
-408
-450
-511
-575
-625
-677
-694
-679
-636
-591
-566
-566
-585
-627
-659
-693
-711
-697
-675
-612
-549
-470
-388
-322
-273
-253
-237
-232
-230
-245
-266
-276
-295
-286
-265
-234
-188
-129
-75
-39
-3
21
34
25
12
23
61
132
205
290
380
460
526
578
616
645
669
695
733
757
779
778
753
732
696
667
624
568
511
437
352
269
195
138
74
25
-20
-48
-54
-68
-56
-47
-28
1
47
87
122
149
166
181
172
165
154
135
108
86
62
32
3
-29
-58
-79
-101
-109
-135
-157
-182
-211
-232
-249
-257
-282
-313
-352
-382
-395
-399
-395
-397
-410
-429
-455
-458
-437
-409
-387
-359
-333
-306
-285
-259
-244
-237
-220
-195
-177
-159
-153
-154
-146
-162
-165
-171
-158
-159
-167
-174
-176
-157
-129
-97
-63
-34
-14
10
24
49
75
91
89
105
146
212
264
317
368
390
413
424
428
444
451
458
450
439
439
410
362
283
220
157
125
110
93
81
51
27
-4
-19
-26
-26
-28
-29
-1
35
86
130
157
175
184
202
206
208
200
185
146
105
85
54
30
1
-22
-16
-16
-15
-20
-48
-65
-85
-92
-88
-80
-75
-83
-96
-101
-110
-131
-137
-147
-161
-163
-155
-140
-129
-113
-105
-115
-132
-152
-165
-169
-154
-140
-121
-101
-79
-73
-91
-108
-139
-166
-191
-213
-212
-205
-186
-175
-156
-125
-83
-46
-16
3
8
7
1
-1
8
26
48
76
103
131
159
174
192
198
196
201
195
204
201
194
193
180
158
127
101
73
55
43
36
36
34
27
7
-24
-56
-65
-54
-39
-3
38
81
122
161
204
231
240
231
204
163
126
100
72
48
27
22
12
3
-2
-19
-28
-53
-70
-93
-117
-123
-129
-135
-136
-141
-153
-150
-144
-141
-139
-149
-146
-135
-132
-125
-125
-132
-130
-121
-109
-78
-61
-53
-50
-57
-44
-37
-40
-38
-29
-17
-18
-19
-27
-48
-82
-109
-122
-105
-73
-49
-31
-27
-26
-29
-29
-18
5
29
55
76
93
113
132
149
166
171
182
195
202
206
198
198
182
162
140
106
80
60
52
55
51
40
17
-18
-65
-98
-122
-129
-130
-125
-125
-129
-122
-106
-68
-25
30
79
112
123
112
105
93
67
44
34
31
27
23
9
-11
-21
-34
-56
-80
-98
-110
-116
-117
-102
-84
-70
-49
-38
-25
-12
-1
-13
-29
-40
-50
-54
-74
-85
-90
-85
-65
-47
-33
-31
-35
-36
-37
-30
-27
-12
0
10
25
42
45
53
64
55
52
42
27
20
9
9
14
19
32
50
74
97
112
118
125
133
139
139
133
134
131
137
150
169
185
191
202
202
197
195
190
172
142
110
88
68
46
33
12
-5
-24
-44
-73
-100
-117
-140
-159
-168
-167
-154
-139
-123
-92
-67
-37
-10
7
23
24
25
19
4
-9
-18
-27
-33
-43
-36
-33
-30
-23
-39
-50
-56
-60
-58
-59
-53
-37
-13
-4
-10
-9
-13
-24
-56
-90
-115
-129
-136
-138
-142
-144
-130
-122
-121
-127
-136
-143
-143
-151
-154
-145
-134
-107
-81
-48
-23
-9
-8
-24
-41
-57
-76
-82
-86
-72
-45
-26
-11
-1
14
24
25
18
18
20
26
33
50
73
100
128
148
167
186
208
229
241
239
233
227
222
213
204
192
168
145
120
85
48
20
-4
-27
-46
-60
-75
-84
-99
-108
-113
-118
-109
-97
-84
-69
-57
-34
-12
-3
-3
-10
-35
-54
-66
-77
-71
-70
-72
-62
-55
-40
-26
-23
-17
-14
-18
-14
0
12
27
33
34
28
10
-10
-39
-62
-85
-98
-95
-90
-75
-59
-51
-51
-56
-65
-71
-75
-76
-64
-50
-35
-9
16
39
50
47
33
19
4
-27
-47
-66
-78
-76
-71
-60
-44
-47
-46
-50
-57
-56
-65
-69
-67
-56
-36
-7
27
65
103
141
169
208
244
267
294
304
308
314
318
318
300
277
244
201
174
137
109
86
56
40
19
-2
-26
-50
-68
-81
-90
-88
-78
-72
-59
-48
-39
-20
-10
-7
-14
-25
-39
-54
-67
-89
-100
-110
-120
-121
-119
-109
-95
-94
-92
-93
-93
-91
-92
-90
-86
-82
-88
-103
-116
-119
-122
-122
-120
-120
-105
-97
-93
-92
-89
-81
-77
-67
-59
-49
-23
-3
24
47
71
100
114
118
106
96
81
52
27
-1
-25
-38
-52
-49
-42
-42
-48
-71
-98
-116
-128
-140
-149
-147
-130
-102
-72
-41
-2
41
83
128
168
200
230
251
272
287
301
311
320
312
296
278
245
216
192
166
148
129
106
90
70
47
28
13
0
-10
-11
-7
12
26
41
54
61
69
57
47
32
17
1
-20
-36
-45
-55
-65
-74
-78
-72
-80
-93
-103
-118
-130
-151
-164
-168
-167
-158
-156
-159
-164
-170
-174
-175
-173
-166
-157
-146
-142
-131
-121
-110
-92
-87
-76
-61
-43
-20
-4
14
33
40
50
49
52
51
40
23
4
-3
-10
-24
-33
-40
-48
-46
-56
-66
-77
-92
-106
-119
-129
-126
-118
-105
-85
-62
-27
12
51
81
115
148
178
203
216
229
245
257
258
259
258
251
237
220
204
191
175
156
140
136
130
120
112
99
90
81
73
74
77
87
91
90
93
89
84
73
57
41
21
5
-14
-30
-43
-52
-57
-56
-59
-64
-70
-83
-99
-122
-139
-152
-158
-171
-172
-166
-159
-150
-150
-160
-166
-175
-185
-184
-182
-178
-170
-155
-142
-123
-117
-116
-116
-107
-91
-77
-66
-61
-53
-46
-42
-37
-35
-38
-42
-48
-57
-58
-56
-50
-52
-53
-46
-39
-35
-37
-41
-48
-67
-75
-75
-68
-54
-40
-26
-6
23
51
71
89
104
117
138
153
166
171
174
182
180
183
184
177
174
168
161
155
148
140
135
134
139
138
141
139
143
150
144
147
152
154
148
144
139
129
126
108
88
74
60
47
40
36
36
37
34
29
25
14
0
-9
-24
-36
-46
-60
-68
-72
-76
-82
-88
-98
-109
-121
-135
-153
-161
-171
-170
-169
-171
-160
-154
-143
-140
-133
-122
-121
-115
-111
-107
-115
-120
-117
-120
-115
-110
-114
-112
-108
-109
-109
-110
-109
-113
-115
-115
-115
-117
-125
-131
-132
-128
-123
-113
-100
-82
-64
-39
-9
15
46
72
87
99
115
125
138
156
158
162
164
163
165
162
149
139
136
137
138
139
145
148
153
158
165
173
180
184
188
192
196
203
206
204
205
197
185
166
147
130
105
93
88
82
77
71
63
57
45
32
20
1
-16
-36
-42
-50
-52
-52
-56
-56
-66
-70
-79
-90
-111
-127
-141
-156
-157
-159
-158
-161
-161
-165
-165
-165
-169
-167
-172
-174
-178
-183
-182
-183
-182
-185
-186
-184
-185
-185
-182
-183
-182
-180
-181
-172
-174
-177
-179
-181
-178
-180
-172
-157
-147
-136
-116
-95
-66
-38
-12
14
43
71
85
101
113
122
132
145
154
164
171
173
174
169
171
167
164
166
173
179
184
189
188
193
201
213
224
241
247
247
253
251
249
243
232
218
206
194
176
164
155
138
126
110
92
90
82
77
67
58
40
23
24
12
1
-3
-19
-29
-38
-49
-56
-68
-80
-87
-95
-100
-112
-124
-131
-138
-147
-163
-165
-168
-169
-177
-179
-186
-193
-199
-201
-204
-213
-224
-233
-237
-240
-241
-244
-241
-236
-230
-224
-220
-215
-207
-202
-202
-197
-196
-187
-175
-159
-143
-124
-104
-88
-60
-34
-9
17
40
52
67
91
104
123
138
145
149
153
158
167
173
169
168
169
168
174
185
185
184
190
202
205
212
218
229
241
246
254
261
268
270
266
255
249
239
221
213
203
192
177
159
149
140
130
117
103
95
85
74
63
51
40
19
4
-9
-25
-37
-54
-67
-76
-83
-93
-100
-112
-116
-126
-137
-145
-156
-161
-169
-165
-161
-156
-156
-165
-172
-175
-182
-193
-204
-215
-225
-227
-240
-247
-249
-255
-257
-254
-250
-241
-236
-234
-232
-226
-223
-220
-214
-199
-187
-173
-155
-138
-115
-91
-66
-42
-16
13
30
53
70
82
92
105
113
122
130
135
140
138
135
129
128
126
121
117
110
115
123
133
144
160
172
188
204
213
218
222
226
229
228
222
219
213
208
206
205
201
198
195
180
176
165
149
138
125
108
86
73
58
35
19
-1
-21
-31
-47
-54
-61
-70
-76
-85
-91
-98
-106
-109
-117
-124
-127
-128
-131
-139
-140
-154
-166
-169
-178
-174
-171
-176
-172
-174
-185
-184
-190
-193
-196
-191
-191
-193
-197
-202
-196
-196
-188
-180
-173
-164
-157
-149
-136
-123
-107
-88
-63
-50
-34
-16
-3
10
25
39
54
70
84
90
105
113
118
119
117
117
119
120
111
110
111
113
117
114
114
111
124
123
124
130
144
159
168
181
181
189
196
200
206
210
213
211
213
205
197
188
179
173
160
151
138
122
108
90
80
69
52
37
19
15
2
-7
-17
-28
-32
-49
-55
-69
-77
-91
-104
-105
-112
-120
-131
-140
-146
-158
-164
-167
-166
-171
-176
-182
-191
-192
-189
-185
-188
-189
-193
-198
-194
-197
-197
-192
-186
-179
-174
-165
-157
-147
-138
-133
-122
-102
-87
-76
-64
-52
-35
-13
-5
10
26
40
56
70
81
92
111
122
134
143
145
145
134
130
131
134
134
126
119
114
114
110
120
126
123
125
132
131
137
139
147
153
150
153
160
163
162
162
154
153
152
146
147
142
135
119
108
101
93
83
75
67
57
45
27
12
0
-13
-23
-29
-40
-53
-62
-77
-81
-83
-84
-84
-83
-94
-109
-113
-122
-126
-137
-144
-152
-159
-164
-165
-164
-171
-169
-176
-174
-172
-169
-168
-173
-174
-174
-172
-168
-167
-165
-151
-142
-133
-127
-117
-110
-99
-83
-73
-55
-40
-32
-20
-8
6
14
25
36
50
64
66
72
76
87
91
92
98
105
114
120
116
116
117
118
121
123
116
112
115
112
112
110
107
104
103
94
100
115
123
133
136
138
140
138
138
135
132
133
135
131
131
129
121
113
99
85
76
58
41
26
19
7
-4
-12
-24
-27
-36
-44
-51
-59
-67
-73
-78
-77
-79
-83
-88
-96
-96
-101
-109
-117
-119
-121
-124
-122
-130
-138
-148
-160
-165
-171
-174
-172
-170
-171
-178
-174
-175
-170
-165
-158
-147
-142
-137
-130
-122
-107
-95
-89
-80
-71
-55
-44
-26
-13
-2
9
17
27
34
42
48
54
61
64
61
63
66
74
75
80
79
80
81
82
89
91
98
96
99
96
96
101
99
100
102
105
110
125
137
141
148
158
161
163
169
164
161
166
157
149
148
140
141
133
118
116
101
93
79
65
54
45
38
17
11
3
-6
-9
-17
-17
-23
-35
-42
-56
-61
-66
-73
-84
-95
-106
-125
-127
-132
-138
-134
-147
-150
-161
-166
-173
-182
-190
-195
-195
-199
-197
-205
-204
-198
-192
-185
-180
-172
-167
-161
-149
-139
-130
-119
-111
-103
-91
-78
-68
-66
-53
-42
-31
-19
-12
-4
8
13
19
25
23
33
34
40
50
56
67
72
74
82
86
92
94
103
112
116
123
126
129
135
139
141
150
148
149
154
156
163
164
164
164
158
154
145
140
133
120
118
111
107
102
89
76
65
55
43
39
32
29
25
19
13
4
-3
-13
-17
-12
-15
-23
-35
-47
-54
-61
-60
-64
-75
-78
-82
-91
-92
-103
-109
-115
-127
-130
-140
-145
-148
-150
-150
-151
-151
-159
-162
-165
-166
-161
-161
-151
-144
-129
-128
-122
-116
-112
-102
-94
-82
-71
-60
-54
-39
-31
-20
-8
0
7
21
32
37
38
38
42
45
46
49
47
52
60
68
68
73
74
67
75
75
80
89
89
93
95
93
101
104
103
114
116
116
120
121
120
122
124
123
121
117
114
113
109
109
108
103
95
91
82
74
68
58
54
48
39
33
25
21
11
13
8
0
-6
-20
-29
-41
-47
-59
-60
-69
-72
-74
-79
-81
-88
-98
-106
-111
-111
-113
-119
-116
-121
-125
-129
-140
-140
-142
-142
-132
-126
-124
-120
-114
-114
-109
-98
-95
-90
-79
-73
-64
-56
-54
-47
-33
-18
-3
8
11
16
20
24
25
32
35
41
48
52
56
59
63
66
73
76
82
81
78
84
89
95
94
97
95
94
98
100
108
107
106
104
101
95
95
96
97
99
98
93
86
82
72
64
64
60
52
51
43
37
24
21
7
8
-1
-7
-7
-18
-23
-35
-37
-45
-49
-50
-57
-57
-55
-58
-58
-60
-66
-69
-73
-81
-76
-79
-80
-75
-76
-77
-82
-81
-87
-87
-84
-86
-84
-85
-93
-91
-90
-86
-76
-67
-60
-51
-42
-36
-29
-22
-20
-17
-8
0
5
12
23
20
23
27
33
40
42
43
44
44
47
42
45
44
49
51
49
55
48
43
42
39
43
45
44
47
54
58
57
55
48
45
44
46
54
53
50
49
46
54
54
55
53
50
48
41
39
36
34
29
28
25
21
21
16
17
22
16
19
10
-2
-8
-15
-13
-13
-6
-5
-2
1
2
1
-3
-3
-7
-9
-12
-18
-18
-23
-24
-27
-32
-39
-38
-39
-39
-37
-37
-41
-43
-47
-55
-58
-59
-58
-55
-55
-50
-49
-51
-49
-59
-60
-56
-45
-43
-40
-37
-39
-39
-39
-37
-38
-33
-25
-17
-14
-9
-6
1
4
4
1
1
0
-1
0
-1
5
8
9
11
11
20
23
26
33
32
34
32
29
29
28
30
40
47
54
58
58
62
64
62
64
61
60
60
52
51
47
48
48
49
50
46
46
41
34
32
24
22
16
9
7
1
3
1
6
7
3
2
0
-7
-10
-13
-15
-17
-20
-22
-27
-28
-28
-24
-21
-26
-22
-25
-25
-30
-32
-32
-37
-33
-39
-37
-37
-37
-39
-44
-44
-45
-50
-49
-51
-49
-49
-48
-43
-41
-39
-39
-39
-36
-36
-34
-32
-27
-30
-29
-24
-26
-17
-14
-10
-6
-3
0
0
4
6
7
11
15
21
23
26
29
33
35
35
36
37
36
35
38
39
42
40
40
42
40
42
40
42
42
43
40
38
40
36
36
33
33
35
30
31
28
27
26
23
25
21
21
21
20
18
16
16
13
13
9
5
5
-1
0
-3
-5
-5
-6
-7
-11
-11
-14
-19
-23
-28
-30
-35
-37
-37
-38
-39
-43
-43
-44
-46
-47
-49
-50
-53
-54
-56
-57
-55
-54
-52
-49
-46
-43
-41
-40
-39
-39
-39
-38
-36
-35
-36
-35
-34
-31
-27
-23
-19
-15
-11
-13
-12
-9
-9
-5
-2
1
9
10
14
15
20
21
26
31
34
35
36
39
40
42
42
40
41
42
42
46
48
50
53
52
52
52
52
52
52
51
51
49
44
43
37
35
34
32
34
33
31
31
26
25
22
17
16
14
11
10
9
3
1
-1
-2
-4
-7
-9
-13
-17
-22
-26
-31
-32
-36
-39
-39
-40
-39
-39
-40
-38
-38
-41
-44
-45
-48
-50
-52
-51
-49
-50
-44
-43
-39
-36
-36
-36
-34
-31
-30
-30
-29
-27
-26
-27
-23
-21
-18
-11
-10
-5
-4
-3
-1
0
2
4
5
8
11
12
14
15
17
19
22
24
27
29
29
30
30
29
31
30
34
35
35
35
35
33
33
31
33
32
31
30
29
26
25
24
19
20
17
18
15
13
14
13
12
10
9
7
5
2
-1
-3
-6
-8
-8
-9
-6
-10
-11
-11
-12
-14
-14
-16
-16
-19
-21
-22
-23
-24
-24
-22
-23
-22
-22
-22
-21
-24
-22
-24
-25
-23
-25
-22
-20
-19
-16
-16
-16
-13
-12
-11
-8
-9
-6
-7
-8
-7
-4
-4
-1
0
1
4
3
3
5
4
7
7
9
11
12
13
13
14
15
18
16
18
19
18
19
19
19
20
18
20
19
19
18
16
16
16
15
13
14
13
15
14
13
15
13
12
10
7
6
6
4
3
2
2
1
1
2
1
-1
-2
-3
-8
-9
-10
-11
-8
-10
-10
-9
-9
-11
-12
-13
-13
-14
-15
-16
-17
-18
-19
-19
-18
-15
-15
-12
-12
-12
-13
-15
-14
-12
-14
-14
-10
-9
-7
-6
-7
-6
-4
-2
-4
-3
-2
-2
-2
-2
-2
-1
2
2
5
6
6
7
7
8
7
8
9
11
11
12
12
12
11
12
12
11
14
14
13
12
13
11
11
11
11
11
11
11
10
8
6
6
6
7
7
7
6
5
4
2
2
0
-1
-1
-1
-2
-4
-2
-3
-3
-2
-4
-4
-6
-7
-8
-10
-10
-10
-9
-7
-6
-4
-3
-1
-3
-4
-3
-4
-5
-5
-7
-6
-7
-8
-7
-4
-1
1
1
3
3
2
1
-1
-3
-1
-1
-1
2
1
2
3
5
5
6
5
4
4
3
2
0
0
2
1
3
3
5
5
3
2
2
3
2
2
0
0
0
-1
-1
-2
-3
-1
-2
0
0
-1
0
-2
-2
-3
-5
-4
-6
-8
-7
-7
-7
-8
-6
-6
-4
-6
-5
-4
-5
-5
-6
-7
-7
-6
-6
-5
-4
-4
-4
-3
-1
-1
