-1
0
1
0
0
2
3
2
2
2
1
1
0
0
-2
0
0
1
1
2
2
2
3
2
2
1
0
0
1
-1
-1
0
0
2
1
2
1
3
2
2
0
0
0
-1
0
-2
-2
-2
-1
1
0
0
0
0
0
0
-1
-3
-4
-4
-5
-4
-4
-4
-3
-1
-2
-1
-1
-1
-2
-2
-2
-4
-5
-4
-2
-2
-2
-1
-2
-1
-1
-1
-1
-2
-2
-1
-2
-2
-3
-4
-3
-3
-2
-2
-3
-2
-1
-1
-2
-4
-2
-2
-3
-4
-3
-3
-1
-1
0
1
0
0
1
1
0
-1
-1
-1
1
1
0
1
-1
3
2
2
2
2
2
2
2
1
1
0
2
2
2
2
2
3
3
3
2
2
1
0
1
0
-1
0
0
2
2
2
0
1
2
2
2
1
1
0
0
-2
-1
-1
1
2
1
2
2
1
1
0
1
0
-1
0
0
0
0
0
-1
1
0
1
0
0
0
1
1
0
-1
0
0
1
1
1
1
1
2
2
1
0
-1
-1
-1
0
0
0
0
1
0
-1
-1
-1
0
0
-1
-1
-3
-3
-3
-3
-3
-2
-1
1
0
0
0
-1
0
1
0
0
-1
-2
-1
0
0
-1
0
1
2
2
1
0
1
1
1
1
-1
-1
0
1
1
-1
-1
0
1
1
1
1
0
1
0
1
2
0
1
1
1
1
1
0
1
1
0
0
0
0
-2
-1
-1
-1
0
1
1
1
2
2
1
1
1
1
0
0
1
-1
0
1
0
0
1
2
1
0
-1
2
2
0
2
1
1
1
2
3
0
1
3
3
1
2
3
1
1
1
2
1
0
1
1
3
3
1
3
1
0
-1
-1
0
-2
-3
0
0
-2
-2
-1
-1
-2
-1
0
0
-2
-1
0
-1
-2
0
0
-1
-1
0
2
0
1
3
2
2
3
2
0
0
0
2
0
1
1
1
0
-1
-1
-1
-3
-3
-2
-2
-4
-4
-3
-2
-3
-4
-3
-2
-2
-4
-5
-3
-3
-5
-3
-2
-3
-5
-4
-1
-2
-3
-2
1
0
-2
0
0
0
-3
-1
0
-2
-2
-1
0
-1
-1
-1
0
-1
-1
-1
-3
-1
-2
-4
-3
-1
-2
-5
-2
1
-1
-6
-1
2
-4
-5
1
1
-2
-3
3
3
-2
0
4
2
-1
1
3
2
-1
1
4
2
1
3
3
3
2
2
4
3
2
2
3
2
3
2
3
3
0
1
1
3
3
2
1
1
1
2
1
-1
2
1
-2
-1
1
0
-3
0
4
1
-3
2
4
-1
-1
2
4
-2
-1
5
4
-3
-2
4
1
-3
-2
1
-1
-6
-3
1
-2
-6
-2
2
-1
-3
0
4
-1
-2
1
3
1
-1
4
3
-2
0
8
8
0
2
8
5
3
6
14
8
2
5
10
8
2
7
10
2
1
3
3
1
-2
2
3
0
1
4
3
2
5
8
6
5
2
3
7
3
3
2
4
4
3
-1
6
6
3
4
1
8
5
3
8
8
0
-2
4
5
6
5
9
8
-2
5
14
10
4
7
16
11
2
3
7
5
-4
-6
0
1
-7
-12
-4
1
-7
-7
0
6
7
-4
9
12
6
6
0
7
-3
-16
0
2
-6
4
1
-5
-2
4
3
-1
14
27
-2
-8
24
11
-11
-3
12
5
-15
-10
16
3
-23
-3
22
-13
-13
4
6
-7
-23
9
21
-25
-20
19
-12
-17
-7
19
-9
-15
2
-8
-5
-10
14
14
-6
-34
2
8
-18
-2
8
10
-21
-21
-17
17
-12
-12
20
-16
9
-20
-31
-3
-12
-23
9
-17
-11
-21
-43
0
-26
15
14
-8
-21
-6
-21
-22
17
21
-14
-6
6
-36
-31
10
6
-8
1
6
-6
-47
-19
26
-37
-15
7
-11
-26
-49
-21
14
-49
-27
4
1
-4
-53
1
32
-33
-59
16
34
-42
-48
6
1
-65
-70
37
37
-75
-27
45
-47
-53
28
13
15
13
-44
-2
-4
-65
8
-10
-44
12
-57
-32
-25
-37
-40
12
-43
-18
36
-36
-58
-15
-5
-26
-29
-2
13
-50
-35
2
-3
-16
-6
26
5
3
2
12
13
-26
1
49
7
-5
43
6
-62
25
13
14
47
-9
15
7
-39
4
63
8
19
-11
15
-18
21
31
3
69
-30
-14
46
-2
1
106
-18
10
74
23
3
29
56
-11
22
11
41
0
-4
63
-1
-43
59
21
-54
5
72
-5
-21
60
20
-65
46
51
-35
2
76
13
-88
35
49
-31
-33
50
19
-30
-59
48
-8
-44
29
32
-4
-48
46
30
-16
-12
88
14
-39
-50
19
-34
-71
-32
20
22
-90
-66
40
-24
-147
7
97
-55
-142
68
43
-136
-80
88
-42
-95
-23
83
-51
-97
-9
-11
-18
-77
-6
-6
0
-103
-36
44
13
-82
-10
36
-9
-63
16
30
-84
15
7
-43
15
-31
-17
-28
6
54
55
-4
35
16
-54
-55
106
99
-76
39
78
3
-106
55
191
15
-77
140
68
-92
12
120
38
-30
-8
99
20
-145
9
100
-33
-24
59
102
38
-87
38
134
-51
-33
114
100
-37
40
114
49
-25
44
127
13
-29
141
30
-35
9
49
-7
-20
-25
18
0
37
70
0
71
-8
73
-92
3
116
-24
-4
20
17
60
-4
-34
123
-80
-18
86
58
46
-85
131
23
-147
13
168
5
-87
61
144
-36
-79
98
43
-73
-61
-1
56
-17
-72
49
57
-87
-97
132
-69
-8
9
56
-146
57
-105
33
1
-116
24
8
-103
-113
70
-106
-39
-147
10
-17
-156
-98
80
-34
-179
93
-62
-23
-146
92
40
-96
-1
113
-94
-100
108
8
11
18
-102
50
30
-219
72
47
-22
-111
91
50
-248
-4
68
-163
71
-136
83
88
-202
89
201
-29
-68
119
161
24
-124
306
11
-155
-4
80
75
-126
16
149
-19
-135
113
-46
-42
-71
-52
109
-111
4
73
74
-121
85
-32
160
-70
-55
347
-9
-168
269
72
-116
71
23
168
-36
14
232
-25
-101
149
-70
-53
30
36
11
-55
-43
108
-150
-9
166
-142
60
27
17
-12
81
-22
142
25
8
36
208
-59
-67
152
-56
91
-3
-88
197
-43
-225
15
40
-24
-164
53
103
-44
-206
9
44
-60
-83
142
70
-210
154
-26
-153
80
17
-45
141
-148
145
93
-155
171
83
-53
145
-23
82
-30
-23
31
81
-129
-88
177
-72
-130
64
87
-28
-154
69
146
-188
112
-133
119
-52
-198
214
-128
-174
105
-134
25
-77
-73
202
-255
-9
133
-83
50
48
-78
71
25
-50
-2
24
-71
140
-148
130
48
-39
9
14
6
-19
16
77
30
-129
12
86
-16
-31
32
216
-13
-152
141
143
-78
-17
294
85
-250
83
156
-302
161
88
88
10
-18
113
37
-243
208
-94
-90
67
-157
280
-139
-133
46
-84
-183
127
-131
75
165
-317
206
-71
-138
198
-152
30
122
-74
-52
43
45
90
-6
65
89
-10
-144
18
170
-138
132
47
151
-205
-10
196
18
108
-45
245
-37
-194
95
112
-331
169
150
-153
30
-44
127
-10
-186
78
313
-276
-8
185
-315
19
-92
202
-111
91
71
-61
-171
-116
-97
87
-62
-208
185
-266
-67
-30
-172
125
-105
-138
193
-185
-160
162
-225
-119
121
-60
60
-122
35
-5
-126
-117
383
-228
-120
193
-120
-127
-42
9
95
-27
-126
210
-52
-190
32
-124
52
148
-200
-53
224
-385
-132
152
-178
248
-89
-50
97
-80
-201
124
-230
148
-145
-117
-28
-138
-10
-254
174
-145
-49
168
-234
-32
153
-144
197
-254
437
77
-247
434
-333
167
159
-378
441
-11
-203
237
-213
202
-266
160
181
-426
121
-112
-246
175
-198
168
-68
-118
-142
39
-191
94
309
-178
106
232
-253
181
23
-159
460
-328
285
85
21
-198
310
69
-10
66
180
113
-219
144
75
-106
124
114
-241
262
-251
120
260
-351
526
-42
-126
376
-67
-133
169
-82
-13
60
-84
226
-20
15
42
157
36
-110
273
-59
0
-46
150
20
-326
285
107
-15
-188
163
118
-137
19
270
40
-251
21
153
-157
-282
346
-207
5
-98
-97
217
-225
-217
264
-100
-220
85
-1
93
-404
358
108
-262
276
155
-192
27
-30
172
-142
10
124
25
-213
-68
112
-165
-119
113
28
49
-160
-39
190
-426
186
-237
10
79
-306
141
164
-359
129
163
-394
219
122
-158
361
-226
92
209
-527
323
-80
-269
217
-104
-54
-174
93
108
-308
181
-60
-110
121
-450
314
-69
-261
280
-312
215
-202
-34
173
-32
-36
141
-222
78
-131
41
10
-133
127
-167
99
-124
7
314
-387
267
-25
-216
231
-105
31
183
-245
247
80
-77
80
308
67
-248
672
-401
71
369
-431
330
45
-256
314
9
-25
110
-22
36
166
-179
208
20
-94
93
-149
143
180
-269
388
194
-428
566
-206
-40
265
-181
120
132
-82
-121
290
-208
-11
274
-73
21
321
-408
398
-122
-32
215
-74
-150
132
20
-280
219
186
-347
223
144
-369
393
-439
196
158
-609
232
-31
-453
159
-235
239
-179
-217
401
-505
142
-236
57
-98
-261
206
-168
-190
140
-565
508
-230
-301
613
-640
158
105
-521
364
-40
-250
163
-236
-104
-20
-98
121
54
-80
-7
135
-300
173
-115
34
153
-86
-132
379
-375
195
-4
-46
-30
-24
-33
55
-141
42
32
-231
-149
115
-139
2
93
-97
123
-270
101
234
-616
731
-284
-400
783
-784
257
490
-542
444
283
-668
384
233
-519
260
428
-495
378
94
-548
674
-146
-456
696
62
-363
335
125
-366
419
14
-194
571
-74
-325
724
-258
-2
519
-475
348
163
-382
412
159
-278
295
-73
67
25
86
-168
243
-125
-41
114
131
-279
378
-122
-52
348
-454
333
52
110
-323
553
-327
151
44
-67
-85
601
-658
33
509
-551
300
-129
9
19
-132
-56
56
-3
-57
-257
503
-587
8
505
-679
133
393
-884
637
-280
-386
413
-316
-121
112
-240
-189
370
-538
39
166
-245
-239
235
-525
294
-49
-433
640
-581
55
178
-216
-172
410
-212
-157
19
124
-353
172
7
-305
415
-404
162
-117
170
-248
76
13
-249
371
-170
-274
542
-448
151
200
-254
-19
496
-509
177
260
-48
-403
737
-639
446
23
-611
1090
-721
-134
783
-518
-57
701
-937
821
-91
-503
823
-419
-212
728
-515
148
493
-478
294
122
-28
-291
612
-318
-4
402
-296
82
297
-495
344
168
-436
502
-41
-264
394
-212
-118
583
-597
535
73
-341
664
-582
278
152
-311
397
-304
227
-38
-297
457
-111
-234
553
-457
311
69
-314
503
-61
-247
336
-124
-235
600
-465
374
35
-61
87
-70
-118
247
-122
-116
336
-236
43
-32
-108
-100
252
-300
76
201
-254
94
197
-574
635
-170
-397
593
-360
22
206
-222
-34
350
-320
-9
254
-221
-99
362
-579
286
73
-405
395
-145
-214
155
-274
15
58
-57
3
-64
-6
-254
234
-160
-52
175
57
-281
247
-135
5
-5
123
-295
391
-247
-242
524
-727
351
160
-551
392
-202
-256
438
-382
221
167
-579
566
-259
60
-133
443
-280
-156
28
-17
9
-121
154
-31
-171
9
279
-563
523
-164
92
-144
204
-227
196
-269
61
221
-173
46
258
-288
-19
566
-716
676
-13
-532
527
-15
-777
1016
-608
87
258
-359
254
140
-540
561
-62
-315
362
76
-430
325
-3
-451
557
-530
511
-258
-122
380
-247
-242
681
-594
276
74
-284
380
-302
35
307
-519
676
-349
-122
487
-459
267
-204
187
27
-178
126
27
-324
404
-407
557
-682
689
-187
-664
940
-642
19
489
-716
429
115
-823
888
-531
-214
380
-199
-293
554
-528
115
81
-193
-110
339
-236
40
161
-196
-205
208
-237
-126
570
-767
669
-47
-379
280
216
-775
720
-227
-278
782
-807
420
-78
-390
327
144
-555
767
-448
-55
414
-619
520
-551
305
49
-236
167
95
-181
236
-373
317
-96
-196
259
-226
108
-236
124
243
-562
605
-565
218
62
-355
376
106
-551
649
-608
200
206
-386
443
-238
-133
342
-464
336
189
-587
687
-293
-208
336
-123
116
141
-160
143
5
-187
391
-525
491
-162
-51
184
-347
384
4
-351
508
-6
-433
812
-704
223
196
-388
265
184
-613
686
-181
-414
661
-394
145
151
-188
-38
429
-506
-3
428
-420
111
149
121
-289
379
-357
263
-132
-21
-197
574
-846
493
216
-806
894
-598
192
192
-234
120
389
-668
480
-62
-501
760
-448
241
31
7
-92
52
-141
316
-129
-36
290
-234
32
109
-180
-103
329
-206
-67
270
-361
373
-503
560
-85
-560
717
-152
-621
831
-467
-177
728
-1002
678
162
-869
819
-224
-577
712
-269
-334
628
-518
-22
364
-694
452
55
-445
270
81
-310
132
7
-90
-166
-40
-40
-177
342
-561
581
-362
-226
59
191
-559
326
242
-742
655
-394
-290
615
-835
604
-109
-418
656
-484
-17
586
-779
613
-425
18
172
-453
508
-314
6
265
-244
-52
345
-365
114
55
59
-317
479
-238
50
-124
64
-80
80
-265
547
-372
96
51
-54
-55
-116
254
-334
282
11
-307
471
-271
-244
709
-578
87
482
-512
187
119
-221
317
-46
-313
726
-570
-26
462
-362
73
471
-589
662
-354
-112
435
-526
217
352
-254
-185
526
-293
-136
342
-168
159
168
-373
616
-294
-138
449
-249
48
133
-27
294
-107
-30
324
-130
0
76
138
-112
287
-225
384
-113
-196
526
-388
169
469
-550
544
-191
-182
311
-472
376
112
-613
777
-493
-144
631
-910
646
196
-753
899
-441
-355
572
-514
75
432
-590
276
250
-762
610
21
-437
388
-9
-230
252
-196
23
-84
-110
-23
-14
255
-557
579
-307
-327
593
-650
359
365
-897
969
-659
-244
649
-750
289
395
-590
456
-299
-172
455
-510
341
268
-466
233
39
-543
463
-86
-107
435
-621
551
-395
65
152
-359
613
-447
-41
450
-623
359
-77
-167
183
-70
-103
187
-140
-144
455
-348
-243
634
-614
212
120
-416
481
-278
70
215
-240
-5
94
-299
428
-381
247
110
-544
138
276
-239
-9
391
-309
255
-193
140
122
-70
17
301
-242
112
135
-65
95
172
154
-217
382
-209
57
-33
135
68
-18
-32
92
-171
343
-273
162
-136
444
-478
456
91
-408
457
-254
-297
751
-713
239
555
-862
442
-8
-314
130
269
-679
792
-258
-339
349
-159
-364
844
-801
236
656
-1271
1002
-272
-488
779
-601
109
354
-657
557
-484
73
-1
-50
67
-43
47
-97
-246
292
-451
177
-218
-176
381
-575
56
167
-668
182
216
-769
911
-806
126
312
-748
233
431
-897
423
236
-708
781
-476
-161
287
-303
22
303
-425
198
-242
226
-564
124
280
-715
709
-335
-115
183
-301
-279
631
-574
302
57
-236
-121
248
-219
-89
420
-191
-114
333
-123
-203
436
-762
655
-51
-499
454
185
-897
550
35
-587
527
-369
225
-263
218
-195
114
-91
-399
516
-111
-687
1370
-1046
75
952
-1368
1168
-317
-787
1147
-759
53
440
-683
466
-529
347
-207
1
173
-474
698
-451
58
226
-220
-11
55
7
374
-379
152
249
-370
130
350
-420
527
-410
485
63
-423
409
-66
-168
219
170
-74
173
-236
137
-168
-203
120
122
-27
82
-336
543
-550
-309
719
-747
311
243
-525
498
-533
-80
401
-579
713
-479
545
-102
-487
621
-245
-161
397
-69
78
249
-597
322
104
-632
581
152
-433
63
141
-355
27
-169
-38
247
-577
-74
730
-862
215
309
-364
-51
262
-143
187
11
-235
378
-134
-93
176
149
8
195
-145
676
-638
-7
614
-469
158
337
-163
-104
38
-142
233
-145
-228
373
-318
166
-124
-75
145
-261
56
306
-346
243
-51
-33
69
-22
379
-472
309
-5
-376
551
-424
-136
588
-803
465
178
-196
150
-142
297
-210
368
17
-181
469
-776
464
233
-665
884
-435
-606
732
-687
113
353
-574
221
-115
-42
-155
218
-199
26
295
-373
444
-148
-368
643
-437
131
698
-753
83
392
-334
389
314
195
-39
104
-75
191
250
-280
373
-43
-56
106
-206
-80
183
-348
269
212
-465
251
-54
-590
460
-176
-355
30
-64
-301
240
-102
-60
366
-651
317
222
-421
378
-164
6
236
-256
182
16
-186
84
6
268
192
-470
324
-110
-259
-118
308
-179
-93
100
-373
381
-636
-15
520
-432
89
148
-268
-119
-335
-32
164
-54
-112
93
46
-306
-10
128
-66
57
324
-175
186
-88
-90
-95
27
34
42
203
-178
-84
-64
5
-73
-78
132
-168
41
59
66
-257
127
-79
-105
240
-40
120
-196
192
-282
166
346
-260
46
265
-72
32
202
7
63
-80
144
171
-20
109
-48
1
79
-39
56
56
-56
47
21
57
-40
-39
84
-134
-58
185
-194
-65
32
-187
15
-113
51
-54
-77
83
-33
-126
293
-388
40
299
-353
263
73
-65
-85
130
-51
39
219
-79
244
-90
39
42
-50
64
-27
87
39
71
-82
-75
94
-87
99
219
-62
91
56
171
115
6
310
135
-51
180
132
114
124
-33
146
78
-9
117
81
-17
48
-139
116
-22
-30
-262
-24
-76
-346
215
-255
7
-386
-316
63
-370
-314
-99
-370
-317
-435
-406
-325
-625
-481
-516
-393
-436
-505
-654
-467
-580
-543
-340
-119
-383
-155
-82
-154
0
-282
390
274
321
651
550
526
416
452
586
703
756
896
807
665
574
473
496
382
536
472
558
442
137
402
29
105
190
387
354
523
443
327
392
-3
474
453
466
874
630
547
477
413
517
500
532
733
430
183
312
69
-233
-277
-110
-375
-349
-565
-816
-868
-1207
-1351
-1197
-1113
-1481
-1589
-1705
-1716
-1941
-2146
-1859
-2010
-2027
-1180
-764
-414
-1090
-1350
-1482
-982
-162
507
1132
823
324
56
315
801
1467
1678
1924
1957
1627
1825
1354
852
755
957
1733
1574
1273
419
-279
-687
-761
-200
199
73
-450
-947
-1257
-1217
-1183
-1099
-696
-562
-150
180
-172
-417
-504
-214
619
1083
1388
1457
1023
638
806
1336
1717
2012
1652
1606
1591
1314
1341
1185
848
883
824
834
709
119
-184
-531
-543
-274
-209
-464
-812
-1128
-1193
-1003
-983
-965
-1123
-1156
-1174
-1104
-998
-985
-1189
-1059
-1106
-858
-854
-1139
-1017
-1351
-1286
-1137
-1202
-1191
-1543
-1633
-1357
-795
-20
-274
-880
-1190
-1227
-580
453
906
1037
558
215
130
431
1160
1957
1932
1765
1780
1758
1659
1432
984
1056
1535
1614
1505
858
-57
-516
-493
-314
155
208
-270
-1047
-1555
-1698
-1220
-874
-978
-921
-847
-652
-544
-771
-742
-405
86
617
993
1043
704
736
743
1105
1706
1977
1947
1795
1498
1588
1578
1450
1357
1205
1300
1071
937
571
161
74
72
-13
47
-185
-547
-710
-799
-807
-734
-880
-1045
-1313
-1405
-1259
-1240
-1244
-1443
-1523
-1508
-1591
-1559
-1577
-1632
-1690
-1657
-1725
-1772
-1983
-1906
-1527
-847
-198
-274
-995
-1221
-1048
-408
907
1454
1472
1111
391
295
1012
1769
2725
2591
2108
2035
1666
1684
1584
1272
1524
1504
1570
1044
173
-351
-779
-781
-479
16
-139
-852
-1733
-2285
-1944
-1279
-821
-906
-901
-1171
-1088
-840
-768
-220
99
498
746
869
781
823
951
1030
1766
2015
2091
1871
1450
1286
1477
1738
1646
1580
1016
776
461
294
421
239
127
-47
-346
-577
-669
-837
-606
-623
-733
-738
-1052
-1209
-1231
-1206
-983
-800
-1089
-1118
-1408
-1465
-1398
-1360
-1222
-1343
-1307
-1654
-1869
-2184
-2008
-1413
-538
15
-373
-1382
-1761
-1503
-351
997
1738
1722
669
-157
-134
890
2239
3301
2927
2270
1680
1580
1779
1850
2122
2208
2129
1749
1030
230
-144
-329
-200
254
248
-36
-1173
-2240
-2486
-1830
-926
-711
-958
-1587
-1987
-1907
-1591
-842
-141
160
71
-227
-171
55
524
924
1421
1787
1763
1502
1083
1045
1399
1911
2149
1997
1396
637
311
352
713
1065
946
434
-241
-694
-747
-423
-120
40
-178
-573
-1002
-1189
-1204
-991
-557
-498
-586
-1141
-1331
-1682
-1442
-1154
-1114
-915
-1522
-1695
-2049
-2303
-2131
-1975
-1302
-678
-505
-950
-2016
-2134
-1614
-621
903
1506
1145
207
-874
-453
994
2688
3780
3223
1972
1304
1263
2160
2907
3319
3215
2257
1528
845
663
1018
1045
828
637
166
-297
-1095
-1893
-1732
-1220
-748
-826
-1534
-2256
-2635
-2342
-1623
-753
-75
-526
-1131
-1598
-1364
-297
596
1043
1063
728
422
395
635
1294
1822
1998
1748
1254
727
443
536
1018
1253
1200
842
36
-288
-363
43
562
525
291
-283
-763
-810
-596
-206
-1
-178
-527
-1031
-1142
-1042
-630
-493
-607
-816
-1381
-1499
-1768
-1453
-1461
-1502
-1704
-1475
-1089
-711
-1049
-1709
-1841
-1467
-681
410
937
530
-298
-1203
-546
842
2606
3314
2457
1211
447
1077
2338
3411
3490
2876
1543
715
642
1230
1953
1811
1089
61
-327
-376
-494
-741
-783
-793
-940
-1317
-1796
-1994
-1991
-1747
-1460
-793
-623
-904
-1367
-1703
-1189
-227
609
802
701
5
-233
103
794
1672
2043
1696
1052
614
401
911
1424
1684
1324
768
236
17
263
646
886
766
301
-242
-307
-330
-83
28
-58
-219
-549
-799
-864
-759
-711
-559
-718
-870
-1133
-1382
-1438
-1402
-1402
-1483
-1617
-1828
-2039
-1692
-1251
-1024
-1336
-1917
-1928
-1591
-865
83
369
36
-646
-963
-256
984
2365
2766
2008
1155
884
1462
2717
3411
3452
2764
1576
1129
1316
1988
2570
2276
1297
458
-5
114
152
154
-76
-580
-1095
-1595
-1662
-1516
-1447
-1366
-1386
-1473
-1417
-1559
-1479
-1407
-1005
-585
-470
-306
-353
-304
-143
138
485
830
838
909
833
755
869
911
1293
1252
1208
1101
786
819
809
962
1042
890
661
364
160
232
236
300
223
-103
-299
-547
-490
-358
-332
-439
-531
-722
-872
-893
-906
-886
-989
-1182
-1286
-1455
-1577
-1670
-1713
-1366
-1171
-1172
-1465
-1781
-1767
-1532
-1075
-362
-160
-260
-640
-865
-382
364
1268
1788
1573
1116
922
1157
1873
2476
2871
2634
1928
1537
1317
1758
2231
2310
1882
1042
291
106
128
422
387
6
-778
-1557
-1585
-1420
-960
-849
-1155
-1621
-1888
-1826
-1481
-1077
-894
-974
-1234
-1317
-1120
-607
-312
-205
-227
-291
-172
-4
297
604
631
544
490
591
752
948
1133
1062
876
884
1019
1126
1274
1124
1126
977
851
883
770
681
535
348
319
303
257
132
-252
-423
-560
-526
-444
-547
-734
-1121
-1429
-1454
-1428
-1222
-1193
-1281
-1554
-1804
-1711
-1415
-1074
-864
-870
-1044
-1015
-981
-552
-96
139
278
107
31
270
649
1119
1381
1306
1188
1009
1152
1469
1660
1836
1575
1214
926
860
1036
1092
979
600
121
-163
-242
-197
-161
-305
-594
-904
-1091
-1118
-967
-828
-941
-1110
-1211
-1267
-1077
-921
-934
-848
-878
-857
-684
-565
-413
-210
-150
-18
62
116
288
452
647
773
854
826
815
843
1016
1280
1393
1434
1316
1123
1067
1191
1280
1330
1252
1017
839
635
555
539
553
438
231
34
-191
-360
-399
-496
-591
-610
-718
-804
-946
-1075
-1090
-1045
-960
-894
-749
-744
-829
-831
-776
-645
-464
-301
-291
-300
-378
-363
-253
-129
17
147
93
-12
-1
-42
64
156
165
118
12
-94
-121
-81
-67
-61
-83
-134
-222
-213
-275
-350
-362
-397
-429
-409
-391
-464
-473
-559
-515
-406
-392
-343
-405
-472
-386
-331
-169
-105
-74
0
-19
61
168
369
513
604
652
668
676
769
870
963
1029
1019
1011
932
924
938
1049
1024
1042
986
858
803
722
691
645
658
590
458
282
153
47
2
-30
-21
-22
-137
-281
-433
-513
-538
-414
-293
-300
-308
-421
-488
-383
-247
-89
5
-34
-139
-200
-174
-39
87
153
56
-30
-71
-67
26
50
58
-38
-153
-258
-305
-288
-317
-384
-510
-627
-670
-652
-686
-720
-769
-827
-818
-851
-869
-858
-829
-834
-819
-827
-781
-717
-697
-602
-587
-519
-451
-379
-315
-239
-155
-103
3
9
88
158
261
333
407
483
532
595
577
626
685
759
826
802
747
746
759
778
840
810
736
677
634
622
676
711
664
568
400
368
326
342
389
308
251
173
118
101
116
81
78
66
36
72
59
63
85
137
183
201
176
141
144
195
218
244
207
138
75
61
97
147
151
49
-84
-179
-239
-214
-186
-219
-310
-436
-572
-591
-543
-540
-510
-603
-669
-703
-743
-704
-689
-714
-712
-677
-652
-658
-641
-667
-677
-635
-526
-405
-358
-391
-422
-390
-300
-130
-55
-2
0
-9
27
83
158
265
334
335
304
297
345
359
427
418
423
410
358
372
393
373
420
382
347
333
352
375
377
378
275
267
207
200
262
259
255
192
131
56
56
95
119
159
150
115
88
102
128
190
233
228
212
192
203
204
249
258
240
207
168
135
108
135
103
63
24
-58
-116
-137
-163
-206
-238
-276
-308
-359
-377
-379
-376
-356
-358
-365
-391
-434
-452
-418
-381
-328
-305
-296
-325
-355
-333
-273
-186
-103
-110
-163
-203
-191
-105
17
98
138
87
-11
-19
39
148
243
225
143
70
51
98
149
188
180
154
86
36
55
87
149
158
136
83
43
16
23
63
109
108
41
-20
-75
-31
10
24
32
-24
-91
-82
-64
-7
53
34
54
40
68
119
134
181
176
214
279
274
303
278
285
321
343
360
321
248
189
162
180
163
96
23
-93
-139
-144
-149
-119
-181
-280
-322
-368
-328
-279
-276
-321
-378
-415
-413
-338
-335
-304
-264
-264
-242
-211
-182
-156
-90
-88
-75
-25
13
57
45
81
132
174
200
182
209
181
227
222
201
218
214
214
171
143
107
125
119
113
133
82
44
33
41
55
76
56
-16
-35
-20
10
2
-15
-33
-65
-86
-80
-42
-58
-46
-51
-79
-82
-51
-32
-20
-17
-20
20
-9
-34
-16
22
68
89
96
70
49
33
65
98
138
122
75
23
-25
-8
18
22
-35
-93
-127
-130
-144
-117
-122
-187
-193
-224
-205
-167
-225
-250
-250
-255
-239
-220
-229
-218
-180
-176
-116
-93
-82
-70
-37
-26
45
66
66
97
57
105
171
188
171
187
160
186
199
258
396
414
191
31
87
96
108
279
489
322
80
24
79
57
176
369
380
239
157
139
79
19
121
163
139
135
120
71
13
-10
17
69
67
79
22
4
-19
-11
18
-6
27
-21
-79
-3
66
31
-33
-145
-145
-194
-188
-108
-77
-128
-218
-251
-307
-333
-298
-261
-262
-362
-354
-388
-443
-478
-473
-361
-381
-368
-350
-330
-351
-326
-264
-221
-283
-249
-224
-176
-127
-39
12
-5
-2
54
111
125
232
241
276
362
362
244
172
188
222
177
355
433
281
180
246
317
179
189
196
118
-14
42
195
164
56
47
5
-56
-23
65
112
111
110
108
33
-60
-47
0
49
46
155
117
46
-64
-52
75
175
282
449
331
-20
-156
-183
-96
33
320
457
262
-60
-215
-235
37
245
352
299
119
-155
-266
-86
156
90
10
-68
-314
-531
-379
-139
-214
-301
-267
-395
-609
-580
-484
-453
-423
-347
-283
-328
-380
-462
-473
-431
-256
-123
-44
-55
-94
-194
-167
-55
75
175
243
212
144
129
189
273
314
311
319
313
271
272
252
312
361
345
274
274
195
154
205
293
288
264
227
167
69
76
191
211
121
60
113
76
-13
-18
31
-61
-151
-153
-116
-167
-165
-118
-117
-172
-149
-114
-134
-139
-49
-14
-47
-44
-39
-93
-41
31
41
100
148
125
112
82
128
123
126
183
193
125
80
91
100
51
141
169
91
-8
20
-17
5
-8
12
-39
-139
-182
-209
-248
-200
-159
-174
-171
-251
-313
-377
-336
-264
-225
-189
-209
-287
-281
-299
-181
-142
-130
-99
-123
-153
-122
-53
109
72
14
54
26
28
87
174
183
121
183
134
80
103
235
182
171
177
201
79
28
79
107
123
178
209
134
176
152
150
134
187
121
166
116
124
69
108
73
61
73
70
-25
-49
16
40
17
-30
-23
-99
-128
-97
-26
31
44
-26
7
5
66
43
57
41
84
61
130
194
190
104
61
52
33
139
202
188
97
102
34
-31
-12
30
44
49
-24
-31
-59
-130
-182
-157
-116
-150
-143
-117
-198
-277
-217
-167
-223
-205
-118
-136
-216
-195
-170
-227
-227
-142
-109
-115
-124
-180
-142
-171
-176
-101
-75
-23
-102
-44
-45
-98
-99
-35
5
13
108
100
-2
-2
51
63
92
129
184
85
81
61
73
135
193
114
109
165
171
123
61
94
58
-1
60
62
-20
17
-83
-151
-126
-83
-49
-69
-48
7
-125
-88
-56
-102
-70
81
107
85
52
4
-40
-2
78
81
199
267
124
-67
41
-18
-72
39
280
204
12
-10
27
-206
-112
113
102
74
-33
-58
-130
-137
-47
69
1
82
94
69
82
90
167
188
77
44
-76
-143
-58
-48
-47
-55
11
-279
-400
-241
-136
-258
-193
20
22
-328
-167
96
-267
-274
56
233
24
-36
363
123
-293
16
247
0
60
359
183
-16
154
207
-28
40
291
98
-81
160
111
-205
-26
298
-59
-228
193
124
-329
17
329
-62
3
206
113
-26
-111
274
263
-174
372
287
-174
112
130
220
8
-89
403
-33
-193
206
215
111
-173
38
192
-425
-76
263
-307
-33
33
-172
-317
-201
84
-258
-332
367
-288
-390
147
-230
-187
-332
93
-137
-426
181
68
-295
-12
-146
-13
-28
-63
255
56
-120
86
-112
-207
45
-87
186
-124
-63
252
-441
-170
241
-305
-156
268
201
-312
-39
386
-158
-537
457
336
-382
254
344
-286
-199
188
441
-385
-185
810
-346
-543
457
422
-327
-320
390
240
-592
118
796
-342
-279
512
62
-195
-69
372
262
-375
335
345
-221
114
407
86
216
-12
48
337
23
3
447
189
-278
-256
118
282
-295
76
342
-326
-302
-212
-59
-155
189
245
-350
-68
-142
-291
-616
295
553
-583
-265
410
-832
-439
117
77
-459
286
319
-632
-553
326
-48
-826
255
822
-375
-419
327
-342
-663
262
277
-122
287
225
-633
-105
289
-441
-8
991
28
-567
-58
142
-217
-346
918
604
-711
283
213
-935
189
820
-15
144
384
146
-448
-547
686
344
234
391
303
-3
-89
-700
120
807
299
-329
567
158
-738
-707
649
198
149
801
-230
-641
-75
67
-736
378
1598
-231
-1341
1078
-358
-1071
-145
1601
179
-1016
780
-63
-1274
72
581
-485
341
692
-517
-1058
393
-283
-735
381
826
-507
-413
23
-309
-870
230
754
-158
-444
640
-856
-255
-164
-3
244
333
-251
-194
-384
7
-375
-682
906
295
-171
-533
144
-93
-849
87
1357
-433
-233
257
-212
-385
-366
926
617
-833
521
638
-835
-246
570
112
-23
321
562
-380
-326
543
-197
166
299
851
-213
255
212
-162
-57
823
244
-65
833
500
-597
193
351
-208
447
527
572
-591
231
260
-836
8
1439
-391
-320
618
66
-1154
143
603
57
-503
829
198
-910
76
-426
-70
-100
240
306
-531
-301
267
-1113
79
185
229
-355
218
-582
-487
31
-518
139
5
-264
392
-1144
-61
49
-836
505
-262
-43
-189
-495
149
-856
-369
848
-760
68
266
-125
-312
-687
311
372
-657
590
412
-654
240
254
-925
416
539
140
-89
346
310
-362
-405
1041
-165
15
855
7
-260
139
437
-198
-20
697
133
-187
447
3
43
44
648
194
-408
912
-305
-116
732
330
-176
89
451
159
-137
367
762
-202
-456
702
432
-519
601
108
161
-579
134
578
52
-442
-70
324
-149
-451
179
530
-798
-31
81
46
-562
-133
182
-204
-817
861
-263
-1039
97
252
-819
-409
621
-429
-582
-199
174
-269
-1017
1071
-516
-998
481
-88
-386
-510
334
-30
-832
371
215
-403
298
-442
-46
-499
309
-435
-44
-121
66
-257
-258
158
57
-283
370
-98
81
260
-369
253
199
-216
492
142
-10
322
166
251
277
96
45
270
91
103
152
177
11
382
-275
150
302
651
-275
-200
915
-205
-138
230
533
63
-589
333
258
-431
260
250
-57
-453
175
127
-293
122
373
-115
67
-280
436
-45
-215
-258
558
-298
80
48
-108
-231
-245
-77
280
-389
219
-193
-220
-145
-293
-316
-245
601
-617
-17
538
-537
-746
138
-441
215
-46
73
-136
-596
-492
313
-703
-66
827
-372
59
-30
-163
-183
-79
-234
765
224
5
-60
-66
-298
-353
448
309
-58
96
-112
-430
-384
287
-143
-29
538
462
-363
-64
153
-409
506
363
628
279
370
-548
488
-398
624
653
146
101
455
-185
62
49
-131
621
-171
319
535
-846
187
345
-762
237
412
544
-741
-185
380
-313
-518
732
-88
195
-520
592
-485
-488
646
62
-296
175
285
-285
-429
-306
919
-901
317
326
27
-888
548
89
-841
150
595
-530
101
27
-189
-304
-351
459
-527
66
513
-496
-340
260
-23
-392
-25
328
-280
-392
-82
599
-1090
-32
540
-202
-148
54
395
-607
-161
516
313
-655
572
-135
-279
-458
687
296
-426
56
795
-448
-398
796
-447
147
300
-131
721
-65
77
305
-410
234
308
87
456
-19
380
-524
143
-225
198
572
-357
567
41
2
-439
293
214
-109
198
368
-229
-129
362
-109
4
-356
515
25
-490
495
-152
-484
53
-100
-211
-134
-204
241
-648
-74
213
-540
71
-350
386
-378
271
43
-352
-49
-121
-220
154
362
238
-303
-91
-80
-427
229
549
168
-114
392
-38
-694
61
551
-152
-178
521
14
-558
177
-70
34
-274
258
208
-722
461
-159
-482
78
-9
-358
-68
-5
215
-465
-53
157
-16
-170
-19
76
-75
920
-734
181
473
-131
-519
723
144
870
-796
729
393
-1015
581
694
-523
560
331
-266
-59
-273
330
-196
-182
447
-81
-432
272
-484
-109
-163
-241
312
-115
-372
64
79
-569
-7
145
-82
-207
134
210
-584
243
83
-73
-323
472
231
-760
314
-86
-385
-257
603
-441
61
-9
-47
-562
-13
-11
-55
-182
69
233
-549
97
157
-430
2
265
-139
195
-357
583
-26
-372
-101
409
-271
240
-84
437
-252
-237
54
2
164
101
-598
752
-112
-656
737
-279
-10
-154
410
-150
24
243
317
-589
296
467
-34
58
446
43
-10
46
39
53
116
130
348
-13
237
-180
106
-216
652
-42
506
90
-235
95
-124
148
-47
-46
140
-156
86
-197
167
51
-566
230
-177
346
-141
-145
268
-459
-209
398
-321
-150
-78
608
-668
-614
1048
-527
-292
94
517
-457
-502
497
58
-883
824
159
-754
-6
329
-478
-341
626
-166
-477
-242
422
-797
-164
393
29
-667
244
-81
-273
-368
275
51
-578
507
-229
-355
-96
39
-281
-82
101
374
-707
152
175
-492
-116
291
-6
-219
502
-155
-84
55
128
-327
424
244
256
51
490
-176
-177
35
35
303
-181
907
-277
-135
179
-534
406
144
-46
738
-157
-10
8
-207
595
-252
-147
792
-65
-320
492
-40
-357
548
-310
316
230
-324
319
-331
112
-186
-35
65
297
-473
453
23
-113
-463
485
-206
-103
205
147
-346
-216
-8
-261
34
-12
507
-637
315
-136
-268
-223
262
24
-380
-208
481
-1036
-86
16
-158
-415
250
-202
-327
-300
91
-70
-780
540
-96
-540
43
532
-964
411
-216
98
-81
46
360
-71
-360
333
-391
153
42
-278
509
-251
26
52
9
87
224
265
204
-235
290
328
-383
338
435
-387
153
-18
6
501
-73
229
253
-29
113
-332
721
32
-251
767
66
-269
299
247
-125
362
243
635
-271
75
480
-394
-122
566
-196
-34
180
-206
301
-355
235
181
-452
98
448
-723
420
-39
-728
451
-416
-132
146
-279
283
-401
-51
544
-656
-8
420
-665
342
-226
-170
-79
-270
54
-191
-155
223
-154
-66
-175
-309
-32
-487
119
-123
-582
411
-480
-512
234
-241
-65
-29
-166
333
-163
-568
576
-201
-284
-49
201
8
210
21
220
19
349
265
-177
257
410
17
-442
488
207
-214
-56
327
156
-148
157
704
-237
147
329
-23
-241
207
428
-338
0
1021
-546
-352
710
246
-254
371
385
325
-200
-65
346
-175
-52
111
362
-313
344
34
144
-170
167
195
19
-142
266
-112
-113
59
-434
327
169
-357
201
353
-121
-228
275
-104
-469
351
-52
-473
-154
468
-858
-394
287
51
-622
293
128
-250
-620
204
92
-825
47
288
-487
-410
190
-679
395
-332
-147
228
-252
-49
125
-279
320
-319
93
83
-184
165
1
3
-245
-169
724
-550
92
522
-491
115
-85
173
-190
-72
322
-30
-149
41
370
-291
-15
291
207
-197
379
-327
331
-373
249
234
-227
317
176
-178
89
63
-29
130
-94
402
-426
324
-167
-172
369
-207
189
285
-65
57
132
44
156
-62
244
-264
119
81
29
57
226
-215
1
126
186
-140
272
54
-555
251
-138
-21
-114
126
120
-418
-203
444
-379
-10
247
-207
-512
-144
267
-789
153
136
-132
-409
-171
85
52
-225
500
-373
281
-141
-520
172
142
3
-302
554
-40
-161
-72
514
-360
119
131
208
-399
624
-379
-7
-96
135
51
-192
521
124
-299
444
-19
-345
395
-125
222
54
8
56
43
-422
358
63
-110
443
-92
-149
362
-498
353
-221
194
303
-446
312
258
-568
221
163
-58
113
137
32
-83
70
-100
86
-275
440
-286
-46
542
-240
-168
452
-98
-113
334
38
129
-361
363
-47
-323
158
89
-181
-19
158
-91
-146
122
-187
46
-116
-173
148
-282
97
-248
-30
55
-181
111
-118
39
117
-412
308
-250
-55
128
-273
106
-48
-122
154
-108
-109
113
103
-77
-78
247
-209
-30
-69
-81
248
-140
31
67
-201
171
-266
61
75
106
-127
37
-86
251
-425
235
3
-77
259
-432
415
85
-317
314
83
-381
306
-315
293
-35
-281
284
-103
-173
27
149
-65
51
11
-8
247
-186
110
68
-316
470
-229
-95
378
-493
245
-104
56
192
-197
94
27
-207
17
227
-302
210
32
-267
281
-81
-111
401
-523
348
380
-543
395
-275
51
-73
-201
185
36
-123
164
92
-404
230
-91
-134
166
87
-126
249
-457
122
-242
-8
173
-196
234
48
-89
90
-291
169
124
-312
440
-36
42
-8
-176
66
124
-100
388
-20
-46
177
-477
91
108
-453
418
-141
-17
-124
-29
-207
78
-27
-91
525
-426
127
50
-424
52
-19
-216
497
-472
209
-41
-188
19
9
226
-272
189
72
-570
344
127
-589
496
-324
316
-248
-98
453
-184
-181
437
-378
14
15
-56
-89
-37
127
-178
215
-95
64
10
168
-43
205
-180
347
-152
-68
176
-152
29
-20
54
135
146
-119
310
-269
29
103
-158
53
282
-251
82
186
-319
15
95
83
187
29
260
-124
2
-116
119
-131
131
220
-143
44
236
-305
100
240
-142
364
-117
63
-34
-126
68
-74
-204
258
-172
-98
-51
162
-239
-121
360
-409
-4
548
-620
222
-3
-174
-107
-6
188
-83
-156
266
-167
-64
123
-112
235
-384
460
-301
-73
155
-144
-102
222
-148
319
-117
63
357
-337
114
-19
-138
268
7
-55
192
-261
141
-370
390
-20
44
131
42
-136
-26
-94
300
-279
67
341
-419
165
-273
228
-152
-85
276
-170
75
17
-348
336
-253
-98
190
-143
249
-144
-129
186
-285
50
162
-155
157
39
-152
-105
56
-80
-148
55
236
-186
81
102
-82
-209
28
186
-195
16
131
-220
71
37
-164
17
-27
68
-357
214
95
-44
-188
-114
158
-255
-273
526
-266
-51
145
-392
214
-238
-3
251
-268
229
-77
-68
-111
-238
230
-150
-121
359
-230
45
88
-144
90
60
-64
165
119
-74
284
-380
103
287
-279
219
185
-52
-6
-10
-193
298
-197
-31
245
-381
387
-229
-222
451
-365
-207
295
-310
163
-103
-129
152
-342
171
-171
-14
51
4
-142
97
-204
92
11
-173
104
55
-12
-341
479
-138
-344
417
-286
-23
110
-219
262
-317
239
99
-304
60
260
-355
162
164
34
-62
110
22
-48
-50
218
-3
-2
330
-287
302
-114
-169
205
84
-23
21
61
159
-169
127
-88
-127
132
-221
224
-14
-202
384
-516
-112
223
-358
265
56
-79
125
-176
-121
27
5
-84
154
224
-328
371
-354
56
137
-217
216
-84
29
136
-179
101
-167
29
52
-257
480
-266
150
40
-425
305
-208
-70
235
-283
294
-65
-414
494
-348
-9
225
25
166
-194
302
-183
-203
170
93
-203
223
140
-106
-62
93
194
-560
243
275
-479
140
136
-222
-31
-76
-15
89
-400
689
-315
-35
435
-95
-155
271
71
-123
291
59
-1
242
53
-62
184
-89
137
64
-66
330
-173
-39
118
-182
47
-153
360
7
-182
363
30
-254
302
-198
14
274
-179
92
-13
-38
-157
14
23
-135
136
-183
50
182
-374
187
20
-374
356
-333
167
155
-218
156
56
-34
35
-96
46
33
-50
109
29
-85
-117
112
-338
37
120
-115
67
109
-201
-219
166
-254
-213
276
49
-195
135
-61
-190
124
-189
160
-79
-3
207
-14
-265
488
-418
-188
512
-369
327
181
-110
228
-190
-138
325
-418
416
171
-184
197
54
-292
-22
116
-103
373
46
-47
258
-365
35
-15
-11
165
85
-30
113
-56
-209
138
-43
-158
179
51
-157
203
39
-221
0
53
-194
38
74
92
41
-110
68
-113
-330
134
-28
78
-87
244
-36
-308
-91
-96
-91
120
-174
337
-100
-249
31
-158
-215
103
57
94
33
-5
-135
-140
-223
94
93
-120
366
-97
-145
115
-225
-98
129
-53
267
-3
94
-116
52
-161
-34
126
185
117
-14
162
-29
-55
-109
105
11
-10
223
-15
90
-18
-93
-18
70
10
-38
324
-79
-155
213
-276
-133
139
-122
137
113
62
112
-262
97
159
-262
250
164
-115
111
127
-166
193
-74
171
-3
-139
324
-157
-31
57
-110
-108
-143
1
-49
-209
298
-278
-124
150
-213
-171
67
9
-36
-66
27
19
-174
-141
211
-2
-277
407
-79
-191
159
-13
-169
-3
-74
-8
-251
119
-1
-237
-44
-4
-162
-46
-100
198
-248
24
218
-321
123
99
-209
51
84
120
-66
-48
351
-314
107
135
-119
88
90
47
-36
55
25
-105
-16
-17
248
-93
-109
429
-210
-60
202
-153
65
3
70
196
-116
161
11
-70
101
-30
141
-38
60
156
-269
55
25
-296
40
-9
-10
-37
27
219
-215
45
93
18
-99
135
226
-84
72
158
-219
0
158
-32
-127
219
69
-287
-12
129
-366
44
9
-119
105
-103
36
-110
-207
112
-34
-188
315
-126
-175
67
41
-181
4
166
131
-308
228
113
-275
282
7
14
97
-160
261
-130
-83
347
-126
30
103
-57
8
69
-46
109
-65
110
-1
-93
185
-58
-76
134
-5
-37
29
-25
38
-36
49
-92
-14
66
-10
-182
267
148
-442
112
176
-309
68
142
142
-104
-5
235
-168
9
170
-179
1
165
-92
-83
90
30
-159
-86
51
3
-193
183
76
-281
20
3
-292
-19
-117
-50
22
-98
17
-149
-9
-9
-143
13
121
4
-53
-38
181
-131
-117
213
126
-150
151
153
-42
44
-83
140
-88
-113
133
-34
-37
64
-107
-95
41
-81
-56
55
131
-158
-2
174
-130
7
75
17
90
-143
63
204
-34
71
176
-45
117
-13
-13
163
36
45
94
44
36
100
-59
21
73
-13
3
220
72
-114
164
42
-58
-26
92
58
-14
38
57
20
-31
-75
68
-80
39
50
-118
151
-144
-79
-51
39
-54
-91
117
52
-66
-96
-11
22
-111
-82
64
42
-141
-121
47
-89
-99
-39
18
15
-141
-40
27
-44
-114
-57
62
-27
-108
48
-17
-19
-1
-162
46
98
-134
-52
108
80
-139
7
48
1
-34
-67
107
49
-56
-44
43
-34
-61
-33
99
44
-11
40
-14
21
-88
-41
135
-70
6
89
-14
-32
-31
-32
32
8
30
89
80
72
48
-8
62
57
-82
106
156
44
90
28
6
-38
-72
-12
77
24
-32
80
-4
-102
-101
-109
-25
-90
-14
83
-53
-74
-70
-72
-81
-35
9
0
89
-73
-73
34
-69
-52
9
22
12
-19
9
11
-53
-36
-56
-25
10
3
16
26
74
-52
-8
67
24
17
105
118
32
58
86
80
-8
38
95
40
51
78
96
67
-21
22
4
-4
16
17
13
17
-31
-79
30
-70
-50
-11
-16
2
-53
-13
-78
29
-30
-84
84
11
-52
15
41
-3
-29
12
38
-50
3
-2
-18
20
-25
60
-63
25
-13
-91
43
-6
-19
47
-21
-47
4
-53
-21
-2
-7
-33
2
-45
-83
-15
-30
-31
-26
-5
-10
-29
-26
-12
-10
-19
-8
6
38
-39
-8
4
-70
-19
-74
-29
29
-34
-8
-17
-42
-47
-81
50
-15
-22
39
-26
-36
-50
-41
-18
-36
-2
-28
-45
0
-54
-56
5
-3
-30
-37
-5
-30
-65
-2
1
-76
-13
-36
-57
-13
-22
-3
-47
-12
-18
-44
-40
12
0
-59
35
44
-40
-32
37
-38
-45
41
58
18
9
54
-13
-6
42
39
68
64
86
24
42
96
11
96
68
70
111
30
105
93
58
98
74
81
53
50
79
71
89
57
74
57
22
64
51
37
44
102
66
34
79
83
-3
37
118
25
60
110
67
19
39
43
-18
43
23
28
23
-17
12
-47
-13
-25
-54
-9
18
-53
9
-9
-32
-39
-44
-3
-51
-3
-45
-32
-3
-28
-53
-20
4
-53
-41
8
-6
-48
-1
-47
-49
-95
-51
-32
-90
-14
-36
-79
-91
-64
-122
-109
-36
-38
-49
-23
-31
-72
-87
-39
-45
-37
30
-19
-40
-42
-44
-50
-74
-30
-5
-59
-33
-19
-24
-49
-43
-28
-72
-8
-58
-31
-16
16
-50
-15
21
-48
-6
23
11
5
65
-7
41
26
14
38
-3
53
26
28
85
22
37
26
42
27
23
83
10
29
78
15
21
40
25
14
38
58
16
57
33
9
14
-2
19
-12
33
17
0
7
15
-29
-48
-7
-36
3
4
9
16
37
-13
-1
6
22
26
13
80
-1
56
-5
1
18
-27
32
-8
26
-9
-25
-10
-34
-34
-16
-21
8
-25
9
-22
-50
5
-66
0
1
-2
17
7
27
-11
-16
0
-14
0
1
12
17
8
-8
-10
-7
-30
-16
-12
-23
18
-25
-20
3
-25
-23
8
27
-10
8
5
-15
9
-15
2
20
-13
12
17
8
-8
-20
8
-13
13
-1
-10
24
-33
-8
-20
-9
-26
-6
15
-46
2
-20
-37
-10
-27
-25
-4
-18
11
-20
1
-2
-47
-1
-6
-15
-26
28
-28
-27
-3
-14
-12
-17
16
-43
15
17
-20
24
14
-1
9
15
20
25
20
17
12
28
15
28
45
42
41
27
24
25
14
48
28
22
44
31
29
42
49
47
39
38
68
28
68
43
42
59
25
55
35
35
36
14
59
49
12
66
22
36
39
25
19
14
30
17
21
50
27
22
31
11
20
6
14
13
40
13
8
14
17
4
-6
-8
10
-18
-17
0
-39
-19
-26
-31
-29
13
-26
-18
0
-28
-21
-7
4
-21
2
-21
-21
-10
-18
-11
-8
-9
-30
-20
-20
-12
-26
-12
4
-45
-14
-17
-26
-15
-31
15
-32
-19
-2
-42
-10
-8
-15
-5
-3
11
0
-15
3
-18
-16
-5
8
0
2
0
-23
-20
-28
-17
-5
-17
6
19
-14
3
8
-10
1
16
-2
14
15
-8
-17
8
-4
-50
18
-7
-40
5
-15
-14
-20
-30
-18
-34
-46
-19
-14
-32
5
-16
-48
-7
-10
-31
-9
8
-21
-38
-24
-1
-54
-19
5
-57
-13
-6
-31
-1
-17
-18
-22
-28
-7
-36
-13
11
-24
-10
8
-29
8
-10
9
9
-1
5
6
12
-6
17
20
7
13
33
8
19
24
9
-3
33
15
18
37
23
30
19
20
5
18
16
22
26
32
19
19
-5
13
24
6
32
22
18
20
12
9
1
27
9
3
23
15
-2
2
13
7
1
-1
19
4
16
4
-12
2
-17
-6
5
9
-8
3
17
-14
13
12
-10
13
4
-6
18
9
-9
12
11
-20
-7
9
-5
2
6
-2
-4
-19
-11
0
-9
-1
4
-17
1
-12
-17
2
1
2
-16
11
0
-15
-4
4
-10
-3
-1
-1
22
6
-13
16
5
-15
2
23
6
5
10
10
-6
1
3
10
22
8
18
6
7
7
12
9
15
8
7
7
18
2
6
2
8
2
-4
21
6
3
12
-10
-1
1
0
13
6
13
-6
2
1
2
8
6
12
0
10
1
11
-1
15
13
9
7
22
13
-1
31
6
2
8
27
-3
14
33
-16
13
19
-8
0
17
9
-8
8
-3
-9
-8
17
-1
-1
6
-8
1
-12
-3
6
-14
3
0
-21
-14
-5
-10
-10
0
-9
-13
-14
-7
-13
-9
-8
-6
-15
-3
-9
-13
-8
-12
-8
-19
4
-23
-6
-1
-28
-14
-13
-24
-14
-18
-20
-12
-32
-17
-16
-38
-22
-18
-26
-29
-30
-24
-30
-25
-30
-22
-35
-22
-23
-24
-13
-12
-22
-21
-13
-25
-15
-16
-7
-6
-11
-6
-13
-14
-4
-9
5
5
-2
1
-4
10
-6
1
6
4
9
-1
5
9
-3
1
-6
2
3
0
1
4
9
-18
2
6
-9
7
-13
0
14
-25
-8
10
-11
-8
-1
-6
-3
-4
-4
1
11
-11
-11
0
-3
-5
-1
2
7
0
-10
0
-2
-4
0
10
1
4
1
-6
11
-9
-11
5
1
5
8
2
-2
-4
-2
-3
3
11
3
19
3
-6
-2
6
0
0
28
-3
8
13
6
11
9
6
11
18
19
12
24
26
11
19
11
21
25
19
37
28
12
20
21
22
26
30
14
27
41
3
24
31
8
9
29
15
16
23
18
13
9
6
-8
16
7
2
11
1
-3
-10
-2
1
-10
5
3
-10
-6
0
-21
-7
-7
-5
-7
-10
2
-11
-11
-11
-6
-13
-3
-5
-5
-1
-17
-7
-11
-8
-9
-8
-9
-10
-8
-17
-11
-9
-11
-11
-4
-17
-13
-7
-16
-9
2
-11
-12
1
-9
-16
-5
0
-1
-11
4
3
-16
3
7
-4
3
12
0
1
15
4
6
16
15
5
16
18
5
13
17
15
4
20
19
0
23
12
3
13
9
12
8
18
1
3
8
-4
9
7
4
4
2
-7
-1
1
-7
2
4
-2
-3
-6
-7
-1
-2
-7
1
-4
-15
-5
2
-15
-4
-4
-8
-1
-11
-4
-9
-7
-4
-12
-1
-9
-7
-9
-7
-7
-10
-11
-5
-6
-10
-1
-13
0
-7
-13
-3
-5
-5
-7
-1
-5
-2
-6
0
1
-6
1
-3
2
3
2
3
4
6
-1
6
4
8
11
11
11
2
1
0
7
9
9
17
1
6
7
-6
10
7
4
13
14
2
8
7
0
5
1
13
3
4
14
2
-2
-4
0
-4
3
10
-2
-2
1
