0
-1
-1
-1
-1
-1
-2
-1
0
-1
1
-2
-1
0
-1
0
0
1
1
2
1
1
2
2
2
2
3
2
3
3
3
4
3
3
2
1
1
1
1
2
2
2
4
2
2
2
2
2
2
1
1
1
1
2
2
1
2
0
0
-1
1
-1
0
0
1
0
1
1
1
2
2
0
2
1
0
0
0
0
0
1
0
0
0
-1
0
0
0
0
-1
0
-2
0
-1
-1
-1
-1
-1
0
-2
-2
-2
-3
-2
-3
-3
-2
-3
-3
-4
-4
-4
-4
-4
-5
-4
-4
-4
-3
-4
-4
-3
-3
-3
-2
-2
-2
-3
-3
-4
-4
-4
-4
-4
-3
-3
-3
-3
-3
-2
-1
-1
-1
-1
0
1
0
0
1
2
2
1
2
1
1
0
1
0
1
0
-1
0
0
-1
-1
-2
-2
-2
-3
-2
-1
-1
0
-1
-1
0
-2
-1
-1
-2
-1
-1
0
0
0
1
1
1
2
2
2
1
1
1
2
1
2
2
1
1
1
1
1
2
2
2
1
0
2
2
1
1
1
0
1
0
0
0
0
-1
0
1
0
1
-1
0
0
-1
-1
0
-1
1
1
0
1
1
0
1
1
1
1
1
0
0
1
1
2
2
2
1
1
2
2
1
2
1
2
2
4
3
2
3
3
2
3
3
3
3
3
4
4
3
3
2
3
2
2
2
1
2
2
1
0
0
0
-1
-1
0
0
-1
-1
0
0
0
0
-1
-1
0
1
1
0
0
0
1
3
3
4
3
4
4
5
4
3
1
2
1
0
1
-1
0
-2
-1
0
2
1
1
-2
-2
0
1
-1
-3
-1
-3
-3
-3
-5
-8
-10
-10
-11
-12
-11
-11
-11
-8
-8
-10
-10
-8
-4
-3
0
-2
-4
-3
-1
4
6
8
5
1
0
2
8
9
3
-3
-6
-8
-6
-1
1
-1
-1
-1
3
9
7
9
6
6
9
8
8
9
12
12
9
5
-1
-6
-4
-4
-8
-15
-17
-25
-26
-30
-34
-31
-29
-31
-26
-26
-23
-19
-19
-18
-22
-17
-17
-14
-15
-9
-9
-16
-18
-18
-11
-10
-13
-14
-9
-9
-3
-5
-6
-4
-9
-11
-13
-14
-16
-19
-22
-27
-30
-25
-20
-17
-15
-12
-11
-9
-4
-10
-12
-9
-11
-4
5
5
-3
-11
-12
-9
-8
-10
-5
-6
-4
3
7
10
10
5
6
9
5
8
7
16
22
12
19
31
35
44
48
44
40
39
39
35
34
33
25
27
28
24
17
7
1
-11
-10
-7
-17
-10
2
9
4
0
1
-5
-4
15
38
64
69
63
62
63
58
52
43
46
42
34
27
22
40
44
52
66
68
82
87
82
79
63
57
56
82
96
110
99
86
81
80
117
130
132
117
80
65
61
77
115
87
52
4
-37
-31
-15
-1
-8
-27
-41
-57
-57
-44
-74
-78
-73
-79
-86
-94
-105
-181
-189
-198
-216
-197
-240
-249
-307
-356
-311
-377
-359
-356
-403
-347
-368
-289
-272
-333
-291
-310
-183
19
108
224
171
144
140
106
252
284
308
262
129
73
-17
-80
-112
-184
-154
-142
-128
-122
-190
-204
-195
-82
107
294
423
473
446
477
548
662
800
839
816
702
585
522
461
434
379
289
243
149
90
23
-57
-44
-16
69
123
84
53
-38
-74
-29
10
57
13
-51
-134
-219
-296
-379
-420
-473
-522
-606
-690
-792
-938
-1039
-1117
-1188
-1218
-1300
-1387
-1431
-1364
-1099
-776
-494
-375
-418
-411
387
1607
2308
2233
1410
711
486
830
1655
1962
1644
562
-985
-1553
-1263
-707
-554
-927
-1094
-1229
-1319
-1354
-1391
-983
-486
-69
623
1277
1692
1445
865
846
1355
2092
2432
2088
1549
896
255
-132
-267
-62
34
-213
-489
-740
-866
-951
-1063
-845
-359
168
464
363
243
159
156
397
791
1264
1434
1176
776
447
380
376
287
213
93
-48
-243
-466
-597
-677
-618
-521
-386
-130
16
18
-51
-28
147
308
462
489
383
342
264
190
155
102
45
-115
-277
-391
-554
-694
-827
-931
-963
-1075
-1201
-1300
-1437
-1488
-1450
-1431
-1450
-1448
-1552
-1517
-1377
-1154
-846
-814
-366
395
1395
2404
2345
1774
1139
877
1569
2273
2768
2413
941
-508
-1619
-1615
-855
-530
-610
-1175
-1750
-2021
-2384
-2327
-1933
-1343
-493
63
578
879
665
447
432
1085
2193
2777
2742
2026
1113
520
119
169
385
479
400
-123
-658
-1007
-1245
-1160
-944
-508
19
170
71
-245
-428
-166
281
993
1679
1986
2012
1616
1136
847
761
1002
1210
1232
977
361
-289
-854
-1058
-788
-448
-130
-30
-198
-450
-709
-676
-426
-35
461
624
533
356
151
131
151
340
549
532
444
97
-341
-684
-986
-1125
-1306
-1505
-1794
-2455
-2965
-3252
-3418
-3102
-2755
-2645
-2286
-1605
-423
834
1956
2651
2309
2029
2341
3020
4097
4636
3960
2411
767
-202
-645
-516
-268
-748
-1608
-2606
-3444
-3742
-3708
-3402
-2799
-1926
-888
-266
-14
168
369
992
1963
3046
3866
3869
3178
2163
1341
1095
1054
979
734
214
-453
-1231
-1810
-2051
-2032
-1696
-1292
-1000
-780
-804
-897
-832
-416
427
1346
2161
2605
2583
2271
1812
1534
1563
1784
1984
1836
1322
449
-479
-1023
-1192
-955
-598
-430
-507
-891
-1232
-1346
-1170
-615
-27
419
603
536
378
229
295
542
813
1029
1038
763
313
-223
-621
-851
-1004
-1075
-1427
-2056
-2596
-3164
-3515
-3583
-3566
-3382
-3325
-3137
-2337
-1134
406
1858
2389
2353
2051
2266
3449
4667
5412
5018
3281
1430
-19
-529
-246
-131
-428
-1544
-2838
-3779
-4522
-4630
-4344
-3670
-2523
-1559
-851
-507
-427
-46
670
1993
3600
4645
4882
4158
3040
2261
1866
1883
1874
1534
871
-265
-1399
-2230
-2660
-2545
-2241
-1786
-1420
-1398
-1511
-1712
-1554
-747
444
1783
2821
3226
3022
2451
2080
2247
2843
3351
3245
2417
1192
5
-705
-817
-621
-437
-540
-955
-1439
-1694
-1649
-1424
-1014
-488
-58
159
164
49
-20
140
507
904
1172
1111
706
191
-186
-239
-247
-434
-891
-1541
-2149
-2714
-3242
-3635
-4078
-4313
-4198
-3986
-3445
-2557
-1466
-124
1170
1894
2014
1917
2557
3715
4906
5725
5064
3336
1499
204
142
706
862
27
-1693
-3219
-4372
-4970
-4868
-4551
-3858
-3065
-2484
-1943
-1573
-1166
-568
436
2168
3902
4887
4826
3889
3018
2625
2706
3055
3103
2679
1604
128
-1071
-1779
-1920
-1780
-1620
-1473
-1606
-1888
-2158
-2222
-1647
-559
644
1664
2276
2566
2546
2405
2491
2706
2993
3073
2787
2252
1507
715
92
-307
-350
-288
-389
-789
-1355
-1715
-1847
-1726
-1403
-1107
-926
-858
-843
-776
-557
-245
30
194
366
358
295
290
135
-150
-431
-723
-1128
-1494
-1959
-2639
-3401
-4038
-4325
-4136
-3661
-2487
-1322
-143
792
746
677
992
2102
4028
5377
5958
5174
3134
1558
700
1136
2145
2226
1317
-619
-2540
-3861
-4743
-4599
-4057
-3403
-2757
-2802
-2904
-2915
-2672
-1696
-303
1646
3372
3935
3698
2860
2345
2584
2997
3556
3608
3003
1932
444
-589
-1092
-1185
-971
-914
-899
-1235
-1924
-2376
-2379
-1674
-525
628
1406
1545
1419
1261
1316
1855
2519
2906
2857
2421
1867
1268
972
887
778
735
575
265
-151
-577
-853
-970
-950
-877
-991
-1214
-1402
-1524
-1430
-1156
-915
-858
-827
-864
-760
-511
-272
-41
-165
-379
-703
-1050
-1191
-1409
-1610
-1991
-2413
-2968
-3556
-3563
-3366
-2411
-809
900
1798
1124
69
-96
1099
3658
5714
6230
4984
2469
347
-180
938
2562
2675
1345
-667
-2500
-3604
-4442
-4574
-3929
-3024
-2269
-2256
-2600
-2902
-3100
-2366
-601
1834
3820
4038
2997
1837
1518
2241
3156
3859
3903
2993
1504
-66
-927
-892
-513
-146
-18
-251
-852
-1777
-2405
-2188
-1161
319
1416
1580
1179
514
118
397
1411
2579
2985
2554
1632
763
501
795
1226
1469
1420
1055
432
-52
-208
-147
-45
32
-116
-483
-1002
-1500
-1724
-1813
-1587
-1310
-1329
-1468
-1731
-1809
-1647
-1295
-737
-709
-913
-1244
-1620
-1636
-1610
-1566
-1670
-2031
-2383
-2586
-2476
-1666
-175
1650
2331
1423
113
-293
770
3079
5028
5498
4182
1770
-228
-453
1218
2779
2583
1132
-723
-2144
-2972
-3527
-3569
-3189
-2632
-2395
-2455
-2446
-2540
-2643
-2078
-467
1717
3247
3310
2434
1659
1718
2481
3315
3843
3664
2691
1416
380
-22
-44
38
63
-279
-782
-1376
-1950
-2200
-1798
-826
44
485
530
360
318
644
1236
1761
2065
1952
1438
952
820
907
1010
1057
980
687
337
120
71
155
227
237
74
-228
-555
-845
-1007
-1074
-1086
-1299
-1481
-1624
-1601
-1731
-1722
-1739
-1843
-1774
-1742
-1695
-1911
-1944
-2091
-2336
-2221
-2089
-2102
-2167
-1893
-1148
138
1936
2427
1560
242
39
1127
3157
4939
4998
3358
1270
-273
-18
1588
2952
2560
966
-651
-1860
-2518
-2853
-2858
-2550
-2144
-2030
-2302
-2517
-2657
-2661
-2002
-441
1494
2598
2484
1667
1139
1575
2667
3660
4068
3752
2862
1772
1185
1065
1139
1043
757
211
-539
-1189
-1781
-2114
-1916
-1237
-631
-349
-272
-364
-334
136
879
1551
1815
1716
1300
928
887
1030
1158
1231
1096
725
276
84
114
277
386
296
0
-412
-760
-1019
-1011
-938
-1090
-1312
-1558
-1646
-1620
-1442
-1307
-1486
-1516
-1579
-1604
-1656
-1801
-1916
-2287
-2511
-2467
-2277
-2128
-2214
-2212
-1370
384
2051
2477
1344
193
58
1337
3465
5071
4968
3034
579
-698
128
2087
3234
2538
682
-1123
-2401
-3026
-3119
-2727
-2159
-1924
-2216
-2738
-3069
-3110
-2739
-1624
206
1789
2286
1616
799
834
1794
3042
3872
3990
3437
2447
1597
1307
1561
1862
1793
1327
542
-338
-1093
-1426
-1378
-1002
-550
-517
-723
-825
-652
-279
315
1078
1444
1366
1131
767
717
987
1410
1520
1353
1051
437
78
99
434
706
657
298
-436
-946
-1203
-1221
-945
-863
-1062
-1686
-1981
-2149
-2135
-1724
-1280
-1108
-1325
-1420
-1986
-2134
-1967
-1772
-1610
-2112
-2111
-2901
-3272
-2826
-2105
-140
1437
2389
1552
-6
-144
772
3091
5062
5616
4403
1968
284
90
1523
3313
3465
2310
462
-1099
-2301
-3054
-3075
-2800
-2282
-2233
-2795
-3533
-4085
-4017
-3198
-1398
587
1582
1387
547
261
1048
2559
3902
4415
4177
3401
2482
2030
2052
2302
2355
2129
1552
644
-318
-1139
-1484
-1246
-578
-300
-642
-1158
-1598
-1394
-662
420
1247
1280
1027
568
573
1027
1579
1942
1879
1616
1172
647
370
340
562
739
672
223
-462
-1206
-1477
-1300
-860
-629
-955
-1637
-2344
-2506
-2125
-1596
-1157
-1163
-1579
-1968
-2099
-1881
-1493
-1486
-1661
-2168
-2680
-2813
-2836
-2372
-1849
-754
708
1646
1697
847
246
754
2353
4258
5155
4531
2707
699
85
1148
2783
3495
2582
793
-860
-1825
-2295
-2499
-2412
-2249
-2300
-2741
-3330
-3808
-3948
-3406
-2117
-363
982
1105
405
-76
511
1942
3299
4034
3890
3207
2441
2043
2247
2712
2877
2512
1841
1064
339
-342
-619
-291
48
124
-381
-1091
-1505
-1443
-533
281
762
773
170
-138
61
815
1483
1617
1663
1299
908
787
733
897
954
967
776
361
-1
-537
-917
-944
-804
-824
-1237
-1843
-2311
-2496
-2248
-2062
-1970
-2255
-2719
-2910
-2824
-2178
-2003
-2168
-2706
-3285
-3256
-2904
-2099
-1101
136
1627
2288
1923
982
575
1477
3557
5317
5835
4204
1605
-612
-907
968
3040
3464
1854
-688
-2450
-3030
-2686
-2043
-1638
-1668
-2291
-3174
-3607
-3520
-3094
-2315
-1017
527
1472
1233
307
-130
587
2211
3578
4023
3435
2204
1248
1158
1815
2641
2727
2162
1234
395
-184
-612
-659
-454
74
491
271
-275
-955
-1013
-549
512
1668
1690
1176
306
-9
481
1243
1965
1756
1190
764
356
545
826
887
788
385
196
-99
-450
-573
-800
-842
-928
-1123
-1494
-1870
-1999
-1988
-1817
-1665
-1742
-2231
-2593
-2615
-2370
-2143
-2040
-2506
-3153
-3193
-3180
-2627
-2159
-950
649
1804
2403
1464
582
971
2327
4599
5795
5479
3440
670
-468
254
2181
3529
2741
820
-1283
-2550
-2988
-2842
-2232
-1853
-2062
-2778
-3497
-3844
-3806
-3198
-2080
-416
926
1085
420
-192
240
1492
2811
3785
3713
2868
1901
1301
1699
2392
2722
2400
1625
911
275
-261
-415
-282
-149
177
175
-94
-322
-690
-400
50
920
1542
1039
745
359
471
929
1320
1604
1166
674
453
374
720
969
788
390
53
-178
-306
-361
-196
-367
-817
-1126
-1454
-1610
-1670
-1578
-1629
-1743
-1867
-2361
-2777
-2883
-2450
-2233
-2216
-2338
-3136
-3783
-4091
-3408
-2229
-1058
559
1486
1911
1067
165
561
2387
4946
6370
5822
3824
1201
-264
297
2381
4294
3874
1549
-1199
-2714
-2771
-2307
-1768
-1543
-1911
-2945
-4138
-4526
-4045
-3128
-2159
-1173
-138
254
-157
-680
-299
1301
2907
3762
3608
2811
1986
1647
2192
3226
3690
3200
1975
849
319
84
74
8
1
-427
-766
-847
-909
-642
-670
-311
94
374
797
374
537
873
1115
1597
1508
1532
1122
686
1046
1196
1377
1082
358
25
-263
-106
-94
-218
-378
-927
-1466
-1765
-1619
-1605
-1677
-1721
-1747
-1939
-2225
-2465
-2644
-2390
-2139
-1772
-2020
-2442
-2858
-3525
-3291
-2668
-1971
-1417
-1289
32
1337
1656
1259
451
1102
2846
4456
5641
4873
3000
996
-63
1408
3439
4224
2692
17
-1571
-1888
-1584
-1393
-1483
-1785
-2441
-3201
-3753
-3546
-3188
-2951
-2282
-1302
-230
-125
-898
-1011
-148
1505
2798
2980
2699
2097
1719
2118
2952
3837
3740
2793
1901
1387
1284
1250
1072
792
426
167
-66
-404
-596
-841
-837
-586
-175
92
-326
-502
-414
-110
575
930
1162
909
573
779
952
1353
1396
1009
790
598
698
624
455
222
-287
-756
-1110
-1171
-1448
-1758
-1942
-2366
-2435
-2689
-2790
-2803
-2971
-2584
-2824
-2913
-2904
-3315
-3136
-2765
-2138
-1729
-1641
-393
974
1921
2194
1398
1360
2179
3645
5087
5134
4319
2432
904
1121
2409
3547
2989
1130
-535
-1424
-1408
-1467
-1601
-1725
-2191
-2801
-3403
-3361
-3115
-2997
-2534
-1795
-711
-189
-601
-909
-498
815
2033
2551
2649
2183
1713
1784
2402
3320
3548
3001
2128
1576
1446
1289
1059
865
574
330
108
-226
-404
-720
-819
-806
-491
-9
-350
-615
-712
-586
-97
224
627
556
388
530
638
958
1087
814
654
661
813
786
622
473
22
-486
-735
-879
-980
-1283
-1731
-2164
-2490
-2717
-2992
-3261
-3158
-3106
-3290
-3400
-3708
-4030
-4064
-3661
-2811
-1828
-581
1051
1745
1467
767
554
2216
4596
6385
6522
4444
2219
726
1129
3361
4855
4427
1871
-928
-2086
-1939
-1278
-980
-1288
-2051
-3282
-4325
-4565
-3760
-2861
-2221
-1589
-1085
-840
-1222
-1489
-482
1156
2623
2937
2268
1751
1474
1852
2975
4050
4397
3344
1910
1263
1441
1820
1835
1484
906
138
-679
-884
-519
-80
68
-272
-638
-924
-1063
-938
-356
419
686
253
-250
-193
138
712
1386
1696
1493
721
209
363
912
1457
1319
869
355
-340
-869
-936
-620
-504
-1073
-1800
-2508
-2940
-3167
-3078
-2941
-3027
-3156
-3577
-3801
-3952
-4119
-3987
-3715
-2825
-1810
-498
1252
1635
1001
159
773
3059
5311
6628
5918
3722
1814
951
2203
4389
5326
3890
859
-1126
-1583
-1258
-913
-987
-1336
-2387
-3817
-4810
-4670
-3514
-2676
-2228
-1753
-1499
-1617
-2038
-1466
256
1877
2546
2110
1567
1546
1801
2518
3605
4372
3976
2562
1605
1629
2018
2021
1551
1060
488
-244
-875
-852
-244
111
-99
-405
-767
-1156
-1201
-700
244
902
752
18
-606
-329
496
1261
1810
1738
1017
153
11
583
1128
1310
1165
618
-61
-602
-835
-800
-515
-569
-1072
-1644
-2312
-2878
-3353
-3177
-2760
-2956
-3263
-3570
-3970
-4090
-4097
-3780
-3038
-2329
-1476
-115
873
1405
748
381
1883
3508
5287
5829
4711
3585
2209
2188
3296
4405
4694
2973
882
-183
-580
-838
-1116
-1182
-1561
-2360
-3541
-4426
-4135
-3488
-2801
-2288
-1993
-1749
-2225
-2345
-1126
424
1567
1645
1131
1066
1385
2036
2888
3648
3862
3152
2179
1907
2271
2375
2020
1540
918
382
-268
-736
-443
4
275
-92
-677
-1177
-1604
-1334
-472
487
687
116
-559
-860
-257
707
1463
1706
1380
755
265
363
797
1047
993
805
399
-189
-580
-635
-608
-625
-795
-1276
-1702
-2207
-2642
-2888
-3043
-3033
-3271
-3685
-3793
-4073
-4126
-4023
-3469
-2801
-2018
-392
371
651
193
147
1756
3162
5005
5420
4242
3498
2354
2841
4215
5053
4921
2948
1243
601
268
186
-346
-823
-1626
-2558
-3498
-4038
-3510
-3132
-2899
-2665
-2609
-2458
-2748
-2530
-1189
123
971
838
371
660
1211
1994
2868
3610
3697
2973
2389
2304
2713
2804
2416
2038
1336
709
218
-82
315
347
177
-176
-730
-981
-1250
-1097
-601
-261
-246
-707
-842
-618
-220
265
667
1045
887
597
716
858
1134
1076
946
885
557
228
-166
-246
-54
-235
-720
-1121
-1554
-1872
-2209
-2425
-2498
-3002
-3493
-3714
-3887
-3973
-4027
-4142
-3743
-3426
-3119
-1641
-305
559
379
-534
467
1937
3736
5282
4873
4130
2799
2266
3554
5107
5912
4587
2449
1244
831
763
223
-37
-683
-1822
-2942
-4053
-3871
-3287
-3120
-2840
-2825
-2744
-3083
-3436
-2483
-857
420
618
109
8
445
1355
2288
3249
3814
3175
2479
2203
2620
3122
2824
2552
2148
1489
789
245
404
766
823
387
-232
-793
-1346
-1265
-922
-421
-252
-906
-1380
-1365
-894
-167
130
452
514
211
278
622
1032
1003
849
788
742
686
392
184
94
-138
-382
-873
-983
-1177
-1710
-2081
-2497
-2798
-3326
-3654
-3652
-3805
-3934
-4254
-4181
-3773
-3480
-1900
-581
113
-258
-1255
-317
1271
3271
4894
4460
3647
2349
2076
3660
5457
6438
4988
2750
1707
1561
1813
1392
995
156
-1367
-2614
-3548
-3107
-2484
-2645
-2898
-3174
-3159
-3472
-3781
-2702
-1163
-175
-293
-814
-671
-108
840
1959
3039
3558
2749
1947
2083
2987
3709
3412
2947
2400
1707
1290
1237
1653
1777
1222
457
-151
-288
-473
-609
-476
-595
-1055
-1750
-1836
-1214
-804
-552
-563
-670
-691
-661
-73
787
1230
983
351
149
352
608
868
1067
956
231
-643
-984
-866
-734
-882
-1396
-1995
-2908
-3752
-3889
-3724
-3408
-3766
-4391
-4609
-4623
-3665
-1867
-565
-395
-1552
-2046
-828
1258
3530
4454
3826
2518
1437
2123
4230
6284
6340
4395
2608
2021
2315
2423
2214
1868
659
-985
-2350
-2767
-2265
-2034
-2233
-2537
-2757
-3239
-3971
-3774
-2459
-1062
-697
-1275
-1556
-1345
-579
646
1825
2589
2252
1418
1464
2396
3440
3602
3096
2488
1905
1603
1781
2492
2690
1985
1034
407
466
477
436
492
240
-311
-1256
-1693
-1431
-936
-723
-828
-779
-979
-1432
-1381
-553
509
768
324
-97
-278
-112
276
833
1199
829
-8
-584
-552
-217
-343
-665
-1114
-1901
-2625
-3237
-3075
-2933
-3324
-4037
-4676
-4509
-3652
-2079
-864
-1010
-2026
-2875
-1768
544
2776
3841
2930
1455
609
1439
3904
5923
5995
4168
2234
1965
2659
3278
3129
2413
1075
-623
-1614
-1634
-1117
-1146
-1977
-2524
-2715
-2910
-3213
-3098
-2088
-1259
-1369
-1941
-2097
-1466
-580
474
1446
1800
1293
508
860
2317
3483
3512
2692
1965
1473
1288
1810
2703
3114
2300
1114
625
806
1231
1280
1186
957
163
-596
-926
-531
-171
-439
-749
-844
-941
-1195
-1195
-572
-15
-50
-481
-710
-530
-284
-27
187
333
10
-543
-710
-345
24
-364
-976
-1448
-1916
-2273
-2550
-2403
-2437
-3131
-3881
-4239
-3813
-2380
-1360
-1327
-2119
-2880
-2189
-614
1253
2619
2087
943
113
791
2809
4558
5115
3848
2347
1954
2567
3485
3566
3010
1800
173
-742
-1021
-564
-295
-898
-1869
-2679
-2950
-3032
-2687
-1821
-1236
-1366
-2153
-2499
-1901
-970
134
940
1237
1064
423
425
1435
2684
3092
2598
1972
1483
1260
1346
1936
2543
2140
1336
789
768
1249
1341
1261
1062
592
249
46
369
715
383
-292
-691
-396
-136
-66
26
-17
-152
-438
-475
-208
-150
-169
-260
-331
-443
-735
-890
-734
-443
-527
-930
-1314
-1666
-1968
-2232
-2242
-2309
-2738
-3288
-3542
-3319
-2843
-1742
-1335
-1740
-2540
-2814
-1411
292
1567
1842
794
29
-51
1236
3269
4446
4096
2497
1587
2133
3261
3862
3307
2522
1370
169
-265
-266
101
-207
-1289
-2130
-2562
-2575
-2545
-2306
-1753
-1650
-2082
-2655
-2370
-1371
-517
108
382
481
470
475
1286
2317
2767
2361
1605
1463
1666
1852
2052
2082
1864
1037
428
714
1263
1556
1145
658
310
95
143
367
829
851
301
-267
-332
230
450
375
469
486
299
7
37
238
160
21
-121
-282
-606
-975
-1092
-982
-805
-884
-1319
-1711
-1945
-2329
-2524
-2293
-2335
-2586
-3221
-3399
-3205
-3102
-1847
-1151
-1265
-1990
-2665
-1479
-142
1170
1656
797
330
-121
812
2526
3715
3770
2175
1263
1851
2916
3664
3065
2444
1485
451
121
99
576
244
-910
-1815
-2268
-2046
-2054
-1943
-1508
-1589
-2057
-2733
-2427
-1273
-513
-102
-75
47
210
274
1088
2140
2739
2272
1429
1389
1738
2066
2155
2109
1945
1071
404
629
1443
1840
1211
436
111
60
149
464
909
881
195
-419
-293
444
832
684
483
491
467
246
274
666
715
270
-173
-277
-374
-683
-950
-880
-887
-1242
-1733
-1961
-2058
-2086
-2358
-2494
-2664
-3082
-3465
-3526
-2830
-2398
-1584
-1256
-1712
-2199
-2486
-1150
611
1403
1502
279
-293
-191
950
2748
3640
3203
1583
548
1450
2877
3837
3155
2001
1124
311
399
714
1056
604
-819
-1899
-2221
-1683
-1303
-1411
-1427
-1876
-2393
-2747
-2348
-1161
-471
-438
-662
-687
-289
177
1088
2011
2396
1914
1054
1160
1853
2383
2552
2216
1843
1089
550
963
1804
2232
1530
469
-67
-7
485
836
1008
808
-93
-722
-459
484
1125
751
283
109
199
372
609
978
798
321
-81
-107
93
-73
-342
-656
-841
-1072
-1451
-1652
-1771
-1920
-2368
-2607
-2657
-2857
-3313
-3593
-3214
-2870
-2261
-1504
-1569
-1943
-2534
-1902
-269
974
1487
800
-23
-208
393
1984
3203
3318
2146
825
1009
2189
3356
3266
2233
1257
408
264
662
1077
924
-205
-1396
-1983
-1737
-1299
-1201
-1275
-1679
-2215
-2593
-2523
-1688
-941
-752
-906
-1052
-814
-377
374
1307
1833
1716
1052
896
1490
2187
2590
2414
2029
1502
1087
1317
2017
2497
2148
1188
470
327
659
1008
1139
881
248
-441
-571
20
683
704
319
28
85
255
400
666
778
554
261
186
244
175
-65
-276
-410
-603
-978
-1265
-1511
-1713
-1919
-2193
-2415
-2629
-3040
-3387
-3305
-2978
-2774
-2196
-1663
-1786
-2272
-2490
-1565
-125
754
893
417
-62
-166
527
1996
3006
2841
1695
891
1362
2406
3018
2652
1790
1043
460
397
772
964
435
-727
-1568
-1602
-1202
-1012
-1211
-1538
-1958
-2246
-2288
-1949
-1289
-940
-1089
-1287
-1126
-642
-109
528
1143
1331
1034
671
924
1664
2244
2357
2042
1644
1387
1431
1873
2416
2443
1793
1028
746
935
1205
1333
1129
634
89
-303
-75
429
639
448
-16
-125
59
282
484
629
621
322
103
207
334
323
66
-164
-302
-595
-840
-1032
-1238
-1489
-1883
-2164
-2362
-2506
-2716
-3055
-3122
-3081
-2904
-2268
-1663
-1640
-2159
-2466
-1826
-613
396
769
464
-59
-257
423
1821
2780
2657
1735
1176
1546
2375
2910
2595
1788
1023
550
653
950
917
238
-749
-1314
-1322
-1064
-1037
-1255
-1552
-1871
-2012
-2022
-1870
-1490
-1152
-1009
-976
-845
-602
-262
285
813
1059
951
739
899
1379
1828
1961
1761
1556
1527
1692
1943
2130
2098
1719
1359
1208
1277
1365
1232
1054
734
472
325
304
499
535
430
193
136
235
275
336
369
379
248
46
54
152
191
65
-207
-469
-707
-870
-918
-1083
-1375
-1804
-2258
-2427
-2489
-2510
-2612
-2843
-2894
-2792
-2210
-1575
-1708
-1981
-2154
-1590
-569
131
456
118
-250
-153
574
1843
2364
2035
1309
1030
1656
2401
2675
2203
1354
793
555
781
965
690
-6
-858
-1199
-1099
-930
-988
-1316
-1591
-1834
-1921
-1834
-1717
-1355
-1152
-1128
-1038
-890
-585
-227
219
655
740
683
623
912
1390
1605
1632
1492
1495
1577
1634
1807
1900
1857
1579
1317
1298
1291
1247
1085
966
852
664
497
400
528
575
479
446
414
414
304
321
512
525
353
119
101
186
160
36
-244
-493
-730
-913
-863
-1017
-1396
-1888
-2226
-2280
-2253
-2336
-2600
-2817
-2837
-2576
-1815
-1435
-1691
-2167
-2212
-1351
-300
367
366
-165
-466
-123
926
2149
2373
1743
957
1043
1883
2649
2687
1981
1202
746
720
1058
1145
721
-92
-814
-982
-826
-676
-895
-1196
-1442
-1666
-1749
-1735
-1553
-1227
-1100
-1088
-1097
-986
-698
-295
257
571
554
402
376
781
1280
1544
1555
1425
1359
1338
1535
1817
1932
1808
1433
1225
1277
1318
1325
1164
1023
864
686
613
557
638
607
537
585
521
410
305
371
570
532
347
126
62
115
100
26
-267
-606
-828
-920
-869
-1004
-1462
-1840
-2116
-2214
-2217
-2355
-2517
-2727
-2795
-2576
-1941
-1467
-1793
-2280
-2213
-1429
-385
123
172
-282
-551
-239
692
1898
2233
1620
890
923
1759
2550
2597
2003
1169
745
693
1027
1209
784
42
-702
-935
-734
-550
-663
-1037
-1366
-1607
-1745
-1634
-1429
-1140
-1016
-1169
-1256
-1116
-795
-349
99
368
317
147
119
461
1096
1428
1451
1312
1139
1183
1411
1778
2008
1885
1486
1178
1242
1458
1554
1459
1215
966
787
703
790
919
925
742
560
482
518
577
643
625
452
197
-10
14
145
147
-86
-463
-764
-899
-877
-884
-1077
-1449
-1829
-2047
-2079
-2132
-2245
-2443
-2589
-2522
-2368
-1725
-1478
-1885
-2231
-2140
-1209
-313
67
23
-546
-640
-219
752
1859
1929
1340
704
925
1853
2485
2492
1783
1006
732
776
1159
1168
667
-70
-725
-824
-674
-516
-681
-1113
-1413
-1663
-1660
-1472
-1311
-1042
-1051
-1221
-1277
-1102
-655
-275
59
201
52
-60
-11
466
1058
1256
1129
884
887
1079
1353
1695
1793
1642
1286
1076
1286
1549
1627
1483
1220
1016
826
862
1008
1122
1105
773
544
561
738
833
755
632
416
184
91
155
280
129
-240
-564
-749
-782
-830
-944
-1216
-1554
-1815
-1973
-1965
-2063
-2273
-2441
-2488
-2322
-2140
-1570
-1436
-1927
-2191
-1959
-998
-198
17
-157
-624
-575
-71
847
1806
1764
1152
686
1036
1993
2503
2367
1665
1057
952
1042
1340
1278
748
79
-481
-577
-400
-310
-530
-979
-1306
-1519
-1559
-1372
-1181
-948
-992
-1265
-1325
-1051
-580
-213
-3
-7
-184
-219
18
522
1021
1043
788
670
853
1151
1383
1583
1577
1382
1178
1155
1398
1610
1607
1428
1188
1030
989
1084
1205
1213
1051
751
613
726
907
911
740
533
314
191
174
203
166
-65
-375
-610
-751
-842
-926
-1061
-1323
-1629
-1816
-1877
-1868
-2007
-2229
-2356
-2289
-2114
-2084
-1659
-1371
-1639
-1946
-1904
-1073
-266
-109
-249
-588
-446
-78
442
1252
1443
1106
663
815
1587
2094
2052
1488
947
928
1039
1201
1087
674
278
-142
-317
-299
-210
-303
-759
-1127
-1268
-1250
-1134
-1115
-980
-942
-1113
-1233
-1095
-618
-307
-234
-270
-357
-275
-55
262
574
663
552
439
570
864
1078
1224
1197
1087
1028
1033
1181
1376
1481
1403
1156
1004
1078
1254
1337
1227
1083
954
903
934
999
1022
831
562
385
301
296
202
15
-181
-376
-542
-720
-798
-882
-994
-1139
-1370
-1485
-1509
-1502
-1515
-1618
-1706
-1742
-1693
-1526
-1464
-1273
-1046
-1020
-1148
-1256
-958
-385
-60
-90
-362
-452
-248
86
570
850
797
530
403
591
875
1088
1017
684
450
343
388
450
399
325
175
-25
-273
-407
-251
-118
-170
-424
-708
-752
-590
-371
-247
-266
-368
-479
-386
-135
91
275
246
106
16
93
363
622
698
576
414
406
487
621
766
740
608
477
452
546
664
683
580
531
568
597
644
669
713
784
793
789
761
755
765
753
748
703
610
506
400
348
307
202
42
-131
-242
-331
-415
-492
-583
-642
-734
-835
-879
-885
-871
-881
-880
-865
-868
-861
-809
-724
-638
-603
-581
-528
-479
-459
-423
-343
-251
-203
-207
-223
-185
-199
-281
-333
-348
-339
-387
-478
-552
-571
-544
-513
-520
-543
-581
-588
-544
-462
-406
-408
-396
-323
-185
-57
8
5
-18
-3
104
268
363
385
331
276
299
385
531
664
728
653
507
473
573
741
843
772
618
507
517
640
775
824
735
612
560
603
739
854
871
790
668
609
652
733
721
620
503
406
340
278
224
176
76
-86
-267
-369
-377
-369
-395
-478
-569
-625
-624
-580
-511
-468
-467
-492
-496
-434
-357
-298
-275
-227
-172
-160
-152
-115
-73
-43
-39
-59
-51
-70
-125
-160
-172
-236
-371
-525
-641
-696
-719
-762
-821
-884
-955
-986
-962
-878
-802
-756
-716
-683
-636
-560
-439
-255
-106
-43
-21
4
75
153
275
400
447
410
298
258
329
449
531
527
484
393
315
354
472
568
551
433
326
307
381
481
553
562
478
411
437
560
710
758
727
665
615
609
651
716
713
611
477
354
290
290
287
245
135
-39
-222
-313
-299
-278
-313
-425
-549
-638
-649
-578
-486
-443
-506
-563
-534
-439
-332
-273
-245
-193
-149
-97
-9
100
179
207
240
302
359
377
347
358
406
370
262
126
7
-45
-50
-85
-166
-310
-482
-593
-570
-496
-478
-536
-684
-794
-784
-646
-476
-381
-409
-505
-523
-422
-268
-147
-97
-128
-166
-181
-169
-92
10
68
52
18
-15
-43
-28
53
150
172
94
-12
-23
72
208
288
282
199
136
189
372
548
584
503
420
441
526
621
686
670
596
509
465
490
518
516
468
380
277
180
119
127
146
120
5
-135
-209
-208
-137
-79
-95
-184
-303
-352
-273
-149
-89
-164
-263
-276
-216
-112
-31
16
-5
-44
-39
4
77
116
70
18
-9
-24
-53
-126
-210
-279
-291
-303
-349
-407
-498
-547
-532
-493
-466
-484
-531
-557
-513
-402
-294
-219
-190
-174
-115
-40
62
161
234
259
249
265
309
387
435
443
439
428
393
341
326
353
352
309
217
127
105
119
151
181
144
53
-9
40
171
270
264
202
180
225
309
372
399
370
321
289
304
345
332
273
207
165
120
64
-2
-38
-44
-95
-193
-279
-330
-334
-302
-289
-334
-431
-524
-550
-473
-377
-360
-447
-527
-522
-438
-323
-266
-266
-306
-331
-287
-200
-97
-52
-87
-130
-142
-103
-63
-63
-104
-152
-185
-203
-204
-199
-209
-218
-217
-208
-209
-226
-214
-151
-59
-2
10
13
62
142
241
319
350
359
367
405
463
515
516
489
465
465
482
478
436
376
302
239
189
146
121
60
-5
-51
-67
-78
-120
-168
-199
-184
-147
-124
-145
-178
-163
-111
-39
5
-4
-19
-12
24
62
82
82
59
36
26
25
20
-11
-34
-44
-50
-87
-134
-135
-100
-60
-69
-119
-161
-178
-156
-105
-59
-62
-125
-156
-108
-11
61
67
27
5
22
66
132
172
166
112
74
84
106
107
63
3
-38
-78
-120
-140
-131
-134
-163
-213
-266
-303
-309
-271
-223
-206
-226
-268
-241
-158
-74
-24
-29
-35
-36
10
100
181
212
179
162
187
245
297
325
332
309
259
231
249
300
318
285
238
204
201
221
259
279
280
254
242
285
323
333
338
350
356
347
329
328
352
353
321
279
248
223
205
183
131
44
-47
-112
-122
-141
-221
-318
-376
-375
-391
-423
-482
-542
-563
-566
-539
-522
-547
-580
-583
-530
-472
-442
-412
-378
-337
-313
-297
-243
-175
-124
-98
-82
-74
-69
-63
-52
-30
-22
-42
-67
-68
-30
0
-6
-39
-82
-117
-120
-79
-44
-43
-73
-97
-75
-20
24
36
35
21
17
47
96
140
156
140
122
133
171
213
232
235
199
175
200
238
270
260
225
204
213
236
260
277
285
286
291
309
338
367
391
405
399
393
391
401
433
439
429
402
353
320
300
297
265
191
103
24
-6
-35
-100
-189
-263
-313
-349
-383
-435
-503
-562
-618
-634
-611
-626
-668
-702
-692
-656
-638
-626
-608
-562
-519
-501
-468
-409
-340
-273
-227
-207
-188
-154
-106
-51
5
14
2
24
79
150
183
187
169
148
154
195
248
272
258
229
238
284
322
327
304
276
270
272
277
289
287
255
209
178
163
161
168
153
112
59
16
0
17
29
5
-52
-111
-135
-105
-61
-31
-23
-48
-84
-90
-45
18
67
79
58
48
88
158
228
262
257
246
247
263
300
327
308
263
217
204
224
230
195
140
91
71
61
41
22
-21
-69
-116
-135
-145
-168
-202
-231
-228
-230
-243
-262
-275
-268
-271
-293
-318
-333
-309
-280
-270
-281
-305
-320
-326
-305
-283
-292
-308
-319
-305
-281
-267
-258
-258
-250
-231
-199
-166
-129
-111
-93
-60
-16
37
65
80
96
138
181
220
257
270
261
250
258
284
322
333
308
275
247
242
242
252
258
240
201
157
149
161
180
184
172
132
107
113
134
163
172
135
77
71
97
143
180
170
127
94
98
136
186
191
154
112
83
75
92
100
84
59
25
16
34
32
17
-14
-24
-25
-29
-48
-71
-76
-70
-59
-69
-85
-99
-102
-108
-118
-127
-159
-191
-195
-183
-183
-207
-236
-267
-274
-267
-274
-283
-289
-308
-323
-330
-336
-323
-321
-316
-311
-303
-288
-277
-254
-240
-213
-171
-137
-109
-85
-71
-39
15
80
132
149
141
148
190
248
292
305
294
283
296
326
360
375
359
324
309
315
327
332
311
278
245
226
229
251
259
236
189
141
124
130
132
127
99
58
5
-33
-38
-28
-37
-72
-124
-167
-195
-210
-206
-198
-211
-237
-260
-273
-270
-256
-250
-253
-259
-267
-259
-238
-201
-170
-154
-144
-144
-135
-89
-41
4
15
-16
-31
-19
30
77
91
78
56
43
53
82
100
84
55
42
30
32
44
37
32
15
-10
-21
-23
-25
-34
-45
-56
-56
-55
-68
-73
-71
-74
-68
-52
-36
-32
-38
-46
-19
11
30
33
22
19
31
51
84
108
100
75
65
89
120
140
133
105
90
99
140
179
174
137
91
86
115
143
164
159
129
85
63
72
101
112
85
43
8
-7
-18
-27
-38
-49
-76
-110
-119
-110
-105
-121
-129
-132
-138
-151
-162
-144
-117
-102
-113
-132
-127
-112
-74
-28
-14
-30
-69
-93
-70
-21
10
15
-14
-53
-68
-58
-25
5
-8
-44
-71
-78
-49
-27
-24
-31
-44
-59
-46
-12
13
23
-6
-23
-13
14
33
46
38
31
22
19
42
55
71
74
69
65
68
79
79
74
66
69
74
81
82
77
72
72
90
111
118
108
99
104
133
151
147
131
115
114
131
149
169
165
142
119
119
144
165
173
151
124
111
100
107
121
108
86
56
44
47
42
27
6
-9
-30
-48
-64
-72
-63
-76
-100
-125
-148
-165
-178
-172
-169
-183
-218
-259
-271
-257
-254
-251
-261
-288
-318
-324
-297
-269
-257
-283
-296
-303
-292
-258
-237
-216
-220
-235
-234
-205
-164
-128
-114
-119
-114
-103
-57
-2
44
66
59
61
97
143
180
212
219
219
225
249
281
303
311
303
291
303
312
307
311
306
302
296
280
263
246
236
227
226
212
172
137
110
101
98
79
64
35
10
-1
-2
9
5
-21
-36
-54
-62
-60
-68
-71
-95
-118
-130
-126
-122
-121
-130
-142
-143
-152
-156
-160
-159
-154
-162
-166
-173
-175
-174
-179
-173
-170
-184
-199
-204
-202
-188
-178
-170
-173
-185
-185
-166
-141
-110
-110
-110
-115
-124
-118
-103
-95
-98
-114
-121
-111
-85
-52
-36
-32
-40
-45
-33
1
42
68
66
55
58
77
106
134
157
155
141
152
163
196
219
211
211
215
215
233
242
233
211
204
208
214
215
193
179
159
166
176
154
139
122
125
130
133
119
97
91
76
71
68
58
43
26
13
8
5
0
-4
-35
-52
-64
-63
-62
-68
-78
-85
-84
-81
-78
-76
-72
-92
-100
-109
-127
-133
-142
-143
-134
-140
-149
-156
-162
-174
-189
-186
-192
-207
-219
-231
-229
-219
-204
-200
-206
-216
-212
-203
-176
-148
-147
-143
-151
-160
-151
-120
-97
-92
-89
-102
-99
-85
-63
-31
-20
-15
-4
10
37
73
99
105
96
94
119
146
181
184
187
194
204
234
243
249
250
258
272
285
299
293
284
303
309
312
307
286
272
253
246
239
210
185
164
143
135
112
103
91
71
77
74
69
62
42
26
26
35
47
32
-1
-36
-46
-46
-36
-23
-25
-53
-82
-91
-91
-79
-80
-98
-125
-143
-157
-154
-175
-200
-216
-225
-236
-253
-265
-279
-288
-291
-303
-298
-288
-283
-272
-282
-272
-258
-247
-238
-231
-221
-207
-196
-172
-162
-128
-118
-119
-115
-103
-52
-14
-6
-13
4
27
54
79
103
131
143
137
154
186
205
228
230
232
240
252
250
255
244
252
268
269
249
231
205
192
182
177
172
138
117
100
105
86
69
53
44
41
23
11
-7
-12
-21
-26
-13
-18
-6
24
72
75
697
1045
30
-829
-414
867
866
111
424
846
-62
-945
-552
1184
1793
1038
251
-549
-390
-316
75
308
654
642
-503
-1949
-1905
-667
483
-44
-472
-793
-1164
-1699
-1820
-865
285
454
-596
-1158
-1541
-915
-730
53
700
530
-312
-657
-531
-369
-256
823
739
290
-468
-368
13
131
96
794
749
161
215
-39
241
50
393
936
248
-191
-67
-300
163
257
453
260
314
-3
-390
-65
547
850
220
-258
-70
517
162
-351
43
715
908
-181
-454
430
276
479
-5
61
900
239
-417
-540
248
773
538
-216
-364
270
64
20
-64
-181
398
169
-297
-595
6
660
-398
-691
83
697
338
-714
-220
71
153
145
-316
-144
195
-154
-196
-172
96
-156
222
-255
-311
-228
33
181
-197
-542
-417
154
40
-432
-508
-122
178
50
-793
-398
-160
108
-233
-524
-179
211
-212
-626
-419
-74
633
287
-598
-542
-13
523
139
-301
251
657
48
-389
-135
411
541
442
-122
177
253
236
-74
-174
179
677
400
-247
-349
-107
26
202
221
211
202
-218
-255
-145
89
309
101
-75
-194
20
-32
-39
-125
45
344
159
-118
-84
9
77
-14
130
153
215
-12
-113
-202
-1
274
157
-7
-157
45
26
-5
-110
-197
-19
-3
21
-140
-166
-81
-141
-116
-57
56
61
-70
-295
-154
-18
164
-53
-262
-189
-14
112
61
-45
-16
-101
-32
-59
-12
88
76
8
-146
-116
31
53
11
-54
-2
132
201
7
-160
-95
63
225
145
157
-50
-82
-117
-17
131
233
313
131
-12
-93
-49
141
168
222
162
101
75
-43
-142
-148
88
261
268
44
-39
-111
-172
-189
-43
269
373
153
-175
-245
-161
76
151
107
119
89
-8
-175
-183
-35
189
218
68
-14
-13
-2
-61
-95
23
183
223
42
-135
-201
-163
-82
-11
86
68
-3
-184
-286
-230
-43
4
10
-63
-106
-135
-206
-234
-168
-56
-32
-45
-121
-157
-212
-250
-173
-74
21
-27
-79
-138
-146
-92
-64
43
87
79
87
62
19
-11
-8
34
135
184
226
127
54
-35
-48
77
197
308
239
100
-29
-46
11
11
57
105
119
12
-113
-192
-133
-13
-25
11
7
83
29
-133
-196
-74
131
197
179
85
46
31
-11
58
141
280
230
127
30
9
73
92
153
134
213
213
106
5
-20
80
179
216
125
28
-41
-73
-51
-61
10
19
-78
-162
-163
-104
-132
-137
-168
-230
-229
-124
-110
-247
-289
-272
-191
-155
-187
-195
-181
-205
-254
-215
-134
-88
-113
-142
-155
-106
-106
-71
-47
-5
13
23
-8
-5
31
87
85
41
76
72
60
31
73
126
147
110
64
29
64
120
158
149
96
24
-10
43
83
113
148
130
77
59
58
76
87
115
114
132
94
35
48
52
77
109
130
97
92
106
95
97
144
172
168
116
93
131
186
179
120
93
132
147
82
112
144
122
69
67
23
56
67
35
46
23
27
-47
-79
-57
6
20
-43
-152
-226
-194
-164
-151
-151
-164
-210
-241
-273
-268
-158
-153
-176
-217
-282
-273
-252
-222
-205
-182
-206
-211
-233
-230
-176
-124
-58
-106
-140
-165
-156
-118
-6
79
-7
-28
-70
-47
26
87
142
174
127
11
48
99
136
184
162
159
122
99
117
134
181
198
212
176
163
178
143
131
150
185
194
138
78
56
57
108
145
153
135
31
17
69
73
93
48
49
19
9
0
-34
41
48
31
1
-1
0
4
12
-43
-15
38
11
-35
-96
-54
-31
38
-5
-25
-41
-87
-19
-28
-24
-15
-21
-72
-150
-166
-93
-48
-61
-105
-110
-120
-144
-182
-147
-86
-94
-144
-172
-221
-246
-188
-133
-114
-106
-156
-215
-223
-210
-137
-48
-40
-68
-165
-171
-124
-71
-24
29
30
-48
-57
-39
-1
75
92
93
59
35
40
44
66
101
160
125
72
41
42
128
136
114
94
90
65
46
38
68
130
78
6
-8
26
64
47
33
52
83
48
10
0
47
89
98
67
85
77
46
49
34
102
144
81
7
-25
-2
48
65
35
49
52
-9
-49
-72
-28
10
-8
-73
-58
-47
-47
-101
-132
-80
-45
-63
-84
-114
-129
-106
-113
-110
-90
-81
-104
-116
-113
-112
-67
-79
-66
-58
-62
-49
-51
-56
-69
-48
-16
34
17
-57
-29
-9
16
-9
-4
47
59
31
-24
9
55
64
30
14
70
100
78
54
46
43
70
68
80
112
67
21
-2
10
63
83
66
36
68
47
20
25
48
85
84
45
9
43
60
56
64
79
85
105
75
30
29
82
114
86
46
35
48
61
20
3
33
67
43
22
21
4
-6
-12
-33
-30
11
13
-29
-72
-80
-83
-50
-64
-95
-84
-90
-89
-123
-124
-91
-56
-49
-80
-84
-68
-48
-76
-111
-88
-41
-26
-95
-148
-126
-72
-84
-73
-55
-2
4
-47
-60
-32
17
6
20
18
42
46
8
-16
8
78
81
48
44
50
61
12
2
39
79
58
10
-3
26
36
8
-9
-10
28
29
6
-6
-1
-12
-27
-7
-3
19
17
7
-16
32
72
64
57
37
70
72
72
65
87
87
70
96
96
86
82
61
57
49
81
94
88
59
34
31
27
38
12
-18
-23
12
-4
-41
-73
-67
-43
-63
-85
-81
-71
-88
-132
-150
-122
-90
-92
-114
-110
-90
-98
-121
-140
-138
-99
-53
-57
-89
-98
-89
-76
-53
-7
6
16
-18
-46
-33
-7
41
48
29
37
44
62
41
53
80
84
100
67
57
42
41
44
60
80
103
95
65
40
38
46
37
51
52
49
15
-6
0
10
-8
-28
-13
12
15
-22
-33
1
16
25
30
20
42
18
-5
-5
20
25
14
33
19
29
38
9
0
-10
18
47
64
47
19
17
-19
12
27
38
31
1
-21
-65
-59
-43
-2
-19
-51
-72
-60
-56
-71
-94
-74
-41
-39
-56
-76
-78
-73
-55
-62
-40
-27
-27
-40
-83
-73
-34
-18
-31
-47
-42
-33
-18
-11
6
10
-16
3
23
18
17
20
9
8
13
10
1
8
32
69
72
29
36
65
78
59
55
97
107
59
11
35
92
119
81
64
64
52
25
40
87
94
95
61
46
55
73
98
71
71
85
71
40
25
55
66
61
40
37
43
8
-16
0
17
8
4
-24
-36
-33
-34
-13
-26
-57
-73
-55
-59
-65
-81
-81
-83
-104
-118
-115
-100
-113
-106
-96
-108
-95
-106
-116
-109
-111
-75
-75
-105
-115
-87
-66
-76
-71
-62
-68
-58
-68
-64
-48
-24
5
-13
-23
-26
-7
4
4
13
36
47
14
0
6
38
59
63
76
44
28
19
39
72
72
72
55
39
25
28
61
55
35
33
24
9
-8
2
30
16
-1
2
19
5
-20
-11
14
52
29
-3
-25
-6
10
15
28
12
11
-9
-17
5
43
47
13
3
17
51
46
37
37
33
30
17
25
24
9
-4
-2
12
18
-4
-16
-21
-21
-21
-22
-22
-22
-10
-25
-41
-40
-26
-30
-23
2
-2
-7
-29
-44
-27
3
28
17
14
-7
-16
1
18
37
34
30
4
-2
-9
7
21
30
30
19
9
-7
-7
-15
3
11
14
15
-6
-34
-40
-22
-18
-18
-5
-8
-32
-52
-49
-26
-7
-8
-31
-25
-28
-35
-48
-38
-15
12
21
6
-1
-9
1
9
34
50
43
30
8
20
43
60
59
56
46
41
33
46
47
54
53
45
38
30
58
71
48
25
42
60
50
26
23
37
51
54
34
17
17
18
29
24
4
-4
-30
-40
-48
-32
-20
-27
-44
-70
-69
-70
-58
-50
-46
-40
-43
-61
-61
-49
-32
-17
-16
-20
-21
-16
-15
-23
-11
34
44
19
-17
9
47
53
47
35
52
51
39
21
37
64
67
37
31
62
68
54
35
36
40
16
13
21
24
32
12
-4
-18
3
10
-2
-19
-29
-17
-25
-22
-30
-20
-25
-20
-30
-44
-38
-23
-12
-33
-39
-25
-5
1
-13
-22
-16
-7
-5
-15
-5
4
-4
-26
-23
-9
4
9
-4
3
6
-3
-21
-22
3
20
15
-12
-28
-13
0
-6
-16
-13
7
-3
-35
-47
-28
-5
-13
-40
-52
-42
-31
-47
-61
-51
-43
-34
-46
-55
-52
-41
-33
-30
-33
-26
-7
-9
-10
-9
-4
-1
-8
-2
20
29
26
8
14
36
36
23
15
19
10
12
7
6
17
21
16
5
-3
-1
15
13
-9
-11
3
9
-1
-11
-8
2
15
-8
-29
-25
-5
-1
-12
-17
-15
-14
-26
-26
-10
8
9
-11
-22
-22
-3
2
-6
-1
7
7
-1
-5
6
15
23
15
8
6
9
4
-5
-1
17
29
9
-4
-12
-7
3
6
3
-9
-4
-3
-10
-3
6
10
0
-9
2
8
-1
-8
-4
-1
5
7
3
-6
-7
-4
-3
-5
-16
-12
-3
-8
-27
-26
-6
0
-8
-19
-9
7
-1
-27
-29
-2
20
17
2
-4
1
6
10
14
19
29
22
5
-3
15
37
43
33
24
15
17
27
28
33
39
40
30
22
17
26
32
29
22
19
17
5
-3
-7
0
3
-15
-31
-28
-21
-21
-32
-31
-28
-33
-35
-43
-38
-29
-24
-33
-48
-31
-15
-14
-20
-27
-13
-5
-7
-14
-14
0
16
13
-4
7
14
11
-1
2
17
27
20
-2
5
15
21
16
12
19
24
15
4
2
11
16
14
9
4
3
4
2
-6
-11
-1
13
3
-11
-15
-7
-3
-7
-11
-3
11
8
-9
-18
-5
15
15
10
9
16
15
1
-4
11
32
34
11
5
15
21
12
5
16
29
25
5
1
18
28
15
9
15
28
23
7
1
9
19
15
7
8
15
8
-3
-18
-11
2
6
-6
-20
-23
-15
-19
-26
-28
-14
-3
-21
-37
-40
-22
-12
-15
-18
-22
-23
-26
-28
-21
-11
2
-1
-17
-26
-19
0
6
1
-3
-1
6
4
-1
9
23
21
13
7
10
20
24
17
16
25
25
10
1
13
28
28
12
2
5
13
10
4
12
20
11
-8
-12
-3
13
18
9
-4
-2
0
-1
0
0
13
14
0
-15
-13
2
7
3
-7
-1
4
-7
-16
-16
4
9
0
-13
-13
-5
-5
-8
-7
2
3
-7
-20
-13
1
5
-3
-14
-10
-4
-1
-3
-5
-4
-3
-3
-4
0
4
6
1
-3
-4
4
15
10
3
4
10
11
-1
1
9
14
9
3
1
0
1
-1
-1
5
9
-1
-9
-11
-2
4
5
-4
-9
-2
0
3
1
2
5
9
6
1
8
19
17
7
4
14
25
24
14
12
18
24
23
20
22
21
21
20
22
19
21
16
10
13
20
23
16
10
4
7
7
2
4
11
8
-9
-12
-10
-5
-4
-10
-12
-12
-14
-19
-25
-23
-15
-5
-9
-21
-28
-25
-19
-17
-13
-13
-19
-26
-28
-26
-18
