18
16
16
14
16
17
16
18
17
16
15
16
16
15
15
14
13
11
7
7
4
6
5
3
3
2
1
0
0
2
2
2
2
0
0
-2
-1
-3
-4
-3
-3
-1
-2
-4
-4
-3
-4
-5
-4
-1
0
-3
-4
-6
-8
-10
-10
-9
-8
-8
-9
-10
-10
-11
-11
-10
-9
-9
-9
-10
-9
-10
-11
-11
-12
-12
-13
-12
-12
-13
-13
-12
-12
-12
-12
-12
-10
-9
-7
-8
-9
-9
-8
-6
-3
-2
-1
0
1
2
3
6
8
11
10
11
12
11
12
13
15
17
16
16
18
19
20
21
23
24
26
26
24
23
21
21
21
22
19
18
16
16
14
15
13
13
10
8
7
7
4
2
0
-3
-6
-10
-13
-14
-14
-14
-15
-15
-16
-17
-16
-16
-17
-17
-17
-15
-15
-17
-17
-18
-18
-18
-17
-16
-15
-13
-10
-9
-7
-7
-6
-6
-4
-5
-4
-3
-4
-4
-3
-3
-5
-5
-3
-2
0
0
1
3
4
4
3
3
1
2
2
2
3
2
2
3
5
6
6
8
8
8
8
8
6
6
5
5
2
1
0
1
2
1
2
2
3
4
4
3
2
1
0
-2
-3
-4
-6
-6
-5
-5
-6
-6
-6
-4
-4
-2
-1
-1
-2
-2
-2
-3
-4
-4
-5
-5
-5
-5
-4
-3
-3
0
1
1
2
3
2
1
-1
-3
-3
-4
-3
-2
-2
-1
1
1
3
3
5
6
7
7
5
4
3
3
3
3
2
0
1
2
2
2
3
4
4
5
6
5
5
4
3
1
-1
-3
-4
-4
-3
-1
-1
0
1
4
5
5
6
4
4
3
2
1
0
-1
0
0
0
-1
0
3
3
3
4
4
2
2
0
-2
-4
-5
-6
-5
-6
-6
-7
-7
-7
-6
-8
-8
-7
-7
-6
-6
-7
-8
-8
-8
-8
-9
-9
-9
-8
-7
-4
-4
-3
-2
1
1
3
1
0
2
2
2
3
4
5
6
8
8
9
10
12
12
13
12
12
12
12
11
10
9
8
9
8
8
8
6
6
6
6
3
2
1
1
0
-2
-2
-4
-5
-5
-4
-4
-5
-6
-5
-5
-4
-4
-5
-3
-2
-2
-4
-3
-3
-4
-2
-3
-1
0
1
3
4
5
5
7
8
8
8
9
8
8
8
7
7
7
8
8
9
8
7
6
4
4
2
1
0
-1
-3
-2
-5
-6
-6
-7
-8
-8
-10
-12
-13
-13
-12
-12
-12
-12
-13
-14
-13
-12
-13
-12
-11
-9
-9
-8
-8
-7
-5
-3
-1
-1
1
2
3
4
5
6
7
8
11
11
12
11
11
13
12
12
12
11
11
11
11
10
9
8
8
8
5
4
0
1
-1
-3
-5
-6
-7
-8
-8
-9
-10
-10
-9
-10
-10
-11
-11
-12
-11
-12
-11
-12
-12
-11
-10
-8
-8
-8
-6
-5
-2
-2
-1
-1
0
0
1
2
2
3
3
3
4
4
5
6
7
8
8
9
9
9
7
8
6
4
3
4
2
0
0
-1
-1
-1
0
-1
-2
-2
-2
-3
-3
-5
-7
-7
-9
-9
-10
-10
-9
-9
-7
-6
-4
-5
-3
-3
-3
-3
-2
-2
-1
-1
-1
1
1
3
4
6
7
8
8
10
10
9
10
9
9
7
6
6
6
5
6
7
7
6
6
6
6
6
5
6
4
3
3
1
-2
-1
0
-1
0
0
0
0
0
0
-1
-1
-1
-2
-4
-4
-4
-4
-4
-4
-4
-2
-2
-3
0
-1
0
0
0
0
0
-2
-2
-4
-4
-4
-3
-3
-2
-1
0
1
2
3
4
4
5
6
4
4
3
3
6
4
4
6
6
5
7
6
7
8
7
8
5
5
6
4
3
1
0
-1
0
0
-2
-4
-5
-8
-7
-9
-10
-9
-13
-11
-13
-16
-14
-15
-14
-13
-16
-14
-15
-14
-10
-8
-9
-8
-9
-7
-7
-7
-4
-3
-4
-1
2
3
2
9
12
9
14
14
14
17
18
19
18
14
21
18
16
20
18
14
15
11
16
13
7
12
7
4
4
1
-3
-5
-8
-4
-9
-13
-10
-8
-12
-10
-9
-10
-11
-10
-6
-9
-12
-7
-9
-10
-6
-7
-5
-4
0
2
1
5
8
6
9
10
9
9
8
12
12
8
12
11
10
10
9
13
6
4
9
5
-3
-2
-1
-5
-13
-9
-10
-18
-20
-13
-15
-24
-19
-15
-20
-24
-17
-18
-25
-25
-18
-20
-25
-22
-12
-19
-20
-9
-11
-13
-8
-1
4
-3
1
13
4
2
13
12
6
11
15
19
9
11
22
15
7
19
17
9
10
11
11
2
-2
11
1
-8
5
-5
-8
-8
-4
4
-10
-2
7
-11
0
1
-6
1
-6
7
3
-9
9
6
-1
9
9
18
5
4
26
13
5
19
17
13
4
18
23
2
13
28
13
6
17
27
11
10
31
16
12
8
15
17
-4
6
12
-12
0
-4
-9
-5
-12
-2
-7
-24
-18
-17
-30
-21
-15
-21
-26
-24
-16
-23
-37
-18
-9
-25
-18
-2
-7
-17
0
-4
1
-3
-3
12
-3
-4
20
-5
1
19
12
12
11
10
13
-3
19
23
-6
15
1
-1
-8
-17
13
-4
-24
12
-6
-14
-25
-17
10
-28
-29
19
-10
-25
-5
15
-15
-40
14
12
-31
1
31
3
1
17
26
16
1
19
38
13
8
37
27
20
45
27
35
31
16
40
33
32
52
12
37
47
9
23
18
17
9
-12
16
10
-10
1
-10
-11
-27
-33
-10
-16
-30
-10
-27
-49
-43
-35
-14
-48
-13
3
-37
-15
-17
-1
-12
-10
8
15
-16
3
13
0
10
17
26
-5
8
15
-22
8
-4
-4
35
-8
-11
12
-17
-34
-18
-8
-12
-15
-7
-10
-4
-25
-10
-14
-20
15
-8
-31
19
-26
-30
-5
-27
-13
-11
-41
-19
-38
-30
-25
-65
-20
-15
-80
-25
-17
-63
-22
4
-64
-2
21
-21
16
-1
25
46
10
18
106
39
30
67
62
58
17
40
90
33
19
75
46
5
3
40
-23
-7
26
-11
-33
25
-45
-39
-39
-20
-22
-63
-6
-8
-28
-50
15
3
-44
-4
30
33
-2
-21
75
0
-51
101
16
17
22
-10
50
-24
-20
61
28
-56
33
0
-30
-16
-1
-20
53
-71
19
4
-58
9
-43
-1
9
-16
-32
67
-53
-2
-9
17
3
-57
-7
77
-90
-10
44
-36
22
-68
15
52
-99
-11
47
-73
-2
-3
-6
27
-52
29
-1
-20
29
-4
2
30
-7
75
-13
44
78
-1
53
-23
83
52
9
37
113
-35
1
71
26
22
32
60
25
-57
71
2
-77
59
-11
28
-76
24
38
-85
-13
62
8
-32
30
63
-37
-55
92
43
-45
13
97
22
-19
45
90
26
-43
105
50
-40
62
111
-88
0
88
-27
-28
-25
76
26
-117
82
44
-74
-35
44
9
-147
43
42
-149
-39
61
-61
-105
-73
66
-108
-168
100
-34
-189
-18
22
-83
-77
-9
53
-143
-65
53
-37
-96
56
0
-15
-77
3
77
-111
33
102
-36
-4
41
18
-5
-28
73
36
-23
20
19
13
-32
15
43
-39
51
-22
43
2
-75
37
18
-68
68
23
-36
33
-73
12
-17
-40
77
-29
-5
61
-96
85
-29
-24
98
-69
-27
102
-49
-86
121
-30
-47
74
38
-21
48
-15
95
-122
13
135
-116
21
114
-60
-21
-19
55
-37
-82
96
-47
-40
8
-26
29
-69
-18
6
-124
9
-30
-105
36
-76
-105
68
-117
23
28
-107
36
4
-188
85
-66
-2
64
-138
146
3
-123
105
110
-13
8
109
101
-81
59
143
-23
81
100
37
8
7
82
92
-95
153
163
-85
57
62
80
-39
-29
48
81
-47
40
-37
34
-73
-38
26
-143
82
15
-148
-22
42
-103
-23
-86
55
-11
-131
18
-10
-92
-31
-38
11
37
-14
-24
11
18
-67
-28
154
-104
2
81
-90
1
-34
91
-85
-27
77
-29
-20
35
4
-59
-68
-12
-74
10
-55
-50
31
-82
-38
-104
28
-38
-66
-71
54
-135
-155
42
-95
-110
-27
-11
16
-62
-72
104
-133
60
-58
20
-5
-30
60
-98
-37
116
-109
48
158
-167
36
110
-68
8
30
113
19
-75
107
33
-76
163
-41
117
66
51
99
5
11
39
23
-26
69
66
3
21
29
12
94
-109
188
112
-176
166
147
-174
79
191
-95
114
44
115
30
71
130
110
44
88
150
49
17
69
164
-24
47
109
132
41
1
139
29
64
17
16
157
54
-82
125
117
-122
75
28
-51
-32
-16
0
10
-181
65
-40
-160
-3
-28
-49
-8
-116
-25
18
-183
-54
-46
6
-178
-98
48
-195
-47
-99
-35
-145
-16
-120
-15
-77
-68
-80
0
-133
-177
134
-200
-71
122
-109
-179
192
-168
4
-136
41
69
-256
55
27
-133
-132
40
-92
-26
-83
-43
45
-125
-164
147
-109
-148
15
92
-141
-84
117
35
-130
-1
175
-63
-41
246
-149
67
-50
94
74
-145
289
-35
73
4
178
23
25
101
175
-160
249
-45
115
-34
118
107
-147
232
-123
132
-75
122
21
164
-234
267
-27
-184
128
180
-229
128
205
-134
80
-65
204
-54
-149
224
108
-303
206
-62
-50
12
-51
121
-121
145
-29
-51
184
-195
184
-4
-63
190
-126
106
-12
-44
61
-4
45
23
-7
92
-93
45
-99
72
-17
-145
65
17
-269
7
15
-198
84
-220
181
-123
-217
147
73
-372
194
68
-260
46
-39
-32
-38
-194
227
-173
-227
292
-160
-120
173
-52
-48
44
-38
65
-49
-20
59
6
-147
118
-4
-118
110
-38
-59
132
-270
197
73
-295
305
-48
-180
197
-3
-173
215
-27
-74
55
4
19
-24
-147
228
-152
-126
222
-245
260
-195
-205
388
-470
14
163
-206
131
-247
60
-23
-283
167
-58
-80
102
22
-195
48
51
-131
8
73
141
-168
81
65
-25
104
-188
370
-267
313
-219
208
137
-297
161
352
-449
320
84
58
-64
49
357
-279
251
95
83
-116
385
-107
5
259
33
-197
398
-124
-101
353
-210
53
127
-39
1
160
-189
317
-298
148
149
-357
198
41
-312
169
70
-116
-68
-16
114
-287
91
-7
29
96
-225
169
-124
46
-85
44
120
-209
-72
193
-380
343
-144
-152
279
-155
-119
10
201
-151
-24
103
181
-478
436
-202
117
-16
77
-59
159
-115
95
245
-194
213
64
-61
72
196
-268
466
-276
19
352
-268
10
361
-339
157
-79
91
72
-239
437
-457
352
-278
-57
400
-473
202
297
-457
252
89
-286
38
124
-169
-18
-153
220
-352
-54
262
-384
-152
251
-557
226
-350
186
-53
-311
-93
204
-559
-157
446
-652
-11
-9
-147
-165
-88
-187
217
-478
8
-46
89
-461
166
41
-412
332
-318
-28
252
-461
232
-74
-207
155
-144
-140
219
-251
55
206
-325
205
173
-339
230
88
-145
64
-116
233
-175
30
107
85
-162
180
78
-149
379
-6
-61
223
102
-296
228
9
-29
-40
261
-238
181
-32
-61
104
-25
-62
306
-140
-19
168
-105
47
91
-154
275
-189
41
112
-43
-63
93
160
-314
300
36
-183
221
-18
16
354
-394
588
-261
46
375
-501
631
26
-329
635
-227
80
269
-47
236
38
49
188
-120
309
-3
-15
258
-143
255
-250
471
-263
-82
382
-289
-97
470
-451
253
117
-280
325
-174
-55
176
-193
-80
387
-685
599
-340
-227
353
-360
-90
231
-181
-173
335
-431
71
128
-279
63
149
-492
420
-531
69
138
-399
310
-314
121
-115
-148
108
-178
130
-290
378
-248
-127
526
-513
57
285
-326
17
-40
255
-408
184
35
-7
-124
41
158
-322
218
88
-350
411
-263
8
160
-231
326
-270
355
-159
150
161
-24
42
241
-227
364
-270
453
-74
20
223
-13
-183
330
-241
198
-37
6
152
-310
341
-95
-167
381
-157
-158
482
-660
426
-13
-410
637
-394
-117
419
-421
20
422
-484
237
281
-581
343
-28
-439
338
-182
-132
112
-44
-133
25
71
-244
80
182
-339
246
-103
28
-92
18
50
-134
131
-87
36
131
-208
159
50
-285
301
-85
-77
31
189
-427
480
-409
147
-60
-120
31
-112
-31
-79
67
-179
-19
87
-80
-1
-3
90
-3
-247
276
-293
-90
78
-273
32
90
-413
383
-289
-42
70
86
-320
364
-186
-33
139
-118
-139
246
-154
-147
268
-332
203
-128
-66
170
-138
-135
432
-560
429
-159
-127
380
-283
163
79
-87
-18
112
-143
127
-85
137
-87
41
-16
81
-65
91
53
21
93
-94
276
-93
-54
191
-135
-49
76
-92
131
-39
-101
235
-47
-272
358
90
-364
591
-260
-66
407
-282
64
362
-462
518
-187
-109
369
-258
209
2
-145
319
-243
-3
415
-414
424
-61
-56
360
-266
295
183
-63
160
250
-201
204
133
-190
401
-16
-212
557
-127
-81
631
-462
391
100
-193
305
-33
-166
343
-350
76
331
-595
654
-238
-127
557
-620
492
-53
-377
575
-378
-14
310
-402
267
-93
-47
16
57
-158
-8
158
-330
129
46
-174
-40
113
69
-660
851
-752
70
373
-603
282
158
-627
494
-159
-327
359
-126
-291
321
-145
-385
521
-749
391
-306
-42
-132
72
-490
182
-211
-290
9
-165
-229
104
-232
50
6
-229
205
-540
283
-385
133
-299
31
71
-525
205
23
-500
695
-648
239
324
-849
703
-151
-367
366
-53
-396
546
-388
-76
454
-515
196
139
-272
285
-127
-135
142
-277
-7
138
-82
-178
366
-342
52
201
-280
225
152
-401
524
-283
-131
478
-522
278
284
-323
119
604
-759
766
-325
62
393
-304
45
369
-386
194
196
-257
252
176
-307
344
68
-369
638
-646
506
-141
-175
474
-303
101
202
-141
241
-230
247
148
-589
674
-415
-236
559
-459
-115
597
-747
293
178
-537
621
-274
-62
350
-321
10
228
-370
129
120
-260
108
78
-205
110
-79
-48
-25
-39
-43
-124
-54
87
-402
500
-563
108
283
-560
337
89
-315
392
-342
277
-49
-128
174
-36
-16
-143
340
-276
59
374
-598
392
58
-551
566
-361
48
56
-236
105
75
-379
188
99
-251
-1
238
-363
156
-43
-162
144
-205
105
-184
9
-61
141
-233
295
-18
-275
292
-265
-134
330
-447
272
-106
-294
361
-504
328
-258
16
-10
-32
-5
-223
97
-147
-184
72
-298
239
-352
202
102
-450
497
-428
346
-259
-38
436
-503
4
626
-811
608
-205
3
416
-448
609
-148
11
332
-210
209
271
-205
377
22
-124
392
-69
93
242
20
65
329
-284
481
43
-54
82
412
-298
442
49
38
235
-173
317
241
-254
750
-268
155
297
-462
649
-172
161
253
18
148
58
-102
397
-207
112
236
-189
285
-153
135
148
-73
20
349
-340
491
-304
338
-169
97
153
-178
203
41
-126
233
-140
20
295
-349
267
90
-296
45
317
-524
310
-31
-171
150
-174
-133
150
-292
-2
-66
-13
-161
-18
-10
-415
249
-267
-224
244
-486
155
-225
-185
-8
-131
-227
-150
183
-684
213
-125
-350
287
-516
168
93
-774
717
-743
27
45
-339
15
61
-375
118
-321
-124
-9
-187
-108
117
-202
-336
303
-494
-7
52
-237
120
-38
-197
121
-258
122
-127
-79
76
-237
192
-201
-21
132
-79
-223
381
-489
412
-246
-67
484
-460
191
450
-550
589
15
-219
740
-378
432
31
162
-74
234
54
75
253
294
-267
563
-167
80
316
-426
639
-493
129
60
-153
35
-172
436
-565
159
441
-632
427
-11
-314
635
-761
640
-53
-458
440
78
-289
324
221
-70
-58
355
-67
-46
256
-143
307
-53
172
41
140
-199
386
-306
176
488
-690
664
-3
-528
793
-634
218
298
-571
453
-51
-177
467
-514
570
-164
-511
813
-643
226
-6
-145
-50
88
-353
402
-552
504
-508
173
-19
-60
112
-301
154
-183
-156
-123
34
-115
175
-567
711
-715
359
-7
-281
654
-558
509
-173
-71
-53
132
-241
441
-126
-46
342
-277
287
-247
245
-104
128
-290
200
172
-317
123
252
-359
417
-191
317
-100
14
119
-53
211
-598
804
-581
49
328
-367
317
-262
-10
19
19
-381
548
-509
130
-101
68
-451
541
-531
200
61
-479
494
-481
168
73
-76
78
124
-292
266
-163
86
-145
137
-104
-94
200
-447
286
97
-511
345
-75
-288
105
-108
8
-203
244
-214
-86
158
-232
296
-349
176
102
-331
382
44
-152
-172
590
-602
178
285
-140
252
311
-354
735
-553
307
146
45
125
208
50
9
119
-158
333
-279
267
-241
405
-318
414
-170
52
19
-123
-278
330
-322
371
-233
-99
276
-635
349
-59
-206
272
-431
103
-29
-427
485
-478
93
-128
-121
80
-442
574
-371
-228
212
-385
50
-288
-65
58
-303
-231
76
-280
-173
34
-287
49
-305
-129
-7
44
-528
214
-38
-232
-77
217
-318
52
-287
308
-563
218
214
-272
253
-194
145
-224
-74
43
234
-207
406
-243
241
-217
160
156
-277
487
-147
262
175
-242
475
57
-433
741
-151
-130
619
-56
-71
226
33
-262
257
-111
452
-286
-19
176
-83
-140
158
-84
225
-286
391
-14
-391
804
-631
306
277
-409
688
-329
29
432
-419
249
194
-156
235
152
104
87
162
180
-121
395
-27
37
334
275
3
101
27
592
-633
483
472
-661
749
-46
-296
397
-247
171
-1
-168
405
-125
-50
36
125
-233
-239
344
-116
-317
313
-168
90
-183
-182
293
-625
330
57
-337
451
-313
-277
228
-537
187
-116
-99
288
-260
-248
80
-548
-81
269
-435
248
-54
-408
112
-477
-150
29
-334
95
6
-147
-249
184
-313
-259
230
-6
-337
489
51
-472
287
-403
0
58
-201
442
55
-507
581
-312
-349
311
-175
-6
129
-110
105
-228
-196
184
-353
178
-284
271
-261
-29
105
-196
-200
80
-12
-69
152
-140
255
-177
-194
173
111
-79
399
39
175
-98
21
199
-14
95
360
110
-192
432
-280
120
-14
58
-71
212
-365
393
-33
-484
315
-225
-310
201
-129
173
-54
128
-2
80
-30
-49
316
-125
205
101
84
210
-174
637
-57
-101
620
-439
328
-144
102
-157
-40
155
-725
439
-412
-226
198
-411
231
58
-409
460
-454
-246
189
-290
-188
325
-217
181
-143
-120
170
-147
178
-9
108
79
-158
75
-55
-126
262
-239
104
104
-187
159
-181
-23
54
-154
3
-9
-96
37
-257
83
-102
8
91
110
93
208
303
-227
327
142
-112
154
286
-93
-34
542
13
45
511
-345
423
264
-275
635
-115
-50
53
-199
5
-228
20
117
-13
-50
282
4
-303
284
124
-49
-33
137
-71
-151
15
-29
-13
-55
64
63
-3
-21
-158
58
-87
-146
-11
-134
-227
48
-248
40
53
-183
-146
293
-296
-44
97
-320
242
-320
-144
195
-349
-72
196
-29
-15
-30
4
123
-174
-141
194
-274
-110
60
-29
115
-361
182
-44
-180
-51
21
139
-367
109
221
-453
91
-13
-114
95
-177
301
-94
-243
103
21
-113
-3
129
63
-131
117
143
-264
-45
58
316
-69
155
489
-64
-126
196
186
-64
15
381
186
-21
197
276
59
75
213
403
57
116
401
114
63
125
231
222
32
209
408
-27
54
347
116
1
219
258
87
-38
174
92
39
-16
36
-13
-258
-124
-143
-297
-214
-300
-422
-317
-646
-362
-457
-576
-568
-519
-724
-802
-552
-670
-765
-663
-612
-871
-784
-675
-745
-581
-386
-78
-21
-40
-4
104
107
203
506
560
494
607
629
447
332
563
403
278
483
542
395
208
244
44
-154
-129
-130
-90
-148
-158
-44
-46
-222
-104
47
4
181
382
594
475
580
766
719
760
964
969
1079
1011
1094
1027
831
776
655
630
444
428
392
44
40
-55
-335
-303
-491
-551
-522
-731
-675
-639
-750
-701
-629
-798
-688
-825
-704
-740
-739
-467
-668
-647
-664
-836
-941
-1089
-1031
-1088
-1251
-1251
-1448
-1583
-1371
-1170
-949
-271
-113
195
128
50
171
364
691
1065
1154
1457
1469
1229
1164
1070
925
906
1135
1154
1283
1006
523
166
-178
-456
-413
-386
-391
-177
-195
-303
-409
-575
-682
-475
-173
-12
494
613
614
684
701
764
858
1024
1155
1482
1652
1633
1479
1182
887
689
579
527
571
459
421
202
16
-253
-530
-664
-713
-650
-568
-352
-386
-220
-256
-299
-227
-148
-48
180
563
603
669
700
490
410
294
295
307
273
237
83
-97
-331
-613
-724
-913
-1036
-1131
-1273
-1443
-1564
-1750
-1856
-1974
-2124
-2146
-2312
-2267
-2158
-2137
-1902
-1702
-1453
-1124
-911
-268
349
530
834
785
1064
1492
1592
1988
1992
1954
1953
1598
1506
1451
1031
779
608
383
234
-226
-683
-1139
-1483
-1591
-1610
-1617
-1665
-1512
-1451
-1339
-1322
-1179
-1041
-727
-322
144
548
785
960
1086
1286
1564
1716
1780
1894
2011
2045
1974
1693
1318
1042
785
615
466
270
35
-26
-329
-454
-579
-859
-912
-808
-564
-419
-186
-127
77
271
405
687
743
904
1097
1270
1345
1326
1101
973
809
620
569
423
137
-54
-199
-540
-720
-975
-1282
-1520
-1602
-1758
-1803
-1984
-2216
-2214
-2316
-2203
-2273
-2213
-2030
-1864
-1609
-1217
-1139
-833
-644
-296
507
958
1299
1309
1320
1600
1789
1990
2137
2046
1980
1697
1492
1255
871
489
117
-83
-151
-298
-751
-1153
-1460
-1710
-1630
-1524
-1653
-1354
-1250
-956
-696
-548
-357
-225
189
578
1139
1487
1645
1627
1720
1788
1824
1869
1652
1510
1567
1483
1220
957
446
203
-144
-312
-339
-514
-567
-562
-543
-531
-538
-685
-522
-284
162
538
893
1107
1270
1362
1433
1484
1597
1616
1795
1952
1732
1492
1061
642
241
163
29
-202
-472
-676
-1034
-1369
-1527
-1959
-2020
-1972
-1899
-1898
-1838
-2004
-2117
-2183
-2098
-1784
-1651
-1610
-1320
-1254
-1112
-885
-714
-414
-306
407
1130
1685
1737
1388
1264
1451
1607
1764
1970
1703
1437
1006
478
364
-98
-552
-768
-810
-712
-920
-1388
-1971
-2365
-2362
-2171
-1865
-1645
-1283
-1131
-783
-477
-401
-203
27
455
1002
1527
1889
1829
1571
1454
1437
1548
1582
1396
1272
1355
1219
925
492
-10
-287
-418
-388
-442
-310
-391
-370
-288
-311
-257
-250
-73
288
820
1174
1375
1417
1433
1493
1502
1498
1548
1550
1518
1620
1437
1031
587
191
-158
-286
-407
-548
-711
-1020
-1297
-1445
-1644
-1824
-1868
-1839
-1714
-1608
-1623
-1673
-1846
-1913
-1791
-1722
-1647
-1555
-1374
-1384
-1286
-996
-816
-616
-307
449
1214
1464
1310
1095
1080
1356
1665
1852
1832
1553
1172
530
351
163
-290
-695
-958
-973
-1066
-1435
-2027
-2569
-2824
-2577
-2164
-1811
-1470
-1336
-1082
-716
-471
-176
154
480
945
1480
1952
2135
1912
1664
1559
1748
1887
1751
1543
1335
1261
982
563
169
-180
-413
-189
-51
-49
-241
-448
-379
-189
96
418
508
500
882
1122
1357
1495
1336
1267
1421
1617
1588
1432
1082
918
842
711
578
292
-55
-284
-389
-534
-716
-1034
-1257
-1350
-1220
-1201
-1194
-1300
-1346
-1360
-1297
-1145
-1220
-1317
-1384
-1226
-1192
-1303
-1495
-1612
-1546
-1421
-1003
-756
-680
-199
514
1392
1689
1275
852
920
1272
1935
2303
2214
1805
1066
442
303
276
-77
-593
-889
-698
-682
-1188
-1920
-2754
-2925
-2610
-1991
-1292
-949
-868
-711
-463
-165
119
382
775
1225
1927
2390
2508
2082
1438
1257
1486
1752
1679
1503
1118
972
664
93
-391
-815
-988
-802
-557
-373
-343
-529
-553
-316
75
409
584
756
1132
1512
1739
1825
1585
1471
1510
1653
1802
1600
1401
1126
824
724
447
113
-227
-500
-575
-670
-846
-1192
-1499
-1726
-1609
-1399
-1415
-1474
-1586
-1667
-1513
-1362
-1389
-1468
-1457
-1395
-1394
-1283
-1358
-1490
-1705
-1646
-1319
-973
-571
-154
408
1027
1230
988
804
1001
1437
1855
2091
2108
1757
987
315
64
-100
-301
-716
-926
-985
-1232
-1764
-2469
-3004
-3230
-2920
-2317
-1702
-1219
-1120
-960
-713
-451
-67
357
846
1443
1960
2354
2473
2193
1752
1483
1614
1821
1837
1620
1310
986
540
32
-471
-777
-741
-689
-684
-612
-558
-521
-483
-243
99
340
484
694
1067
1439
1663
1729
1717
1746
1795
1718
1615
1465
1333
1240
1190
975
619
234
-151
-382
-437
-613
-747
-907
-1187
-1309
-1352
-1352
-1419
-1530
-1480
-1306
-1214
-1175
-1260
-1425
-1463
-1310
-1263
-1419
-1523
-1607
-1665
-1516
-1255
-953
-763
-482
287
948
1311
1094
618
787
1129
1624
2110
2064
1771
1103
397
126
38
-159
-480
-784
-780
-724
-1203
-1928
-2603
-2905
-2586
-2041
-1409
-875
-687
-552
-432
-206
149
488
889
1405
1875
2335
2505
2210
1786
1397
1412
1659
1735
1598
1318
1033
662
205
-152
-405
-582
-687
-722
-447
-187
-97
-53
18
127
351
567
792
1151
1448
1566
1753
1930
1746
1523
1290
1156
1166
1164
1219
1101
778
377
-24
-310
-454
-618
-722
-827
-960
-1140
-1424
-1546
-1682
-1742
-1645
-1502
-1281
-1331
-1478
-1572
-1706
-1667
-1433
-1359
-1453
-1665
-1798
-1815
-1650
-1327
-944
-737
-256
666
1335
1468
1214
823
897
1461
2138
2670
2630
2153
1278
370
257
240
-49
-321
-649
-586
-697
-1364
-2139
-2827
-3019
-2641
-1995
-1205
-588
-499
-546
-406
-134
323
737
1196
1736
2335
2786
2749
2331
1807
1413
1387
1628
1734
1598
1246
795
316
-270
-684
-837
-1072
-1136
-1062
-834
-556
-519
-570
-664
-479
-171
156
545
984
1184
1218
1241
1268
1341
1231
1105
1039
997
1037
959
735
400
34
-255
-448
-590
-718
-923
-1139
-1273
-1402
-1457
-1509
-1521
-1476
-1436
-1329
-1141
-1140
-1283
-1362
-1361
-1181
-1047
-1072
-1169
-1363
-1517
-1516
-1328
-847
-484
-355
81
898
1461
1324
994
777
1167
1653
2128
2555
2332
1769
834
60
201
231
-133
-606
-872
-809
-1122
-1781
-2449
-2954
-2959
-2562
-1906
-1167
-736
-728
-778
-558
-68
496
928
1374
1875
2258
2639
2631
2261
1830
1462
1527
1768
1726
1512
1108
704
261
-331
-558
-617
-737
-848
-787
-480
-182
-143
-237
-246
-137
177
371
708
1152
1333
1292
1232
1282
1367
1314
1220
1198
1163
1193
1086
890
563
169
-252
-468
-521
-606
-750
-1033
-1245
-1415
-1574
-1534
-1414
-1396
-1328
-1227
-1115
-1068
-1232
-1348
-1363
-1315
-1107
-1101
-1204
-1360
-1514
-1585
-1406
-1044
-739
-552
-149
797
1490
1647
1460
1047
1162
1586
2023
2658
2648
2154
1303
358
228
187
-187
-615
-1021
-989
-1030
-1443
-1994
-2673
-3000
-2890
-2454
-1628
-949
-699
-648
-475
-105
377
698
1003
1464
1957
2530
2800
2696
2357
1863
1635
1665
1672
1595
1291
912
594
99
-215
-529
-971
-1269
-1359
-1085
-669
-411
-336
-316
-255
-67
84
373
812
1134
1405
1585
1720
1743
1435
1115
981
970
1109
1133
953
712
329
-76
-415
-707
-867
-1046
-1162
-1192
-1261
-1367
-1589
-1770
-1814
-1760
-1630
-1400
-1268
-1262
-1321
-1371
-1327
-1354
-1381
-1457
-1546
-1577
-1501
-1341
-1053
-751
-541
-72
723
1314
1519
1418
1356
1489
1590
1866
2158
2095
1767
1017
339
165
-19
-402
-927
-1206
-1224
-1475
-1844
-2290
-2671
-2878
-2807
-2423
-1740
-1054
-682
-448
-156
378
847
1114
1472
1864
2265
2685
2894
2905
2672
2305
2058
1859
1733
1540
1162
893
540
125
-142
-426
-722
-1043
-1268
-1171
-902
-558
-292
-213
-69
93
170
426
877
1241
1479
1665
1940
2150
2062
1772
1496
1310
1302
1299
1192
1018
679
174
-315
-630
-839
-1090
-1350
-1445
-1504
-1485
-1559
-1675
-1771
-1925
-1909
-1753
-1587
-1399
-1394
-1473
-1454
-1439
-1437
-1517
-1549
-1603
-1684
-1467
-1052
-693
-306
171
809
1270
1326
1012
788
924
1236
1629
1845
1919
1586
743
56
-191
-169
-360
-797
-1020
-1008
-1039
-1399
-2011
-2453
-2601
-2566
-2278
-1613
-844
-399
-312
-239
164
638
969
1231
1563
2082
2523
2769
2902
2864
2601
2163
1835
1736
1604
1402
1096
707
339
-43
-322
-638
-996
-1250
-1360
-1148
-771
-467
-321
-246
-145
-83
56
320
654
964
1217
1560
1953
2114
1938
1576
1246
1089
1060
1011
917
708
358
-145
-609
-925
-1282
-1656
-1878
-1827
-1641
-1461
-1444
-1618
-1823
-1942
-1934
-1803
-1555
-1318
-1141
-993
-856
-784
-874
-1052
-1157
-1162
-1075
-739
-416
-172
295
839
1240
1467
1231
845
583
651
1226
1646
1854
1800
1179
524
133
-103
-228
-517
-730
-837
-894
-869
-1123
-1592
-1926
-2201
-2195
-1797
-1242
-655
-369
-226
51
354
665
957
1122
1403
1766
2052
2342
2538
2626
2432
2050
1774
1567
1373
1113
765
424
154
-75
-255
-575
-981
-1323
-1591
-1615
-1403
-1119
-886
-739
-627
-513
-336
-68
194
466
836
1339
1810
2046
2095
1948
1711
1487
1281
1121
972
807
577
291
2
-383
-824
-1244
-1589
-1730
-1729
-1653
-1612
-1672
-1718
-1739
-1717
-1641
-1588
-1505
-1370
-1099
-822
-689
-568
-642
-774
-835
-799
-561
-341
-50
453
923
1354
1527
1376
1137
887
828
1005
1208
1407
1341
916
636
500
333
95
-272
-532
-709
-843
-992
-1171
-1331
-1511
-1770
-1921
-1791
-1501
-1263
-1178
-969
-624
-295
71
392
652
949
1126
1263
1510
1773
2019
2123
2086
2077
2019
1858
1612
1285
974
668
401
183
-74
-342
-690
-1065
-1289
-1367
-1335
-1202
-1114
-1020
-884
-741
-483
-142
205
583
919
1230
1535
1777
1913
1852
1758
1606
1402
1269
1102
903
628
302
-51
-335
-552
-776
-1011
-1223
-1319
-1380
-1458
-1479
-1448
-1445
-1438
-1395
-1282
-1176
-1069
-977
-985
-921
-856
-847
-839
-846
-751
-670
-591
-279
138
480
660
648
563
603
730
810
802
743
693
555
493
603
717
679
410
120
-25
-123
-256
-469
-749
-888
-964
-1079
-1115
-1081
-1023
-1073
-1197
-1141
-892
-607
-362
-229
-72
211
476
697
940
1256
1518
1630
1736
1850
1952
1965
1832
1674
1574
1499
1343
1053
752
488
171
-164
-399
-528
-652
-776
-892
-959
-947
-912
-821
-660
-416
-153
85
351
617
850
949
989
1016
1010
985
946
878
782
653
498
347
195
42
-144
-343
-579
-751
-881
-966
-998
-1031
-1079
-1120
-1142
-1207
-1249
-1279
-1321
-1353
-1362
-1379
-1361
-1390
-1416
-1407
-1379
-1261
-1156
-970
-651
-269
-17
104
182
270
322
419
544
658
774
799
854
990
1194
1289
1151
940
812
771
685
547
330
93
-173
-405
-531
-594
-631
-739
-865
-822
-689
-552
-477
-480
-473
-366
-119
158
405
613
790
913
1021
1154
1304
1426
1484
1491
1486
1508
1491
1346
1070
831
684
489
265
89
-46
-198
-372
-492
-546
-556
-598
-678
-691
-626
-479
-339
-222
-45
102
162
240
324
363
360
309
330
416
466
498
457
381
275
90
-24
-118
-123
-34
-51
2
19
-17
-68
-236
-379
-481
-568
-589
-618
-689
-737
-811
-864
-979
-1040
-1038
-1009
-968
-943
-890
-815
-669
-597
-542
-500
-447
-306
-167
-22
108
176
205
201
247
400
586
758
818
868
932
952
926
752
510
304
161
76
15
-32
-65
-179
-344
-476
-519
-539
-588
-637
-660
-602
-528
-461
-365
-226
-76
30
118
269
389
440
425
395
436
469
447
403
382
387
386
377
410
473
482
391
278
192
114
3
-102
-166
-136
-60
22
116
157
164
89
51
55
93
169
259
300
307
341
389
365
342
355
310
304
373
384
354
338
311
215
129
128
107
84
74
81
50
2
-121
-265
-361
-446
-514
-546
-586
-720
-907
-1096
-1202
-1272
-1322
-1344
-1323
-1234
-1072
-949
-885
-842
-833
-790
-726
-606
-461
-339
-211
-110
18
185
358
487
558
617
669
704
694
616
501
397
296
179
87
50
15
-64
-183
-227
-198
-172
-202
-297
-367
-379
-376
-340
-218
-68
53
98
132
221
309
361
348
343
417
525
601
666
722
719
660
607
613
672
721
713
670
639
604
545
487
443
417
407
417
427
459
458
450
437
426
392
392
412
395
363
330
322
267
243
212
169
144
119
122
127
126
148
80
19
-14
-13
-17
-29
18
-60
-160
-249
-342
-375
-458
-556
-613
-665
-769
-906
-1053
-1159
-1193
-1243
-1273
-1295
-1286
-1235
-1144
-994
-829
-714
-662
-623
-535
-439
-360
-312
-275
-202
-148
-35
134
290
397
417
388
395
416
384
329
253
158
85
17
-22
-23
-21
-31
-51
-41
-41
-93
-158
-229
-277
-259
-216
-145
-64
39
168
240
316
372
412
454
432
424
464
515
556
518
487
491
508
558
593
604
609
585
534
479
437
406
365
324
326
360
409
422
394
348
308
275
264
243
222
217
195
181
140
131
131
104
95
149
212
230
251
225
153
88
71
69
37
40
54
30
-20
-64
-87
-132
-238
-322
-379
-427
-456
-494
-548
-585
-629
-662
-683
-696
-747
-778
-816
-884
-897
-843
-734
-645
-625
-658
-702
-718
-728
-730
-736
-719
-683
-673
-642
-563
-460
-345
-269
-165
9
163
231
185
93
22
-27
-65
-51
38
126
186
197
222
279
274
158
24
-28
-8
21
49
114
209
285
337
409
509
578
597
547
509
537
593
617
613
612
671
745
794
863
903
904
846
757
706
658
579
485
380
309
308
345
378
386
402
407
410
377
340
321
271
252
249
272
319
339
329
299
283
285
244
163
116
20
-111
-185
-279
-327
-407
-465
-495
-533
-524
-539
-628
-612
-641
-704
-739
-753
-748
-750
-733
-774
-788
-819
-882
-940
-1013
-1060
-1083
-1093
-1068
-992
-931
-917
-939
-989
-984
-931
-872
-821
-760
-644
-522
-409
-235
-29
160
302
409
536
702
804
812
769
730
703
669
655
685
722
680
576
503
504
516
428
273
171
161
169
144
145
198
256
309
352
436
529
549
506
453
456
491
495
475
466
476
509
531
526
518
531
480
415
347
292
266
194
146
114
144
225
314
355
412
490
538
546
490
454
449
409
365
360
348
312
234
177
170
134
62
21
-15
-98
-138
-245
-321
-408
-495
-474
-470
-540
-541
-531
-541
-590
-743
-745
-773
-862
-952
-1047
-1130
-1255
-1361
-1401
-1455
-1467
-1544
-1607
-1656
-1574
-1413
-1232
-1095
-1023
-961
-872
-761
-688
-583
-452
-306
-154
-6
251
563
813
973
1071
1179
1282
1307
1219
1082
996
896
800
721
717
755
739
628
515
489
469
385
216
92
70
47
12
12
107
235
333
428
526
612
611
520
383
357
424
456
452
455
506
579
598
594
563
507
451
375
311
267
189
104
21
3
60
101
127
131
171
246
255
229
190
183
177
137
116
102
97
70
44
57
83
79
64
-5
-27
-59
-112
-197
-330
-347
-382
-446
-451
-491
-574
-697
-786
-796
-857
-931
-1024
-1166
-1362
-1511
-1676
-1744
-1891
-1945
-1887
-1878
-1762
-1571
-1258
-942
-754
-617
-426
-185
34
184
286
373
479
574
750
1040
1349
1549
1601
1617
1678
1714
1572
1247
930
687
497
337
224
205
182
97
-2
-11
17
-24
-203
-394
-428
-353
-290
-231
-92
163
436
634
796
965
1082
1070
972
890
872
848
729
571
465
418
349
220
96
39
-26
-171
-357
-522
-610
-679
-746
-746
-644
-481
-333
-228
-115
48
147
170
215
306
424
499
490
490
513
508
488
471
497
519
467
385
299
202
92
-88
-238
-311
-379
-442
-510
-592
-637
-737
-868
-986
-1137
-1261
-1431
-1634
-1770
-1885
-1983
-2012
-1961
-1841
-1634
-1212
-702
-252
54
214
333
505
704
825
869
920
988
988
1072
1282
1442
1422
1232
1018
910
771
470
18
-386
-606
-780
-954
-1003
-911
-870
-905
-897
-727
-484
-332
-347
-328
-88
255
483
665
953
1285
1536
1680
1828
1998
2051
1906
1665
1511
1429
1239
893
543
300
91
-149
-369
-515
-633
-792
-959
-1054
-1011
-927
-883
-865
-739
-563
-405
-282
-148
42
207
336
448
566
665
692
669
691
729
756
715
624
512
398
244
81
-77
-218
-381
-540
-660
-711
-763
-843
-927
-990
-1039
-1130
-1248
-1383
-1535
-1671
-1786
-1879
-1942
-1928
-1856
-1737
-1467
-950
-228
411
800
973
1096
1223
1351
1386
1365
1359
1337
1267
1249
1369
1465
1288
854
461
190
-32
-421
-926
-1380
-1630
-1740
-1785
-1723
-1537
-1385
-1344
-1264
-965
-540
-214
-83
39
359
847
1260
1513
1727
1985
2175
2237
2261
2288
2235
2015
1662
1375
1199
989
599
101
-282
-529
-701
-868
-1004
-1038
-1000
-929
-836
-712
-596
-553
-538
-416
-164
102
321
464
587
746
878
899
822
729
622
515
433
386
331
201
63
-60
-142
-231
-411
-640
-839
-970
-1006
-1011
-1029
-1016
-1034
-1054
-1072
-1080
-1144
-1234
-1388
-1505
-1550
-1524
-1444
-1296
-1094
-723
-70
741
1363
1604
1609
1589
1643
1706
1757
1674
1569
1367
1113
922
941
852
412
-271
-758
-929
-1033
-1338
-1778
-2035
-1966
-1832
-1743
-1528
-1200
-1000
-965
-832
-371
225
548
597
718
1143
1615
1724
1566
1504
1508
1379
1110
895
812
650
307
-11
-72
7
-108
-465
-725
-693
-528
-446
-387
-199
65
333
557
812
1067
1142
1025
915
959
1058
998
790
639
555
475
357
197
41
-88
-227
-354
-439
-500
-615
-750
-820
-802
-772
-794
-854
-902
-870
-809
-733
-671
-680
-751
-819
-881
-937
-1092
-1295
-1480
-1625
-1633
-1510
-1329
-1056
-467
397
1233
1678
1792
1702
1710
1795
1917
1962
1923
1811
1565
1230
1116
1061
734
111
-489
-760
-784
-893
-1239
-1572
-1643
-1535
-1429
-1259
-890
-529
-338
-163
213
762
1139
1117
934
943
1135
1155
891
609
494
411
271
99
-82
-290
-600
-922
-1070
-991
-910
-932
-950
-762
-403
-22
332
626
868
1106
1328
1517
1647
1637
1473
1257
1091
966
804
591
384
156
-40
-162
-257
-381
-532
-654
-682
-670
-696
-750
-822
-852
-834
-836
-829
-824
-862
-856
-820
-763
-711
-826
-1064
-1279
-1478
-1710
-1961
-2160
-2251
-2264
-2161
-1870
-1511
-868
117
1068
1627
1828
1723
1695
1827
2073
2267
2331
2255
2034
1656
1439
1339
973
344
-243
-521
-455
-414
-679
-980
-1062
-920
-784
-597
-170
327
626
844
1173
1637
1914
1712
1265
1060
1073
895
437
2
-204
-326
-557
-844
-1106
-1301
-1552
-1823
-1876
-1656
-1434
-1375
-1258
-910
-430
-24
271
581
914
1231
1477
1591
1608
1471
1174
855
574
310
47
-144
-145
-1
97
112
71
1
-64
-99
-80
-3
4
-8
70
236
285
122
-119
-293
-356
-358
-376
-376
-431
-663
-985
-1297
-1566
-1887
-2323
-2685
-2773
-2651
-2372
-2026
-1610
-696
518
1421
1801
1718
1493
1447
1528
1725
1894
1846
1609
1173
710
569
475
30
-525
-840
-746
-466
-512
-919
-1194
-1188
-931
-604
-197
475
1091
1479
1800
2090
2214
1962
1240
685
549
550
377
-16
-312
-353
-482
-812
-1201
-1506
-1619
-1610
-1422
-996
-507
-254
-155
-20
244
470
546
620
893
1307
1657
1740
1549
1197
712
246
-122
-399
-590
-640
-526
-275
-50
6
-47
-120
-69
146
449
716
832
824
786
760
585
208
-178
-375
-280
-75
-44
-145
-339
-753
-1290
-1837
-2279
-2602
-2877
-3008
-2868
-2495
-2137
-1859
-1630
-1026
170
1233
1704
1731
1557
1626
1788
1796
1760
1556
1162
653
112
-174
-198
-418
-737
-772
-481
-131
-177
-618
-844
-632
-267
32
363
956
1673
2117
2249
2165
1885
1420
795
354
301
234
-114
-590
-866
-870
-930
-1227
-1514
-1507
-1176
-739
-366
-79
127
203
245
400
626
852
1027
1259
1603
1878
1880
1547
1011
483
119
-64
-163
-235
-316
-343
-306
-338
-457
-604
-626
-461
-164
141
423
610
637
557
432
292
117
-90
-244
-253
-214
-265
-515
-860
-1147
-1388
-1689
-2007
-2249
-2459
-2601
-2646
-2682
-2692
-2569
-2325
-1876
-1416
-668
532
1530
1996
1953
1637
1536
1525
1415
1361
1326
1181
807
224
-199
-326
-479
-643
-534
-210
189
255
-44
-132
59
258
449
733
1267
1910
2214
2181
1869
1397
874
346
60
40
-75
-358
-698
-958
-1145
-1342
-1590
-1702
-1479
-1029
-489
-73
107
165
191
276
450
641
911
1259
1649
1977
2056
1900
1459
888
417
182
158
172
128
50
-11
-88
-203
-272
-253
-115
140
428
659
786
746
577
392
275
229
185
120
-1
-179
-365
-654
-984
-1295
-1548
-1714
-1845
-2059
-2315
-2594
-2782
-2914
-2932
-2745
-2430
-2087
-1608
-1211
-705
342
1326
1698
1515
1222
1104
1220
1229
1256
1226
1097
721
177
-314
-442
-469
-465
-287
19
306
348
11
-176
42
377
691
1030
1468
2001
2178
1849
1231
762
506
347
268
297
201
-103
-609
-1176
-1548
-1700
-1752
-1561
-1037
-468
-40
107
-3
-51
97
327
610
974
1403
1838
2080
2070
1854
1597
1336
1115
979
895
810
644
412
164
-10
-102
-110
9
259
537
724
713
572
485
486
484
482
502
518
440
199
-148
-449
-689
-910
-1120
-1313
-1494
-1716
-2084
-2536
-2889
-3032
-3001
-2982
-2901
-2654
-2427
-2140
-1780
-1473
-856
308
1164
1370
1261
1017
915
830
779
908
1043
978
636
116
-289
-384
-382
-362
-194
-41
116
134
-21
50
324
560
823
1206
1668
1993
1866
1321
864
617
523
441
324
222
-40
-438
-943
-1417
-1663
-1715
-1580
-1220
-782
-511
-434
-468
-533
-392
-52
264
638
1075
1456
1710
1701
1486
1332
1288
1262
1272
1202
972
729
459
183
10
-19
17
160
407
623
686
619
557
559
620
783
820
744
673
557
366
57
-305
-604
-805
-1015
-1285
-1506
-1756
-1977
-2151
-2305
-2326
-2328
-2321
-2327
-2421
-2335
-2103
-1911
-1578
-1186
-851
99
1077
1328
1096
735
536
630
768
1056
1204
1144
834
341
-183
-422
-326
-210
5
329
471
434
88
-248
-72
307
598
966
1318
1608
1600
1069
528
238
137
216
314
300
132
-292
-851
-1517
-1900
-1845
-1560
-1270
-931
-623
-514
-534
-657
-594
-135
329
707
1160
1502
1631
1535
1319
1246
1290
1379
1435
1370
1171
879
577
329
218
315
525
682
764
811
763
658
616
702
887
1074
1145
1069
892
655
355
61
-233
-410
-516
-713
-1003
-1288
-1548
-1764
-1884
-1995
-2010
-2042
-2021
-2102
-2283
-2315
-2184
-1985
-1658
-1303
-957
-414
540
1018
813
595
489
558
721
1017
1212
1280
1106
751
322
92
263
436
463
631
665
486
185
-127
-148
168
512
682
926
1142
1096
702
173
-15
58
218
293
171
4
-324
-912
-1515
-1830
-1785
-1498
-1145
-831
-621
-621
-772
-845
-753
-440
12
428
790
1117
1270
1185
1036
976
1074
1260
1410
1416
1314
1156
901
630
474
469
619
750
835
895
869
747
624
585
706
830
834
785
588
384
191
-51
-279
-413
-470
-598
-857
-1099
-1336
-1520
-1697
-1813
-1830
-1794
-1737
-1770
-1851
-1910
-1856
-1761
-1672
-1523
-1346
-1154
-833
-322
-48
-129
-263
-303
-154
125
305
480
592
584
628
567
477
607
754
710
785
882
894
795
594
497
540
532
472
395
287
262
184
11
-76
-92
-125
-218
-373
-503
-564
-652
-744
-744
-567
-304
-155
-109
-84
-36
42
128
168
268
463
594
647
621
561
520
504
490
483
481
451
411
424
459
478
442
420
515
667
826
893
912
945
993
1031
1002
948
874
769
682
581
460
303
105
-65
-193
-314
-473
-662
-811
-854
-856
-912
-971
-1003
-1031
-1064
-1138
-1181
-1115
-1092
-1149
-1264
-1354
-1388
-1427
-1501
-1486
-1446
-1392
-1310
-1326
-1271
-1058
-911
-725
-424
-314
-176
-95
-79
85
352
545
766
925
1034
1173
1178
1093
1057
1010
1010
1042
943
853
764
571
386
207
-20
-182
-308
-369
-387
-389
-411
-387
-254
-137
-54
29
133
287
447
592
682
758
857
892
895
859
790
757
739
722
642
471
315
240
264
316
334
337
401
498
547
546
505
505
546
599
624
644
631
575
513
480
456
341
178
29
-46
-103
-238
-418
-548
-612
-647
-694
-790
-875
-944
-1044
-1151
-1182
-1192
-1201
-1269
-1427
-1507
-1506
-1455
-1357
-1286
-1247
-1195
-1197
-1129
-970
-793
-565
-460
-407
-318
-247
-196
-33
131
326
545
669
788
930
1019
1045
1030
990
1024
1064
1078
1037
911
768
639
472
371
278
126
-5
-134
-229
-325
-399
-409
-338
-198
-84
-19
28
112
246
369
442
483
509
556
590
582
522
456
414
388
374
295
230
246
282
316
318
269
269
324
349
365
382
419
496
537
523
498
441
424
490
567
601
528
397
273
160
59
-64
-214
-300
-325
-387
-489
-635
-802
-941
-1034
-1130
-1223
-1274
-1334
-1455
-1581
-1681
-1712
-1548
-1400
-1269
-1126
-1080
-1071
-940
-808
-583
-300
-253
-206
-175
-187
-136
-22
68
256
431
548
698
798
839
859
796
783
844
898
978
985
873
701
528
355
275
205
98
4
-94
-192
-285
-388
-448
-416
-317
-200
-144
-112
-43
40
150
222
253
282
317
363
397
381
367
340
308
302
284
252
272
326
376
415
460
503
539
578
607
614
638
685
718
724
687
632
607
623
644
655
623
565
484
417
304
199
150
115
91
12
-125
-296
-449
-625
-794
-938
-1056
-1165
-1243
-1363
-1516
-1628
-1712
-1636
-1508
-1405
-1303
-1279
-1311
-1148
-984
-794
-568
-518
-435
-336
-310
-229
-90
-14
132
293
390
523
648
695
765
810
850
920
930
952
959
867
765
610
451
374
297
221
135
27
-103
-232
-335
-378
-344
-260
-181
-128
-114
-78
-38
-7
22
22
60
102
91
79
47
23
9
2
-8
-16
-9
44
124
203
294
376
473
574
680
727
754
768
798
809
797
796
791
803
821
818
764
697
609
531
447
357
229
152
105
35
-74
-223
-388
-523
-648
-842
-1001
-1148
-1269
-1381
-1494
-1643
-1708
-1744
-1639
-1489
-1391
-1314
-1312
-1333
-1200
-1018
-876
-627
-544
-422
-309
-285
-220
-73
37
211
389
511
670
818
917
1001
1078
1102
1175
1203
1224
1205
1085
954
848
713
657
567
445
339
193
68
-73
-171
-202
-177
-100
-52
-54
-95
-129
-131
-111
-97
-90
-53
-7
21
26
2
-37
-40
-21
21
57
64
84
101
144
209
258
349
478
554
572
555
515
500
508
493
511
558
555
583
564
475
406
326
253
209
151
66
-2
-85
-183
-277
-414
-556
-666
-793
-948
-1092
-1220
-1355
-1454
-1576
-1673
-1688
-1691
-1591
-1430
-1337
-1229
-1188
-1196
-1038
-846
-693
-439
-298
-203
-103
-112
-82
91
261
429
613
694
819
916
969
1034
1083
1100
1164
1195
1189
1189
1097
950
812
677
574
501
402
299
165
35
-104
-214
-259
-247
-215
-190
-208
-256
-300
-331
-326
-304
-269
-214
-150
-108
-79
-64
-63
-33
5
55
119
157
189
247
310
384
455
514
596
647
652
637
601
579
593
593
602
622
619
604
552
455
375
297
212
157
83
-14
-136
-275
-409
-504
-636
-745
-862
-989
-1123
-1255
-1338
-1452
-1517
-1585
-1632
-1641
-1612
-1583
-1425
-1292
-1178
-1040
-1005
-898
-698
-526
-317
-121
-45
78
133
172
319
518
647
841
955
1011
1119
1152
1158
1226
1274
1282
1307
1261
1231
1160
1056
923
794
694
621
532
419
282
126
-18
-126
-185
-199
-195
-193
-202
-254
-309
-350
-357
-322
-253
-199
-146
-108
-95
-58
-20
-13
18
91
130
199
242
260
324
418
499
578
619
638
664
662
652
664
659
643
666
691
702
684
609
503
410
293
175
36
-80
-205
-321
-460
-622
-754
-883
-995
-1119
-1252
-1379
-1475
-1547
-1605
-1683
-1715
-1729
-1733
-1651
-1581
-1461
-1318
-1226
-1134
-1046
-940
-765
-577
-390
-237
-89
44
136
260
408
608
786
936
1060
1190
1289
1357
1379
1417
1437
1469
1470
1431
1425
1341
1244
1139
1016
924
872
769
643
489
320
171
74
2
-49
-62
-100
-147
-189
-246
-291
-303
-304
-281
-253
-231
-234
-230
-223
-208
-172
-123
-61
1
51
88
122
139
206
288
361
417
448
456
445
433
426
442
472
506
511
459
390
312
203
98
-13
-133
-229
-289
-362
-464
-619
-802
-937
-1034
-1128
-1206
-1311
-1421
-1522
-1611
-1672
-1691
-1664
-1666
-1647
-1595
-1541
-1442
-1274
-1218
-1091
-982
-933
-788
-682
-569
-405
-267
-176
-2
135
287
459
581
670
789
857
926
1011
1053
1123
1146
1143
1141
1146
1163
1162
1086
982
877
825
789
744
664
537
418
310
246
214
216
225
219
194
148
97
53
46
48
55
66
41
39
35
26
23
26
40
52
94
147
192
230
260
306
365
393
421
436
458
483
511
539
570
602
609
594
554
472
390
295
196
125
28
-84
-202
-323
-450
-597
-741
-858
-947
-1012
-1120
-1223
-1325
-1411
-1477
-1494
-1539
-1533
-1505
-1497
-1430
-1338
-1269
-1161
-1050
-1007
-851
-782
-658
-509
-360
-234
-94
-14
86
244
383
537
650
734
786
877
903
964
989
1024
1035
1020
999
983
955
926
876
812
787
752
716
657
603
512
470
416
388
378
331
308
282
242
221
205
168
193
201
188
190
156
131
162
177
200
227
234
250
278
291
305
334
370
426
476
498
485
462
457
463
464
447
422
404
380
340
287
228
147
93
21
-71
-147
-258
-338
-410
-512
-611
-731
-833
-904
-961
-1048
-1128
-1222
-1292
-1344
-1392
-1432
-1468
-1452
-1435
-1426
-1395
-1326
-1277
-1162
-1067
-987
-871
-776
-685
-536
-418
-273
-118
-8
133
253
333
434
497
547
634
676
732
785
810
822
836
817
796
760
736
723
697
684
664
636
621
593
529
485
429
392
363
333
283
235
205
189
165
132
105
97
98
115
159
195
248
273
300
331
382
412
446
461
458
471
474
496
507
525
524
528
522
514
495
461
430
399
376
333
282
216
138
64
-4
-90
-180
-267
-362
-419
-485
-562
-645
-752
-812
-870
-918
-979
-1046
-1121
-1191
-1258
-1314
-1351
-1370
-1359
-1372
-1354
-1364
-1349
-1343
-1296
-1218
-1118
-977
-866
-769
-643
-540
-442
-288
-202
-64
50
125
208
298
362
445
528
571
659
692
730
779
795
811
839
840
838
812
751
731
700
676
642
574
522
485
447
410
359
308
267
216
191
173
169
173
190
187
193
211
214
247
290
335
377
411
413
417
420
434
427
440
458
468
473
476
471
472
463
431
408
379
359
315
265
215
173
138
100
46
-26
-93
-156
-214
-268
-317
-374
-410
-445
-494
-536
-595
-665
-716
-770
-808
-825
-868
-858
-872
-902
-918
-934
-955
-925
-899
-903
-847
-818
-777
-705
-644
-572
-488
-456
-383
-318
-269
-178
-118
-50
19
86
180
265
319
360
419
468
522
572
614
663
708
724
720
704
699
703
685
649
590
537
484
439
396
355
331
285
241
218
162
110
93
81
112
156
177
207
207
213
232
229
242
274
291
327
347
350
368
364
362
368
373
380
382
357
343
347
330
342
326
313
318
286
236
183
118
70
42
-19
-76
-154
-218
-286
-366
-430
-489
-552
-594
-638
-673
-701
-751
-785
-818
-860
-884
-887
-887
-865
-860
-864
-883
-907
-895
-879
-850
-812
-780
-766
-739
-731
-712
-677
-672
-622
-584
-538
-458
-408
-355
-280
-229
-145
-52
21
92
131
175
242
297
347
396
429
485
501
509
519
509
510
529
545
543
531
525
525
521
541
545
528
538
533
525
538
519
513
514
494
513
512
489
488
462
450
460
451
444
442
420
429
440
435
429
410
404
420
402
398
389
357
339
293
243
213
164
125
100
32
-20
-78
-142
-200
-255
-294
-327
-361
-404
-419
-438
-464
-495
-518
-544
-557
-552
-560
-549
-568
-581
-575
-582
-595
-586
-590
-601
-592
-606
-607
-609
-609
-586
-572
-557
-510
-487
-469
-431
-400
-357
-288
-244
-192
-144
-123
-92
-61
-50
-10
18
38
79
98
124
130
133
138
158
168
198
201
198
211
217
240
254
258
288
319
341
374
361
366
371
379
404
418
429
455
460
458
462
440
432
427
417
416
436
435
436
427
391
381
351
339
324
295
283
284
257
254
243
213
194
143
114
95
55
13
-13
-36
-49
-74
-117
-156
-180
-210
-224
-226
-226
-241
-251
-258
-268
-261
-266
-282
-302
-305
-299
-295
-301
-308
-324
-323
-319
-299
-260
-241
-233
-218
-199
-183
-165
-153
-134
-113
-92
-51
-22
7
36
46
66
86
87
96
86
77
82
72
62
54
49
53
60
20
-18
-57
-83
-74
-71
-85
-81
-99
-97
-79
-77
-69
-75
-81
-72
-56
-39
-17
1
22
37
51
59
66
85
99
102
115
131
140
155
156
155
164
169
170
188
185
194
187
175
161
133
109
76
58
56
47
7
-12
-38
-42
-53
-76
-106
-120
-120
-117
-105
-109
-106
-113
-114
-129
-135
-132
-135
-127
-114
-103
-76
-58
-65
-62
-81
-96
-113
-123
-101
-90
-84
-75
-62
-50
-31
-9
18
45
53
80
92
106
129
153
183
203
220
219
223
215
207
198
190
176
178
176
158
134
80
54
24
2
-22
-53
-76
-92
-103
-107
-126
-149
-139
-133
-109
-106
-105
-102
-103
-85
-90
-104
-99
-102
-97
-84
-72
-58
-53
-53
-43
-35
-39
-41
-47
-46
-48
-56
-48
-50
-45
-36
-42
-48
-65
-85
-89
-113
-121
-116
-120
-103
-110
-122
-137
-152
-158
-159
-135
-109
-89
-93
-87
-76
-61
-49
-38
-24
-5
15
43
63
65
72
83
93
124
140
158
184
187
200
208
204
209
218
226
240
256
256
261
274
295
313
314
316
301
297
315
327
332
337
329
340
320
281
234
183
147
131
112
92
64
30
19
-5
-31
-48
-72
-88
-92
-112
-119
-133
-142
-136
-143
-145
-146
-143
-146
-142
-152
-165
-172
-181
-179
-194
-206
-214
-233
-243
-259
-283
-297
-319
-322
-322
-323
-317
-324
-317
-309
-312
-320
-340
-342
-338
-341
-337
-331
-315
-303
-295
-287
-270
-261
-239
-230
-215
-188
-175
-158
-136
-119
-88
-65
-45
-21
-10
25
46
85
118
133
153
163
177
194
219
237
260
265
281
299
312
321
318
335
354
368
400
420
425
435
428
436
439
420
416
424
426
426
405
386
377
355
341
302
260
233
206
193
179
164
153
144
132
124
106
104
98
91
87
77
80
66
53
49
32
9
-20
-43
-63
-84
-115
-144
-176
-204
-228
-266
-288
-304
-325
-346
-373
-402
-425
-433
-442
-444
-448
-452
-454
-456
-454
-463
-462
-453
-443
-418
-394
-386
-370
-349
-335
-328
-326
-318
-301
-272
-241
-217
-195
-173
-150
-116
-79
-45
-3
33
75
120
152
173
207
238
259
278
295
310
333
346
345
355
352
354
365
377
384
387
388
392
397
406
411
403
402
396
373
356
336
311
286
253
233
212
195
182
166
150
129
116
114
104
94
86
70
61
57
46
38
27
12
6
2
-7
-13
-26
-37
-50
-65
-76
-84
-95
-114
-135
-154
-178
-202
-229
-244
-269
-294
-311
-325
-334
-348
-367
-389
-397
-400
-404
-413
-419
-426
-438
-434
-438
-441
-440
-439
-430
-411
-398
-389
-377
-366
-345
-323
-289
-249
-202
-165
-123
-82
-37
6
44
90
128
162
192
217
255
280
292
311
324
350
364
381
394
398
395
401
407
409
417
423
433
439
439
428
407
382
366
349
329
315
289
260
230
206
192
179
169
148
113
83
54
29
8
2
-3
-11
-27
-37
-46
-58
-59
-71
-81
-82
-89
-95
-87
-80
-77
-79
-83
-78
-83
-90
-93
-102
-106
-101
-104
-102
-96
-86
-88
-89
-91
-104
-120
-126
-122
-123
-120
-133
-142
-149
-158
-160
-168
-169
-184
-204
-207
-211
-203
-200
-206
-203
-202
-197
-185
-178
-167
-153
-139
-121
-109
-89
-73
-61
-43
-15
10
37
59
73
88
102
128
156
176
190
188
182
180
187
209
224
236
238
228
229
228
230
229
225
223
223
224
225
216
201
190
174
161
143
131
124
124
122
98
81
67
43
28
17
-3
-10
-5
-7
-12
-19
-31
-40
-43
-51
-67
-82
-95
-95
-90
-94
-99
-88
-91
-81
-75
-93
-95
-102
-110
-112
-103
-96
-89
-94
-91
-86
-101
-109
-157
-222
-219
-151
-100
-122
-182
-213
-264
-305
-257
-171
-127
-167
-241
-289
-282
-238
-203
-164
-127
-143
-209
-244
-243
-206
-154
-111
-60
-48
-66
-93
-106
-82
-28
37
74
82
83
68
60
80
110
169
229
259
253
229
205
218
252
289
339
359
341
313
290
282
292
323
340
334
325
288
239
202
187
203
221
220
202
167
118
85
79
84
102
93
47
5
-16
-39
-70
-75
-72
-77
-105
-143
-168
-194
-215
-220
-202
-186
-195
-220
-243
-259
-277
-282
-273
-265
-262
-262
-271
-290
-299
-278
-257
-240
-225
-232
-240
-256
-255
-221
-190
-164
-152
-136
-122
-118
-111
-93
-60
-39
-33
-16
2
8
26
50
68
89
101
126
148
146
156
174
200
206
195
213
232
241
230
227
252
272
270
247
258
288
281
243
227
267
281
245
224
238
252
234
221
240
242
230
212
189
173
162
147
125
96
88
90
63
29
16
17
11
-23
-55
-67
-81
-109
-134
-115
-104
-126
-151
-160
-152
-166
-187
-178
-167
-203
-240
-225
-210
-216
-230
-236
-225
-240
-259
-240
-216
-236
-264
-244
-217
-206
-223
-227
-179
-136
-143
-149
-122
-103
-119
-126
-77
-25
-14
-28
-29
-23
-17
0
19
22
50
74
71
67
79
114
113
106
126
139
147
136
132
131
131
153
165
176
188
188
191
180
187
198
203
212
208
215
210
202
215
206
193
181
158
145
142
127
110
88
83
85
69
69
56
22
0
-4
1
-14
-28
-47
-94
-119
-110
-91
-83
-95
-107
-133
-141
-135
-137
-123
-102
-97
-133
-165
-155
-149
-153
-143
-129
-128
-134
-144
-164
-174
-143
-125
-150
-156
-132
-127
-164
-182
-150
-140
-165
-163
-151
-164
-181
-176
-161
-153
-151
-145
-132
-127
-115
-95
-85
-75
-77
-81
-67
-51
-42
-48
-43
-27
-17
-5
16
25
30
41
46
57
83
115
138
138
141
152
161
166
192
215
214
197
194
208
208
221
245
247
236
226
223
216
202
206
206
203
194
172
177
160
149
148
122
117
122
109
84
74
79
84
79
55
49
50
18
2
8
6
-16
-63
-86
-84
-93
-103
-107
-124
-136
-144
-165
-168
-164
-157
-166
-191
-191
-182
-187
-199
-204
-199
-200
-223
-226
-206
-201
-209
-213
-209
-207
-213
-219
-213
-205
-204
-197
-177
-169
-166
-154
-150
-150
-155
-155
-115
-74
-73
-63
-48
-50
-50
-31
19
50
55
69
90
102
93
116
144
169
192
193
199
193
194
218
235
259
284
282
269
261
271
298
309
317
335
336
309
294
296
306
309
314
316
298
253
202
183
172
171
159
143
136
103
54
28
26
31
13
-4
-8
-46
-110
-143
-131
-112
-115
-117
-113
-135
-188
-224
-208
-179
-160
-157
-168
-199
-246
-281
-283
-260
-243
-232
-238
-277
-329
-357
-354
-344
-329
-293
-269
-287
-314
-309
-286
-254
-212
-181
-163
-161
-177
-191
-189
-147
-98
-65
-33
-18
-13
-17
-4
37
86
138
158
138
101
97
114
134
173
224
263
277
261
235
234
250
281
326
366
371
344
301
274
286
313
340
341
312
283
240
205
205
221
238
224
214
189
139
114
123
145
164
152
121
80
41
-2
-34
-29
-13
-11
-25
-48
-66
-95
-130
-133
-111
-88
-89
-110
-130
-158
-179
-191
-202
-196
-188
-195
-216
-218
-217
-227
-228
-224
-222
-234
-241
-242
-243
-235
-229
-222
-230
-227
-214
-210
-226
-236
-220
-200
-185
-179
-161
-151
-152
-146
-125
-103
-93
-83
-69
-70
-73
-73
-70
-60
-33
4
22
44
54
64
83
108
142
171
190
195
191
203
212
224
249
256
243
241
247
242
253
273
285
274
246
230
228
238
257
268
247
214
180
154
158
164
161
150
126
100
79
75
90
94
87
71
56
43
14
-11
-25
-49
-70
-93
-98
-102
-116
-122
-131
-143
-152
-155
-160
-170
-170
-178
-197
-196
-193
-195
-196
-188
-190
-210
-207
-189
-188
-195
-183
-186
-208
-207
-190
-175
-169
-181
-195
-209
-204
-181
-164
-145
-134
-138
-153
-159
-161
-154
-113
-68
-45
-43
-54
-76
-89
-95
-72
-27
5
22
30
25
19
32
52
91
129
152
148
126
102
89
111
160
200
213
218
212
203
208
229
268
292
299
278
246
219
206
213
228
249
252
229
192
159
138
137
154
177
180
145
94
53
24
13
19
42
61
50
26
-6
-43
-67
-67
-44
-18
-10
-25
-53
-83
-82
-73
-58
-28
-25
-49
-87
-104
-124
-142
-127
-106
-97
-108
-116
-121
-130
-125
-93
-73
-76
-91
-119
-133
-125
-107
-88
-89
-101
-98
-107
-108
-100
-85
-86
-85
-67
-64
-83
-100
-97
-111
-117
-96
-66
-52
-46
-38
-38
-38
-19
7
27
49
60
48
45
55
72
97
133
152
151
147
147
151
156
161
177
176
169
175
168
184
202
218
223
223
221
208
203
191
181
171
167
173
169
152
133
114
92
81
87
92
95
88
64
35
0
-21
-29
-41
-58
-71
-87
-103
-118
-120
-121
-129
-143
-155
-168
-180
-192
-207
-207
-210
-219
-214
-217
-235
-239
-237
-237
-232
-221
-221
-225
-230
-238
-233
-218
-200
-166
-141
-134
-136
-148
-141
-140
-126
-98
-85
-88
-99
-99
-94
-80
-63
-37
-14
-11
-8
-2
14
28
25
22
18
14
24
46
64
74
86
100
102
99
102
118
131
140
161
174
173
167
156
156
166
175
184
191
188
172
156
154
141
121
122
123
118
121
126
123
120
101
83
84
97
91
71
56
27
-4
-19
-14
-12
-15
-25
-46
-73
-85
-87
-94
-94
-97
-123
-156
-168
-180
-184
-176
-160
-148
-161
-166
-167
-177
-175
-173
-169
-164
-153
-147
-144
-136
-142
-159
-161
-144
-124
-107
-95
-89
-104
-123
-126
-105
-82
-68
-68
-74
-79
-82
-53
-16
12
26
35
33
25
27
41
65
84
101
106
104
106
111
124
147
179
193
194
191
183
175
180
191
197
204
205
200
198
200
201
201
196
203
212
214
209
202
196
187
179
181
198
200
189
170
146
123
105
102
111
113
98
72
47
26
11
22
39
51
45
21
1
-18
-34
-40
-33
-25
-24
-39
-64
-83
-92
-98
-103
-96
-102
-117
-129
-142
-145
-142
-136
-132
-130
-144
-161
-180
-180
-183
-192
-182
-172
-163
-160
-161
-168
-175
-169
-156
-131
-113
-111
-123
-130
-137
-139
-121
-93
-81
-85
-88
-85
-80
-62
-33
-9
3
-2
-15
-24
-20
-7
14
36
49
36
27
36
49
65
85
117
129
120
115
106
96
103
119
135
148
158
158
150
130
114
116
127
144
154
152
143
124
100
94
99
103
107
116
112
97
69
52
54
64
70
68
61
42
20
-8
-7
-4
-4
-8
-11
-20
-45
-71
-92
-106
-111
-104
-93
-87
-98
-118
-137
-157
-174
-179
-175
-166
-158
-161
-168
-179
-178
-176
-174
-170
-167
-169
-170
-168
-162
-150
-146
-140
-132
-128
-122
-111
-96
-82
-78
-73
-68
-64
-56
-45
-32
-20
-6
7
14
18
21
28
42
60
77
83
90
86
78
74
86
109
124
134
138
135
121
114
109
118
132
142
145
137
124
107
94
93
108
121
129
124
108
92
78
69
73
78
87
92
90
84
66
50
35
32
30
34
39
37
27
13
3
1
-2
-3
4
6
-1
-14
-17
-16
-17
-21
-23
-27
-36
-43
-42
-35
-30
-32
-34
-37
-45
-54
-51
-45
-46
-49
-45
-42
-49
-56
-56
-48
-41
-29
-24
-21
-23
-35
-42
-38
-34
-31
-22
-15
-7
2
11
13
11
8
20
33
39
48
53
51
51
54
62
65
62
63
58
53
55
66
72
73
67
54
42
39
49
65
71
68
59
51
54
59
62
61
62
58
52
44
41
38
37
33
28
33
34
24
13
4
0
0
0
-1
0
1
0
-8
-12
-16
-27
-35
-39
-43
-45
-45
-43
-47
-49
-50
-50
-51
-57
-57
-59
-62
-61
-57
-59
-68
-81
-86
-88
-91
-92
-92
-88
-89
-97
-97
-94
-93
-88
-89
-96
-102
-105
-103
-92
-81
-69
-62
-55
-52
-51
-45
-39
-28
-17
-6
1
6
15
21
26
38
53
64
65
63
65
68
77
88
99
101
104
104
104
100
98
98
97
98
96
90
83
75
62
54
47
42
39
39
36
33
27
23
17
17
19
16
11
-2
-18
-27
-31
-32
-30
-30
-31
-36
-41
-45
-50
-53
-55
-55
-51
-49
-44
-42
-42
-44
-45
-42
-43
-39
-34
-33
-33
-36
-36
-37
-41
-40
-42
-47
-55
-61
-61
-60
-62
-60
-59
-57
-52
-41
-28
-24
-23
-22
-20
-19
-19
-16
-11
-4
-1
-1
-4
-6
-10
-8
-2
6
13
20
30
32
31
31
38
39
38
42
49
53
50
45
40
44
52
64
75
76
71
64
61
57
57
59
65
70
72
73
66
57
51
47
46
47
51
51
47
40
32
25
23
25
23
21
17
9
4
-1
-5
-3
2
2
-1
-5
-5
-5
-10
-15
-14
-10
-7
-5
-2
2
4
6
7
2
-5
-7
-4
-2
3
12
17
14
7
-1
-9
-12
-13
-8
-1
0
-5
-11
-20
-26
-27
-25
-22
-25
-29
-32
-37
-43
-46
-44
-39
-39
-41
-44
-50
-58
-60
-59
-54
-54
-55
-55
-54
-52
-47
-43
-40
-36
-31
-28
-24
-20
-11
-1
4
6
5
6
5
5
13
26
38
45
48
47
46
47
49
51
58
66
73
74
72
67
66
65
64
64
67
69
66
61
57
55
50
48
50
51
48
42
33
22
14
15
19
20
17
10
0
-8
-16
-19
-21
-25
-29
-31
-33
-37
-43
-47
-52
-55
-58
-60
-61
-59
-56
-54
-49
-47
-46
-44
-45
-45
-43
-40
-37
-35
-34
-32
-31
-34
-34
-31
-25
-19
-14
-12
-11
-11
-9
-5
-2
1
6
10
12
10
6
3
2
7
15
23
27
23
19
16
16
18
21
25
26
25
25
24
22
18
15
16
16
18
20
20
18
18
21
22
22
21
21
20
20
20
19
17
17
14
13
12
12
14
15
15
16
14
13
11
12
14
13
9
5
4
4
3
-3
-9
-15
-16
-12
-5
-5
-9
-17
-25
-28
-28
-23
-22
-23
-28
-32
-36
-38
-41
-39
-38
-37
-37
-38
-39
-42
-41
-37
-34
-33
-32
-34
-33
-32
-29
-25
-22
-23
-23
-22
-19
-15
-12
-6
-2
-1
0
2
7
11
14
17
19
22
23
24
25
24
25
23
24
29
34
36
33
25
21
19
22
26
29
29
25
19
15
15
18
22
24
26
26
24
21
17
15
15
16
16
14
11
8
6
7
7
5
1
-2
-4
-2
2
4
1
-3
-10
-14
-14
-14
-11
-10
-11
-14
-18
-22
-23
-23
-21
-21
-21
-22
-21
-22
-21
-22
-25
-26
-26
-25
-22
-19
-20
-24
-27
-28
-24
-19
-14
-8
-6
-7
-12
-16
-17
-14
-11
-6
-2
1
1
-1
-1
0
4
7
9
10
10
13
15
18
19
17
16
15
18
22
27
28
26
24
22
22
23
26
30
30
32
29
26
23
21
22
25
26
26
24
23
20
17
13
10
7
5
5
6
4
0
-6
-12
-18
-19
-19
-16
-12
-13
-17
-24
-31
-35
-34
-32
-32
-32
-36
-41
-42
-42
-39
-37
-37
-38
-38
-37
-35
