SAMPLES:	7970
BITSPERSAMPLE:	16
CHANNELS:	1
SAMPLERATE:	16000
NORMALIZED:	FALSE
1
0
2
0
0
1
1
0
1
1
0
-2
-2
-3
-4
-2
-4
-6
-3
-4
-5
-3
-5
-6
-4
-5
-5
-3
-4
-4
-4
-3
-5
-4
-4
-5
-6
-2
-4
-4
-1
-2
-3
-3
-2
-5
-3
-3
-4
-3
-3
-3
-2
0
-1
-2
0
-2
-2
1
0
-1
1
0
-2
0
1
0
1
2
3
2
4
2
2
5
3
4
6
6
4
5
6
3
4
5
3
3
4
3
5
5
4
5
6
6
6
7
7
7
7
8
7
8
6
4
5
4
3
5
5
5
5
5
4
1
4
3
3
3
0
1
2
2
3
4
2
1
2
1
-1
2
3
-1
0
1
0
1
0
1
0
1
-1
-1
1
-2
-3
-1
-2
-2
-2
-2
-3
-1
0
-2
-2
-1
-2
-1
1
1
-1
0
-1
-2
0
1
0
0
0
-2
0
0
-2
-1
0
-2
-2
0
-2
-3
-1
-2
-3
-1
-2
-2
-1
0
-2
-2
-1
-2
-2
-2
-1
0
0
0
-2
1
0
-1
2
1
0
3
2
0
0
0
0
0
0
-1
-1
0
0
-1
0
-2
0
1
-1
0
-1
-1
-1
0
0
0
0
0
0
0
2
0
0
0
0
-1
0
1
1
1
1
0
0
1
2
1
0
1
1
2
1
2
3
2
2
3
4
4
5
6
6
5
5
5
6
5
5
4
6
5
5
5
4
5
3
2
2
2
0
-2
0
-2
-4
-2
-3
-4
-4
-4
-4
-5
-5
-5
-5
-5
-5
-6
-4
-3
-4
-4
-3
-3
-3
-2
-2
-2
-1
-2
-1
-1
-2
-1
0
-2
-3
0
-1
0
0
-1
-2
-1
-1
-2
-2
-1
-2
-3
0
0
0
0
0
-1
0
0
0
1
1
0
-1
1
-1
-2
-1
-1
-1
0
-1
-3
-2
-2
-3
-3
-4
-3
-4
-4
-4
-6
-6
-7
-7
-6
-7
-8
-5
-4
-4
-3
-1
-3
-3
-1
0
-1
1
1
-1
3
2
-1
-1
0
-2
-3
-1
-1
-1
-3
-1
-2
-4
-1
-1
-1
-2
-5
-5
-5
-3
0
-1
1
2
1
3
4
5
8
10
9
8
7
6
8
7
6
6
6
7
4
9
8
3
5
6
7
7
8
11
10
10
13
13
17
17
14
13
9
9
14
7
-1
-2
-2
-10
-11
-5
-13
-9
-6
-11
-7
-2
0
2
-2
-6
-8
-9
-10
-18
-27
-28
-25
-29
-37
-41
-39
-36
-37
-32
-26
-24
-22
-20
-22
-28
-36
-34
-43
-52
-54
-63
-61
-60
-50
-42
-40
-35
-32
-22
-11
-1
10
16
9
7
12
17
6
14
15
3
5
0
-8
-11
-6
-9
-9
1
11
19
21
29
35
29
25
24
20
28
21
8
5
-9
-13
-25
-37
-42
-39
-38
-39
-29
-15
-12
-13
-8
-10
-6
-10
-10
-22
-30
-34
-39
-37
-36
-30
-18
-7
-12
1
13
25
35
33
27
36
42
46
41
32
32
23
19
11
20
18
16
29
24
29
31
48
47
58
58
52
47
34
26
10
10
0
11
13
11
15
16
23
25
22
27
20
15
7
1
1
-14
-14
-14
-13
-7
-6
-20
-17
-12
-14
-16
-6
10
12
14
15
8
11
17
18
25
26
23
19
17
14
-8
-24
-24
-40
-44
-46
-43
-31
-25
-27
-20
-15
-15
-15
-19
-15
-2
11
25
36
31
39
49
64
83
103
135
168
219
320
445
642
782
819
705
384
157
-48
-34
-17
-37
-114
-324
-392
-477
-316
-226
-106
0
-44
22
-99
-129
-278
-341
-243
-138
41
73
61
-22
-31
191
293
317
93
-116
-237
-349
-196
-327
-376
-414
-376
-329
-453
-477
-574
-508
-458
-486
-594
-667
-730
-628
-516
-418
-315
-262
-102
-33
82
91
97
121
92
148
183
239
274
299
332
344
404
410
496
497
468
431
382
388
364
448
402
375
351
354
439
405
437
426
381
331
267
311
278
208
138
78
107
102
122
78
105
30
6
27
-8
11
-69
-120
-233
-242
-281
-160
-195
-243
-294
-466
-364
-604
-550
-597
-750
-740
-1002
-1024
-1157
-1274
-1307
-1375
-1457
-1476
-1511
-1543
-1281
-927
-632
-327
-417
-366
-170
-125
372
469
656
726
662
972
1190
1494
1673
1704
1548
1641
1567
1593
1700
1363
1224
965
761
850
797
713
508
129
-80
-217
-318
-311
-439
-680
-712
-829
-681
-409
-352
-125
-118
-74
158
377
651
884
918
942
1033
1039
1277
1320
1273
1332
1160
1279
1338
1270
1270
1027
829
604
430
272
85
-154
-451
-569
-817
-776
-894
-955
-1010
-1307
-1306
-1409
-1366
-1419
-1419
-1579
-1553
-1516
-1385
-1235
-1357
-1213
-1434
-1354
-1401
-1357
-1477
-1554
-1716
-1921
-1932
-2129
-1680
-1280
-921
-564
-561
-619
-333
-299
240
319
326
517
250
710
991
1328
1674
1906
1848
2056
2183
2123
2328
1900
1670
1327
1068
1222
1124
1090
905
512
291
227
0
-79
-332
-838
-1007
-1210
-1166
-925
-915
-815
-881
-905
-640
-481
-281
-96
-142
-82
163
288
673
939
997
1229
1276
1508
1746
1806
1857
1762
1586
1560
1503
1410
1434
1136
878
778
506
547
350
77
-57
-428
-436
-658
-718
-868
-1085
-1228
-1402
-1321
-1477
-1295
-1536
-1458
-1471
-1479
-1248
-1378
-1169
-1378
-1388
-1471
-1448
-1512
-1492
-1759
-2026
-2184
-2405
-2124
-1992
-1211
-1281
-781
-914
-720
-266
-244
571
-10
578
252
486
1060
1267
1925
1935
2452
2344
2911
2911
2965
2776
2141
2035
1406
1565
1429
1243
1092
753
584
443
453
57
-247
-870
-1366
-1616
-1859
-1656
-1806
-1757
-1691
-1665
-1281
-939
-623
-537
-438
-546
-352
-95
127
530
597
979
1295
1688
2264
2418
2536
2510
2295
2206
2069
1950
1780
1539
1306
1194
1122
1084
964
610
371
1
-259
-407
-728
-979
-1317
-1580
-1723
-1759
-1746
-1829
-1930
-2070
-2028
-2050
-1900
-1892
-1909
-1794
-1953
-1842
-1893
-1860
-1839
-2144
-2188
-2525
-2539
-2376
-2117
-1403
-1346
-774
-620
-465
209
203
862
568
683
657
567
1170
1326
1931
2051
2569
2724
3134
3437
3252
3203
2502
2191
1635
1389
1270
940
765
509
459
392
495
227
-119
-639
-1252
-1555
-1942
-2008
-2201
-2296
-2187
-1999
-1538
-1029
-559
-384
-174
-196
-91
35
28
185
116
366
686
1240
1813
2251
2530
2657
2728
2618
2587
2229
1990
1593
1306
1210
1099
1251
1155
1150
982
851
700
394
87
-472
-886
-1342
-1574
-1684
-1804
-1796
-1912
-1790
-1795
-1653
-1700
-1672
-1841
-2003
-2126
-2460
-2396
-2763
-2572
-2948
-2729
-2856
-2690
-2292
-2147
-1162
-1532
-486
-784
-284
313
131
1140
421
1230
917
1270
1831
1931
2598
2437
3179
2941
3642
3567
3480
3400
2610
2592
1814
1781
1347
996
642
313
129
-85
-16
-500
-672
-1344
-1736
-2047
-2422
-2500
-2893
-2964
-2989
-2745
-2421
-1894
-1576
-1342
-979
-992
-604
-526
-397
-247
-284
63
337
893
1427
1920
2233
2636
2809
2945
3055
2756
2679
2234
2075
1851
1730
1712
1532
1473
1304
1301
1051
978
572
156
-257
-798
-1020
-1499
-1597
-1934
-2035
-2111
-2126
-2022
-2082
-1854
-2091
-1941
-2232
-2427
-2504
-2922
-2793
-3241
-3178
-3101
-3120
-2409
-1928
-1428
-824
-527
-155
319
562
1125
940
1054
1164
1004
1555
1870
2247
2559
3024
3217
3694
4001
3988
3972
3315
3062
2393
1897
1664
1027
619
308
-5
-67
-10
-242
-376
-894
-1298
-1641
-2131
-2302
-2711
-3104
-3211
-3149
-2978
-2386
-1972
-1652
-1185
-1026
-595
-352
-243
-37
-224
-106
142
349
947
1371
1778
2265
2650
3062
3306
3398
3262
3017
2640
2359
2071
1722
1637
1330
1250
1261
1126
1195
981
741
379
-149
-535
-1095
-1576
-2008
-2385
-2691
-2698
-2754
-2702
-2496
-2480
-2286
-2387
-2392
-2666
-2793
-3287
-3419
-3796
-3931
-3591
-3582
-2364
-2377
-1205
-968
-448
467
519
1592
1002
1588
1017
1141
1432
1415
2253
2072
3064
3093
3836
4261
4363
4497
3925
3728
2890
2621
1877
1392
714
246
46
-259
-12
-311
-291
-700
-945
-1319
-1719
-1981
-2590
-2903
-3369
-3337
-3309
-2904
-2452
-2157
-1620
-1275
-750
-367
-27
55
52
112
247
500
773
1181
1416
1872
2326
2695
3153
3340
3398
3220
3058
2752
2475
2136
1788
1472
1121
1135
909
902
833
546
420
49
-239
-750
-1205
-1761
-2267
-2596
-2951
-2993
-3098
-2988
-2807
-2667
-2500
-2434
-2658
-2638
-3103
-3276
-3478
-3801
-3550
-3325
-2805
-2377
-1529
-1153
-129
459
1172
1717
1490
1965
1477
1649
1744
1804
2071
2347
2879
3250
4038
4270
4775
4587
4381
4135
3306
3008
2092
1336
600
97
-315
-423
-486
-698
-649
-1031
-967
-1383
-1718
-2013
-2728
-3035
-3441
-3589
-3566
-3275
-3053
-2654
-2130
-1650
-944
-587
-162
-31
-39
230
360
536
833
950
1192
1671
2034
2584
2927
3175
3307
3236
3211
3071
2743
2421
1987
1524
1354
1128
949
818
585
412
190
-22
-226
-629
-1061
-1552
-2081
-2393
-2741
-2881
-3127
-3152
-3118
-3163
-2866
-2957
-2828
-3098
-3196
-3364
-3453
-3388
-3112
-2946
-2706
-2034
-1900
-800
-329
592
1093
1273
1851
1634
2114
2055
2274
2172
2378
2721
2883
3686
3742
4258
4199
4220
4198
3786
3640
2973
2235
1450
879
269
42
-339
-724
-945
-1278
-1268
-1478
-1628
-1941
-2421
-2858
-3133
-3330
-3463
-3339
-3404
-3177
-2839
-2441
-1779
-1280
-794
-438
-222
185
541
793
1119
1211
1337
1665
1909
2333
2665
2892
3113
3255
3368
3462
3331
3065
2793
2264
2035
1686
1306
1062
615
398
152
-52
-220
-523
-876
-1222
-1642
-1993
-2328
-2658
-2941
-3163
-3194
-3368
-3280
-3378
-3416
-3482
-3666
-3503
-3626
-3156
-3024
-2835
-2398
-2233
-1441
-1020
-130
294
530
987
960
1402
1519
1854
1936
2094
2408
2715
3256
3577
3999
3953
4011
3930
3729
3583
3153
2630
1950
1464
967
689
333
17
-350
-779
-869
-1192
-1349
-1616
-2044
-2442
-2825
-3005
-3113
-3096
-3140
-3093
-2946
-2596
-2060
-1653
-1227
-926
-667
-271
131
511
822
1045
1178
1452
1708
2034
2352
2409
2661
2664
2884
3071
3075
3077
2792
2595
2300
2134
1776
1422
965
507
245
-140
-213
-527
-801
-1094
-1397
-1586
-1833
-1975
-2381
-2624
-2993
-3187
-3306
-3508
-3574
-3706
-3855
-3601
-3527
-3009
-2696
-2584
-1945
-2061
-1179
-897
-287
123
71
703
498
1237
1306
1743
1978
2083
2746
2805
3629
3670
3987
3949
3776
3811
3444
3376
2831
2434
1799
1501
1133
904
702
225
-15
-495
-565
-890
-1122
-1506
-1981
-2321
-2697
-2703
-2930
-2793
-2922
-2889
-2629
-2435
-1882
-1657
-1312
-1154
-965
-629
-278
84
321
609
767
1128
1435
1774
2047
2166
2274
2358
2436
2548
2592
2441
2420
2156
2130
2008
1749
1538
1069
816
449
197
-148
-513
-853
-1192
-1333
-1574
-1680
-1805
-2184
-2248
-2664
-2846
-3018
-3473
-3339
-3963
-3745
-3773
-3399
-2956
-2817
-2077
-2216
-1341
-1099
-383
-126
-156
384
0
612
645
1108
1280
1536
2078
2277
3161
3300
3935
3737
3856
3766
3401
3527
2878
2588
1862
1599
1153
1000
881
566
436
-29
79
-346
-434
-747
-1257
-1648
-2153
-2328
-2664
-2616
-2821
-2771
-2714
-2434
-1962
-1732
-1244
-1137
-901
-678
-345
-121
80
289
359
754
918
1459
1670
1861
2180
2136
2483
2547
2611
2527
2370
2209
2055
2011
1766
1613
1218
1028
804
513
376
-32
-365
-718
-1021
-1258
-1415
-1672
-1967
-2093
-2538
-2573
-2888
-3158
-3272
-3837
-3595
-3803
-3270
-3073
-2754
-2251
-2284
-1352
-1287
-330
-353
-193
140
-241
499
355
968
1021
1371
1846
2177
3001
3143
3800
3518
3768
3567
3341
3417
2785
2531
1811
1565
1140
1072
876
674
487
92
232
-222
-223
-633
-1077
-1458
-1946
-2090
-2387
-2323
-2607
-2547
-2549
-2310
-1861
-1667
-1237
-1221
-964
-734
-418
-143
39
191
240
548
681
1117
1329
1507
1704
1779
2042
2175
2276
2222
2118
1900
1847
1721
1529
1324
948
742
498
347
238
3
-266
-568
-845
-992
-1251
-1399
-1909
-2076
-2523
-2732
-2772
-3412
-3017
-3787
-3343
-3198
-3043
-2336
-2451
-1684
-1918
-1200
-831
-384
-106
-139
294
-121
634
665
1027
1428
1547
2187
2398
3122
3335
3734
3506
3678
3388
3154
3275
2484
2333
1628
1402
1121
959
897
622
403
97
206
-308
-251
-657
-1191
-1401
-1958
-1960
-2230
-2269
-2411
-2433
-2380
-2041
-1649
-1530
-1072
-1151
-877
-546
-373
-11
-1
162
252
399
620
931
1056
1169
1419
1363
1710
1780
1810
1909
1598
1667
1500
1421
1305
955
711
429
328
90
136
-190
-287
-470
-681
-689
-1062
-1130
-1733
-1853
-2382
-2610
-2710
-3202
-3012
-3336
-2843
-2737
-2490
-1828
-1903
-1262
-1080
-558
-381
-310
-74
-325
5
-40
444
504
905
1385
1672
2398
2704
3263
3311
3511
3459
3278
3209
2808
2548
1926
1724
1321
1077
1035
800
716
421
447
200
79
-194
-533
-914
-1392
-1547
-1963
-2106
-2302
-2415
-2407
-2335
-2019
-1855
-1529
-1346
-1129
-937
-657
-408
-302
-115
-63
118
260
441
673
723
953
1043
1167
1408
1397
1587
1454
1485
1423
1289
1278
1000
854
526
421
172
50
-32
-341
-283
-546
-413
-604
-797
-909
-1392
-1486
-1980
-2132
-2480
-2786
-2833
-2719
-2636
-2334
-1902
-1676
-1120
-816
-185
-136
3
100
-156
-79
-212
43
-71
271
600
984
1667
2064
2809
2942
3324
3433
3303
3248
2931
2530
1963
1674
1190
1004
801
705
643
469
667
563
512
378
135
-279
-655
-993
-1421
-1672
-2044
-2123
-2284
-2228
-1930
-1834
-1555
-1322
-1131
-879
-630
-418
-328
-267
-228
-129
-60
67
258
261
439
593
711
941
977
1077
1055
1049
1063
943
830
667
430
152
40
-179
-310
-370
-485
-518
-509
-517
-532
-738
-1000
-1146
-1606
-1780
-1915
-2281
-2242
-2161
-2097
-1780
-1552
-1128
-699
-388
235
287
335
471
254
167
136
70
-2
173
290
688
1049
1404
2108
2228
2560
2848
2753
2825
2694
2323
1969
1618
1252
1119
745
680
607
368
633
615
581
638
495
253
43
-259
-537
-815
-1266
-1380
-1683
-1826
-1621
-1627
-1468
-1275
-1140
-908
-657
-513
-284
-301
-290
-216
-301
-225
-137
-185
-149
2
-21
242
260
407
516
399
593
466
407
278
76
-178
-364
-513
-708
-695
-875
-773
-796
-811
-592
-848
-737
-960
-1199
-1314
-1669
-1685
-1753
-1658
-1632
-1269
-1120
-646
-71
332
968
925
1271
1191
1034
1064
771
606
359
376
386
702
931
1253
1655
1725
2195
2250
2351
2403
2062
1761
1453
1066
755
569
203
166
-19
38
320
274
497
554
469
465
358
160
-29
-353
-688
-843
-1147
-1131
-1128
-1207
-1037
-984
-780
-492
-275
-111
-49
-27
-61
-41
-220
-225
-409
-604
-507
-644
-531
-509
-466
-440
-377
-347
-246
-338
-445
-543
-851
-924
-1129
-1284
-1376
-1485
-1455
-1376
-1279
-1126
-1102
-1035
-1108
-1148
-1231
-1304
-1284
-1108
-1185
-937
-682
-544
59
291
1064
1211
1412
1841
1634
1803
1696
1612
1359
1205
1166
1131
1337
1328
1663
1654
1831
2061
1941
2015
1897
1612
1289
1118
726
587
263
56
0
-342
-129
-105
-125
-7
6
10
19
64
11
36
-162
-171
-241
-384
-256
-390
-436
-396
-443
-338
-198
-71
72
120
243
393
412
393
407
166
51
-69
-298
-437
-669
-774
-976
-1008
-1052
-1054
-1078
-1194
-1179
-1477
-1508
-1703
-1995
-2151
-2331
-2342
-2404
-2277
-2200
-2045
-2004
-1787
-1514
-1585
-1269
-950
-1063
-667
-578
-324
168
402
1252
1335
1743
2221
2254
2546
2528
2512
2200
2155
1998
1898
1924
1763
1997
1778
1904
2089
1966
2050
1987
1686
1345
1117
676
456
-45
-314
-503
-885
-679
-739
-724
-573
-502
-468
-365
-251
-270
-186
-372
-306
-349
-411
-128
-180
-136
28
97
286
521
623
764
787
798
975
877
888
875
669
545
492
346
164
39
-333
-437
-774
-912
-1004
-1424
-1494
-1839
-2079
-2225
-2436
-2594
-2755
-2829
-2865
-2806
-2857
-2734
-2706
-2985
-2574
-2689
-2458
-1999
-1820
-1324
-1204
-596
-192
362
974
1590
1858
2051
2471
2335
2576
2542
2418
2414
2299
2516
2619
2676
2782
2917
2739
2790
2853
2479
2407
1971
1555
1155
716
541
208
-94
-250
-424
-613
-434
-486
-598
-525
-696
-692
-795
-839
-778
-924
-892
-734
-704
-556
-215
-134
15
234
336
621
739
882
998
922
1053
1144
1079
1110
1100
898
892
791
613
513
264
58
-142
-468
-573
-876
-1252
-1450
-1894
-2181
-2533
-2865
-3199
-3412
-3619
-3638
-3624
-3615
-3425
-3495
-3360
-3231
-3142
-2925
-2596
-2507
-2118
-1802
-1490
-742
-305
558
1069
1495
2108
2313
2703
2841
2904
2782
2721
2714
2702
2879
2771
2952
2933
2971
3198
3104
3113
2928
2553
2168
1793
1299
911
407
-79
-363
-775
-759
-815
-874
-814
-837
-732
-710
-595
-642
-627
-773
-842
-797
-883
-666
-641
-566
-376
-217
159
528
812
1057
1279
1419
1623
1710
1628
1615
1407
1282
1178
958
848
645
412
308
76
-89
-202
-533
-802
-1177
-1565
-1906
-2359
-2809
-3195
-3605
-3811
-3890
-4043
-3990
-4114
-3969
-3911
-3710
-3256
-3148
-2773
-2548
-2178
-1795
-1329
-628
-126
355
858
1341
1700
2111
2411
2521
2621
2735
2930
3064
3151
3242
3242
3245
3320
3401
3287
3261
3033
2667
2413
2017
1714
1274
846
472
74
-208
-324
-500
-734
-801
-964
-1019
-1006
-1045
-1028
-1142
-1153
-1086
-1055
-918
-805
-753
-661
-461
-284
-1
279
466
731
901
1198
1457
1581
1746
1728
1731
1664
1687
1504
1346
1152
790
726
384
248
-56
-425
-640
-1018
-1250
-1599
-1918
-2393
-2716
-3093
-3424
-3474
-3903
-3899
-4160
-4224
-4054
-3976
-3480
-3521
-3059
-2847
-2397
-1808
-1357
-561
-445
247
589
975
1505
1648
2009
1932
2125
2277
2545
2734
2923
3161
3064
3426
3427
3536
3504
3263
3012
2584
2355
1952
1633
1127
841
450
144
161
-72
-161
-374
-520
-626
-762
-799
-942
-1132
-1347
-1352
-1437
-1360
-1176
-1172
-1026
-895
-668
-351
-91
180
431
533
813
1079
1190
1402
1422
1471
1505
1569
1664
1563
1490
1362
1187
1016
866
625
233
-121
-475
-892
-1232
-1611
-1999
-2418
-2757
-2982
-3285
-3318
-3590
-3642
-3802
-3861
-3433
-3683
-3185
-3115
-2980
-2450
-2309
-1401
-1234
-726
-152
88
678
991
1529
1554
1787
1969
2004
2340
2304
2664
2621
2706
2961
2978
3172
3276
3216
2918
2882
2536
2331
1967
1487
1194
569
417
203
-75
-258
-393
-533
-656
-579
-700
-662
-862
-965
-1002
-1234
-1091
-1193
-1272
-1264
-1252
-1111
-875
-558
-373
-66
149
557
855
1039
1363
1327
1391
1389
1453
1374
1281
1240
1003
982
804
797
616
341
217
-200
-469
-792
-1218
-1596
-2059
-2452
-2866
-3141
-3392
-3581
-3707
-3836
-3493
-3495
-3366
-2891
-2902
-2401
-2121
-1610
-1048
-996
-329
-184
150
516
828
1104
1211
1606
1685
2063
2212
2470
2649
2605
2894
2897
2954
3047
3018
2793
2693
2576
2330
2212
1839
1700
1290
978
935
542
354
119
-64
-297
-377
-458
-589
-677
-855
-815
-999
-963
-902
-1061
-1022
-1041
-972
-904
-714
-555
-459
-244
-24
286
454
691
916
941
1083
1199
1161
1181
1072
942
828
686
611
432
221
77
-146
-404
-592
-925
-1268
-1688
-2008
-2372
-2744
-2944
-3294
-3338
-3600
-3390
-3303
-3451
-2909
-3048
-2535
-2297
-1888
-1245
-1291
-522
-411
38
386
649
1049
945
1399
1405
1682
1833
1954
2182
2103
2444
2509
2652
2726
2791
2684
2572
2593
2346
2245
1890
1739
1395
1107
1073
784
653
415
367
166
69
54
-146
-222
-457
-474
-640
-719
-714
-876
-883
-960
-850
-795
-651
-477
-410
-211
-45
216
353
483
651
690
806
925
929
906
824
759
668
536
483
243
57
-151
-372
-589
-874
-1075
-1434
-1752
-2004
-2243
-2522
-2763
-2863
-3070
-3206
-2981
-3110
-3006
-2838
-2829
-2454
-2430
-1769
-1472
-1319
-690
-499
-6
304
699
930
976
1237
1309
1536
1556
1781
1850
1782
2120
2151
2298
2457
2500
2445
2381
2356
2318
2122
1859
1766
1377
1210
1153
946
788
602
501
366
265
205
128
-64
-186
-191
-358
-337
-342
-459
-509
-542
-496
-432
-388
-329
-272
-293
-85
77
203
367
477
607
707
863
900
912
807
719
619
400
347
66
-176
-396
-698
-823
-1123
-1230
-1533
-1733
-1922
-2213
-2280
-2634
-2639
-2964
-2950
-2883
-3119
-2770
-2833
-2549
-2391
-2126
-1522
-1476
-942
-674
-365
11
208
615
624
864
982
1159
1288
1358
1547
1501
1660
1779
1865
1981
2107
2144
2116
2112
2093
2035
1793
1708
1513
1251
1184
1044
935
760
702
615
548
493
451
375
216
224
99
39
22
-69
-145
-218
-231
-205
-173
-144
-85
-87
-17
153
217
340
424
512
615
681
777
775
741
689
602
492
374
222
-3
-261
-494
-775
-983
-1216
-1464
-1685
-1901
-2043
-2227
-2397
-2472
-2674
-2760
-2658
-2836
-2758
-2733
-2651
-2431
-2336
-1804
-1610
-1322
-864
-608
-179
88
438
586
670
869
958
1111
1140
1316
1343
1359
1570
1616
1697
1800
1823
1805
1798
1767
1775
1585
1450
1330
1099
985
894
776
597
507
420
364
339
304
309
192
198
227
147
167
153
80
30
49
63
114
111
151
185
153
321
404
462
561
610
702
772
879
895
890
842
784
739
572
489
271
-5
-186
-450
-717
-937
-1223
-1470
-1702
-1953
-2086
-2285
-2482
-2525
-2727
-2708
-2643
-2777
-2558
-2620
-2451
-2260
-2059
-1580
-1461
-1047
-778
-415
-99
139
453
493
721
816
958
1110
1173
1335
1378
1489
1622
1677
1754
1808
1812
1750
1759
1685
1587
1409
1241
1086
882
784
697
546
413
340
202
147
93
32
-12
-57
-24
-28
-9
46
30
21
53
149
157
194
261
279
301
376
465
512
605
660
817
814
926
1008
928
995
896
879
747
624
466
195
-10
-225
-442
-729
-901
-1188
-1405
-1632
-1783
-1992
-2218
-2279
-2530
-2469
-2605
-2546
-2497
-2548
-2281
-2295
-1940
-1736
-1474
-1159
-994
-584
-409
-78
99
283
447
534
816
878
1054
1137
1243
1375
1454
1592
1609
1689
1687
1700
1666
1635
1600
1419
1337
1161
1028
897
733
620
419
318
200
126
65
2
-21
-90
-40
-30
-31
-1
-34
-27
-52
-28
-10
-39
-42
-51
-39
-4
68
164
183
302
402
462
608
625
705
648
653
661
537
479
310
179
-44
-171
-295
-506
-623
-811
-999
-1155
-1298
-1391
-1593
-1803
-1805
-1960
-2034
-1948
-2061
-2002
-2008
-1855
-1627
-1580
-1241
-1094
-921
-680
-457
-236
-113
120
214
345
493
637
798
841
1009
1119
1149
1303
1379
1431
1453
1473
1483
1447
1428
1390
1298
1164
1105
991
841
747
601
425
331
243
178
123
55
56
-6
17
89
38
48
28
-36
-72
-102
-128
-180
-217
-211
-199
-186
-152
-97
-88
-28
57
90
171
186
211
165
156
125
66
-31
-131
-184
-357
-393
-475
-552
-679
-732
-827
-943
-996
-1155
-1192
-1370
-1374
-1395
-1451
-1363
-1405
-1290
-1204
-1065
-880
-736
-539
-395
-249
-155
-14
117
189
351
428
536
695
755
911
964
1027
1124
1167
1208
1233
1210
1182
1175
1108
1059
991
902
846
770
683
658
556
472
421
339
301
278
247
224
197
162
182
179
141
155
89
27
7
-97
-119
-178
-230
-229
-260
-269
-237
-271
-258
-255
-325
-276
-356
-375
-402
-510
-538
-611
-657
-713
-715
-760
-725
-720
-765
-648
-774
-676
-659
-758
-676
-819
-789
-845
-915
-816
-868
-824
-768
-715
-550
-483
-317
-206
-117
38
112
261
315
403
463
470
572
596
655
746
752
818
821
861
940
927
970
984
955
944
941
886
844
792
709
683
642
612
596
553
532
534
488
510
511
452
469
379
326
282
204
137
67
-26
-107
-176
-266
-275
-368
-436
-450
-515
-541
-551
-595
-608
-637
-659
-678
-721
-723
-726
-754
-762
-695
-703
-615
-570
-547
-487
-518
-433
-454
-428
-367
-402
-365
-440
-443
-495
-600
-504
-586
-569
-519
-573
-457
-517
-386
-293
-318
-131
-110
3
114
162
282
272
367
396
421
555
561
707
696
771
872
811
971
958
1007
1099
1101
1204
1194
1208
1176
1117
1085
1002
968
872
823
737
614
581
469
406
368
244
175
89
5
-64
-202
-298
-402
-495
-545
-590
-661
-725
-752
-806
-823
-813
-839
-812
-805
-814
-785
-805
-789
-775
-789
-754
-726
-681
-617
-600
-553
-545
-527
-485
-465
-385
-445
-383
-389
-492
-404
-529
-509
-497
-528
-434
-465
-354
-264
-233
-140
-107
-95
-29
35
148
191
286
301
300
378
352
477
502
574
668
676
764
872
889
946
987
994
1068
1069
1119
1125
1085
1074
1033
960
923
889
806
771
702
606
544
494
422
393
325
247
191
79
30
-55
-180
-250
-367
-484
-521
-603
-660
-695
-762
-780
-803
-811
-806
-821
-840
-863
-868
-893
-890
-870
-894
-820
-816
-800
-724
-729
-631
-594
-563
-441
-431
-342
-271
-318
-235
-266
-252
-214
-218
-146
-186
-157
-124
-122
-75
-33
6
70
144
257
320
439
488
511
578
552
649
640
679
705
694
702
675
680
711
758
783
873
870
924
960
958
935
905
851
771
733
646
595
484
392
307
205
122
95
48
8
13
-32
-48
-75
-109
-138
-198
-262
-319
-409
-480
-556
-657
-719
-782
-839
-881
-886
-904
-874
-846
-847
-794
-782
-730
-698
-691
-669
-652
-658
-640
-627
-651
-611
-603
-548
-493
-440
-364
-306
-237
-168
-72
-20
46
91
99
128
159
171
217
235
249
306
308
383
421
440
500
533
566
627
640
655
679
654
664
646
622
625
624
613
607
601
604
602
599
599
607
589
561
556
493
473
419
330
296
223
150
96
52
-7
-48
-70
-88
-98
-83
-81
-80
-74
-98
-102
-143
-167
-219
-276
-318
-376
-418
-475
-528
-562
-578
-591
-598
-598
-583
-591
-567
-556
-545
-526
-506
-479
-465
-443
-453
-440
-454
-454
-435
-410
-363
-323
-268
-205
-133
-85
-11
36
78
130
156
208
232
248
265
276
296
327
344
355
397
392
420
464
449
467
470
455
457
429
408
397
343
325
317
294
288
280
236
223
220
176
175
134
99
80
20
-26
-70
-148
-197
-241
-293
-298
-316
-320
-319
-318
-303
-286
-279
-258
-230
-225
-190
-174
-187
-183
-191
-222
-244
-247
-273
-278
-266
-271
-258
-249
-215
-188
-170
-123
-95
-86
-62
-41
-38
-19
-4
-8
-7
16
10
3
-4
1
33
37
80
121
143
166
195
204
220
257
264
296
306
323
327
323
328
330
323
330
350
351
384
381
372
370
355
355
341
317
306
265
232
204
148
115
82
59
48
38
17
-8
-54
-102
-143
-201
-234
-270
-323
-339
-363
-385
-389
-397
-392
-362
-327
-283
-245
-215
-183
-188
-179
-174
-186
-186
-189
-194
-191
-179
-176
-157
-152
-136
-114
-107
-84
-72
-43
-17
-26
-33
-31
-28
-28
-23
-2
-23
-9
1
-14
6
-4
12
24
27
43
48
56
67
82
94
113
136
157
190
197
206
239
257
278
292
275
271
262
249
268
253
257
263
264
272
254
244
227
207
186
175
157
121
82
40
0
-38
-85
-127
-152
-185
-213
-257
-299
-319
-350
-375
-383
-400
-383
-356
-354
-326
-325
-304
-276
-241
-199
-183
-169
-157
-161
-167
-169
-168
-171
-175
-168
-145
-133
-122
-111
-96
-66
-40
-24
-8
17
12
25
32
20
27
24
25
25
21
30
43
57
91
103
121
151
179
212
237
257
277
292
283
274
277
273
249
234
234
203
191
195
198
195
204
213
200
193
186
169
156
131
117
107
85
81
47
29
0
-24
-43
-58
-69
-91
-105
-105
-122
-134
-132
-153
-157
-158
-165
-155
-163
-147
-130
-133
-117
-100
-89
-79
-63
-53
-56
-63
-79
-79
-87
-93
-96
-113
-136
-139
-151
-163
-159
-175
-157
-143
-138
-113
-108
-96
-77
-71
-48
-24
-17
-6
4
9
14
14
30
46
65
87
109
126
147
191
202
201
197
191
188
189
187
162
135
122
128
121
122
110
91
86
88
78
62
52
28
19
-1
-23
-33
-55
-60
-79
-97
-112
-129
-134
-153
-151
-137
-121
-101
-83
-73
-62
-60
-53
-27
-19
19
36
37
47
51
71
69
76
78
85
109
125
131
133
110
97
84
68
53
31
5
-6
-28
-45
-67
-85
-88
-96
-73
-59
-25
1
10
36
39
46
56
56
49
63
59
49
59
59
60
64
81
103
123
148
165
160
147
141
117
95
77
53
22
-13
-27
-51
-71
-92
-108
-125
-125
-122
-125
-123
-138
-154
-166
-194
-215
-222
-226
-226
-225
-233
-237
-234
-226
-209
-194
-175
-135
-108
-68
-48
-22
4
19
42
54
74
83
102
106
110
110
109
132
143
149
155
165
164
160
127
97
89
69
60
46
21
17
8
-11
-26
-54
-36
-26
-32
-11
-1
-10
-4
0
-12
-14
-14
17
29
39
54
65
70
77
83
83
93
95
98
95
94
70
61
42
12
-10
-25
-36
-64
-81
-106
-124
-149
-165
-170
-181
-174
-168
-159
-178
-184
-214
-230
-238
-255
-235
-233
-217
-198
-182
-159
-152
-126
-96
-71
-45
-9
28
62
88
102
119
129
154
179
212
232
257
276
286
286
271
267
249
258
256
250
252
223
214
186
151
147
128
127
116
109
106
84
62
42
39
30
40
56
60
60
49
49
33
25
15
15
13
20
37
24
26
9
-3
-16
-30
-32
-36
-50
-70
-93
-131
-161
-189
-218
-228
-252
-260
-268
-280
-293
-318
-318
-330
-312
-296
-272
-246
-249
-236
-237
-237
-221
-209
-193
-174
-159
-124
-88
-65
-38
-17
12
44
79
120
160
183
196
225
219
240
251
263
282
285
298
302
308
306
311
287
269
268
251
231
202
165
138
119
104
94
73
66
59
45
39
33
22
10
16
8
5
-6
-11
-15
-22
-20
-25
-36
-42
-37
-40
-32
-22
-22
-33
-38
-40
-54
-59
-72
-89
-105
-128
-135
-146
-170
-168
-199
-215
-216
-234
-229
-237
-248
-236
-228
-224
-205
-204
-205
-196
-187
-165
-143
-139
-122
-108
-100
-75
-61
-45
-11
8
33
57
75
103
123
127
157
166
171
191
199
208
218
220
223
227
228
241
226
236
230
209
199
186
179
160
136
124
99
72
68
59
51
43
49
49
43
39
24
13
-11
-15
-24
-24
-11
-14
-9
-21
-35
-43
-59
-53
-49
-50
-49
-57
-79
-90
-106
-125
-140
-154
-150
-162
-165
-191
-207
-235
-248
-249
-252
-245
-237
-225
-215
-212
-205
-189
-187
-169
-149
-129
-98
-86
-76
-60
-40
-23
1
32
55
77
96
109
118
130
126
140
148
169
180
186
202
185
180
172
174
176
181
180
178
176
165
149
128
118
116
102
100
95
82
66
51
39
16
3
-3
-1
-2
-7
-11
-21
-21
-23
-24
-28
-20
-11
-6
-5
-5
-18
-23
-18
-22
-20
-21
-26
-27
-41
-47
-67
-70
-76
-77
-88
-92
-113
-140
-160
-184
-188
-190
-181
-179
-158
-163
-166
-153
-163
-151
-139
-122
-92
-82
-53
-40
-35
-28
-22
-15
7
26
52
69
81
107
111
111
121
132
143
163
150
153
167
164
169
170
162
164
159
160
167
159
146
146
135
131
124
111
107
86
70
61
40
40
38
19
24
10
-7
-4
-17
-22
-40
-41
-38
-41
-48
-50
-52
-65
-64
-78
-79
-84
-91
-84
-94
-96
-91
-101
-100
-84
-92
-88
-98
-105
-106
-116
-103
-111
-118
-114
-126
-135
-124
-119
-108
-93
-83
-74
-62
-48
-39
-29
-33
-32
-33
-14
-9
-4
6
20
31
41
44
51
63
78
92
111
131
145
156
156
154
153
157
160
164
169
159
162
163
153
155
141
126
119
112
100
90
83
62
41
29
19
11
3
-9
-17
-27
-48
-51
-58
-64
-59
-69
-69
-74
-87
-89
-98
-106
-97
-97
-96
-97
-98
-99
-101
-106
-110
-108
-109
-91
-96
-89
-74
-85
-85
-84
-86
-77
-66
-63
-47
-53
-54
-49
-60
-52
-52
-51
-34
-21
-13
-5
-4
1
2
-10
4
17
25
29
28
29
29
35
50
64
78
91
104
117
126
132
131
129
131
135
136
135
132
121
101
98
89
83
86
81
76
68
59
51
31
21
6
-4
-11
-19
-29
-47
-49
-73
-81
-89
-94
-89
-89
-82
-82
-84
-83
-88
-97
-97
-104
-102
-100
-102
-97
-88
-93
-84
-88
-82
-63
-52
-39
-31
-33
-33
-27
-26
-22
-18
-16
-8
-13
-18
-13
-14
-3
1
-5
-3
0
0
5
16
19
27
21
21
21
20
27
26
30
28
29
43
46
51
63
60
73
74
76
83
82
84
80
79
79
82
72
69
64
61
66
69
72
74
76
71
75
67
63
61
50
42
31
21
11
3
-6
-6
-16
-16
-19
-28
-31
-24
-27
-28
-22
-32
-33
-44
-52
-51
-57
-61
-61
-58
-58
-46
-44
-39
-42
-39
-34
-34
-35
-30
-39
-44
-37
-42
-36
-39
-41
-41
-41
-45
-49
-43
-40
-42
-43
-44
-36
-41
-46
-41
-45
-42
-44
-41
-37
-34
-28
-19
-10
-5
-6
-1
9
13
25
35
45
54
58
54
57
57
53
61
63
70
74
68
69
67
66
65
64
62
64
60
61
58
42
41
34
23
16
4
-2
-2
-11
-8
-16
-23
-18
-16
-13
-7
-12
-11
-14
-17
-20
-24
-17
-18
-15
-18
-11
-9
-13
-10
-14
-11
-10
-8
2
-3
-9
-13
-27
-36
-39
-44
-38
-38
-36
-44
-50
-43
-43
-45
-43
-43
-44
-47
-55
-53
-54
-51
-56
-60
-64
-59
-54
-46
-40
-34
-27
-20
-8
2
16
27
30
38
43
47
55
70
79
79
86
91
104
104
100
104
101
107
110
105
98
96
90
85
88
79
73
66
66
62
54
50
41
36
37
32
38
42
37
27
22
22
22
18
10
8
-3
-15
-19
-22
-21
-25
-28
-36
-47
-43
-45
-47
-49
-55
-63
-65
-72
-74
-81
-91
-93
-104
-112
-115
-117
-119
-120
-118
-124
-125
-127
-126
-128
-129
-128
-130
-126
-121
-115
-107
-98
-91
-76
-64
-50
-34
-20
-7
10
20
32
48
59
70
76
79
87
88
99
104
116
118
116
125
123
122
121
117
117
114
113
111
107
108
102
103
93
92
93
88
88
88
82
77
73
64
55
47
43
38
35
31
23
15
8
-1
-10
-11
-16
-20
-22
-29
-33
-35
-44
-48
-50
-53
-50
-56
-61
-61
-66
-71
-69
-75
-80
-84
-94
-94
-99
-103
-101
-106
-107
-113
-117
-115
-113
-111
-110
-103
-104
-97
-90
-84
-73
-71
-61
-49
-42
-28
-17
-11
3
14
17
28
36
45
52
64
72
78
83
91
92
98
103
102
107
107
112
113
112
109
104
101
99
103
102
103
103
98
95
90
87
81
72
63
58
52
46
36
34
22
13
9
2
-5
-13
-22
-26
-28
-39
-46
-55
-61
-64
-68
-67
-71
-72
-76
-84
-78
-76
-79
-72
-72
-70
-70
-72
-70
-73
-78
-83
-84
-85
-87
-90
-90
-91
-88
-91
-88
-84
-82
-75
-77
-73
-72
-69
-63
-62
-54
-48
-44
-35
-22
-7
4
14
25
34
45
52
68
79
87
91
99
105
113
120
121
128
128
129
126
128
129
126
123
117
112
113
111
107
104
95
87
79
72
61
54
45
38
30
25
23
17
8
-3
-8
-23
-22
-27
-34
-35
-45
-50
-58
-64
-68
-72
-72
-71
-70
-69
-63
-60
-58
-59
-61
-53
-53
-51
-46
-52
-53
-55
-61
-62
-63
-66
-64
-57
-57
-55
-54
-61
-58
-68
-67
-65
-67
-62
-61
-57
-52
-51
-41
-32
-25
-18
-7
-1
11
17
22
37
39
50
58
62
72
79
84
91
90
92
95
93
98
99
103
105
104
99
98
96
92
88
84
80
67
57
47
38
25
18
11
3
4
-5
-10
-19
-26
-32
-37
-42
-45
-46
-56
-57
-64
-74
-70
-73
-74
-76
-79
-74
-72
-72
-69
-64
-61
-58
-53
-55
-48
-49
-50
-50
-52
-50
-49
-48
-46
-46
-42
-38
-36
-32
-29
-26
-27
-26
-26
-20
-21
-19
-16
-14
-10
-7
3
12
20
27
39
48
57
68
76
86
92
98
102
109
112
117
119
120
127
125
126
129
127
127
126
121
118
113
104
95
85
77
66
59
50
42
29
14
4
-7
-13
-20
-25
-33
-43
-50
-54
-59
-69
-75
-84
-91
-92
-98
-99
-102
-108
-112
-116
-113
-108
-103
-96
-90
-90
-86
-82
-79
-78
-83
-84
-84
-83
-77
-72
-73
-72
-72
-71
-67
-62
-57
-52
-48
-45
-42
-42
-37
-36
-37
-31
-24
-16
-7
-2
2
10
18
31
50
64
79
91
96
106
110
114
124
126
134
144
146
150
150
147
145
144
143
145
147
146
137
126
116
100
85
74
63
54
45
30
19
5
-10
-22
-32
-44
-52
-58
-62
-69
-79
-84
-93
-98
-104
-102
-103
-104
-104
-109
-103
-109
-109
-107
-107
-103
-99
-94
-92
-89
-88
-88
-84
-80
-77
-73
-67
-65
-66
-64
-56
-54
-49
-46
-41
-40
-36
-30
-26
-21
-14
-9
-3
6
14
26
32
39
49
57
69
78
85
94
96
103
110
116
121
129
132
136
139
138
137
134
136
133
129
129
122
113
107
93
84
73
62
53
45
34
22
13
1
-13
-22
-30
-39
-43
-51
-59
-68
-79
-85
-89
-96
-97
-100
-105
-107
-111
-112
-115
-115
-113
-112
-106
-103
-98
-96
-91
-93
-90
-89
-87
-86
-84
-83
-82
-79
-70
-65
-58
-52
-43
-33
-30
-23
-16
-9
-4
4
14
18
23
31
34
39
47
53
61
66
74
84
88
97
103
107
111
112
116
118
116
112
108
102
96
91
86
83
81
76
74
67
60
56
47
42
34
27
23
15
10
1
-8
-18
-24
-30
-33
-36
-40
-42
-47
-51
-56
-58
-59
-60
-60
-63
-66
-70
-72
-77
-81
-84
-83
-79
-76
-73
-75
-77
-75
-77
-73
-71
-67
-63
-60
-58
-56
-55
-49
-45
-45
-40
-36
-29
-22
-20
-15
-10
-3
5
16
23
32
40
45
52
55
61
63
68
72
73
76
75
80
84
88
87
90
94
95
100
98
98
98
94
86
85
82
76
71
63
55
48
42
36
30
25
21
17
10
5
2
-3
-2
-9
-11
-13
-20
-24
-30
-36
-42
-48
-53
-53
-52
-54
-53
-53
-54
-53
-48
-45
-50
-50
-54
-56
-57
-59
-63
-67
-69
-73
-71
-73
-72
-67
-69
-73
-74
-73
-72
-63
-59
-54
-47
-40
-35
-30
-24
-21
-20
-14
-8
-4
2
6
10
21
29
40
47
54
62
66
72
74
77
82
83
84
82
81
80
80
78
80
77
75
78
75
77
75
72
71
64
61
51
45
39
34
33
31
25
23
21
15
14
12
8
6
4
1
-2
-7
-9
-11
-16
-17
-19
-21
-24
-29
-34
-36
-41
-44
-45
-47
-52
-53
-55
-55
-59
-62
-64
-64
-64
-66
-66
-68
-68
-66
-66
-66
-64
-64
-60
-56
-51
-43
-36
-30
-26
-19
-14
-8
1
4
11
19
23
26
31
36
43
47
52
56
60
61
61
64
65
65
63
62
59
56
50
48
40
32
29
23
20
18
19
17
13
12
9
9
10
9
12
13
9
6
2
-3
-6
-11
-12
-13
-12
-17
-16
-17
-18
-17
-18
-16
-20
-20
-19
-22
-20
-25
-27
-27
-31
-31
-33
-33
-33
-38
-35
-37
-39
-37
-33
-30
-31
-29
-28
-26
-23
-22
-21
-23
-23
-22
-24
-21
-17
-15
-11
-7
-2
4
7
12
15
18
24
27
32
36
37
40
41
42
42
39
41
41
41
41
42
39
36
34
31
27
25
23
20
19
14
10
3
-4
-7
-11
-12
-13
-14
-13
-15
-15
-17
-16
-15
-16
-13
-13
-11
-10
-12
-11
-12
-13
-11
-10
-7
-4
-2
0
-1
0
-1
-1
1
0
3
2
-2
-3
-8
-8
-7
-9
-8
-10
-10
-9
-10
-9
-11
-10
-8
-10
-6
-8
-8
-7
-10
-10
-11
-8
-5
-4
1
3
5
7
9
14
16
19
23
23
24
24
23
23
22
21
22
21
21
22
19
18
14
12
9
6
6
3
0
-3
-8
-12
-18
-20
-21
-24
-24
-27
-28
-28
-29
-30
-31
-26
-25
-23
-17
-16
-13
-12
-11
-6
-8
-3
-2
1
2
1
4
4
9
10
7
17
15
15
14
12
17
9
9
10
6
9
1
4
5
-2
2
-4
0
2
-3
3
0
1
1
-3
5
5
6
11
9
14
13
14
16
11
15
15
15
18
15
18
16
15
17
14
15
15
13
12
7
5
-1
-4
-6
-12
-13
-16
-18
-22
-24
-27
-30
-32
-33
-33
-33
-36
-33
-33
-32
-32
-31
-28
-27
-26
-22
-19
-14
-14
-11
-8
-3
1
3
9
13
17
20
22
22
24
24
24
25
25
25
25
24
25
23
22
24
23
23
21
21
21
17
15
14
11
9
6
6
6
2
3
2
3
3
-1
2
2
3
1
0
3
1
2
1
1
3
1
0
-1
-3
-3
-6
-7
-8
-11
-11
-13
-14
-14
-17
-18
-21
-22
-23
-26
-26
-28
-29
-29
-32
-30
-31
-31
-29
-29
-25
-22
-21
-17
-16
-11
-10
-6
-2
-3
2
5
7
10
10
14
14
16
19
21
24
25
27
28
28
30
30
29
30
27
26
25
22
21
17
16
14
10
10
8
7
4
3
4
2
2
0
-2
-1
-4
-5
-6
-8
-7
-10
-10
-11
-12
-10
-11
-11
-10
-10
-8
-9
-9
-8
-9
-9
-12
-12
-13
-16
-15
-16
-16
-17
-17
-17
-18
-19
-19
-18
-18
-17
-16
-15
-15
-16
-16
-17
-16
-16
-15
-12
-10
-8
-5
-3
0
3
5
9
11
14
16
18
21
22
24
25
26
29
29
29
30
30
32
30
30
30
30
30
30
27
25
23
19
19
16
13
11
8
6
5
1
-1
-3
-3
-4
-6
-6
-8
-8
-8
-10
-10
-13
-12
-12
-15
-16
-16
-17
-17
-19
-18
-18
-19
-19
-19
-19
-19
-20
-19
-18
-20
-19
-21
-19
-20
-22
-21
-21
-21
-23
-22
-22
-21
-20
-18
-16
-15
-13
-12
-9
-8
-5
-4
-4
0
1
3
6
8
12
13
16
20
22
26
28
30
32
34
35
37
38
39
38
38
36
35
34
33
31
30
28
26
23
21
19
18
15
12
9
5
3
-1
-3
-6
-7
-9
-11
-13
-15
-16
-17
-17
-17
-18
-19
-17
-19
-18
-17
-17
-17
-16
-16
-16
-17
-17
-17
-17
-16
-16
-17
-16
-14
-15
-15
-13
-15
-15
-16
-15
-13
-14
-12
-12
-12
-11
-13
-12
-11
-10
-9
-8
-6
-6
-3
0
0
4
5
8
9
11
14
15
18
19
21
22
22
24
25
26
29
30
31
32
30
31
29
29
28
26
26
24
23
20
18
15
14
11
9
6
3
-1
-2
-5
-7
-10
-13
-15
-17
-19
-21
-22
-23
-24
-24
-25
-27
-26
-26
-25
-24
-22
-22
-21
-20
-20
-20
-17
-17
-14
-12
-11
-12
-12
-10
-9
-10
-8
-8
-8
-7
-8
-7
-7
-6
-7
-6
-6
-5
-5
-5
-4
-4
-3
-3
-1
0
3
4
7
10
11
13
14
15
18
20
22
26
27
27
28
28
30
31
32
32
32
34
33
34
34
32
31
31
29
27
25
22
21
18
15
11
7
3
-1
-5
-8
-10
-14
-17
-20
-23
-25
-28
-30
-31
-33
-34
-35
-36
-35
-36
-35
-33
-32
-30
-30
-27
-26
-24
-22
-18
-16
-15
-14
-12
-11
-8
-7
-4
-5
-4
-3
-3
-3
-2
-1
-1
0
-1
0
-1
0
0
0
1
0
1
0
0
0
1
2
3
4
6
7
9
10
12
14
16
17
18
19
20
21
23
24
24
24
23
21
21
21
20
19
18
16
13
13
10
8
6
3
2
-1
