-1
-1
-2
-3
-4
-4
-3
-3
-2
0
-1
-2
-2
-2
-2
-2
-1
-2
-3
-2
-2
-2
-2
-1
1
2
2
1
-1
-2
-2
-2
-1
1
2
3
2
3
3
2
2
1
0
0
2
3
2
3
3
1
0
1
0
-1
0
1
2
1
0
-1
-5
-5
-4
-2
-2
-2
-2
-1
-2
-3
-2
-2
-2
-2
-1
-2
-3
-4
-4
-4
-6
-5
-6
-5
-6
-2
-1
-2
-1
-2
-3
-4
-4
-2
-1
-1
-2
0
-1
-2
-3
-1
-1
0
0
0
0
1
0
0
1
0
-1
-1
-1
-2
0
0
1
1
0
0
0
-1
0
1
1
1
1
0
0
0
0
1
4
4
4
5
4
3
2
2
2
1
2
4
4
5
6
6
6
5
3
2
2
1
1
1
1
1
0
1
3
4
4
4
6
4
2
1
1
-1
-2
-1
0
-2
-1
0
1
0
1
2
1
1
-1
-1
-1
-2
-1
0
-1
0
1
1
3
2
3
0
-1
-1
-2
-3
-3
-2
-2
-3
-1
0
0
1
1
1
0
-2
-2
-4
-6
-6
-4
-4
-3
-1
1
1
1
2
1
-1
-3
-4
-5
-7
-6
-5
-5
-5
-3
-1
1
-1
1
1
-1
-3
-3
-4
-5
-4
-4
-2
-1
-1
0
1
0
0
0
-2
-3
-3
-5
-5
-3
-2
0
2
3
5
4
5
5
4
2
1
-2
-3
-3
-4
-2
0
4
5
8
9
9
9
7
4
3
1
-1
-2
0
1
4
5
7
7
8
8
8
5
3
3
1
-2
-2
-2
-1
2
3
4
5
6
5
4
2
0
-1
-3
-4
-4
-3
-2
1
3
4
5
7
6
4
1
0
-3
-6
-6
-6
-6
-4
-1
-1
1
1
4
2
1
0
-2
-4
-6
-8
-7
-7
-6
-3
-1
1
3
4
5
5
3
1
-2
-3
-4
-4
-5
-3
0
4
5
6
7
6
4
2
0
-1
-3
-4
-3
-4
-2
0
2
4
6
7
6
4
4
1
-3
-5
-5
-5
-4
-1
2
4
6
7
6
5
3
1
-1
-2
-5
-6
-6
-5
-4
-1
0
2
3
3
2
3
0
-1
-5
-6
-8
-10
-9
-7
-7
-4
-1
0
1
-1
-1
-2
-5
-7
-7
-9
-8
-8
-6
-5
-3
0
1
1
1
-1
-3
-5
-6
-8
-8
-7
-6
-4
-2
1
3
5
5
5
4
0
-2
-5
-5
-7
-5
-4
-1
1
1
5
6
7
5
5
3
1
-1
-3
-4
-1
0
3
5
7
9
10
9
9
8
6
3
1
0
-2
-2
1
4
8
12
13
12
12
9
6
3
2
-1
-3
-4
-3
-2
0
3
6
10
9
10
7
3
0
-2
-5
-5
-7
-5
-5
-4
-1
1
3
4
5
2
-2
-5
-9
-11
-11
-12
-10
-6
-5
-2
-1
-1
1
-1
-2
-5
-9
-12
-14
-15
-12
-11
-9
-5
-4
0
0
0
1
-2
-5
-7
-12
-13
-13
-14
-11
-9
-6
-2
-1
0
-2
-3
-4
-8
-9
-9
-12
-10
-10
-9
-7
-3
0
3
3
2
2
0
-3
-5
-6
-6
-8
-6
-6
-2
1
2
6
6
6
5
1
-1
-4
-4
-4
-3
0
2
4
7
8
9
10
9
9
8
5
3
1
-1
-1
1
1
4
6
8
9
8
9
7
7
5
3
2
2
0
2
5
5
7
8
9
8
7
5
5
4
3
3
-1
1
0
2
3
4
6
6
7
6
6
3
0
-2
-5
-6
-5
-5
-2
-2
0
3
3
4
3
0
-1
-4
-7
-7
-7
-7
-5
-4
-1
-1
-1
0
0
-1
-3
-5
-8
-9
-11
-11
-9
-7
-2
-2
1
1
1
1
0
-2
-3
-5
-5
-7
-4
-3
0
2
3
4
5
6
2
1
0
-2
-2
-4
-4
-2
-1
1
3
7
8
9
9
6
5
3
1
-3
-3
-4
-3
0
1
3
5
7
6
7
7
6
4
3
2
1
0
-2
0
-1
1
1
2
1
5
2
2
1
0
1
-1
0
-2
-1
-2
-1
-1
-1
-2
-2
-2
-2
-1
-1
-1
-3
-1
-3
-1
-3
-3
-4
-3
-3
-3
-3
-5
-4
-5
-5
-4
-4
-3
-3
-1
-2
0
2
1
2
2
0
0
-4
-3
-5
-5
-7
-4
-4
-1
1
3
6
6
9
8
7
4
2
-1
-4
-2
-3
0
1
5
8
12
13
14
13
13
10
8
7
1
5
2
7
6
15
14
21
21
22
21
19
18
15
11
10
10
7
13
12
17
18
22
21
21
20
15
13
5
6
0
4
2
5
8
12
12
12
13
8
7
-1
-2
-8
-11
-11
-11
-8
-8
-6
-4
-1
-3
0
-10
-9
-18
-18
-24
-23
-25
-24
-17
-19
-12
-17
-12
-17
-18
-24
-26
-31
-32
-37
-35
-32
-29
-23
-23
-19
-21
-19
-25
-26
-33
-34
-37
-39
-38
-35
-30
-25
-19
-13
-7
-7
-2
-6
-7
-8
-12
-12
-14
-12
-10
-4
-2
6
9
18
19
22
23
21
22
18
20
17
19
18
23
25
29
34
35
40
42
45
44
45
41
47
40
46
42
43
44
44
45
44
46
40
45
39
43
37
40
36
37
36
38
35
34
34
27
28
20
18
15
10
9
5
5
2
5
2
5
-4
-1
-9
-10
-16
-19
-26
-26
-29
-34
-32
-33
-31
-33
-32
-33
-37
-37
-40
-47
-46
-51
-53
-53
-58
-55
-56
-55
-56
-54
-54
-51
-53
-51
-51
-53
-51
-50
-52
-48
-49
-48
-43
-42
-39
-32
-32
-25
-22
-19
-16
-16
-13
-13
-13
-12
-11
-8
-4
-2
3
9
15
17
26
23
32
29
34
32
34
35
38
42
43
48
48
57
55
58
58
61
54
60
56
58
57
62
57
63
60
60
59
55
52
50
47
44
43
40
42
42
39
43
40
39
42
30
32
26
22
18
14
8
7
5
2
5
1
2
1
-3
-3
-8
-15
-16
-26
-28
-32
-39
-39
-41
-46
-44
-47
-50
-51
-56
-58
-61
-67
-66
-71
-76
-74
-81
-82
-80
-85
-84
-80
-82
-79
-75
-75
-70
-70
-70
-66
-69
-68
-68
-69
-69
-71
-72
-68
-69
-65
-62
-58
-60
-52
-53
-47
-44
-40
-38
-35
-28
-22
-14
-8
-1
7
16
24
33
40
50
54
61
65
72
78
83
88
95
96
106
115
122
134
142
149
160
166
174
180
181
183
182
179
177
177
167
171
163
165
164
164
160
160
152
144
135
124
116
100
88
76
68
62
58
52
51
40
37
24
19
3
-6
-24
-38
-54
-69
-78
-93
-93
-107
-113
-119
-127
-134
-142
-155
-166
-181
-190
-205
-213
-221
-228
-236
-240
-239
-246
-241
-246
-240
-243
-241
-241
-237
-239
-233
-238
-236
-231
-232
-225
-219
-221
-211
-211
-199
-191
-184
-179
-170
-163
-158
-139
-139
-116
-108
-90
-66
-46
-15
12
34
64
87
111
132
157
171
191
202
212
235
242
263
269
281
293
300
311
317
322
324
327
326
331
333
332
343
343
347
351
351
357
354
350
336
327
311
298
277
258
240
219
204
189
173
156
139
117
97
77
55
29
7
-18
-39
-57
-71
-82
-91
-97
-103
-112
-112
-115
-122
-128
-146
-156
-171
-177
-193
-199
-211
-223
-222
-239
-238
-246
-253
-262
-282
-291
-313
-327
-344
-365
-375
-389
-397
-407
-404
-410
-404
-399
-399
-383
-374
-366
-357
-360
-356
-357
-360
-363
-371
-373
-362
-360
-346
-330
-322
-295
-283
-262
-249
-224
-210
-197
-181
-170
-133
-113
-53
-17
42
110
166
233
301
351
409
453
494
521
562
579
617
642
672
719
735
783
802
829
844
843
841
813
789
743
710
652
600
556
492
456
398
362
314
269
243
201
183
153
125
100
72
53
34
30
18
20
26
28
63
74
102
109
120
120
117
112
87
70
28
-7
-48
-90
-132
-177
-214
-268
-319
-371
-422
-460
-515
-552
-592
-629
-658
-682
-686
-693
-675
-663
-660
-632
-617
-592
-556
-535
-519
-501
-493
-490
-479
-479
-486
-477
-502
-500
-495
-522
-503
-532
-519
-509
-533
-513
-524
-514
-506
-503
-488
-492
-465
-464
-395
-337
-280
-168
-106
36
142
273
429
542
678
765
851
927
974
1014
1015
1021
994
1001
981
972
966
919
916
880
847
800
722
673
589
503
417
307
245
172
110
73
27
16
22
31
70
105
157
207
248
295
351
416
431
469
464
479
486
459
457
409
361
312
251
202
143
74
-9
-74
-154
-218
-268
-351
-401
-473
-522
-565
-602
-637
-654
-654
-651
-636
-644
-617
-601
-582
-558
-555
-525
-522
-531
-516
-532
-520
-542
-562
-576
-603
-605
-623
-635
-638
-655
-642
-653
-651
-654
-676
-666
-706
-685
-726
-728
-744
-787
-730
-794
-736
-752
-747
-658
-685
-570
-572
-482
-392
-317
-111
-60
203
324
506
751
837
1106
1176
1324
1381
1407
1465
1397
1440
1305
1304
1250
1182
1207
1076
1103
981
920
833
669
604
385
257
63
-66
-175
-287
-285
-359
-271
-223
-100
70
173
377
489
649
752
855
967
995
1076
1080
1109
1129
1128
1133
1088
1055
977
898
780
637
505
313
127
-64
-262
-427
-593
-712
-807
-892
-926
-942
-932
-905
-884
-860
-839
-797
-754
-693
-632
-594
-514
-462
-390
-315
-279
-217
-217
-221
-233
-291
-336
-417
-499
-574
-660
-737
-803
-874
-928
-964
-1022
-1045
-1095
-1133
-1157
-1199
-1191
-1237
-1208
-1193
-1184
-1081
-1074
-972
-918
-881
-797
-781
-673
-666
-582
-556
-522
-379
-321
-85
64
258
475
622
891
1058
1260
1382
1462
1542
1538
1600
1535
1532
1443
1353
1332
1222
1232
1132
1060
964
832
764
633
530
364
232
84
-48
-97
-206
-204
-235
-211
-102
2
229
393
608
779
954
1157
1284
1447
1502
1548
1552
1527
1498
1418
1349
1207
1115
979
856
746
550
412
179
-14
-212
-460
-676
-928
-1090
-1265
-1354
-1423
-1453
-1408
-1389
-1249
-1165
-1035
-904
-823
-668
-580
-460
-366
-298
-246
-209
-142
-116
-75
-69
-100
-140
-224
-329
-444
-599
-751
-900
-1068
-1171
-1304
-1364
-1423
-1468
-1450
-1488
-1421
-1444
-1377
-1356
-1338
-1243
-1272
-1127
-1151
-1002
-905
-877
-658
-716
-480
-435
-361
-190
-247
-25
-12
205
385
517
780
871
1175
1300
1552
1711
1765
1895
1812
1892
1777
1714
1597
1397
1334
1159
1118
981
878
752
608
534
375
308
118
-14
-154
-289
-311
-405
-382
-388
-335
-205
-60
166
381
626
865
1120
1352
1563
1739
1851
1914
1930
1905
1825
1689
1514
1328
1107
895
673
443
245
18
-167
-371
-577
-748
-957
-1102
-1268
-1397
-1490
-1567
-1591
-1593
-1529
-1444
-1302
-1162
-1002
-798
-632
-432
-290
-153
-26
56
136
150
157
119
72
7
-116
-216
-394
-567
-749
-956
-1094
-1289
-1429
-1545
-1667
-1664
-1726
-1702
-1674
-1702
-1576
-1563
-1489
-1377
-1387
-1263
-1254
-1189
-1046
-982
-811
-678
-575
-379
-266
-110
26
155
381
529
799
955
1136
1378
1477
1769
1829
1964
2059
1922
2010
1800
1768
1641
1397
1327
1048
1022
838
761
624
436
413
167
171
-68
-198
-300
-544
-484
-646
-557
-522
-456
-203
-69
303
539
871
1200
1462
1826
2010
2243
2343
2400
2457
2370
2318
2117
1897
1654
1346
1093
772
474
174
-115
-336
-565
-752
-954
-1126
-1270
-1396
-1466
-1575
-1611
-1662
-1655
-1585
-1519
-1351
-1217
-1010
-805
-587
-350
-175
19
118
232
268
282
268
147
70
-99
-233
-421
-639
-817
-1073
-1223
-1429
-1590
-1730
-1875
-1943
-2051
-2066
-2103
-2074
-2048
-1977
-1900
-1827
-1678
-1629
-1476
-1397
-1244
-1098
-993
-818
-706
-523
-383
-200
-18
184
484
748
1107
1344
1633
1864
2031
2311
2359
2504
2416
2317
2212
1942
1858
1561
1382
1141
946
846
683
635
425
312
107
-53
-157
-406
-512
-749
-833
-869
-896
-738
-644
-379
-100
245
661
1041
1440
1756
2058
2345
2565
2748
2836
2831
2787
2675
2543
2325
2052
1748
1390
1053
678
323
-42
-404
-688
-981
-1172
-1352
-1484
-1584
-1684
-1685
-1705
-1642
-1622
-1553
-1455
-1343
-1140
-1001
-770
-594
-375
-160
-4
181
256
365
372
350
262
104
-38
-289
-513
-787
-1051
-1280
-1560
-1728
-1972
-2114
-2232
-2384
-2398
-2502
-2465
-2442
-2404
-2299
-2172
-2017
-1909
-1719
-1666
-1440
-1314
-1236
-936
-997
-682
-558
-488
-107
-131
266
455
792
1241
1438
1828
1910
2255
2393
2554
2583
2373
2409
2069
1993
1680
1413
1284
870
896
597
561
520
262
219
-35
-57
-246
-359
-583
-780
-774
-884
-685
-673
-403
-109
157
704
1003
1503
1891
2188
2531
2696
2873
2956
2946
2886
2788
2582
2405
2156
1805
1552
1179
864
547
157
-119
-442
-711
-916
-1156
-1316
-1445
-1534
-1549
-1559
-1531
-1447
-1365
-1240
-1080
-939
-739
-566
-399
-183
-69
103
194
221
270
219
172
60
-120
-305
-504
-732
-958
-1218
-1459
-1663
-1873
-2016
-2138
-2252
-2324
-2376
-2420
-2394
-2386
-2343
-2291
-2262
-2114
-2054
-1895
-1751
-1687
-1465
-1407
-1208
-1020
-934
-681
-615
-393
-187
4
342
674
1057
1421
1717
1962
2221
2432
2608
2625
2502
2389
2165
1907
1663
1396
1161
928
739
588
514
426
299
108
-58
-221
-400
-539
-781
-914
-941
-912
-722
-524
-206
175
568
1022
1449
1830
2151
2411
2598
2754
2795
2750
2695
2535
2465
2334
2150
1979
1707
1480
1175
869
559
201
-140
-437
-696
-905
-1040
-1163
-1206
-1190
-1144
-1033
-948
-834
-744
-642
-542
-468
-358
-280
-204
-116
-26
36
90
72
45
-30
-163
-314
-563
-811
-1055
-1291
-1486
-1665
-1829
-1939
-2009
-2055
-2042
-2037
-2012
-2033
-2003
-2017
-2030
-2042
-2048
-2050
-1987
-1937
-1843
-1686
-1612
-1439
-1347
-1226
-1101
-1018
-883
-758
-637
-339
-149
430
769
1323
1708
1969
2417
2614
2860
2827
2665
2462
2141
1850
1538
1283
1064
830
809
625
751
638
572
336
100
-62
-368
-569
-904
-1066
-1120
-1040
-774
-449
13
502
1048
1591
2026
2430
2597
2746
2699
2664
2560
2361
2240
1958
1855
1719
1602
1573
1413
1268
1037
805
515
203
-136
-432
-672
-870
-900
-939
-890
-740
-611
-390
-239
-96
11
27
64
8
-6
-58
-100
-136
-158
-164
-185
-214
-317
-430
-611
-797
-1051
-1330
-1584
-1849
-2030
-2140
-2206
-2207
-2151
-2056
-1899
-1787
-1709
-1687
-1674
-1717
-1779
-1894
-2035
-2111
-2170
-2159
-2101
-1993
-1864
-1731
-1623
-1478
-1355
-1280
-1154
-1082
-881
-681
-216
290
796
1368
1723
2203
2649
2961
3072
2897
2635
2337
1880
1520
1050
759
438
343
253
306
409
317
244
12
-94
-312
-520
-862
-1124
-1153
-1033
-761
-328
149
772
1420
2050
2589
2974
3182
3184
3065
2844
2584
2221
1964
1643
1446
1377
1257
1213
1128
1018
889
705
444
148
-164
-463
-644
-735
-711
-609
-422
-126
163
476
721
834
870
861
803
615
429
255
69
-12
-82
-123
-144
-217
-305
-443
-686
-978
-1305
-1640
-1926
-2188
-2361
-2446
-2430
-2254
-2072
-1846
-1637
-1456
-1344
-1324
-1368
-1533
-1704
-1919
-2140
-2281
-2362
-2374
-2308
-2209
-2105
-1961
-1857
-1807
-1758
-1830
-1865
-1850
-1740
-1585
-1172
-434
230
1051
1593
2124
2739
3174
3429
3246
2837
2444
1898
1400
832
470
164
39
44
109
380
426
355
96
-129
-367
-644
-971
-1365
-1435
-1248
-857
-246
395
1180
1929
2661
3246
3556
3693
3521
3217
2829
2413
2006
1668
1398
1233
1262
1306
1323
1222
1001
779
470
138
-291
-700
-999
-1116
-1033
-808
-447
-20
492
992
1414
1678
1743
1599
1375
1086
794
541
302
119
89
121
178
228
153
-6
-244
-574
-1024
-1482
-1978
-2341
-2551
-2601
-2509
-2263
-1957
-1586
-1258
-961
-836
-823
-977
-1255
-1552
-1880
-2176
-2427
-2578
-2605
-2488
-2374
-2197
-2135
-1999
-2058
-2091
-2302
-2414
-2612
-2570
-2456
-2119
-1423
-417
543
1562
2218
2837
3338
3723
3704
3288
2682
2029
1425
826
463
138
20
-66
45
163
407
297
-1
-456
-826
-1135
-1362
-1630
-1763
-1484
-949
-131
777
1667
2467
3152
3622
3890
3862
3600
3068
2497
2027
1680
1442
1312
1177
1159
1178
1179
1042
751
280
-249
-784
-1238
-1508
-1632
-1503
-1076
-462
258
949
1557
2043
2309
2358
2200
1840
1364
938
551
322
221
241
353
521
624
654
556
210
-261
-806
-1374
-1901
-2332
-2606
-2629
-2448
-2110
-1672
-1203
-795
-455
-319
-340
-503
-777
-1094
-1482
-1827
-2100
-2249
-2343
-2341
-2388
-2412
-2485
-2628
-2782
-2948
-3176
-3244
-3337
-3328
-3136
-2784
-2181
-1528
-766
221
1280
2112
2760
2895
3008
3142
3141
2824
2329
1797
1298
910
481
225
16
-155
-355
-502
-533
-489
-640
-926
-1085
-1020
-732
-432
-148
288
940
1618
2312
2859
3222
3477
3471
3321
3019
2616
2127
1578
1091
808
646
498
410
246
183
118
-89
-361
-686
-910
-860
-720
-458
-54
490
1234
1985
2610
3033
3206
3085
2768
2258
1686
1092
467
-46
-313
-371
-275
-163
-68
-1
62
-16
-269
-651
-1077
-1411
-1683
-1831
-1804
-1626
-1300
-892
-490
-126
126
251
204
17
-272
-603
-1029
-1459
-1832
-2150
-2396
-2655
-2987
-3233
-3509
-3672
-3882
-4074
-4215
-4157
-3908
-3631
-3140
-2691
-2094
-1587
-943
-409
176
1011
1758
2298
2679
2620
2647
2635
2587
2228
1651
1062
455
-83
-707
-965
-1207
-1278
-1275
-1173
-743
-309
-56
12
140
458
824
1150
1307
1628
2182
2607
2991
3188
3282
3216
2860
2375
1730
1164
467
-194
-597
-766
-688
-604
-437
-284
4
241
209
140
-7
-41
90
300
725
1296
1989
2625
3113
3452
3599
3519
3097
2508
1785
1083
438
-241
-679
-820
-785
-628
-467
-262
-46
50
-39
-249
-436
-585
-646
-710
-652
-455
-177
74
259
427
459
348
99
-212
-571
-950
-1330
-1702
-1994
-2235
-2455
-2740
-2999
-3269
-3479
-3705
-3921
-4031
-4028
-3826
-3541
-3161
-2692
-2246
-1767
-1457
-1164
-978
-804
-609
-540
-3
651
1381
1744
1720
1531
1581
1407
1096
323
-151
-786
-1062
-1493
-1454
-1101
-807
-394
-128
502
1077
1291
1122
939
1100
1338
1424
1446
1588
2088
2379
2475
2387
2247
2041
1433
790
218
-197
-514
-931
-910
-639
-143
151
307
562
823
1095
984
802
761
813
1019
1132
1438
1855
2310
2777
3007
3170
3022
2623
2019
1422
992
503
97
-310
-513
-398
-283
-95
-46
123
291
389
401
298
250
214
206
246
324
432
430
431
401
279
110
-251
-579
-888
-1117
-1330
-1583
-1784
-1961
-2102
-2237
-2429
-2622
-2890
-3102
-3202
-3157
-3045
-2915
-2614
-2383
-1975
-1764
-1578
-1568
-1606
-1671
-1728
-1781
-1662
-1494
-1071
-301
630
1285
1452
1322
1055
1016
729
268
-221
-512
-728
-745
-697
-249
156
424
568
813
1224
1370
1114
772
814
1067
1263
1207
1232
1538
1794
1748
1518
1359
1158
784
219
-107
-248
-348
-582
-723
-383
123
423
459
541
847
1174
1203
1031
989
1086
1102
1026
993
1152
1322
1350
1391
1664
1994
2028
1690
1293
1076
926
649
335
188
311
387
380
355
501
683
721
641
629
678
634
449
301
244
210
74
-149
-296
-376
-476
-705
-878
-964
-1061
-1187
-1337
-1440
-1563
-1797
-2038
-2171
-2235
-2318
-2489
-2586
-2512
-2383
-2328
-2295
-2184
-2021
-2035
-2173
-2295
-2344
-2341
-2474
-2503
-2319
-1917
-1191
-177
769
1353
1264
1029
759
782
683
244
121
-29
9
-15
6
367
417
485
466
746
1138
1083
809
711
995
1193
1044
805
815
1071
1110
857
826
887
972
699
430
450
314
29
-443
-505
-96
194
284
360
804
1310
1511
1391
1166
1109
900
572
346
398
647
750
866
1134
1461
1643
1559
1510
1594
1584
1390
1105
1034
1159
1298
1239
1086
954
818
646
502
440
423
386
416
496
530
403
106
-145
-310
-428
-606
-740
-741
-643
-599
-662
-803
-938
-1124
-1344
-1570
-1710
-1840
-1988
-2100
-2125
-2151
-2224
-2378
-2410
-2370
-2234
-2260
-2464
-2583
-2669
-2583
-2655
-2653
-2557
-2260
-1937
-1265
-405
555
939
1019
753
808
879
809
438
309
287
120
-79
-273
10
141
232
294
653
1117
1156
846
732
883
887
629
235
348
667
832
785
864
1120
1160
930
509
390
176
-195
-580
-533
-57
305
413
521
835
1181
1155
826
557
478
449
322
279
461
716
854
888
1030
1151
1200
1192
1228
1633
1938
2184
2125
1892
1705
1338
1066
824
640
764
672
851
749
716
627
385
351
131
84
30
-17
36
-5
-31
-103
-191
-227
-370
-423
-603
-716
-809
-976
-1075
-1269
-1410
-1577
-1801
-1870
-2124
-2184
-2354
-2486
-2424
-2502
-2346
-2543
-2498
-2621
-2665
-2750
-2976
-2967
-2648
-2282
-1449
-475
817
1415
1487
1185
892
995
803
570
369
512
308
52
-304
-237
-151
-142
-111
259
823
1018
791
612
730
698
427
162
260
800
1094
1204
1285
1449
1341
870
354
4
-168
-478
-719
-550
-15
398
449
388
446
533
450
176
63
130
254
302
356
475
608
678
716
867
1085
1306
1434
1581
1746
1783
1690
1673
1706
1619
1416
1136
841
727
734
834
835
792
640
360
273
226
230
238
331
547
653
602
458
252
113
1
-100
-213
-362
-477
-567
-712
-982
-1274
-1550
-1736
-1908
-2030
-2283
-2362
-2453
-2415
-2387
-2327
-2343
-2446
-2568
-2798
-2799
-3078
-3035
-2928
-2311
-1521
-447
663
1281
1351
1103
644
662
486
655
472
703
519
182
-211
-524
-519
-522
-341
119
638
1018
993
746
790
653
549
353
535
958
1365
1478
1384
1265
976
485
-39
-390
-518
-602
-579
-459
-162
111
147
64
58
129
211
174
130
160
236
251
188
161
231
502
757
1043
1240
1389
1465
1373
1226
1152
1159
1219
1381
1406
1386
1279
1133
964
805
800
843
734
746
561
549
539
472
506
453
549
616
621
548
433
259
64
-119
-230
-387
-502
-617
-632
-751
-975
-1238
-1592
-1767
-2034
-2159
-2267
-2259
-2182
-2082
-2003
-1959
-2120
-2344
-2630
-2823
-2849
-2729
-2566
-2229
-1853
-1510
-652
130
823
668
307
113
163
444
644
588
953
783
450
84
-295
-134
-192
93
536
1037
1294
1047
747
727
725
625
488
629
994
1281
1225
898
632
341
65
-215
-330
-197
-181
-102
-106
27
247
225
116
126
238
367
235
-36
-191
-207
-160
-204
-91
246
713
1026
1195
1211
1167
1069
871
834
1030
1312
1539
1632
1601
1466
1185
904
680
698
847
1022
1048
953
783
575
434
375
451
619
800
908
812
553
232
-106
-288
-319
-223
-109
-50
-109
-300
-640
-1039
-1437
-1649
-1743
-1740
-1717
-1739
-1816
-1956
-2099
-2217
-2324
-2425
-2531
-2645
-2589
-2686
-2598
-2621
-2315
-1983
-1597
-872
-146
238
91
-214
-209
2
450
614
783
1093
900
789
68
-41
-38
98
328
610
1148
1238
1089
812
670
774
645
448
520
788
961
719
417
159
159
132
-92
-66
64
229
211
112
200
340
364
228
138
161
193
-43
-309
-436
-340
-272
-325
-227
91
462
669
650
644
758
873
916
980
1226
1473
1643
1574
1507
1505
1508
1246
893
737
758
865
940
898
848
731
514
359
274
335
507
630
526
424
204
-26
-173
-88
60
235
390
392
279
-44
-429
-813
-944
-944
-796
-690
-756
-875
-1086
-1312
-1503
-1625
-1678
-1666
-1649
-1584
-1538
-1582
-1683
-1791
-1825
-1777
-1781
-1743
-1584
-1363
-1204
-1135
-1211
-1166
-962
-780
-558
-411
-380
-288
-243
-169
56
359
673
996
1240
1433
1522
1538
1453
1293
1145
963
846
738
622
583
521
414
338
263
247
328
359
409
489
579
696
732
664
536
381
240
98
-11
-62
-87
-121
-192
-289
-342
-360
-335
-266
-180
-35
109
208
325
459
558
608
573
561
619
676
664
633
602
617
599
585
614
776
986
1139
1190
1053
867
739
635
585
607
634
711
791
800
718
592
463
362
283
207
116
-17
-205
-406
-620
-836
-1039
-1206
-1318
-1382
-1490
-1632
-1779
-1918
-2012
-2087
-2107
-2143
-2150
-2174
-2220
-2253
-2250
-2247
-2164
-1922
-1644
-1366
-1189
-1192
-1165
-1029
-899
-688
-472
-345
-125
94
246
557
899
1185
1432
1553
1672
1774
1794
1714
1635
1605
1503
1366
1198
1059
1013
939
791
679
646
643
691
679
666
683
652
619
565
463
341
160
9
-82
-107
-135
-205
-298
-365
-406
-424
-438
-444
-349
-255
-143
-72
28
159
332
416
473
478
505
586
647
705
743
772
784
852
942
1087
1242
1329
1324
1282
1127
957
824
736
727
811
834
834
800
679
573
392
248
111
47
-36
-191
-395
-650
-913
-1161
-1386
-1547
-1606
-1651
-1699
-1777
-1876
-1991
-2088
-2168
-2201
-2245
-2276
-2299
-2306
-2257
-2168
-2110
-1984
-1767
-1538
-1308
-1202
-1262
-1247
-1116
-942
-604
-328
-115
121
295
439
729
1014
1241
1454
1589
1719
1875
1922
1880
1856
1787
1647
1454
1247
1084
1008
885
716
621
582
594
610
569
518
472
386
312
256
216
176
94
-11
-93
-133
-177
-258
-371
-468
-531
-556
-572
-533
-462
-368
-259
-186
-69
76
236
361
452
514
606
685
723
771
835
899
980
1034
1066
1150
1251
1296
1278
1222
1101
1009
891
821
852
933
919
881
788
661
565
438
303
202
93
-81
-287
-569
-790
-1008
-1194
-1352
-1432
-1473
-1507
-1601
-1731
-1867
-1983
-2046
-2093
-2087
-2077
-2099
-2115
-2136
-2131
-2047
-1949
-1740
-1571
-1416
-1335
-1360
-1325
-1177
-979
-652
-366
-171
11
107
199
403
593
832
1049
1197
1393
1540
1646
1650
1626
1535
1428
1334
1225
1136
1061
950
825
738
640
606
601
560
516
436
350
308
268
242
190
124
66
31
2
-42
-110
-181
-291
-377
-466
-524
-520
-505
-469
-415
-352
-268
-167
-79
44
165
272
347
441
518
604
703
768
830
921
963
1045
1130
1191
1227
1180
1075
1027
1004
948
954
936
981
1009
958
858
784
714
643
568
442
314
170
-53
-324
-546
-746
-912
-1066
-1206
-1293
-1403
-1578
-1742
-1888
-1970
-1999
-2050
-2118
-2134
-2179
-2219
-2241
-2237
-2098
-1898
-1753
-1644
-1642
-1665
-1582
-1433
-1196
-891
-675
-464
-261
-163
14
192
392
616
821
1013
1226
1427
1559
1640
1657
1618
1562
1498
1415
1355
1293
1191
1115
1056
1004
960
894
818
760
709
657
632
617
598
557
450
301
202
105
12
-90
-203
-294
-367
-450
-547
-634
-722
-755
-751
-705
-619
-501
-369
-222
-81
19
85
134
222
329
470
581
667
771
849
901
971
984
1038
1101
1061
1027
999
958
976
1005
987
1015
999
947
916
892
857
782
681
537
396
222
-35
-286
-496
-691
-881
-1119
-1341
-1467
-1601
-1754
-1890
-2031
-2087
-2111
-2152
-2183
-2172
-2144
-2109
-2014
-1863
-1722
-1622
-1642
-1689
-1586
-1466
-1269
-1025
-883
-699
-527
-429
-224
6
200
426
593
750
928
1078
1196
1271
1343
1382
1404
1432
1407
1364
1273
1162
1076
1007
937
911
867
824
789
714
677
642
640
650
627
570
490
383
290
201
115
52
7
-45
-114
-217
-331
-462
-567
-647
-668
-614
-527
-428
-324
-251
-194
-145
-108
-52
21
151
266
365
451
484
530
620
661
718
788
802
846
869
861
930
973
969
968
934
911
918
902
866
842
783
660
517
378
215
55
-159
-386
-577
-767
-970
-1145
-1301
-1410
-1506
-1625
-1716
-1775
-1828
-1894
-1947
-1954
-1886
-1747
-1603
-1531
-1477
-1532
-1599
-1561
-1479
-1273
-1033
-923
-789
-679
-614
-433
-258
-51
180
312
456
605
743
877
970
1053
1135
1228
1303
1327
1317
1269
1168
1089
1017
953
966
924
873
845
798
786
776
767
774
749
693
641
579
516
442
356
279
223
174
109
47
-84
-240
-392
-518
-597
-606
-587
-523
-440
-398
-370
-360
-292
-204
-113
-47
-5
55
133
232
336
382
385
357
341
390
507
624
740
774
760
735
684
663
662
675
667
640
590
530
478
411
322
239
151
33
-109
-300
-509
-710
-900
-1062
-1171
-1260
-1310
-1393
-1497
-1562
-1612
-1629
-1562
-1465
-1317
-1211
-1259
-1318
-1337
-1296
-1166
-1034
-988
-882
-807
-761
-641
-514
-372
-215
-97
31
162
298
395
466
527
604
705
813
917
993
1036
1042
1042
1020
1005
982
960
919
873
806
766
775
802
838
848
823
776
731
677
610
538
452
406
364
334
299
225
141
27
-83
-187
-296
-370
-396
-381
-332
-257
-200
-170
-166
-209
-225
-193
-135
-10
107
146
154
79
14
21
71
158
244
293
317
360
352
345
307
281
280
264
253
203
158
121
94
84
72
27
-20
-105
-200
-293
-430
-553
-679
-816
-895
-983
-1085
-1126
-1169
-1180
-1117
-1020
-936
-863
-900
-942
-907
-841
-708
-565
-519
-501
-506
-561
-548
-478
-394
-274
-178
-110
-50
-28
-12
-4
13
44
110
191
272
349
404
452
505
577
648
739
801
834
840
797
747
713
693
707
747
761
791
802
793
782
730
680
651
636
633
625
582
537
495
449
402
339
275
234
214
198
192
156
111
50
4
-1
2
23
31
6
-26
-95
-168
-204
-204
-170
-117
-114
-126
-158
-203
-225
-262
-266
-263
-240
-228
-252
-293
-348
-389
-403
-414
-405
-380
-359
-335
-377
-440
-490
-551
-573
-593
-632
-667
-704
-770
-766
-682
-575
-451
-406
-451
-458
-412
-350
-185
-76
-29
1
-35
-54
-14
29
56
81
36
17
5
-11
-35
-62
-76
-117
-143
-182
-203
-196
-193
-188
-151
-103
-28
50
109
168
192
209
241
317
396
450
464
460
480
486
501
512
543
607
656
698
720
739
733
719
699
699
725
768
812
862
879
835
751
631
557
535
505
496
485
424
355
238
115
57
44
10
3
-50
-107
-176
-292
-384
-458
-515
-589
-650
-706
-747
-783
-838
-886
-899
-900
-902
-895
-903
-918
-926
-943
-915
-880
-851
-815
-788
-774
-729
-711
-670
-560
-431
-286
-167
-108
-99
-46
27
170
373
499
573
604
577
584
647
665
734
771
745
730
687
620
537
428
291
187
109
39
-48
-135
-230
-310
-361
-413
-419
-394
-381
-348
-342
-323
-276
-240
-183
-138
-105
-64
-16
46
123
177
227
268
314
360
400
436
467
539
632
743
839
905
964
1010
1046
1077
1071
1063
1071
1067
1059
1048
968
880
783
669
594
522
436
353
252
124
-2
-135
-266
-394
-523
-655
-754
-846
-931
-1003
-1086
-1189
-1294
-1391
-1459
-1481
-1489
-1501
-1521
-1557
-1583
-1591
-1588
-1552
-1498
-1420
-1329
-1225
-1079
-904
-689
-478
-370
-322
-292
-248
-70
177
384
577
650
652
665
714
794
942
1060
1143
1213
1220
1213
1186
1111
1019
930
833
760
694
595
489
342
182
62
-29
-89
-153
-243
-361
-433
-507
-528
-526
-505
-475
-436
-416
-391
-351
-327
-278
-223
-157
-65
45
144
256
358
413
460
520
590
705
804
861
907
936
977
1057
1142
1209
1249
1258
1241
1207
1166
1124
1083
1031
975
899
790
654
496
313
137
-28
-187
-303
-418
-538
-674
-835
-995
-1139
-1264
-1380
-1458
-1515
-1568
-1603
-1674
-1749
-1809
-1856
-1853
-1805
-1735
-1679
-1653
-1615
-1490
-1319
-1098
-907
-779
-670
-553
-412
-221
-5
149
289
385
461
572
681
765
878
964
1020
1109
1135
1152
1172
1150
1129
1091
1030
979
947
890
832
747
645
550
461
358
259
145
16
-72
-160
-209
-252
-327
-411
-475
-524
-555
-538
-547
-515
-427
-337
-242
-177
-156
-125
-66
25
143
261
366
447
512
559
600
654
727
798
855
906
932
950
982
984
1002
1002
978
956
927
894
839
772
687
590
492
378
258
121
-35
-184
-339
-480
-625
-776
-920
-1046
-1158
-1268
-1374
-1474
-1548
-1594
-1637
-1639
-1633
-1642
-1641
-1649
-1618
-1506
-1377
-1268
-1137
-1059
-1013
-931
-846
-722
-524
-348
-224
-74
24
129
268
395
517
645
746
819
890
926
950
945
926
918
911
897
885
833
771
734
701
680
672
641
590
534
451
376
335
289
252
205
125
49
-33
-109
-157
-174
-191
-186
-189
-241
-282
-293
-286
-210
-111
-52
26
81
111
174
226
282
384
441
491
533
538
560
589
608
652
680
668
683
681
645
637
596
553
534
466
386
307
219
149
103
34
-53
-143
-267
-382
-484
-602
-705
-802
-918
-1011
-1095
-1178
-1231
-1291
-1333
-1371
-1374
-1320
-1275
-1201
-1138
-1102
-1035
-950
-878
-771
-678
-614
-517
-446
-368
-247
-157
-63
24
77
165
261
343
408
476
532
588
630
655
688
702
693
693
683
670
659
634
592
549
505
446
410
371
319
277
236
202
178
149
144
142
134
137
140
140
148
120
86
96
94
123
145
136
132
107
72
87
98
132
204
226
250
281
286
328
367
379
400
417
418
446
452
424
411
389
375
362
311
240
174
114
72
35
-8
-60
-119
-204
-289
-378
-440
-480
-511
-538
-612
-689
-746
-806
-836
-838
-850
-868
-884
-887
-861
-812
-767
-740
-716
-663
-643
-589
-519
-462
-386
-305
-260
-203
-160
-141
-69
-14
37
92
120
151
183
208
223
231
219
213
236
246
268
279
266
266
260
246
260
261
253
260
248
234
205
172
155
138
126
117
125
123
118
136
136
155
214
251
325
388
397
406
413
399
416
436
438
487
486
462
459
433
427
446
432
408
406
385
391
396
365
340
324
305
295
271
210
128
57
20
10
-20
-64
-137
-237
-329
-413
-464
-493
-515
-543
-592
-653
-717
-759
-769
-779
-753
-746
-733
-697
-663
-605
-562
-535
-474
-422
-368
-290
-246
-203
-151
-110
-55
-7
40
100
123
143
189
218
249
285
304
329
336
319
302
288
277
280
275
254
244
206
177
154
122
93
67
37
20
18
-8
-25
-49
-62
-63
-61
-41
-24
-7
0
-11
-26
-23
-8
36
97
127
135
137
127
160
227
271
324
364
376
392
403
399
416
437
424
433
423
398
397
362
308
278
261
217
181
118
42
-27
-96
-131
-127
-128
-157
-218
-309
-402
-468
-500
-510
-514
-535
-586
-657
-704
-727
-731
-724
-702
-691
-685
-674
-660
-626
-554
-479
-395
-332
-291
-238
-205
-149
-67
14
100
176
207
248
271
275
306
328
366
408
422
425
429
419
399
379
351
338
334
322
311
313
282
248
226
208
210
203
175
161
142
116
92
68
44
33
29
16
6
-19
-41
-41
-32
-7
34
33
40
64
70
74
97
105
127
160
175
190
204
198
203
217
221
240
250
245
243
237
210
201
190
186
197
180
151
112
48
-12
-46
-93
-104
-105
-150
-233
-311
-396
-450
-462
-482
-473
-478
-532
-573
-597
-642
-632
-616
-615
-585
-560
-560
-537
-500
-478
-425
-358
-311
-239
-175
-163
-127
-97
-68
22
95
150
211
220
229
254
261
299
335
333
350
343
317
304
279
270
269
267
267
259
242
210
186
163
148
140
140
127
127
109
94
93
79
97
111
97
88
65
48
70
88
113
139
133
112
100
79
81
92
103
130
147
154
149
139
141
128
127
138
137
149
151
132
118
94
66
60
47
31
11
-7
-51
-92
-132
-179
-206
-219
-221
-218
-238
-278
-315
-359
-378
-375
-385
-371
-376
-419
-448
-482
-506
-484
-474
-453
-418
-417
-385
-349
-322
-278
-236
-204
-145
-107
-67
-31
1
43
81
124
164
214
246
268
273
268
264
293
322
327
346
335
325
329
317
309
320
291
278
270
236
227
206
177
177
164
143
146
137
130
125
113
122
132
137
141
135
125
133
151
167
186
191
194
188
183
188
195
198
189
169
150
134
122
113
104
84
62
53
31
24
-4
-38
-61
-90
-120
-140
-170
-220
-245
-280
-308
-333
-362
-388
-422
-451
-472
-467
-467
-484
-503
-534
-563
-584
-578
-560
-539
-534
-536
-538
-546
-530
-520
-488
-444
-420
-398
-365
-343
-317
-281
-254
-217
-171
-124
-79
-37
4
48
93
131
152
185
217
230
254
270
270
276
283
293
303
310
297
296
304
308
334
340
347
338
312
301
294
293
306
328
336
345
352
348
347
344
340
342
341
344
361
374
386
387
369
369
367
372
399
397
402
405
384
365
359
347
341
340
308
294
271
244
221
184
148
111
72
36
1
-41
-88
-127
-168
-197
-225
-262
-298
-327
-367
-401
-418
-441
-436
-437
-463
-486
-533
-570
-567
-565
-559
-544
-569
-589
-596
-615
-598
-563
-541
-496
-453
-436
-392
-363
-332
-297
-260
-235
-184
-143
-142
-94
-75
-64
-14
19
69
112
134
141
157
164
201
231
250
283
278
275
267
248
264
264
258
283
280
275
279
269
269
286
281
279
282
278
281
298
297
296
310
317
324
340
344
339
344
330
333
343
345
349
340
343
340
332
333
342
338
352
353
325
313
287
263
260
259
246
222
198
167
153
125
87
50
11
-35
-83
-115
-160
-189
-237
-286
-330
-376
-405
-424
-436
-437
-451
-479
-516
-544
-571
-593
-581
-568
-566
-581
-609
-632
-633
-622
-597
-557
-538
-521
-492
-490
-461
-427
-414
-372
-340
-323
-276
-251
-235
-193
-182
-161
-123
-107
-74
-43
-46
-13
19
32
58
82
87
102
116
129
154
163
192
205
212
213
220
223
229
255
279
287
292
280
280
289
298
300
307
318
326
331
329
344
347
361
362
360
368
363
351
342
329
329
330
325
320
321
304
287
285
269
269
269
251
246
225
206
185
165
142
134
127
93
96
66
42
28
-16
-57
-85
-135
-177
-205
-247
-276
-296
-320
-340
-357
-386
-411
-452
-486
-502
-532
-545
-547
-555
-569
-585
-603
-604
-586
-560
-521
-490
-475
-454
-437
-442
-425
-409
-416
-389
-373
-359
-319
-298
-274
-236
-209
-191
-152
-128
-99
-56
-43
-14
17
8
20
42
52
91
128
164
200
219
228
244
243
249
271
283
302
326
339
354
371
378
387
399
400
420
450
455
457
444
443
447
455
462
477
483
478
477
490
500
495
491
473
464
453
436
428
411
399
384
360
334
320
309
294
273
238
218
196
166
136
116
77
49
21
1
-11
-42
-70
-106
-141
-182
-212
-260
-292
-315
-352
-378
-396
-409
-416
-427
-452
-465
-479
-495
-497
-501
-506
-504
-509
-513
-510
-516
-526
-511
-495
-480
-471
-465
-447
-439
-432
-416
-410
-394
-368
-348
-327
-304
-276
-254
-228
-205
-191
-173
-147
-115
-96
-81
-63
-53
-53
-51
-32
-20
0
28
36
58
86
103
120
131
153
190
218
241
278
288
305
318
314
342
371
386
410
422
415
429
433
426
442
443
441
463
458
444
461
450
444
453
436
433
431
410
400
387
371
361
339
307
291
266
242
224
194
174
169
151
123
106
68
44
28
-4
-17
-37
-56
-80
-110
-144
-181
-211
-242
-250
-259
-275
-292
-315
-324
-342
-352
-356
-365
-372
-393
-401
-402
-398
-402
-408
-416
-430
-423
-419
-417
-418
-420
-405
-388
-381
-370
-366
-360
-350
-336
-318
-304
-287
-269
-249
-241
-228
-204
-190
-173
-155
-143
-134
-120
-110
-104
-88
-77
-55
-33
-18
-6
16
33
45
61
80
117
145
154
157
176
201
222
251
261
280
304
310
315
326
336
343
368
378
390
393
394
400
404
403
403
411
409
411
406
401
395
381
360
335
328
306
286
255
233
215
186
170
145
137
117
86
62
36
26
4
-14
-32
-64
-84
-105
-124
-133
-133
-144
-162
-187
-191
-188
-204
-207
-207
-213
-224
-219
-228
-235
-240
-244
-236
-233
-218
-215
-214
-215
-220
-228
-227
-214
-211
-216
-212
-214
-216
-211
-208
-205
-202
-200
-194
-207
-208
-200
-191
-176
-167
-160
-152
-138
-141
-133
-125
-113
-105
-100
-92
-70
-67
-60
-39
-33
-18
7
29
53
85
107
126
158
169
200
236
258
292
303
320
343
359
364
378
392
398
411
417
422
433
437
427
414
403
393
388
380
373
361
337
310
280
255
235
213
185
147
120
93
60
30
13
-16
-45
-52
-77
-101
-130
-142
-152
-167
-181
-196
-213
-229
-228
-235
-247
-257
-265
-277
-277
-275
-274
-277
-277
-270
-264
-263
-262
-252
-247
-245
-243
-235
-222
-216
-211
-222
-226
-225
-231
-227
-218
-219
-223
-228
-229
-221
-219
-205
-197
-191
-178
-177
-181
-186
-187
-178
-174
-161
-149
-150
-152
-144
-144
-126
-112
-91
-67
-52
-36
-29
-18
-6
10
41
77
101
138
159
178
199
222
249
270
298
325
348
355
356
361
354
366
367
364
361
360
355
352
327
314
296
269
254
232
219
197
176
154
118
88
66
38
7
-11
-31
-45
-59
-78
-93
-119
-133
-149
-170
-176
-186
-180
-181
-187
-187
-192
-186
-173
-165
-150
-133
-118
-103
-108
-111
-104
-97
-95
-78
-68
-64
-45
-39
-36
-23
-19
-11
-8
-6
7
9
10
-3
-21
-27
-46
-45
-41
-37
-34
-34
-44
-49
-56
-54
-49
-63
-61
-54
-54
-47
-48
-57
-57
-60
-45
-32
-16
7
12
21
31
39
50
64
88
113
128
147
157
179
193
210
232
248
264
282
302
299
307
306
312
312
318
312
304
290
284
274
252
232
203
192
177
147
120
95
70
45
22
-5
-30
-53
-81
-103
-118
-129
-143
-154
-172
-192
-199
-204
-211
-215
-225
-230
-233
-236
-235
-233
-229
-218
-203
-187
-179
-170
-162
-152
-134
-122
-101
-82
-69
-61
-57
-49
-50
-41
-25
-14
-1
3
-1
3
0
-7
-8
0
-6
-9
-4
-10
-14
-20
-27
-36
-38
-41
-46
-50
-63
-69
-75
-70
-65
-66
-67
-68
-62
-55
-44
-36
-30
-23
-17
-2
16
30
38
51
64
78
96
98
106
126
147
156
161
159
167
170
174
181
181
184
189
196
189
183
171
160
155
148
138
124
120
97
86
59
31
15
-9
-20
-38
-60
-80
-97
-111
-122
-143
-155
-166
-180
-186
-197
-201
-197
-205
-211
-213
-215
-207
-205
-208
-209
-199
-183
-179
-181
-169
-151
-132
-119
-108
-98
-83
-72
-57
-36
-26
-10
6
15
30
37
35
45
50
65
68
70
73
70
77
78
72
75
72
64
61
52
46
46
37
35
28
19
23
15
18
19
17
15
25
21
20
13
5
21
31
33
29
30
34
46
55
62
68
80
83
87
90
84
86
85
88
87
89
89
94
84
65
62
64
58
49
42
51
51
44
29
19
14
6
6
3
-4
-24
-30
-43
-49
-60
-76
-86
-103
-104
-108
-113
-117
-123
-125
-125
-120
-121
-128
-130
-130
-127
-128
-134
-129
-120
-110
-105
-103
-94
-80
-57
-48
-40
-39
-41
-31
-17
3
19
28
38
46
56
66
72
79
86
96
108
108
109
114
107
115
129
125
124
126
124
125
119
108
111
111
109
103
104
101
108
105
98
97
95
100
93
93
93
90
81
68
56
66
69
73
72
63
60
57
56
48
36
34
44
36
28
22
15
22
10
-10
-21
-23
-24
-27
-36
-47
-51
-56
-60
-67
-65
-74
-79
-88
-103
-101
-105
-111
-110
-114
-123
-131
-132
-135
-135
-140
-138
-140
-142
-139
-139
-132
-128
-123
-124
-119
-114
-117
-107
-99
-92
-88
-78
-74
-54
-41
-32
-20
-14
1
17
35
45
58
61
73
79
86
99
106
115
116
122
134
143
153
147
150
155
157
163
163
162
165
167
164
158
150
143
147
150
147
137
130
125
118
111
101
91
85
81
75
69
59
54
50
36
28
27
17
8
-4
-10
-18
-29
-38
-52
-64
-73
-82
-91
-98
-108
-124
-133
-136
-143
-155
-158
-170
-177
-178
-187
-196
-199
-201
-207
-205
-206
-204
-199
-204
-209
-209
-205
-198
-192
-193
-191
-192
-185
-181
-174
-168
-159
-150
-145
-131
-121
-113
-104
-87
-74
-62
-50
-44
-34
-22
-2
13
25
37
52
61
71
85
96
113
119
132
145
150
163
174
178
188
198
205
211
212
209
213
208
202
204
204
203
203
202
195
188
180
178
172
169
163
150
140
132
130
126
121
110
100
83
71
64
52
42
32
29
18
13
5
-5
-19
-30
-38
-51
-60
-65
-81
-90
-101
-109
-113
-128
-139
-144
-146
-147
-159
-169
-180
-186
-185
-194
-206
-209
-204
-202
-201
-206
-207
-202
-202
-201
-198
-192
-181
-172
-172
-169
-161
-152
-139
-130
-124
-115
-106
-98
-85
-74
-58
-42
-32
-15
1
14
30
40
53
68
82
96
102
113
120
130
143
145
152
161
172
181
185
189
192
195
202
205
205
203
204
205
208
208
204
204
200
199
186
180
178
170
167
171
171
156
151
139
135
131
118
113
104
98
89
83
68
55
49
42
38
27
11
3
-5
-14
-17
-27
-40
-50
-62
-75
-90
-108
-116
-128
-140
-152
-161
-173
-181
-190
-196
-207
-212
-215
-224
-224
-229
-235
-237
-242
-245
-247
-248
-247
-242
-240
-240
-238
-230
-230
-225
-216
-212
-198
-190
-181
-170
-164
-148
-134
-121
-102
-88
-71
-53
-41
-29
-18
-1
12
23
41
56
66
77
89
106
124
140
155
156
164
178
186
194
201
205
212
219
217
224
232
234
234
237
236
228
228
235
232
229
230
230
233
227
220
209
200
194
187
182
177
168
152
142
133
126
114
106
101
88
74
60
50
40
27
19
12
-4
-25
-42
-48
-56
-67
-73
-90
-98
-107
-120
-132
-137
-150
-166
-175
-184
-186
-194
-197
-208
-221
-226
-229
-231
-231
-236
-238
-232
-229
-229
-227
-224
-215
-205
-203
-199
-192
-183
-173
-163
-153
-146
-141
-130
-109
-98
-87
-79
-70
-62
-51
-36
-23
-11
0
17
24
44
63
74
82
92
101
108
120
126
138
145
147
151
158
162
171
182
185
185
191
198
193
193
196
197
209
209
207
198
191
192
185
177
172
169
163
161
151
146
141
136
128
111
104
95
84
73
63
53
40
31
24
9
-7
-16
-23
-32
-45
-57
-65
-72
-83
-90
-96
-110
-121
-127
-135
-141
-146
-151
-152
-150
-153
-160
-162
-162
-162
-165
-160
-155
-151
-146
-144
-133
-134
-135
-133
-127
-122
-120
-109
-103
-100
-91
-79
-69
-57
-45
-39
-27
-17
-8
3
7
20
17
21
30
35
38
48
55
62
74
79
88
97
108
107
108
119
127
134
139
140
147
150
149
144
145
143
142
149
151
155
154
150
146
147
146
137
130
125
119
114
107
99
84
75
65
63
55
39
34
27
17
5
-5
-8
-16
-30
-37
-49
-60
-68
-76
-82
-88
-96
-104
-116
-122
-128
-138
-142
-148
-149
-151
-152
-161
-166
-168
-170
-172
-177
-175
-175
-172
-169
-167
-170
-172
-170
-162
-156
-157
-150
-144
-138
-127
-118
-113
-114
-115
-112
-104
-101
-92
-79
-69
-57
-48
-52
-42
-35
-23
-9
-1
12
18
27
37
44
53
62
65
72
71
83
92
99
108
110
121
127
133
134
133
130
139
139
151
164
166
165
162
167
162
164
161
163
156
154
159
153
146
142
137
131
130
125
116
101
96
90
77
69
64
52
43
35
18
6
-8
-14
-23
-28
-39
-47
-54
-62
-70
-76
-82
-90
-96
-99
-104
-104
-112
-124
-125
-129
-128
-130
-131
-130
-127
-129
-129
-121
-125
-120
-112
-106
-105
-105
-101
-96
-89
-79
-76
-73
-63
-61
-55
-49
-40
-39
-33
-18
-14
-7
-5
-3
0
2
6
10
9
16
23
31
37
45
49
53
59
65
71
70
66
78
82
86
89
83
92
96
102
105
104
106
104
100
107
110
106
109
108
112
115
110
112
113
105
102
96
84
81
72
72
65
58
61
58
54
51
41
30
32
23
20
13
-4
-13
-28
-36
-45
-51
-63
-75
-81
-88
-96
-105
-114
-113
-110
-112
-121
-123
-127
-133
-131
-131
-134
-137
-138
-134
-131
-130
-125
-121
-113
-107
-98
-97
-100
-101
-94
-84
-82
-75
-69
-62
-53
-43
-39
-27
-25
-18
-9
-8
2
4
13
23
32
41
42
47
57
57
58
64
61
67
69
68
75
74
84
86
85
90
91
97
103
110
104
103
102
105
106
106
108
107
105
107
108
107
111
106
107
104
104
105
104
106
106
101
91
84
78
75
66
59
48
40
31
25
22
12
3
-7
-14
-27
-41
-49
-59
-66
-72
-80
-90
-102
-108
-112
-117
-128
-140
-144
-144
-150
-150
-156
-161
-162
-161
-161
-166
-167
-171
-169
-169
-161
-156
-159
-159
-157
-150
-144
-136
-131
-117
-110
-99
-85
-84
-83
-72
-63
-57
-47
-43
-37
-36
-28
-18
-14
-4
-6
0
5
10
21
25
35
39
46
58
63
69
71
72
77
86
92
102
105
110
115
116
119
121
125
131
133
136
136
134
138
141
141
142
144
138
135
138
137
139
132
133
138
133
128
118
113
109
104
102
94
78
66
58
55
49
36
26
15
8
-1
-7
-19
-27
-30
-39
-46
-51
-61
-65
-71
-70
-78
-83
-80
-89
-92
-104
-112
-116
-116
-116
-117
-120
-122
-120
-114
-111
-109
-108
-109
-107
-106
-102
-96
-96
-88
-88
-83
-79
-75
-69
-70
-66
-66
-63
-54
-49
-46
-42
-46
-50
-44
-35
-33
-31
-23
-21
-19
-12
-1
10
12
22
26
28
34
39
50
54
63
70
73
74
79
81
88
89
89
86
87
97
100
102
101
99
105
105
112
112
108
108
104
108
106
99
96
94
86
81
75
70
66
62
61
54
45
36
30
27
25
13
7
3
-10
-9
-19
-24
-31
-36
-38
-44
-51
-61
-60
-64
-64
-68
-78
-84
-85
-87
-88
-92
-101
-99
-101
-99
-95
-97
-99
-95
-89
-89
-81
-75
-74
-67
-66
-64
-64
-63
-54
-44
-40
-40
-41
-42
-40
-34
-25
-24
-21
-20
-17
-9
-7
-5
1
8
12
18
18
21
26
32
37
40
45
53
57
65
71
68
66
68
76
86
92
94
92
91
100
101
111
109
103
97
92
93
95
99
94
89
89
84
77
72
73
67
66
64
60
56
51
41
25
24
15
12
7
0
-9
-20
-20
-26
-25
-27
-29
-39
-49
-55
-57
-59
-62
-64
-65
-68
-76
-84
-85
-87
-87
-89
-92
-98
-98
-97
-100
-100
-107
-103
-98
-93
-96
-103
-100
-95
-91
-81
-78
-84
-87
-92
-82
-74
-69
-71
-77
-70
-62
-55
-46
-56
-70
-76
-58
-34
-21
-19
-38
-54
-53
-27
4
22
18
-4
-21
-10
19
42
51
36
25
24
38
59
66
62
54
67
82
96
93
75
67
72
94
116
125
114
95
84
87
98
110
112
107
99
88
86
89
88
88
88
92
85
87
80
66
58
57
58
53
48
35
19
6
5
4
0
2
0
-5
-11
-10
-13
-17
-21
-22
-24
-25
-33
-43
-48
-54
-57
-55
-56
-61
-64
-63
-64
-64
-66
-70
-68
-67
-66
-66
-72
-77
-79
-73
-65
-62
-64
-67
-78
-80
-78
-76
-78
-78
-76
-76
-76
-70
-65
-64
-60
-57
-59
-59
-59
-58
-53
-52
-47
-41
-41
-41
-38
-36
-30
-22
-15
-7
-4
2
5
10
12
20
24
27
31
37
45
50
52
57
65
70
69
67
71
72
73
77
80
84
86
89
88
84
81
77
82
81
80
75
70
69
65
66
63
59
61
61
54
52
46
41
35
28
23
19
12
7
5
1
2
1
-1
-4
-6
-6
-11
-15
-17
-15
-17
-15
-17
-23
-29
-33
-30
-24
-20
-21
-22
-27
-32
-35
-35
-37
-40
-43
-44
-44
-41
-36
-37
-34
-38
-38
-36
-34
-30
-34
-37
-38
-37
-36
-33
-36
-36
-32
-34
-28
-19
-19
-20
-19
-15
-11
-7
-4
-5
-7
-3
1
9
13
15
21
24
28
27
30
28
30
36
40
42
45
46
49
52
53
55
52
49
46
44
46
46
47
41
37
32
29
31
32
28
29
28
28
30
25
23
18
16
12
11
9
3
-2
-7
-7
-3
-3
-12
-15
-17
-14
-14
-18
-21
-24
-28
-27
-25
-26
-30
-32
-33
-36
-32
-32
-36
-38
-42
-44
-42
-39
-39
-42
-43
-41
-40
-36
-39
-46
-47
-53
-50
-49
-46
-42
-45
-43
-44
-42
-39
-35
-32
-31
-32
-32
-30
-27
-21
-20
-19
-16
-13
-9
-7
-5
-2
0
5
10
13
19
19
19
24
28
36
40
40
42
42
46
51
53
54
51
52
56
58
59
61
65
61
55
53
54
53
52
46
46
45
43
46
44
36
31
31
27
28
27
27
26
23
19
16
15
14
14
13
11
12
9
8
8
7
6
7
8
7
5
0
-3
-4
-2
-2
-1
-4
-7
-11
-14
-15
-15
-17
-20
-19
-21
-22
-24
-27
-31
-35
-35
-37
-40
-42
-44
-47
-48
-47
-46
-47
-48
-50
-52
-51
-51
-51
-46
-44
-45
-46
-43
-41
-39
-36
-33
-29
-25
-23
-22
-21
-21
-16
-11
-7
-2
-2
2
4
9
11
13
13
13
15
15
19
21
25
23
23
23
23
23
21
22
21
20
22
23
23
23
21
22
22
21
20
18
15
12
13
13
14
11
10
11
11
11
13
15
12
11
10
9
11
13
13
14
14
14
15
14
14
13
12
11
11
8
7
6
5
2
3
3
2
1
0
-1
-4
-5
-7
-10
-11
-15
-17
-18
-18
-19
-20
-22
-23
-25
-25
-24
-24
-24
-25
-27
-26
-28
-27
-27
-25
-24
-25
-21
-17
-16
-14
-12
-13
-12
-10
-7
-5
-2
1
3
5
7
8
10
12
12
16
17
18
17
17
18
17
18
19
20
19
20
19
18
17
15
15
14
11
8
6
6
7
5
5
3
1
-1
-1
1
2
3
2
1
0
1
1
1
1
1
1
1
2
1
3
3
3
5
5
6
8
9
8
8
9
8
8
8
9
9
7
9
8
5
5
2
-1
-4
-5
-5
-9
-8
-9
-11
-14
-13
-15
-17
-18
-21
-22
-21
-22
-22
-22
-20
-21
-20
-19
-17
-16
-14
-13
-12
-10
-10
-9
-7
-5
-3
0
1
3
5
6
8
11
13
14
16
18
20
21
20
20
21
22
22
23
21
21
21
20
20
18
16
13
11
11
10
9
6
3
1
-1
-3
-4
-5
-7
-8
-11
-9
-10
-11
-12
-13
-12
-14
-12
-11
-11
-10
-10
-8
-6
-5
-4
-3
-2
-1
2
3
4
5
4
5
6
8
9
10
9
8
8
6
6
6
6
4
3
3
3
1
-1
-3
-3
-5
-7
-9
-9
-11
-13
-15
-16
-19
-19
-19
-20
-20
-20
-20
-20
-19
-19
-18
-18
-17
-16
-14
-14
-13
-11
-10
-7
-6
-3
-1
0
2
4
7
9
12
13
15
17
16
19
20
21
21
22
21
22
22
22
21
21
20
19
17
16
14
13
10
9
7
7
5
3
2
-1
-2
-5
-5
-6
-9
-10
-10
-10
-10
-11
-11
-12
-13
-14
-12
-12
-10
-10
-10
-8
-6
-5
-5
-2
-1
-1
1
2
2
3
2
3
3
4
5
6
6
7
7
7
6
6
5
4
4
2
3
1
0
-2
-2
-4
-5
-6
-7
-8
-10
-10
-11
-10
-10
-9
-9
-10
-9
-9
-9
-8
-8
-7
-7
-5
-5
-2
-2
-1
-1
0
1
2
4
5
7
6
7
9
8
9
9
8
8
8
8
8
7
5
5
5
4
5
4
4
3
2
1
0
-1
-1
-2
-1
-2
-3
-4
-5
-5
-5
-5
-6
-6
-6
-5
-4
-6
-5
-3
-3
-3
-1
0
2
1
1
3
3
3
3
5
6
5
6
5
5
6
6
5
7
6
6
5
3
3
1
1
0
-1
0
-2
-3
-3
-3
-3
-5
-5
-6
-5
-5
-6
-6
-6
-6
-7
-7
-6
-5
-5
-5
-5
-5
-4
-3
-2
