-2
-4
-2
-1
-2
-3
-3
-4
-2
-1
-1
0
-2
-4
-3
-4
-5
-4
-4
-3
-4
-4
-4
-3
-4
-6
-7
-6
-5
-6
-5
-5
-4
-4
-4
-4
-4
-3
-3
-4
-3
-2
-1
-2
-1
-1
-2
-3
-2
-2
-2
0
1
0
0
1
2
1
0
-1
1
2
3
2
3
3
3
3
2
0
2
2
2
2
2
2
2
1
-1
0
0
-1
-1
1
0
1
1
1
-1
-1
-1
-2
-1
-1
0
0
1
0
1
1
-1
-1
1
1
1
2
2
3
2
3
2
1
2
4
2
2
3
3
3
3
2
3
1
1
1
3
3
3
3
2
3
2
2
1
0
2
4
3
4
3
3
3
2
2
1
2
1
2
2
2
2
1
1
0
0
1
2
2
2
2
3
3
2
1
1
1
-1
0
0
2
1
2
2
1
1
1
0
-1
-1
0
0
1
0
-1
-2
-3
-3
-2
-1
-1
-1
-1
0
1
1
-2
-1
0
-1
-1
0
0
1
1
0
-1
-1
0
0
-1
0
2
1
1
1
0
1
1
-1
0
1
3
3
3
4
4
4
3
2
4
6
4
5
4
5
4
3
2
1
1
1
0
0
0
0
1
1
0
0
0
-2
-1
-1
0
1
0
-1
-1
-2
-2
-2
-3
-1
0
0
0
0
0
0
-2
-3
-1
0
0
1
2
4
4
4
3
2
2
1
0
-1
-1
0
0
-1
-2
-3
-3
-5
-6
-7
-5
-5
-5
-6
-6
-7
-6
-8
-7
-8
-6
-6
-6
-5
-5
-4
-5
-6
-7
-6
-6
-6
-6
-6
-4
-3
-4
-3
-4
-3
-3
-3
-2
0
2
1
1
1
2
2
2
1
3
4
4
4
3
2
2
1
-1
-2
0
0
-1
-2
-1
-1
-2
-3
-3
-3
-1
-2
-2
-2
0
0
-1
-1
-1
0
0
-2
-1
0
0
-1
1
1
2
2
2
0
1
2
2
3
2
5
5
5
4
4
6
6
6
7
7
7
7
7
5
4
4
3
2
1
2
1
0
-1
0
-1
-1
-1
-1
-1
0
0
0
-1
0
-1
0
-1
-2
-1
0
-1
-1
-1
0
-1
-2
-1
0
1
1
2
2
3
3
4
3
2
4
4
4
2
5
5
4
2
3
2
1
0
-1
-2
-1
0
0
-2
-1
-1
-2
-3
-2
-2
-1
0
-1
-2
-1
-2
-3
-2
-3
-2
-2
-3
-3
-3
-1
-2
-1
-2
0
0
0
0
0
3
3
4
5
5
6
7
7
5
7
8
8
7
6
8
7
3
2
2
2
0
0
-1
-2
-2
-2
-5
-6
-5
-4
-5
-5
-4
-3
-4
-4
-4
-3
-3
-4
-4
-4
-4
-3
-4
-4
-4
-3
-2
-3
-2
-1
-1
1
0
1
2
2
4
3
4
4
4
3
3
2
3
5
3
3
3
3
1
-1
-1
1
2
1
1
3
1
2
1
1
1
2
2
1
1
2
3
-1
-2
-2
-1
-1
-2
-2
-3
-3
-4
-5
-6
-4
-4
-5
-5
-4
-2
-2
-3
-2
-2
-1
-1
-2
-1
-1
1
-1
-3
-4
-2
-4
-5
-6
-6
-5
-5
-7
-8
-9
-8
-10
-11
-11
-9
-8
-9
-8
-8
-7
-7
-6
-6
-5
-2
-2
-3
-2
-2
-1
-2
-2
0
3
3
3
3
3
3
3
3
3
3
7
8
6
6
6
7
5
5
6
7
7
5
5
4
4
2
3
3
4
4
5
4
4
5
5
4
2
2
3
2
0
0
0
-1
-4
-3
-3
-3
-2
-3
-5
-5
-4
-3
-4
-6
-3
-2
-3
-3
-3
-2
-1
0
0
1
2
3
3
1
3
4
3
1
0
3
-1
-3
-3
-2
-2
-1
-1
-1
1
-1
-2
-6
-5
-3
-2
1
1
3
5
5
8
9
10
11
11
7
3
6
5
2
0
1
2
5
4
2
3
4
3
4
8
8
5
3
6
0
-1
3
5
3
6
17
18
14
6
3
0
-5
-9
-3
1
-4
-9
-12
-17
-17
-18
-15
-9
6
8
0
0
-2
-9
-22
-16
-6
-9
-1
8
5
8
8
3
0
-3
2
-6
-17
-12
-17
-20
-26
-19
-7
-13
-3
20
19
14
12
7
12
-1
5
15
13
18
24
25
21
29
37
40
26
20
24
9
-3
-4
-6
-7
-7
-22
-41
-34
-26
-20
-20
-10
-4
-7
-35
-39
-24
-24
-15
-4
11
12
6
11
25
12
21
36
49
40
27
32
8
-14
-21
-39
-22
-44
-60
-26
-47
-53
-60
-44
-45
-76
-92
-49
-83
-75
-68
-71
-27
-4
18
31
84
74
60
50
88
98
70
80
107
80
57
64
54
63
35
48
46
15
2
-46
-79
-88
-85
-58
-71
-78
-45
-74
-83
-87
-73
-24
-20
-4
39
51
57
32
-7
15
47
37
65
88
115
100
50
65
103
33
22
16
18
-22
-67
-71
-89
-47
-101
-71
-43
-30
-55
-73
-101
-42
-93
-99
-44
-62
-5
-23
3
34
65
49
74
51
94
72
61
78
82
92
30
26
68
10
7
-34
17
38
-59
-36
-15
-49
-39
-97
-80
-21
-82
-83
-93
-11
-18
0
-5
28
52
18
-26
74
53
63
35
25
63
29
-4
29
23
23
47
5
26
-3
6
-32
-33
-59
-66
-33
-81
-106
-18
10
-2
-30
4
46
-51
-36
40
40
23
24
64
-8
23
57
-11
100
88
71
57
63
97
36
-10
58
36
10
-36
-35
19
-18
-47
-67
44
27
-39
-49
30
48
-53
-57
60
-71
-69
-3
-73
-15
55
40
14
8
86
66
-68
5
52
-28
-12
-21
-1
-40
34
12
-3
22
127
45
-94
-56
31
-30
-76
-76
16
2
-92
-66
-54
12
19
-71
-44
23
15
-51
-120
33
-21
-62
-36
-16
81
78
59
101
93
37
78
-19
59
-7
44
80
-35
-4
28
44
-43
-29
49
19
-41
-25
-60
-56
-59
-126
-95
-70
36
-59
-37
55
16
34
-28
-21
83
-39
-25
79
-47
29
17
28
145
23
53
116
-18
-112
-85
-101
-16
-148
-13
8
25
-141
-28
-33
-21
-83
-10
75
35
3
-161
-16
-59
-55
-204
51
103
41
-118
-20
77
-25
-206
-15
89
-44
-54
-5
63
51
-147
55
98
26
-48
-8
172
-24
-83
-37
83
-122
-160
-65
48
-90
-25
-57
17
61
-24
-35
23
-4
-24
-220
22
197
-53
0
124
178
60
-26
121
253
-75
99
32
146
25
19
5
-112
5
-95
28
-59
42
23
-97
-129
42
-100
-34
-52
-46
83
-198
67
73
35
181
43
34
248
-48
-42
294
76
136
50
143
265
-131
-58
149
-41
-188
-91
-62
-80
-72
-10
-66
-102
32
-264
-45
-19
16
79
1
179
55
-90
120
59
116
208
176
192
154
109
160
-118
80
126
-36
-84
-86
-16
-111
-150
25
-38
-128
64
-241
-121
-155
-245
-59
-74
-89
59
-92
35
-86
-104
-48
113
167
-15
168
216
188
-109
30
97
122
-122
14
299
73
-9
3
172
-217
-85
-94
-100
-239
-86
-51
-90
-123
-94
47
-174
-36
42
28
1
152
163
162
10
361
-51
101
314
105
282
-19
230
100
92
-78
141
-15
19
-189
-12
137
59
-71
-210
90
-265
-8
-203
78
106
78
-204
25
91
140
98
3
434
154
-62
-27
-105
92
-85
-159
71
79
-78
-61
-49
-84
180
-141
143
29
-56
129
-298
-197
-120
-129
-98
-146
-84
266
45
-170
-122
-17
73
-506
-142
-51
76
-262
-317
66
-132
-291
86
-86
31
78
177
140
-176
214
280
-442
89
163
96
-18
-35
613
-280
76
86
95
-49
-79
150
43
-108
14
-182
-179
-184
-314
20
-33
54
-13
-175
332
-171
-259
36
-15
69
44
97
48
419
-180
32
160
199
309
-90
69
330
-17
-171
335
24
252
-132
-196
206
-45
-323
-185
-102
-234
-337
-552
-54
-243
-340
-178
-256
122
-69
-84
388
253
77
207
167
219
-64
208
446
-33
477
151
137
162
58
-33
48
123
-192
-277
-190
-144
-420
-266
-76
-63
-273
141
-94
-157
266
-13
-261
186
264
-88
-2
237
133
-94
84
210
122
49
363
58
62
130
55
-109
33
101
-182
47
-201
-16
-134
-259
105
70
-72
43
184
4
-111
-149
343
-240
82
174
-133
-69
-229
287
-121
-231
260
160
-433
200
38
1
-205
18
-9
-352
-311
302
-56
-294
410
184
-60
-210
244
314
-359
-72
492
-14
-145
179
256
118
-270
87
-67
103
148
42
-93
177
43
-310
-209
243
-64
-204
14
4
198
-348
-4
262
-72
65
172
59
45
261
79
213
120
191
-100
-35
-10
134
-125
79
312
-387
14
136
-280
-321
7
237
-385
-159
180
-23
-394
198
11
25
-44
59
178
-145
251
114
-2
18
154
72
-11
124
76
29
-17
35
-84
22
37
3
-12
-159
-23
-121
-5
-216
78
163
-42
2
-95
92
-199
79
-164
143
32
-168
117
-81
-81
-28
152
-197
-12
-9
115
-137
-26
109
191
162
-182
261
-19
187
-224
-26
312
117
-324
32
115
-2
-263
-224
407
-271
-13
-171
-13
26
-285
-319
176
-325
-67
152
-330
56
-118
-79
-75
233
-21
125
-199
105
2
-87
206
186
-137
264
57
-112
134
142
-123
-142
196
-40
-209
66
56
-368
-153
-39
-306
-196
26
-5
-204
172
-118
-3
-26
83
27
-173
301
198
-165
319
176
124
46
-269
411
69
-265
128
159
33
-178
-193
280
89
-398
90
168
-159
-146
-64
24
118
-227
-265
265
-156
-204
-128
320
137
-43
187
260
-121
42
-2
78
213
32
5
130
222
-354
143
45
328
-247
-111
301
-108
-255
96
-51
17
-213
-75
314
-408
254
120
-208
85
431
-57
9
30
221
-238
-40
76
96
87
115
-8
25
124
97
-22
-2
526
-84
-264
269
152
-580
13
36
113
-555
13
463
-343
-209
406
20
-81
283
-81
99
-175
177
-193
-244
391
-41
-357
368
526
-607
162
507
11
-214
-85
499
1
-731
237
364
-516
-18
294
36
390
-187
63
285
-101
-184
73
-75
40
-49
-457
446
-101
-285
346
201
100
-288
395
88
-425
181
-10
-26
-28
-162
385
-210
-62
487
-472
449
97
175
46
-187
307
-482
48
-151
35
147
-102
250
230
-410
503
-413
86
-180
-177
261
-271
-93
-24
-136
-61
-102
-94
455
-434
264
141
0
-72
-87
133
-133
-433
354
-176
-502
468
-162
113
22
152
-8
-492
465
-274
-708
568
-219
-471
62
37
66
-294
58
69
-183
45
-1
-84
37
-271
-1
-296
-101
-154
-105
119
-182
41
344
-455
85
250
-396
135
-73
-100
-106
-96
104
-3
-322
616
-229
-133
287
-4
-280
-11
49
-336
135
-157
-232
-124
417
-564
-1
61
275
-366
147
363
82
-256
304
-39
-210
-137
-79
201
-127
183
236
-240
230
-179
-309
507
-111
-39
498
-659
244
-146
-192
181
88
116
387
-387
133
-164
-149
132
-262
511
-465
371
-320
-198
409
42
-24
373
-36
142
-352
166
-114
-253
-79
257
-86
-234
201
406
-553
-264
662
-227
-16
1
53
126
-366
-207
297
-89
-129
259
-67
380
-61
-28
-85
273
-203
-130
207
60
-125
-47
-51
303
-38
37
269
-88
-122
132
-47
-266
217
-344
331
-230
-42
278
-185
-174
388
-144
69
-39
98
251
-583
474
-18
94
199
-290
317
-135
-147
175
74
-35
16
-200
31
-155
238
-276
301
-49
27
490
145
4
456
-128
-27
65
-241
440
112
-208
351
-1
-92
57
-79
56
-366
583
-152
-229
296
181
-387
-45
142
235
-255
242
425
48
-133
221
432
-426
118
196
-96
85
-34
-174
533
-334
-235
378
-169
-146
115
64
226
-61
-52
99
-305
117
-82
-56
287
-141
-143
512
-399
83
-67
46
118
-238
32
262
-377
247
48
-432
301
197
-500
182
32
59
3
-399
575
-279
-253
533
-722
347
53
-477
315
-225
-114
109
-141
-13
63
13
-66
-110
0
37
46
-556
423
-128
-711
646
-432
-338
403
-404
16
-128
-1
72
-198
-88
441
-733
62
-120
-381
-78
96
-63
298
83
-304
192
-96
-71
-152
65
12
-49
-314
397
-186
97
13
-56
192
-84
-3
183
213
1
-181
256
44
-424
-18
-55
103
-162
-238
654
-480
-107
18
-21
-314
-109
-272
318
-139
-274
553
74
-269
198
127
-192
168
77
-178
131
210
-370
328
-33
-253
28
-43
-67
-83
149
438
-275
-202
17
-199
-300
40
212
-299
292
28
-372
502
-198
-224
107
206
-356
224
330
130
-16
381
-8
139
-450
386
-107
-365
621
-340
20
201
-386
-97
69
-71
-1
-234
569
-384
-276
768
-549
107
578
-515
109
269
-463
385
-300
341
305
-262
485
-8
-201
344
-177
-137
482
14
86
71
143
-269
70
-121
-81
76
-308
459
-19
-162
302
-140
-326
127
-229
121
-160
89
-20
-148
55
-158
315
-371
-79
185
219
-324
164
-6
-127
55
-339
372
168
-400
376
15
-279
387
-483
376
61
-710
612
-186
-413
268
-237
132
101
-275
344
84
-114
59
153
-82
135
-85
-112
157
-25
-181
178
-101
-122
115
37
264
-152
-42
340
-251
-49
370
45
95
-96
24
39
-130
215
-261
322
-218
-78
-48
-325
44
-82
-156
321
-262
61
215
-583
271
-182
95
112
-62
-35
143
-440
-157
446
-119
181
116
92
170
-537
101
95
-345
280
-33
-90
182
-106
-343
328
-125
-115
293
-32
-56
31
-139
119
-313
-22
149
59
-302
449
-91
-573
570
-310
-331
642
-715
289
178
-460
503
-108
151
75
-116
380
86
-216
428
-171
40
-92
426
-210
147
182
-127
-275
258
-281
128
73
-164
41
148
-269
10
-51
-127
181
-202
287
10
-202
208
-135
-230
390
-116
-39
195
-353
380
-106
-184
368
-404
148
225
-581
528
-306
19
-159
-285
491
-562
151
-132
69
-150
-317
184
29
-510
643
-339
53
268
-438
451
-113
-17
134
-167
264
-312
-135
402
-7
-299
382
110
-322
182
224
-372
122
120
-512
410
-78
-154
230
-93
104
-170
57
338
-194
-292
760
-903
213
70
-30
-123
69
141
-182
-166
336
-217
383
-34
107
196
-119
369
-19
-18
428
-26
-290
578
-673
523
97
-288
259
128
-371
320
-309
379
-252
-154
348
-714
197
223
-489
264
334
-295
71
-59
214
-290
-99
332
-171
55
126
-172
358
-195
75
216
26
-226
502
-638
401
-171
-364
485
-512
63
11
-222
131
35
-84
411
-402
317
-74
-186
101
-218
146
-103
93
-238
222
-195
117
-67
67
77
-87
-1
44
86
-314
231
-192
111
-275
122
228
-413
110
100
10
-333
114
263
-364
-28
465
-556
124
43
-489
429
-323
86
167
108
-258
311
-364
59
78
5
96
435
-243
243
199
-119
82
-138
373
60
-329
628
-64
-375
275
-283
-117
66
-342
450
-241
-102
199
-290
-17
111
-255
219
-140
-230
505
-717
580
-119
-134
333
-8
-49
177
-284
196
-124
67
-48
278
-66
-27
85
-34
-41
-114
233
-120
311
-394
352
-114
-265
11
81
-419
143
-166
-60
135
-77
153
-147
-388
300
-40
-646
596
-155
-558
481
-350
98
-75
-63
83
-170
-406
621
-699
409
30
-307
239
-312
-359
319
-458
324
189
-248
514
-398
21
266
-191
-19
291
6
29
-109
9
327
-226
182
119
173
12
-85
65
293
-130
-26
197
216
-474
95
152
-242
459
-266
30
197
-156
-196
19
40
132
-287
191
51
-109
-156
247
136
-438
429
173
-462
503
-140
-99
200
-496
437
-465
200
-96
-59
255
-18
-185
172
-273
259
-191
-66
426
-317
165
69
-318
220
123
-495
404
-125
175
-6
86
173
111
-171
105
154
-215
-129
422
-579
403
-369
71
420
-694
516
21
-366
19
86
-136
-96
66
94
279
-173
33
234
-475
441
-193
75
378
-232
74
113
-435
210
-238
91
21
23
121
27
-125
277
-396
90
30
-277
123
-142
-157
176
-365
318
-125
-131
244
-261
213
-295
205
123
-319
62
185
-332
233
-356
401
-56
-172
404
-199
-73
177
-477
276
14
-276
327
-162
-16
332
-343
108
313
-132
348
-482
537
4
-517
642
-266
296
222
-81
114
113
90
-102
60
451
-162
389
-491
484
-371
-531
870
-662
147
583
-507
129
38
-346
318
-164
269
-428
75
-65
-224
-25
46
69
32
-282
609
-750
428
47
-324
326
18
-235
36
205
-391
-24
166
-9
-460
403
-135
-77
217
-135
164
-137
31
-270
-276
535
-464
-275
566
-677
167
-324
-316
490
-328
42
433
-504
113
207
-696
517
-128
-284
333
-167
95
193
-115
100
-112
77
-94
41
312
-270
322
-267
-53
17
-295
177
-16
-173
334
-81
-2
13
-207
132
-128
-285
148
238
-298
310
-81
314
-319
277
-138
-87
366
-206
25
-82
118
34
-337
156
79
-498
317
-151
-21
113
43
-24
-301
132
-177
-330
253
-113
66
-80
322
-111
-124
280
-249
-94
196
-191
79
66
54
61
63
78
-178
-35
-207
149
-12
137
261
-83
-121
26
-283
156
-29
-90
162
-2
-290
283
-40
173
-362
457
-70
-171
453
-67
40
327
-264
152
-197
74
206
-470
708
-258
78
254
-177
197
-147
93
5
-307
671
-307
107
363
-423
325
0
-108
273
93
139
-62
-107
227
135
-290
110
-18
-238
114
-75
-43
248
-312
82
-232
3
-177
110
118
-12
165
-30
-193
80
-463
595
-285
-172
695
-297
-41
225
-280
191
159
-260
505
28
-162
141
-85
18
378
-463
272
-124
-161
130
-276
-64
225
-148
-285
296
4
83
87
-138
315
-300
20
260
-286
415
-62
257
-308
384
-104
-333
409
-113
19
419
-271
155
-123
-507
95
-193
-119
454
41
114
199
-451
216
-168
-305
560
-66
23
189
-72
-230
42
-174
193
78
-162
123
117
-78
194
97
-120
268
-100
-164
91
-338
40
127
-507
478
-270
-107
-6
-53
-137
185
-227
187
27
70
-196
148
-264
-273
-160
-36
150
154
-51
199
-126
-179
11
139
-132
149
6
-379
184
-278
-88
199
-213
-31
-89
6
-119
12
-28
176
-139
185
119
-194
-18
144
-293
145
4
62
79
-250
-48
-158
-211
327
12
-73
166
-137
-179
-211
171
-87
2
64
274
-324
-159
142
-122
-271
559
-62
156
-180
145
-297
-63
33
-59
72
-69
412
-158
71
287
-397
95
4
-13
207
-111
304
12
-165
217
15
-313
261
87
-116
311
-50
-1
-74
-433
74
-205
-224
202
-160
-20
-27
-89
-57
-227
82
-192
-28
174
-31
-32
293
-85
216
-4
78
169
-224
239
108
-23
196
-75
-184
82
-334
-125
-28
60
-107
42
11
-97
-292
-109
-219
85
92
96
120
67
-219
-12
87
-3
134
203
103
303
97
39
162
-295
314
30
204
37
63
9
-104
14
-63
50
-30
-139
-10
144
-32
5
-30
38
-85
176
-8
-223
344
45
-100
177
-23
28
-176
10
296
-4
-101
274
-9
-177
-19
68
144
129
-71
263
-34
-158
18
-115
121
-26
192
43
-134
308
-449
37
-163
-90
127
-123
54
83
-266
-31
-35
-180
128
-103
212
32
-32
-50
-12
-19
-144
16
270
-74
-31
-87
-3
32
-161
71
44
-5
-113
-30
47
67
-147
48
316
-95
7
90
-160
-77
-1
-86
92
85
-12
-14
-57
142
-9
-60
116
175
155
29
205
103
0
17
229
220
186
163
311
94
211
242
73
270
151
26
335
92
20
11
28
24
-38
-7
-43
-196
-179
-188
-232
-302
-276
-480
-335
-465
-421
-511
-573
-537
-635
-488
-599
-522
-695
-721
-693
-816
-409
-569
-333
-237
-237
-201
-391
-161
-256
7
194
362
416
365
271
272
435
467
731
875
757
714
695
513
468
431
455
609
460
617
442
214
134
-24
87
200
114
202
207
62
-79
8
-2
115
382
325
533
461
366
270
363
516
700
730
770
747
496
534
423
425
525
532
408
365
211
-129
-127
-339
-345
-345
-257
-709
-960
-943
-1050
-1172
-1330
-904
-1218
-1751
-1426
-1688
-1795
-1598
-1537
-1106
-902
-843
-1105
-1286
-1254
-997
-544
79
385
24
-208
-156
179
228
772
1074
1113
1251
1047
1083
1071
893
895
1237
1406
1345
1028
493
408
281
477
688
719
353
-166
-131
-325
-192
-315
-218
-62
-402
-247
-368
-458
-427
-491
-104
206
347
23
-102
-73
2
314
514
818
659
445
622
543
670
758
911
936
976
789
566
587
384
551
718
782
597
289
98
16
175
107
184
57
-281
-476
-670
-704
-714
-759
-736
-830
-1079
-1238
-1328
-1465
-1263
-1137
-1394
-1444
-1626
-1849
-1763
-1616
-1163
-802
-868
-897
-1418
-1590
-999
-477
121
383
-12
-427
-395
-177
269
1018
1250
1293
1154
863
1107
1186
1264
1589
1661
1617
1590
1101
643
642
860
1177
1258
833
367
-153
-342
-190
37
79
-115
-479
-895
-928
-875
-687
-552
-651
-574
-652
-638
-768
-831
-564
-259
135
147
131
-88
-18
132
520
1111
1114
938
876
710
810
1097
1354
1424
1359
1228
945
882
847
1000
1128
1174
913
558
220
38
60
105
144
-156
-532
-1000
-1216
-1133
-1198
-1194
-1362
-1602
-1923
-2162
-2278
-2161
-2027
-2187
-1936
-1622
-1578
-1633
-2014
-1908
-1560
-1083
-389
-305
-404
-691
-702
-128
404
928
1144
1064
936
1010
1256
1635
2030
1907
1823
1782
1655
1509
1359
1366
1555
1621
1332
1030
519
358
372
373
478
251
-222
-613
-801
-718
-531
-352
-521
-838
-1132
-1208
-861
-783
-607
-465
-655
-435
-585
-568
-295
-44
292
436
473
398
314
326
728
1086
1278
1268
944
759
921
1067
1330
1429
1264
930
795
694
744
760
610
460
170
-93
-381
-470
-558
-614
-741
-1056
-1274
-1618
-1800
-1702
-1679
-1691
-1969
-2239
-2175
-1794
-1572
-1465
-1728
-2059
-2140
-1684
-930
-412
-408
-887
-1021
-844
-163
600
919
1056
747
577
948
1453
1850
1946
1908
1774
1787
1657
1638
1789
1797
1826
1790
1455
1227
929
846
1040
1039
864
402
-10
-303
-224
-9
89
-38
-640
-1014
-1064
-891
-576
-498
-558
-774
-1007
-1078
-897
-520
-332
-256
-464
-427
-417
-419
-90
176
393
375
242
146
275
490
851
1032
1024
792
504
511
745
943
948
823
516
46
77
132
175
167
-264
-592
-749
-929
-1068
-1054
-1289
-1445
-1696
-2003
-1816
-1583
-1391
-1590
-2095
-2116
-2055
-1546
-1082
-929
-1095
-1525
-1436
-1028
-338
118
331
258
84
278
634
1277
1731
1580
1459
1458
1597
1742
1850
1961
2028
1990
1767
1627
1537
1586
1655
1619
1481
1190
784
491
578
649
699
548
98
-360
-620
-432
-239
-166
-438
-927
-1033
-1051
-972
-833
-755
-857
-952
-1094
-1024
-832
-877
-673
-598
-506
-557
-510
-481
-306
-1
114
241
217
166
248
410
638
746
672
482
428
484
509
671
533
370
4
-61
-4
-44
17
-238
-467
-644
-748
-700
-696
-635
-616
-944
-1247
-1348
-1415
-1112
-914
-863
-976
-1328
-1495
-1270
-829
-469
-308
-507
-676
-589
-328
206
603
602
465
371
441
807
1104
1249
1291
1174
1018
1062
1248
1501
1584
1498
1342
1163
1025
1017
1108
1198
1188
890
588
371
291
366
433
401
145
-176
-486
-468
-347
-232
-300
-551
-732
-1001
-879
-682
-582
-662
-906
-1039
-950
-705
-562
-404
-456
-555
-604
-481
-185
89
147
121
163
130
235
352
462
597
545
478
546
421
496
566
498
528
351
273
280
232
104
32
-121
-234
-282
-455
-394
-397
-618
-829
-1132
-1286
-1109
-962
-882
-900
-1186
-1430
-1392
-1172
-765
-488
-528
-562
-706
-588
-216
128
445
416
311
285
542
797
1128
1270
1188
1112
963
1114
1350
1448
1472
1255
1051
989
988
1039
1116
1052
779
586
422
401
432
391
320
125
-126
-320
-353
-323
-245
-271
-456
-667
-877
-909
-728
-602
-552
-709
-903
-985
-890
-622
-384
-215
-330
-461
-399
-190
151
408
412
284
229
335
569
755
815
825
668
590
632
769
852
784
684
518
380
324
324
319
200
49
-101
-321
-394
-521
-585
-590
-762
-887
-1005
-1035
-1079
-1117
-1240
-1266
-1270
-1261
-1196
-1192
-1177
-1115
-1034
-872
-705
-592
-505
-381
-265
-59
199
345
420
413
518
700
908
1061
1027
1003
971
930
1051
1106
1098
977
855
726
699
697
634
522
408
286
196
134
46
-21
-153
-177
-310
-447
-533
-602
-599
-628
-670
-757
-850
-829
-826
-754
-660
-646
-607
-547
-454
-337
-202
-125
-36
111
239
336
462
551
685
794
853
902
909
906
970
1066
1076
1113
1019
922
838
826
801
819
711
544
407
249
255
212
97
-52
-204
-369
-407
-449
-528
-600
-735
-864
-855
-912
-940
-950
-1016
-959
-945
-1006
-957
-957
-925
-836
-757
-717
-688
-636
-567
-453
-338
-262
-184
-88
-52
45
97
203
255
241
334
394
441
442
374
376
360
311
337
267
185
130
29
-66
-103
-189
-264
-330
-397
-506
-561
-558
-606
-614
-650
-616
-594
-597
-582
-564
-439
-381
-314
-234
-119
-76
29
143
191
365
434
561
685
713
804
861
886
977
1069
1073
1147
1121
1037
1046
1054
1052
1051
1015
926
861
786
690
667
642
579
495
368
280
213
154
103
41
-49
-113
-204
-226
-249
-308
-325
-371
-398
-416
-412
-408
-410
-404
-418
-384
-392
-334
-309
-307
-258
-281
-259
-264
-227
-220
-199
-202
-216
-224
-272
-225
-229
-198
-219
-309
-339
-376
-342
-330
-345
-440
-536
-599
-626
-553
-565
-589
-644
-694
-727
-664
-607
-578
-551
-620
-623
-580
-508
-404
-321
-260
-252
-247
-160
-107
21
164
233
279
316
330
407
488
576
644
652
657
653
703
726
786
755
725
735
678
704
718
708
654
589
540
535
524
518
471
407
335
305
278
283
265
200
214
140
113
67
48
84
62
56
33
21
-4
36
31
28
34
38
54
58
54
41
45
0
8
13
-40
-40
-69
-135
-137
-134
-151
-193
-236
-316
-353
-382
-405
-428
-459
-504
-566
-581
-590
-596
-652
-656
-692
-672
-673
-655
-619
-667
-673
-673
-634
-566
-496
-488
-449
-416
-401
-340
-286
-257
-175
-105
-64
-25
-4
20
89
157
209
216
223
246
277
338
359
378
389
426
416
421
464
435
444
458
439
443
415
402
371
356
366
346
334
287
256
260
262
238
255
215
210
233
200
219
188
153
177
196
213
238
218
150
155
165
160
182
162
122
124
131
109
99
68
42
17
22
6
-31
-72
-115
-106
-153
-161
-182
-217
-244
-262
-262
-312
-353
-402
-422
-387
-401
-389
-410
-453
-447
-437
-382
-349
-340
-389
-364
-329
-305
-261
-212
-219
-198
-160
-98
-52
-23
39
43
39
48
99
125
154
187
154
204
206
201
227
234
266
237
264
243
225
245
253
252
215
205
161
183
208
211
160
120
86
62
116
147
147
112
70
51
65
104
110
117
117
93
88
105
115
113
131
162
126
107
97
74
73
89
90
56
26
-45
-54
-30
-24
-31
-53
-85
-122
-134
-126
-122
-125
-146
-189
-224
-212
-239
-242
-267
-280
-278
-247
-246
-245
-255
-263
-250
-237
-181
-167
-124
-118
-67
-52
-42
-2
36
86
115
155
160
181
210
189
233
253
265
276
274
274
259
289
278
257
222
219
237
223
201
182
117
101
62
64
43
13
1
-47
-75
-117
-145
-152
-126
-163
-191
-177
-205
-231
-226
-209
-216
-208
-213
-191
-197
-161
-147
-110
-123
-108
-71
-74
-45
-34
3
10
10
25
23
-10
26
25
19
31
10
-27
-33
-7
-67
-64
-53
-106
-132
-151
-177
-173
-187
-183
-210
-245
-235
-236
-244
-233
-243
-228
-253
-196
-185
-181
-188
-133
-104
-73
9
34
25
47
91
132
183
216
265
250
277
314
330
335
376
389
398
404
413
377
403
405
418
388
378
355
318
331
303
314
279
262
205
170
148
123
93
120
69
74
70
35
-16
-49
-98
-148
-97
-63
-36
-52
-109
-199
-236
-218
-167
-119
-83
-108
-171
-198
-240
-252
-196
-159
-124
-133
-124
-191
-195
-214
-208
-185
-161
-177
-206
-241
-270
-278
-241
-215
-261
-263
-230
-241
-259
-238
-235
-280
-275
-215
-196
-157
-148
-182
-195
-170
-102
-34
8
-9
-32
-19
19
40
99
122
132
139
171
150
163
204
225
224
244
268
256
252
227
247
245
289
292
285
277
257
256
223
229
210
201
198
263
202
158
154
119
91
105
131
142
86
88
54
62
55
78
68
54
79
29
29
25
20
-6
-11
5
-34
-46
-18
-25
-46
-34
-55
-79
-91
-105
-90
-109
-110
-153
-191
-194
-164
-171
-197
-220
-254
-265
-282
-240
-234
-250
-267
-295
-306
-297
-302
-260
-247
-242
-238
-220
-233
-239
-221
-184
-135
-110
-106
-85
-82
-69
-38
-6
33
32
76
98
102
143
133
126
128
149
184
219
221
218
192
205
206
225
235
212
225
221
213
211
195
158
156
140
114
125
119
96
80
72
64
52
70
42
41
39
33
30
10
-20
-19
28
32
44
19
14
-32
3
40
42
57
59
32
8
4
50
23
48
43
28
15
9
4
4
-2
1
-25
-24
-36
-67
-69
-50
-56
-75
-76
-87
-114
-119
-120
-150
-148
-168
-170
-161
-152
-154
-168
-200
-197
-222
-237
-193
-155
-161
-142
-143
-153
-142
-121
-105
-79
-64
-24
-10
-6
23
21
41
69
91
109
143
162
181
166
194
172
189
212
174
165
164
148
124
140
180
162
144
115
87
59
72
64
40
63
48
21
-10
-53
-70
-86
-49
-39
-6
13
-25
-40
-94
-97
-97
-53
-68
-25
-8
-10
-32
-2
-17
-14
7
28
38
31
25
25
25
46
53
78
96
71
107
65
102
74
109
121
110
146
100
95
69
87
80
103
130
103
68
79
49
32
22
41
0
-8
-12
-21
-74
-99
-54
-71
-45
-76
-92
-103
-186
-180
-126
-77
-67
-90
-114
-215
-234
-208
-198
-169
-111
-150
-133
-148
-142
-158
-119
-92
-96
-76
-23
-42
-46
-26
-5
2
27
61
53
87
83
115
107
146
137
107
121
109
102
112
142
110
28
101
87
-2
17
75
48
-8
-19
-3
-34
-41
-55
-26
-39
-10
-52
-57
-50
-73
-100
-30
-35
-46
-64
-34
-28
-43
-57
-48
-16
2
37
49
47
19
55
41
29
64
93
45
56
111
77
89
168
93
82
49
106
142
83
97
69
68
43
21
104
94
27
63
-14
-59
-56
-31
-28
-30
9
-91
-204
-85
-77
-113
-70
-24
-43
-116
-84
-78
-146
-32
-63
-52
11
1
40
14
65
75
7
17
-44
-64
-79
-105
-44
33
-76
-197
-41
-73
-161
-110
37
-84
-10
-34
-77
-17
27
-92
-73
24
-41
-79
172
5
-14
168
41
27
-31
66
84
-39
116
113
-161
144
25
-122
0
78
31
15
70
47
20
-71
-127
40
25
53
119
-63
-4
-44
-80
58
12
98
141
-3
57
-109
-43
-45
-158
61
-118
50
26
-187
45
-195
36
-97
-175
129
-12
29
67
-56
-80
-223
50
-147
-21
288
-116
177
-78
-102
197
-349
293
208
-72
313
43
95
-39
-63
102
72
74
26
100
-33
20
91
-123
67
6
-68
-145
86
-170
-95
124
-318
100
-3
-143
-48
-162
112
-38
-196
160
42
-133
190
-159
94
59
-264
21
236
1
374
146
70
-82
-117
139
-224
92
483
-81
260
223
-255
-100
42
-148
127
254
193
157
-187
-254
67
-95
76
-40
-29
200
-322
-220
275
-41
-298
196
-129
-314
209
-296
-178
260
-73
108
-317
6
208
-727
246
149
-302
235
-87
-104
-52
157
-473
-15
331
-152
-89
271
-117
-190
138
-14
69
158
63
-140
-180
246
194
-138
220
107
-247
2
264
-78
450
34
-223
186
-61
283
287
-153
481
-44
-337
319
-69
160
404
-287
214
452
-409
5
593
-293
-34
263
-201
803
-724
10
901
-948
197
470
-621
582
-534
323
68
-754
671
-96
-583
346
-200
75
-164
-11
-138
-144
150
-695
269
122
-542
-20
-178
-70
-128
-371
207
-391
-84
-20
-605
332
-323
-51
183
-778
191
129
-932
189
118
-328
510
-504
44
-68
-533
-98
227
-30
108
613
-576
107
11
-238
359
-364
381
306
21
152
-4
372
-648
359
75
5
700
37
402
-258
450
-107
-120
419
-112
439
73
298
842
-896
642
84
-529
386
409
182
366
5
-57
231
-97
-174
495
-383
217
594
-227
239
54
-663
230
-4
61
-14
108
123
-557
38
185
-197
-209
-130
78
15
-182
322
-757
416
-451
-189
542
-484
3
-476
-383
643
-792
156
539
-712
242
-553
155
-187
-409
375
-103
-478
751
-877
-59
-238
-166
49
166
-197
24
244
-852
372
85
-725
585
-208
55
211
-322
243
-271
148
-116
397
-35
119
329
-790
911
-681
118
824
-665
577
3
-51
365
-224
426
-303
232
526
-123
57
269
-24
-245
468
216
9
560
312
-637
906
82
-434
656
-259
517
57
-291
1154
-1076
654
245
-668
872
-216
438
-252
131
419
-509
394
-318
-2
361
-135
193
-140
69
-332
-281
231
-214
-21
-229
404
-724
-7
27
-478
-69
-10
-558
128
97
-741
75
-185
-756
179
-465
-366
246
-590
99
-369
-356
192
-657
-94
-21
-489
175
-175
46
-260
-204
168
-390
290
-312
348
-121
-548
583
-252
-39
509
-585
151
22
-152
409
62
282
-94
-9
274
-351
573
128
-179
333
-66
442
116
-249
794
-543
394
288
-89
643
-496
515
-65
20
431
79
4
354
-240
382
-199
786
-240
8
1042
-496
-11
765
-1000
819
31
-207
906
-563
412
-229
-685
981
-418
-201
746
-495
108
-337
-200
320
-785
641
-50
-478
418
-427
-227
-60
-210
318
-288
-80
165
-989
331
-422
-278
-51
-176
10
-488
-172
-155
-435
294
-936
754
-644
-467
830
-1303
225
-10
-709
178
-23
181
-530
375
-429
-235
485
-637
501
-132
-405
799
-1080
644
247
-721
819
-384
277
-102
-144
355
-123
-241
672
-200
-246
363
125
-328
644
-206
834
24
-309
721
-265
173
603
-177
433
17
358
16
4
770
-245
298
146
-67
475
-393
509
616
-1033
1432
-851
-407
953
-713
631
124
-394
700
-812
367
-109
-116
183
-249
36
-177
103
116
-404
36
97
-309
173
-71
110
-179
-384
352
-296
-10
48
-362
-21
-288
164
-151
-202
247
-230
-176
162
11
-286
-186
69
-389
484
-346
60
64
-554
221
-350
187
435
-692
546
-102
-335
252
-59
97
-24
103
6
-289
437
-67
-443
830
-273
85
492
-775
703
-37
-512
713
-152
72
432
-283
403
124
-304
384
29
-93
424
187
74
37
205
-132
-38
252
103
287
420
-506
630
-292
-50
214
-260
453
-14
-391
856
-714
192
271
-569
548
-405
32
-131
-350
238
-606
202
-234
-143
-93
-408
171
-387
-118
-180
-53
-160
-371
-36
149
-418
-144
96
-532
145
88
-331
203
-172
-100
-30
-210
152
-183
54
-133
-85
-20
-58
248
-276
257
-6
-321
146
-361
564
-241
105
258
-312
276
-222
-72
566
-804
731
207
-507
553
-184
-14
74
-727
1094
-602
-133
1252
-1156
288
136
-354
366
-183
563
3
-427
579
-657
314
182
-173
56
311
-287
629
-555
122
478
-699
769
-125
-2
584
-785
621
-286
-160
713
-520
251
-30
127
19
-395
376
-132
-233
362
-176
-215
-18
-100
118
-576
368
63
-916
487
-330
-244
320
-444
66
-64
-334
252
-372
-127
59
-180
-71
143
-159
68
-189
-207
356
-365
92
412
-254
20
44
-262
153
-125
137
111
-113
34
-37
-182
-5
426
-107
-222
458
-593
188
109
-644
1014
-547
-48
302
-641
510
-194
59
380
-440
505
-129
-149
246
31
208
-257
405
-7
81
285
185
-175
351
-178
94
338
-11
396
120
-208
209
101
-4
321
225
-43
355
-147
-68
498
-512
524
289
-288
206
-217
40
119
-41
194
-240
308
-496
359
-269
-2
81
-300
-32
-83
314
-159
-529
526
-744
-37
-168
178
16
-244
-22
-251
-203
-36
127
-209
349
-477
25
-2
-648
646
-434
-256
785
-890
455
-648
-259
582
-842
573
153
-568
318
-557
-580
598
-332
112
1
-6
108
-372
58
29
-341
299
-282
94
81
-294
331
-234
73
-34
108
-8
33
85
-8
293
152
-297
419
-390
77
185
-70
377
46
-49
88
185
186
-95
50
647
-528
101
693
-309
54
464
-322
537
-74
-43
598
-134
-196
713
-136
-119
569
-439
338
145
-584
751
-300
-283
1048
-845
263
575
-1012
758
-312
-321
821
-1036
590
-121
-473
464
-656
101
-23
-469
683
-478
-234
526
-666
-144
170
-283
-128
124
-309
157
-171
-344
283
-378
-82
346
-718
383
-243
-261
140
-358
137
-349
-143
-29
-247
2
-9
1
-164
100
-147
-293
214
-337
82
-6
-42
78
-215
192
-256
109
331
-521
454
-114
282
-380
271
348
-456
336
213
-212
556
-340
566
-123
338
168
-36
596
-222
252
334
-317
821
-284
231
867
-733
701
291
-141
252
243
-2
59
94
441
-56
125
14
80
-48
180
128
-26
5
251
-359
-3
372
-496
434
-91
-523
746
-385
-411
589
-304
166
60
-342
257
-365
-237
237
-38
-171
-50
-10
-325
-20
266
-617
286
-270
-337
127
-248
29
-36
-439
-281
280
-503
-56
-84
-248
46
-345
-73
128
-585
238
-285
-334
-3
-198
48
-355
136
-76
-246
10
-117
-317
503
-605
155
211
-337
-145
245
-51
-188
416
-240
277
-228
244
311
-419
160
390
-340
260
128
514
-530
535
83
-514
860
-363
355
559
-522
779
-563
213
263
-310
836
-95
-130
650
-329
-167
713
-496
454
-81
-8
515
-410
285
77
-169
424
-135
-166
683
-371
-219
680
-601
178
278
-601
732
-161
-618
949
-914
285
75
-540
751
-169
-533
682
-378
-452
485
-242
-194
411
-373
25
278
-727
431
-344
-348
697
-678
69
517
-743
29
321
-631
241
5
-458
315
-196
-203
166
-343
-220
149
-100
-231
336
-446
122
62
-667
636
-169
-28
152
-264
261
-353
165
134
-7
215
-205
382
-269
171
240
-289
426
-456
472
6
-116
449
-290
257
-10
-186
581
-301
257
53
-127
263
-323
98
397
-590
404
160
-223
92
-104
210
-240
282
158
-223
208
-50
-120
-88
117
111
-186
-104
329
-288
-101
410
-347
113
-40
-220
255
-81
11
-147
97
29
-257
-40
2
-141
-161
47
98
-197
-53
43
-137
-257
223
-387
-57
95
-382
163
-37
-196
-52
61
-200
-77
194
-85
-39
-116
-96
30
-293
326
-163
74
98
-247
303
137
-220
298
179
-42
340
-6
-77
304
-77
-285
700
-256
70
718
-593
395
291
-575
680
-525
127
710
-811
624
312
-670
478
-222
-70
622
-460
550
318
-387
166
195
-379
252
12
302
-128
200
-70
40
-57
179
-4
-10
151
-49
22
-118
-44
258
-143
-208
290
-85
47
52
-67
-17
296
-217
122
217
-232
-111
144
-340
87
354
-207
42
-160
252
-311
147
-85
275
-303
322
-165
-326
377
-462
314
-108
-308
433
-500
254
-155
-75
258
-646
628
-500
-3
266
-629
533
-331
-88
328
-285
21
41
199
-150
361
-104
6
69
-74
-118
144
-33
-280
241
20
-293
346
-362
144
117
-627
810
-539
-58
321
-474
295
-336
-76
283
-153
-81
368
-82
-360
345
45
-139
361
-236
39
99
-529
616
-373
-29
507
-642
409
-107
-611
681
-481
23
365
-856
736
-718
20
363
-269
303
-248
-42
-169
-305
254
-391
138
100
-241
159
-391
153
10
-362
453
-212
-50
-32
-32
152
-467
150
271
-294
-131
224
170
-195
10
360
-147
53
96
14
-1
-60
-93
37
407
-216
415
145
-322
370
-339
136
349
-264
188
292
-471
223
200
-383
67
303
-282
188
-62
290
-17
-519
624
-402
-159
304
-246
62
33
1
196
-59
19
74
-104
-73
261
-354
16
163
-297
96
-190
-60
-62
-205
-35
-45
164
-241
26
-75
-128
153
-612
427
-85
-440
398
-18
-17
-11
-411
361
-154
-323
362
87
-423
36
-29
-108
-42
-50
234
-178
102
94
-274
276
-22
11
-60
-81
-40
47
-81
213
300
-620
538
-234
-28
320
-249
322
-88
-263
446
-554
437
-267
-143
452
-320
166
42
-5
40
195
-54
33
145
-107
-67
175
-190
297
-168
234
123
-137
102
38
-75
-73
113
-140
262
-231
48
60
-109
69
-15
-112
152
142
-51
46
258
-421
306
-209
-230
429
-183
-23
157
-64
118
9
43
121
-58
9
73
157
-257
220
188
-239
237
-125
196
-26
-124
325
-83
-57
222
-98
417
-223
105
233
-392
393
243
-264
577
-258
43
328
-556
689
-297
16
378
-491
527
-102
-41
295
-46
-46
62
203
-111
123
35
86
26
-53
154
-56
-22
-23
69
197
-17
-35
9
-283
187
166
-249
215
-80
-223
72
-520
338
14
-251
411
-326
-332
381
-624
190
1
-267
175
-406
88
82
-339
99
34
-342
-25
52
-188
51
-36
-187
-24
-228
59
-288
336
-122
-36
12
-116
1
-24
168
-19
-316
190
-248
-130
294
-197
278
-240
-39
60
-110
235
33
-278
392
-290
-79
267
-309
96
135
-224
199
-30
-71
372
-288
190
108
-443
444
-201
75
256
-4
7
-200
137
13
2
242
-337
437
-228
-42
129
-305
99
-314
64
309
-310
63
160
-304
13
238
-325
151
292
-383
262
81
-132
-128
-9
201
-142
154
258
-384
400
111
-395
415
0
80
-198
37
543
-629
257
82
-282
262
-117
104
-41
-63
154
-83
27
23
188
-282
233
196
-217
149
-47
-39
72
-95
-35
314
-302
108
230
-89
23
23
-138
146
-125
247
25
-10
60
-122
91
135
-166
288
-200
107
30
-240
327
-220
154
-38
-251
449
-431
104
319
-499
373
-163
-81
3
-117
80
-242
154
36
-401
333
56
-494
406
-190
-63
-106
-80
133
-248
-86
119
-417
173
-126
-192
234
-321
170
-187
124
-107
7
218
-439
27
362
-739
494
-257
22
60
-327
371
-160
-334
586
-397
-63
435
-540
339
182
-358
398
-304
99
249
-456
621
-18
-130
511
-368
43
396
-276
146
325
-136
-81
235
60
-162
375
-109
7
32
-120
402
-314
75
340
-421
177
197
-401
305
-140
-28
322
-204
121
279
-279
149
37
-14
83
-69
163
110
-149
9
-32
7
-125
208
-258
306
17
-61
267
-246
-31
-10
-113
59
-88
-78
92
-236
50
32
-116
-113
153
-128
82
126
-168
-6
-44
-58
-12
-71
-1
15
-166
13
-18
-125
85
-101
-179
214
-156
-238
255
-409
42
241
-216
339
-229
4
226
-485
285
113
-140
71
66
-240
-28
-145
128
-6
-63
424
-206
-50
302
-244
81
80
51
15
-116
96
-75
169
-254
421
9
-229
429
-251
-35
428
-386
62
100
-203
238
-283
120
136
-580
374
-83
-214
401
-178
273
-293
100
63
-403
151
-367
209
67
-58
504
-499
232
4
-521
553
-123
-39
309
-182
-28
-150
-248
21
-98
-110
172
-96
2
284
-202
-168
283
-183
-158
236
-63
6
138
-227
187
49
-132
292
-227
34
93
-296
174
-15
46
-18
-49
65
-312
-12
271
-107
295
-83
149
203
-522
449
-275
-85
324
-254
332
-82
138
-73
-3
37
191
60
-11
97
-33
0
142
-225
318
-185
1
163
-158
226
-104
-2
107
-92
16
5
-83
127
-98
-42
257
-87
-216
416
-348
138
40
-295
138
-26
-10
-63
-167
11
26
-372
288
-189
-93
117
-102
66
-106
-121
104
-279
258
6
-131
106
-244
29
83
-133
184
-127
-24
55
-148
190
-152
-12
104
-236
347
-91
67
-208
-22
133
-186
135
158
-12
-71
70
-72
62
127
-128
50
145
-25
41
34
158
26
-226
-74
36
-160
210
21
-30
79
-198
-30
-150
188
41
-216
201
148
-139
-132
170
-19
-191
139
58
54
92
24
26
134
-197
-54
-86
-235
136
-112
-129
-17
-53
-147
56
-50
-24
-47
136
-156
61
-22
50
-218
-61
43
-79
-163
292
-137
-123
328
-204
-89
105
-133
175
-406
237
-29
-400
397
-337
143
135
-227
401
-111
206
281
-163
260
25
-49
318
-102
204
177
-56
290
-88
126
181
-233
346
-149
241
72
-188
289
-204
115
142
82
157
59
151
132
93
273
18
-75
83
17
-280
196
-58
118
-67
-57
-18
-178
97
-170
345
-36
-252
182
-454
75
-70
-94
190
-301
106
-115
-237
298
-334
1
52
-225
3
-189
-57
-104
-306
42
-315
-13
-74
-20
-57
-279
-150
-202
-304
-145
-36
-125
-135
-39
-274
-35
-116
-311
171
-116
-129
122
-59
-64
5
-101
135
-77
20
59
9
71
116
-18
148
-29
-20
14
-50
11
38
2
69
54
96
57
-53
67
48
-45
144
170
231
131
7
281
-67
106
122
128
114
283
-34
101
175
-70
180
-148
266
207
-145
324
-54
145
41
-147
351
-172
286
87
-94
267
-92
129
-41
141
152
-157
115
98
-55
61
31
65
19
-18
60
147
-226
90
-27
-189
17
47
-85
71
-162
13
-50
-64
38
-70
-54
-27
-21
-194
27
-17
-209
-84
256
-19
-102
208
-105
-102
39
70
-6
-245
233
-136
-135
204
-35
26
-69
159
-24
-88
72
-79
-2
-105
-125
27
-66
-139
57
23
-64
54
-40
92
-51
-108
51
-107
-59
-6
51
30
-29
-17
153
78
-39
206
33
100
-133
132
170
-325
113
101
-253
108
-145
-98
-268
-31
90
-290
200
-37
-148
-35
-58
-36
-29
-93
163
-24
-85
173
-157
-74
0
-140
114
-31
-64
184
-144
103
20
-187
118
97
-5
37
115
87
-106
6
96
-29
-8
1
88
43
-66
31
75
74
65
49
-48
183
-73
-92
299
-39
42
-16
-118
146
-40
79
74
116
141
-66
-76
79
111
-141
-5
64
70
-48
-103
91
176
-129
-43
159
-114
56
-45
1
178
-200
-58
44
-159
221
-101
-66
273
-154
-6
42
66
109
-123
158
-29
-138
5
-46
35
-14
74
42
-136
11
-70
-159
140
2
-160
177
-202
-18
-53
-222
83
-88
51
69
-32
46
-59
-97
46
74
34
-19
134
-4
-11
-81
15
15
16
85
8
116
-120
2
30
-146
30
-39
-61
-3
-15
-3
-96
0
47
-24
-112
49
26
-141
107
-9
-128
-42
-173
-28
-71
70
98
-156
57
-38
-31
-68
-17
50
-103
2
47
26
-48
12
30
-56
50
41
-27
55
153
26
-68
114
15
-53
121
78
114
-20
23
19
-146
15
64
-127
45
33
-70
-63
-48
48
4
-3
147
32
-24
116
-48
49
157
118
141
114
210
110
65
76
132
92
36
17
50
63
22
44
62
103
-35
-87
-53
9
27
-32
54
162
-10
-126
-15
-17
-108
-10
4
81
114
-112
-14
26
-44
-65
-64
104
14
-19
-36
-45
16
-194
-82
-66
-97
-45
-143
39
89
-46
-4
-26
25
-61
-85
-18
-8
15
-81
19
-9
-43
-171
-89
0
-97
-84
-66
9
-113
-118
-122
-121
-111
-181
-62
-42
-47
-71
-56
15
-35
-66
-60
-80
-55
-82
-122
3
-30
-100
-53
-19
-86
-13
-20
-4
9
36
-33
-28
61
-54
-69
-69
9
-23
-68
83
44
64
28
79
139
44
139
105
118
120
80
46
46
61
56
65
81
80
48
-2
63
42
20
46
16
43
4
11
42
45
38
34
-17
16
9
-14
-13
41
36
-43
-17
-3
-23
-85
-57
-42
-43
-19
-26
13
-21
-60
-55
-56
2
30
9
29
55
-61
-79
-50
-59
14
-31
31
26
-25
-56
-69
-30
-78
-39
-4
-8
28
-83
-56
-24
-104
-48
-43
5
22
10
4
21
21
-16
9
25
63
26
2
48
50
-34
-41
86
10
28
72
76
80
41
25
30
37
18
7
17
27
9
28
-20
58
49
-38
61
96
31
54
38
15
2
-37
65
34
74
5
39
56
-4
49
21
16
62
17
19
10
3
-36
-22
27
-8
51
26
16
52
29
36
-8
-16
-31
-45
-61
-21
-53
-50
-37
-76
-44
-61
-67
-16
-21
-40
-21
11
-95
-11
-43
-71
-1
-21
-3
-8
19
-26
9
-31
-9
15
-45
8
2
-43
-38
-68
-71
-44
4
32
19
29
12
-32
-2
55
-6
45
83
26
29
8
-31
-31
3
-21
43
47
-5
23
4
-7
-25
-39
-56
-1
-20
-33
-11
7
-32
-49
18
-22
-15
3
-10
10
-3
-12
-2
-3
-3
-11
38
11
27
21
-18
45
14
-14
1
30
-35
-39
-10
-27
-26
-17
-3
17
33
19
27
34
33
48
15
25
49
18
14
45
13
-19
21
-8
-10
2
-6
-8
15
-15
5
11
1
12
12
34
68
57
48
118
59
64
59
44
42
40
51
21
69
31
16
36
23
44
13
46
54
11
40
11
46
29
11
58
62
37
43
54
-6
56
8
10
34
0
2
-42
-9
-29
-20
-40
-10
-7
-36
0
-46
-35
-56
-86
-46
-71
-40
-62
-56
-39
-56
-52
-69
-19
-64
-41
-24
-62
-23
-73
-80
-76
-77
-87
-89
-67
-64
-58
-86
-61
-59
-73
-63
-40
-59
-37
-46
-61
7
-31
-10
19
1
50
15
8
41
13
11
20
21
38
24
19
15
33
6
19
49
25
67
58
47
89
64
51
93
73
79
105
72
122
96
72
114
93
81
88
82
83
84
52
44
77
29
26
75
27
60
69
32
64
60
52
60
50
58
54
39
49
53
19
22
34
19
6
27
-2
0
-10
-29
-33
-58
-20
-101
-65
-54
-99
-64
-93
-84
-82
-95
-89
-67
-88
-72
-66
-82
-74
-50
-97
-66
-66
-83
-43
-49
-50
-57
-56
-71
-41
-61
-58
-52
-45
-42
-65
-24
-41
-35
-16
-27
21
-13
-13
0
-20
-18
-5
-23
2
-14
-6
-15
-18
-8
-30
-13
-34
-9
-8
-22
6
-18
-2
-11
-1
17
4
-1
35
39
10
58
27
18
37
13
15
32
-2
40
17
16
27
-20
23
-16
-21
7
-5
-24
-5
-16
-12
-20
-4
-17
-24
8
-20
-8
-28
1
-11
-44
1
-34
-43
-33
-30
-37
-41
-28
-40
-43
-45
-9
-42
-21
-14
-35
6
-3
-4
13
-8
10
15
-10
25
11
6
21
28
32
38
30
26
23
23
21
10
35
36
16
59
36
24
39
26
13
44
45
28
61
34
41
50
21
34
41
23
33
58
28
44
48
20
35
24
13
15
22
24
13
32
13
-4
21
-15
-4
4
1
3
11
-8
-23
-6
-29
-23
-13
-27
-35
-3
-46
-30
-17
-43
-21
-28
-32
-22
-26
-43
-27
-21
-42
-33
-5
-39
-15
-7
-50
-23
-25
-22
-14
-6
8
-8
5
0
-12
-12
3
-9
16
30
14
36
22
25
26
21
42
37
42
48
56
48
32
64
33
30
78
34
58
65
34
45
42
37
40
36
38
37
21
42
17
34
33
13
36
22
3
13
7
-10
17
1
-5
-1
7
-10
-9
16
-30
-4
-6
-19
-12
-30
-20
-27
-23
-15
-33
-24
-26
-32
-23
-38
-19
-18
-23
-12
-7
-3
-31
-20
-3
-25
-9
-6
-26
-7
-20
-26
-17
-22
-27
-6
-20
-17
12
-25
-15
-3
-16
-5
1
-7
5
9
2
25
12
14
14
16
10
27
1
24
27
3
31
20
20
5
20
13
0
14
0
3
-3
-4
18
-17
-4
5
-3
7
-6
7
-7
-6
-5
-16
11
-27
-16
0
-9
-20
-12
-15
-31
-16
-29
-24
-21
-41
-25
-43
-48
-27
-50
-39
-40
-26
-38
-53
-47
-42
-41
-60
-36
-33
-35
-40
-38
-30
-42
-38
-45
-32
-39
-36
-25
-41
-30
-30
-28
-34
-30
-19
-27
-19
-15
-21
-13
-10
-11
-3
11
-8
17
2
1
14
-2
22
8
12
16
28
8
14
23
4
25
25
12
33
22
16
11
17
20
12
23
25
18
32
29
15
28
15
18
21
18
23
26
24
15
33
19
11
16
22
15
14
38
17
22
28
16
21
28
18
24
21
21
27
16
26
17
16
21
24
8
24
23
9
16
15
31
2
26
24
8
14
21
7
13
25
6
26
8
15
18
7
5
13
11
1
22
17
0
21
7
5
8
9
8
3
12
7
10
7
11
-1
-2
17
5
4
18
6
1
16
10
-3
12
6
3
8
10
3
16
0
7
17
-3
10
10
-3
8
16
0
5
17
1
1
7
-2
10
-4
-6
16
-13
6
8
-6
9
-2
-1
-6
1
0
-11
5
1
-2
-1
3
-9
-5
1
-16
6
0
-10
-3
-4
-5
-11
-2
-8
-4
-5
-2
-7
-6
3
-13
-10
2
-15
-9
-8
-12
5
-16
-1
-2
-13
-7
-8
-18
-9
-9
-16
-7
-9
-5
-20
-14
-9
-17
-15
-13
-13
-21
-9
-17
-30
-6
-23
-24
-21
-16
-25
-29
-22
-25
-14
-27
-21
-14
-27
-20
-23
-24
-22
-18
-13
-23
-4
-23
-25
-11
-19
-19
-12
-8
-15
-3
-5
-5
-8
-1
-8
-4
2
2
3
1
7
9
10
2
17
2
10
18
7
17
12
12
11
19
15
15
18
15
14
17
16
14
18
12
24
12
11
23
6
16
14
19
14
19
15
8
12
6
3
14
1
12
6
-3
11
-3
2
-5
5
-15
-8
3
-20
-10
-5
-15
-19
-9
-19
-21
-15
-23
-25
-18
-14
-29
-28
-20
-37
-29
-24
-35
-25
-31
-36
-35
-30
-40
-39
-39
-40
-36
-47
-32
-41
-41
-30
-41
-33
-33
-37
-48
-26
-35
-39
-23
-30
-29
-31
-31
-19
-30
-20
-19
-28
-8
-20
-16
-10
-4
-12
-7
1
-8
6
-2
5
10
15
11
12
18
16
18
22
25
30
29
34
29
37
38
30
41
45
35
43
52
33
61
48
46
59
43
58
43
53
55
49
55
53
54
51
47
50
45
48
45
46
44
42
41
34
44
35
28
40
27
27
29
20
20
23
17
6
15
8
-3
5
-1
-11
0
-9
-15
-9
-15
-24
-25
-23
-32
-22
-38
-31
-33
-41
-34
-48
-42
-46
-48
-49
-45
-53
-51
-52
-49
-60
-48
-51
-58
-51
-56
-50
-52
-51
-49
-44
-52
-44
-49
-42
-45
-41
-38
-38
-32
-38
-21
-29
-26
-20
-17
-22
-11
-6
-12
-3
1
-1
6
8
9
13
19
22
29
31
33
35
37
42
44
48
49
57
56
52
70
59
59
72
64
65
74
69
65
78
69
70
78
67
77
72
66
75
67
70
69
61
66
63
54
57
59
50
54
43
43
52
33
41
37
33
23
24
22
14
15
9
7
3
1
-5
-9
-17
-18
-17
-26
-23
-33
-33
-41
-43
-41
-52
-54
-54
-62
-60
-68
-67
-69
-75
-75
-75
-78
-80
-80
-84
-76
-86
-85
-83
-86
-80
-87
-79
-81
-82
-74
-78
-77
-70
-69
-69
-60
-56
-59
-51
-53
-48
-39
-42
-28
-35
-25
-16
-21
-9
-6
-6
3
9
12
18
19
27
31
35
37
43
46
45
57
56
65
61
61
70
67
67
75
78
71
81
78
73
82
75
75
88
72
78
80
65
76
75
66
70
71
61
66
63
52
62
54
46
55
47
40
46
35
39
34
25
26
21
16
12
13
5
1
-2
-9
-13
-15
-19
-23
-25
-28
-37
-41
-42
-49
-51
-53
-61
-60
-64
-71
-69
-77
-77
-77
-88
-78
-85
-89
-85
-90
-88
-85
-92
-88
-84
-94
-89
-82
-85
-86
-84
-81
-80
-76
-69
-71
-62
-59
-60
-53
-48
-46
-42
-30
-31
-20
-17
-18
-9
-5
5
4
11
23
18
28
32
36
44
42
49
53
57
60
67
68
75
73
76
79
75
84
79
83
79
82
78
79
85
80
79
82
76
77
78
69
78
69
71
73
65
66
64
56
57
59
54
55
49
50
47
46
42
42
43
40
37
33
33
23
24
22
8
15
-1
-4
-5
-12
-13
-20
-26
-30
-37
-40
-46
-46
-46
-52
-52
-59
-67
-70
-74
-76
-76
-84
-84
-85
-88
-87
-85
-94
-89
-88
-94
-84
-88
-88
-84
-80
-84
-75
-79
-79
-72
-73
-67
-65
-60
-60
-54
-50
-43
-41
-32
-29
-24
-21
-15
-20
-13
-1
-1
9
14
10
21
21
20
36
32
42
46
49
52
50
52
53
58
56
56
53
49
50
56
50
58
52
46
51
47
50
51
52
52
51
49
48
46
52
48
49
51
45
48
46
50
53
49
50
42
47
47
46
45
44
42
40
36
33
30
23
26
17
21
17
11
9
4
-1
-7
-7
-16
-15
-19
-24
-28
-37
-42
-44
-47
-48
-52
-60
-60
-60
-60
-53
-59
-58
-58
-66
-61
-61
-56
-55
-56
-55
-57
-57
-54
-53
-48
-46
-48
-43
-43
-34
-34
-29
-26
-31
-25
-25
-18
-9
-12
-8
-5
-6
0
1
5
14
11
16
16
14
26
22
28
34
35
39
37
42
43
44
49
44
44
48
46
47
50
49
45
51
47
42
45
39
39
34
35
34
30
33
29
24
25
23
18
26
21
24
23
20
23
19
29
26
27
25
21
23
20
22
24
17
12
9
1
3
2
-5
-1
-12
-18
-19
-28
-21
-26
-25
-26
-36
-37
-43
-43
-43
-48
-56
-57
-62
-66
-66
-69
-68
-67
-71
-69
-69
-68
-64
-64
-61
-60
-59
-54
-57
-52
-54
-51
-46
-45
-41
-41
-42
-39
-37
-35
-26
-23
-20
-20
-17
-14
-7
0
7
12
14
16
15
19
21
30
32
35
35
35
38
41
47
49
53
52
55
54
57
58
57
59
56
55
50
49
46
46
45
43
40
40
40
37
42
40
40
40
39
33
36
34
36
35
34
36
33
30
30
28
26
31
27
25
28
22
18
20
15
15
13
6
3
-4
-10
-15
-17
-22
-23
-32
-35
-41
-49
-47
-50
-53
-58
-59
-68
-70
-71
-75
-75
-75
-82
-85
-85
-87
-84
-82
-82
-78
-78
-80
-75
-77
-70
-67
-66
-58
-62
-57
-56
-51
-49
-45
-39
-37
-33
-28
-23
-22
-11
-11
-7
1
1
10
16
19
26
28
31
37
37
45
44
50
54
58
62
65
66
68
71
74
76
79
83
77
82
78
79
83
82
81
83
77
72
72
71
70
67
67
62
55
53
52
48
53
50
43
46
40
40
42
40
36
35
28
27
23
19
21
14
12
8
-1
-3
-3
-10
-13
-14
-21
-25
-28
-36
-38
-37
-49
-48
-54
-59
-56
-65
-63
-66
-69
-65
-69
-73
-70
-77
-77
-74
-73
-75
-71
-72
-73
-67
-70
-68
-63
-61
-60
-59
-61
-55
-50
-48
-45
-43
-41
-40
-36
-32
-25
-21
-17
-14
-11
-10
-5
3
8
10
15
13
18
23
24
32
31
35
39
42
43
49
53
52
54
52
54
54
57
61
59
58
59
58
58
59
59
59
60
57
54
59
56
54
54
44
46
45
39
43
40
33
31
28
26
23
21
20
15
11
10
6
3
-1
-6
-8
-15
-19
-17
-20
-21
-25
-30
-34
-38
-41
-39
-40
-41
-47
-51
-53
-56
-55
-55
-56
-57
-59
-60
-61
-60
-60
-56
-56
-58
-58
-54
-54
-51
-49
-48
-43
-42
-40
-34
-33
-29
-25
-27
-21
-16
-12
-8
-10
-5
-2
0
4
9
12
17
17
17
26
27
31
33
34
33
38
39
44
49
51
55
56
58
58
59
62
69
66
69
68
64
65
65
64
65
62
57
59
51
52
53
47
47
42
39
39
36
35
34
29
28
24
19
20
18
15
12
8
6
1
-3
-5
-10
-11
-17
-19
-22
-26
-30
-33
-37
-41
-41
-46
-52
-51
-53
-58
-56
-61
-61
-59
-63
-62
-63
-66
-66
-64
-66
-63
-65
-64
-62
-64
-63
-60
-61
-59
-56
-59
-53
-53
-52
-49
-48
-46
-44
-42
-37
-32
-30
-25
-23
-19
-18
-11
-8
-4
0
2
4
6
9
9
15
16
20
24
26
27
32
36
39
44
43
47
48
49
52
56
54
55
57
57
56
54
55
54
56
58
60
58
59
55
55
58
57
57
57
57
54
55
51
50
48
45
41
40
35
33
33
32
32
28
24
19
18
14
14
12
9
7
4
0
-5
-6
-14
-15
-18
-23
-25
-28
-32
-35
-36
-40
-41
-44
-45
-50
-50
-54
-54
-55
-55
-56
-58
-58
-60
-59
-62
-60
-62
-60
-59
-60
-58
-58
-57
-55
-52
-51
-49
-47
-45
-40
-41
-38
-35
-34
-32
-28
-28
-26
-21
-23
-18
-16
-15
-11
-7
-7
-3
1
1
8
10
13
18
21
23
23
29
28
34
39
42
44
48
47
49
51
50
55
56
57
54
55
51
54
56
55
56
55
54
51
53
49
51
49
47
46
39
37
33
33
29
30
23
21
17
14
16
12
11
8
7
3
5
-3
-4
-5
-10
-13
-16
-18
-25
-24
-30
-32
-33
-36
-37
-37
-40
-44
-43
-48
-46
-47
-47
-47
-48
-50
-50
-49
-49
-48
-49
-51
-48
-47
-46
-42
-39
-39
-34
-34
-32
-29
-28
-24
-21
-20
-17
-13
-12
-5
-6
-3
1
0
4
8
10
10
14
13
17
20
19
24
27
28
30
30
30
34
35
37
40
39
39
42
42
42
45
45
47
46
46
41
43
43
42
44
42
43
37
38
36
35
32
34
32
27
30
24
22
23
20
18
20
12
9
11
2
5
3
-3
-2
-3
-10
-9
-14
-23
-16
-25
-25
-22
-32
-32
-33
-39
-37
-35
-42
-41
-42
-47
-43
-46
-49
-47
-50
-51
-49
-52
-51
-47
-53
-49
-49
-53
-48
-46
-47
-43
-44
-46
-41
-42
-39
-36
-35
-31
-30
-28
-27
-21
-18
-15
-11
-11
-9
-6
-3
-3
3
3
7
11
8
13
14
15
17
22
22
26
28
27
31
31
36
39
42
41
44
42
43
48
43
51
50
50
50
50
46
49
51
49
53
48
49
46
47
46
47
46
43
42
41
41
38
37
34
36
30
29
29
25
25
24
18
15
16
8
12
6
4
2
-3
-5
-10
-10
-15
-14
-21
-20
-27
-28
-30
-32
-35
-37
-37
-42
-40
-45
-46
-47
-48
-50
-52
-51
-55
-53
-57
-55
-58
-56
-55
-58
-54
-60
-56
-59
-56
-55
-53
-52
-49
-48
-51
-41
-48
-39
-35
-37
-31
-28
-28
-26
-18
-23
-13
-15
-12
-4
-8
-2
-2
-1
-1
9
4
11
16
11
21
18
21
24
29
27
32
33
32
40
36
44
43
46
48
48
48
48
52
51
58
55
56
54
57
54
54
61
55
57
59
51
53
54
48
51
52
44
49
46
39
44
34
35
37
29
27
28
17
22
22
10
16
9
3
6
2
-8
0
-9
-13
-10
-20
-17
-19
-27
-27
-26
-35
-31
-35
-42
-36
-42
-45
-42
-48
-49
-47
-48
-49
-48
-47
-51
-51
-55
-53
-52
-47
-47
-46
-46
-48
-45
-46
-41
-38
-37
-35
-33
-35
-33
-29
-29
-25
-22
-24
-20
-17
-18
-13
-11
-10
-8
-7
-7
0
-1
3
7
8
12
14
11
14
19
16
23
24
20
26
27
26
30
28
27
33
29
31
35
33
38
37
36
37
36
34
36
36
34
41
34
34
32
30
29
30
30
29
26
21
22
17
20
19
15
14
10
6
8
5
6
5
0
-1
-5
-8
-8
-11
-11
-9
-13
-14
-18
-21
-25
-20
-27
-21
-25
-26
-27
-32
-27
-34
-27
-32
-29
-33
-31
-31
-31
-29
-31
-28
-32
-27
-29
-29
-25
-24
-24
-19
-20
-20
-17
-18
-17
-10
-10
-6
-4
-6
-3
-2
0
2
5
4
8
4
9
11
12
13
12
13
10
14
14
18
19
21
17
18
18
16
20
19
21
21
21
19
21
17
21
21
21
26
21
20
21
20
20
25
20
21
19
16
17
18
14
15
11
8
9
4
4
3
-1
1
1
-2
-4
-7
-9
-7
-6
-6
-4
-8
-8
-10
-11
-7
-7
-5
-6
-7
-8
-6
-6
-7
-6
-9
-8
-9
-8
-12
-10
-10
-11
-11
-13
-12
-14
-14
-11
-8
-10
-7
-9
-12
-5
-5
-4
3
0
1
3
0
3
8
4
10
8
5
12
7
8
11
6
8
11
1
5
4
-3
4
1
-2
2
-6
-7
-4
-8
-7
-4
-9
-6
-5
-11
-3
-5
-6
-1
-3
-4
-1
-1
-3
7
-1
4
4
0
3
2
2
2
4
-3
0
-4
-9
-5
-9
-9
-7
-10
-14
-11
-16
-14
-9
-14
-11
-11
-13
-9
-8
-9
-4
-4
-6
1
-4
-1
1
1
2
4
4
3
6
1
4
2
4
5
1
1
-2
-1
-1
1
-1
-2
-2
-4
-3
-2
-1
-2
-1
-3
-2
0
0
3
3
7
5
7
6
8
6
9
11
10
11
7
6
3
5
2
4
3
-1
-3
-6
-6
-8
-8
-9
-11
-14
-11
-14
-14
-10
-12
-13
-8
-12
-7
-6
-6
-1
-2
1
1
2
2
6
3
8
10
8
10
9
6
7
7
3
5
1
-1
-1
-3
-5
-3
-8
-11
-11
-16
-13
-12
-15
-11
-11
-13
-9
-9
-8
-4
-1
-1
5
4
7
9
12
15
17
19
19
22
19
21
22
21
20
20
14
16
12
6
9
5
2
0
-1
-7
-3
-7
-8
-5
-7
-5
-5
-5
-5
-3
-2
-1
5
0
7
5
6
11
7
10
8
9
4
9
4
5
5
-3
0
-8
-7
-10
-11
-14
-13
-15
-19
-17
-20
-19
-16
-17
-13
-11
-8
-8
-3
-1
2
7
6
13
10
15
16
17
18
18
16
15
17
9
13
6
6
2
-3
-3
-8
-9
-11
-11
-16
-14
-16
-18
-13
-15
-12
-10
-7
-5
-2
1
1
9
5
13
14
17
19
17
20
19
20
15
19
12
12
11
4
6
0
-1
-6
-6
-10
-13
-12
-18
-17
-19
-17
-20
-17
-18
-16
-12
-14
-8
-10
-5
-5
-1
-1
1
4
-1
5
2
4
5
5
2
3
0
-3
0
-8
-4
-7
-11
-10
-11
-16
-13
-15
-18
-13
-16
-16
-12
-14
-13
-7
-8
-6
-1
-3
2
5
4
10
11
11
16
15
12
18
13
15
16
11
12
11
8
9
6
3
4
