-2
-3
-2
-1
-1
-2
-3
-3
-1
-3
-2
-3
-2
-2
-4
-2
-3
-2
-1
-1
-1
-2
-2
-1
-2
0
-1
-1
-1
-3
-1
-1
0
1
0
1
1
-1
0
-1
1
-2
-1
1
0
2
0
0
1
-1
1
-1
0
1
-1
1
0
1
1
-1
0
0
0
1
-1
0
0
-2
0
-1
0
-1
0
1
0
1
2
0
2
2
4
2
2
1
2
2
2
1
2
0
0
1
1
2
1
2
2
1
2
3
2
3
2
4
2
2
3
1
3
3
3
3
2
3
2
4
5
4
4
3
4
3
4
6
4
4
4
3
2
1
2
2
2
1
0
0
-1
-2
1
0
0
-1
-2
-2
-3
-2
-1
-2
-3
-5
-4
-4
-5
-5
-4
-5
-6
-6
-4
-5
-4
-4
-4
-4
-5
-5
-5
-5
-5
-6
-6
-5
-5
-5
-5
-4
-4
-4
-3
-5
-5
-5
-4
-2
-3
-2
-3
-3
-2
-1
0
0
-1
0
-2
-1
-2
-1
1
0
-2
-3
-3
-3
-4
-2
-3
-2
-2
-2
-1
0
0
1
2
1
1
2
2
0
2
4
5
9
7
6
9
9
14
15
14
16
15
17
17
16
15
13
13
12
13
15
10
10
12
11
12
14
15
12
12
11
9
8
8
6
7
7
3
-1
-5
-9
-10
-8
-9
-10
-10
-11
-12
-11
-11
-14
-18
-20
-22
-27
-27
-25
-26
-26
-28
-23
-17
-15
-9
-8
-10
-2
-3
-3
-2
-4
-10
-12
-8
-6
-5
-4
-5
-9
-7
-9
-11
-7
-2
1
5
6
2
-3
-5
-1
-8
-12
-12
-15
-16
-19
-23
-28
-33
-27
-18
-16
-3
-1
-4
4
9
12
13
31
37
30
29
17
12
18
28
29
25
25
25
30
39
36
25
32
34
34
32
32
24
16
10
5
2
1
2
5
16
17
19
13
7
4
10
14
12
8
-3
-10
-16
-15
-24
-33
-36
-50
-45
-47
-44
-49
-59
-64
-62
-49
-55
-56
-47
-41
-46
-57
-67
-66
-69
-69
-66
-66
-62
-49
-40
-26
-13
-6
0
6
25
38
44
59
59
63
69
66
65
59
68
52
39
37
32
33
25
20
17
25
27
24
30
33
31
19
15
17
18
18
10
1
2
6
9
11
17
12
7
3
12
29
22
22
18
20
22
27
33
25
20
14
7
9
5
5
2
-5
0
1
11
10
-1
6
15
24
25
25
27
24
21
24
22
15
15
15
21
7
9
-2
-14
0
0
-3
-11
-27
-30
-42
-47
-37
-46
-39
-50
-59
-53
-55
-41
-37
-30
-29
-36
-28
-17
-19
-18
-16
-13
-21
-22
-16
-9
-2
-6
-10
-19
-11
-8
-11
-10
-1
15
14
22
10
8
-8
-8
-1
6
10
-4
-6
-13
-12
-8
-10
-15
-18
-10
-13
8
21
26
20
25
15
12
10
22
22
22
88
220
289
229
249
275
394
485
600
539
333
314
303
351
408
318
130
-170
-193
-137
-140
-162
-303
-490
-611
-626
-576
-605
-625
-572
-415
-419
-511
-742
-1053
-942
-713
-221
-118
-406
-675
-927
-252
558
898
886
231
62
163
742
1456
1285
884
149
-224
169
507
683
276
-194
-453
-682
-597
-619
-699
-768
-876
-794
-714
-660
-760
-801
-452
4
389
439
273
214
334
679
1037
1167
1090
759
584
636
779
895
743
528
300
74
-53
-205
-303
-405
-511
-531
-588
-631
-708
-734
-596
-398
-175
-79
-53
-15
61
254
449
627
690
657
603
560
580
591
559
498
370
238
76
-68
-112
-190
-123
-115
-156
-225
-342
-294
-278
-105
125
198
226
101
108
186
318
489
514
471
341
202
178
193
201
179
48
-75
-207
-334
-405
-478
-493
-527
-631
-709
-843
-936
-923
-898
-785
-762
-714
-685
-718
-569
-568
-418
-253
-93
169
293
478
431
383
437
508
726
836
798
634
337
162
32
48
113
-12
-226
-537
-775
-874
-855
-786
-768
-777
-792
-802
-725
-560
-320
-98
106
268
403
520
638
790
950
1069
1146
1130
1058
953
835
762
711
650
520
288
50
-143
-252
-290
-350
-429
-543
-641
-670
-634
-524
-398
-282
-185
-102
12
151
344
530
764
929
960
912
829
829
884
1004
1060
891
602
290
130
152
200
217
42
-176
-389
-502
-480
-429
-386
-419
-516
-627
-657
-660
-608
-549
-536
-528
-688
-839
-938
-990
-925
-946
-1043
-926
-992
-844
-1087
-1076
5
545
1035
499
161
305
334
1523
2092
2189
1693
255
-53
246
1243
1651
832
234
-646
-1030
-992
-1054
-711
-835
-1154
-1596
-1783
-1449
-1426
-1307
-948
-377
160
128
-99
-133
312
995
1420
1757
1687
1297
931
859
1344
1686
1527
1062
446
151
-96
-252
-274
-442
-609
-966
-1269
-1314
-1287
-1163
-1050
-826
-553
-451
-401
-342
-81
377
854
1244
1407
1349
1201
1107
1278
1566
1783
1674
1227
758
393
250
205
226
202
-108
-545
-899
-981
-816
-689
-604
-569
-645
-739
-863
-806
-588
-305
-164
-270
-417
-608
-687
-719
-588
-516
-748
-1122
-1594
-1655
-1489
-1166
-1185
-930
-176
79
-4
-464
-242
318
1023
2011
2017
1703
793
-37
259
1248
2350
2066
917
-22
-705
-537
-256
-137
-87
-592
-1267
-1934
-1925
-1453
-1253
-1097
-921
-622
-449
-662
-766
-399
460
1147
1326
1247
1051
932
1012
1421
2060
2290
1896
1185
651
614
610
561
348
-6
-389
-936
-1299
-1292
-1114
-925
-957
-992
-942
-797
-523
-148
302
702
963
1061
1199
1350
1558
1742
1730
1728
1634
1409
1163
927
858
691
442
244
-34
-281
-576
-775
-801
-801
-835
-1001
-1209
-1284
-1278
-1198
-1146
-1125
-1134
-1344
-1494
-1656
-1714
-1792
-1879
-1811
-1843
-1475
-1060
-642
-52
76
97
-95
323
1315
2013
2484
2170
1368
976
873
1519
2123
2310
1725
457
-278
-557
-484
-358
-665
-1109
-1643
-2080
-2343
-2407
-2081
-1785
-1512
-1265
-1033
-838
-739
-452
132
893
1562
1671
1583
1542
1721
2144
2453
2638
2492
1999
1514
1146
1056
958
577
36
-589
-992
-1283
-1498
-1553
-1543
-1533
-1561
-1490
-1251
-887
-505
-197
141
506
931
1269
1519
1724
1862
1939
1970
1968
1928
1763
1448
1126
838
610
341
65
-208
-488
-727
-889
-985
-1044
-1125
-1278
-1393
-1415
-1281
-1178
-1221
-1281
-1342
-1436
-1473
-1447
-1463
-1423
-1670
-1624
-1737
-1444
-752
-362
489
541
388
163
154
1326
2109
2914
2855
1770
1174
686
1246
2090
2407
2118
672
-404
-959
-1012
-600
-714
-1036
-1688
-2318
-2707
-2868
-2450
-2018
-1676
-1381
-1320
-1133
-1063
-790
-120
657
1512
1738
1637
1587
1633
2132
2562
2845
2823
2304
1778
1285
1090
1055
793
360
-286
-864
-1285
-1600
-1644
-1593
-1403
-1286
-1341
-1285
-1287
-963
-451
219
873
1153
1297
1157
1220
1670
2137
2490
2367
1998
1565
1171
1090
1041
949
696
193
-270
-652
-797
-863
-919
-1020
-1208
-1420
-1631
-1717
-1691
-1548
-1435
-1444
-1643
-1836
-1990
-1988
-1801
-1726
-1486
-1625
-1638
-1344
-813
505
903
873
379
58
983
1915
3114
3389
2421
1472
516
950
2066
2701
2462
902
-352
-1008
-1012
-632
-714
-1018
-1678
-2365
-2701
-2748
-2362
-2137
-1937
-1601
-1300
-1014
-1056
-1010
-452
382
1290
1629
1519
1364
1245
1646
2190
2674
2764
2208
1563
1151
1143
1246
1042
633
-2
-527
-921
-1157
-1106
-1070
-977
-1063
-1168
-1184
-1178
-820
-400
156
662
784
787
716
1026
1522
1934
2207
2034
1741
1432
1298
1354
1336
1208
798
348
0
-298
-431
-561
-655
-848
-1150
-1421
-1669
-1695
-1703
-1666
-1679
-1803
-2018
-2268
-2194
-2291
-2253
-2287
-2153
-2017
-2060
-1454
-954
136
786
687
479
291
1312
2391
3361
3839
2890
1885
1107
1374
2548
3148
2908
1318
-162
-736
-873
-560
-638
-1059
-1775
-2601
-2962
-2991
-2556
-2196
-2161
-1938
-1617
-1304
-1186
-1123
-545
261
1062
1455
1299
1248
1320
1688
2279
2703
2848
2344
1677
1357
1342
1515
1300
752
84
-515
-828
-1046
-930
-781
-867
-1114
-1487
-1543
-1337
-907
-356
-24
201
240
253
541
1012
1599
1965
2022
1881
1652
1589
1643
1722
1685
1443
1053
604
327
158
1
-94
-271
-525
-916
-1327
-1559
-1671
-1621
-1602
-1706
-2001
-2314
-2572
-2629
-2406
-2349
-2432
-2589
-2575
-2417
-2001
-1248
-333
623
712
569
158
740
2156
3220
4153
3625
2562
1641
1296
2304
3256
3540
2487
540
-634
-972
-710
-518
-821
-1419
-2390
-3101
-3454
-3218
-2616
-2329
-2183
-2057
-1807
-1495
-1421
-1013
-169
732
1452
1497
1357
1423
1714
2315
2843
3146
2999
2307
1723
1503
1634
1657
1219
486
-304
-762
-979
-1021
-886
-1028
-1296
-1676
-1815
-1565
-1185
-731
-536
-471
-249
26
438
851
1285
1664
1807
1911
1879
1888
1927
1921
1912
1727
1477
1084
708
429
220
97
-83
-365
-770
-1220
-1518
-1675
-1709
-1705
-1862
-2107
-2448
-2591
-2612
-2581
-2495
-2606
-2703
-2665
-2608
-2192
-1773
-873
190
646
547
10
91
1359
2676
3945
3945
2925
1771
1033
1787
3080
3876
3228
1306
-259
-837
-487
-88
-205
-817
-1919
-2851
-3325
-3203
-2599
-2325
-2321
-2329
-2195
-1834
-1655
-1337
-623
318
1141
1417
1290
1299
1597
2309
3053
3571
3535
2925
2273
1951
2196
2420
2146
1382
404
-239
-487
-525
-541
-796
-1227
-1687
-1977
-1931
-1653
-1359
-1236
-1178
-977
-671
-286
53
461
926
1351
1662
1742
1714
1758
1891
2059
2114
1967
1608
1122
795
640
574
446
75
-421
-969
-1270
-1449
-1559
-1589
-1889
-2242
-2610
-2738
-2595
-2650
-2443
-2745
-3056
-3002
-2871
-2286
-1865
-1175
-259
265
492
248
154
1069
2344
3551
4060
3483
2396
1421
1604
2706
3760
3720
2216
386
-749
-749
-266
-175
-577
-1641
-2870
-3489
-3580
-3033
-2577
-2559
-2693
-2764
-2466
-2050
-1680
-1052
-263
529
953
1056
1138
1447
2137
2839
3420
3617
3292
2738
2408
2512
2849
2735
2091
1184
381
75
-19
-114
-323
-823
-1392
-1834
-1937
-1790
-1631
-1486
-1456
-1361
-1153
-809
-438
-71
431
905
1263
1445
1495
1557
1776
2099
2246
2134
1749
1348
1007
921
874
719
381
-152
-702
-1098
-1307
-1395
-1531
-1890
-2206
-2586
-2767
-2821
-2838
-2588
-2701
-2967
-3168
-3201
-2740
-2524
-1734
-982
30
584
119
-91
30
1498
3211
4083
4324
3000
1811
1335
2080
3767
4474
3654
1547
-374
-739
-307
287
87
-820
-2078
-3325
-3699
-3499
-2863
-2505
-2803
-3058
-2957
-2604
-2184
-1834
-1036
-72
669
908
868
1058
1635
2497
3299
3775
3844
3282
2743
2698
3069
3446
3102
2202
1260
610
331
252
123
-204
-813
-1508
-1967
-2083
-1985
-1745
-1660
-1716
-1634
-1491
-1177
-785
-248
358
795
1055
1135
1240
1515
1934
2305
2298
2100
1683
1368
1237
1159
1141
832
359
-242
-800
-1105
-1323
-1402
-1644
-2033
-2410
-2842
-3007
-3108
-2969
-2851
-3025
-3213
-3421
-3190
-2951
-2385
-1377
-278
680
364
-204
-339
779
2831
4308
4810
3845
2286
1393
1818
3577
5034
4684
2656
262
-700
-357
416
630
-229
-1593
-3064
-3863
-3673
-3048
-2576
-2818
-3322
-3378
-3137
-2709
-2315
-1695
-737
74
445
425
528
1112
1985
2985
3637
3825
3451
2858
2752
3184
3745
3702
2835
1771
1027
666
673
581
245
-421
-1270
-1829
-2068
-1992
-1821
-1803
-1939
-2032
-1922
-1642
-1230
-679
-120
316
609
771
973
1266
1805
2240
2418
2209
1863
1599
1495
1610
1548
1294
841
226
-285
-669
-841
-950
-1241
-1707
-2147
-2615
-2855
-2968
-2993
-2949
-3036
-3240
-3460
-3561
-3401
-3057
-2637
-1719
-599
313
187
-384
-476
596
2657
4263
4771
3842
2360
1584
2000
3720
5182
4886
2836
545
-340
136
829
846
-82
-1388
-2780
-3621
-3602
-3020
-2611
-2956
-3538
-3605
-3280
-2874
-2555
-1997
-1020
-227
135
169
446
1146
2031
2915
3612
3873
3656
3180
3221
3669
4183
4090
3309
2473
1662
1307
1136
951
649
-164
-969
-1672
-2040
-1972
-1975
-1975
-2199
-2376
-2287
-2093
-1643
-1152
-691
-204
50
310
545
998
1635
2045
2192
2028
1842
1774
1759
1858
1818
1600
1127
512
32
-292
-500
-701
-1010
-1508
-2124
-2707
-3003
-3137
-3059
-3083
-3329
-3762
-4037
-4154
-3822
-3327
-2869
-1546
-471
-55
-526
-1233
-437
1367
3582
4863
4468
3232
1721
1551
3091
5166
6141
4509
1799
25
46
1134
1554
1109
-255
-2090
-3395
-3847
-3197
-2425
-2634
-3477
-4175
-4014
-3498
-3169
-2717
-2021
-1122
-640
-646
-370
214
1241
2235
3001
3639
3638
3315
3138
3503
4410
4710
4239
3352
2353
1926
1716
1752
1612
843
-102
-1194
-1782
-1802
-1703
-1598
-2031
-2497
-2757
-2679
-2190
-1711
-1223
-918
-755
-482
-280
276
951
1555
1879
1814
1774
1744
1920
2054
2169
2121
1811
1398
844
440
191
-9
-290
-658
-1290
-1934
-2481
-2860
-2778
-2873
-3127
-3575
-4206
-4210
-4285
-3771
-3321
-2820
-1111
-764
-666
-1260
-1473
378
2145
4192
4612
3506
2459
1346
2529
4750
6235
5922
3152
994
451
1200
2342
1887
938
-1001
-2860
-3430
-3289
-2275
-2234
-3365
-4198
-4632
-4030
-3552
-3341
-2643
-2106
-1442
-1348
-1249
-404
342
1444
2301
2918
3545
3133
3073
3376
4182
5109
4758
4165
3151
2444
2387
2305
2530
1916
850
-287
-1291
-1364
-1351
-1266
-1562
-2356
-2874
-3166
-2799
-2178
-1823
-1530
-1570
-1398
-1070
-633
229
902
1330
1428
1238
1472
1671
2026
2235
2153
2055
1508
1199
788
613
585
118
-264
-994
-1625
-2119
-2612
-2588
-2802
-3161
-3728
-4352
-4482
-4350
-3967
-3175
-1804
-1130
-1565
-2359
-2601
-972
1426
3498
4007
2863
1458
732
2081
4795
6695
6389
3873
1442
830
1876
3279
3480
2255
55
-2096
-2905
-2331
-1228
-1079
-2412
-3937
-4675
-4404
-3680
-3194
-2742
-2461
-2304
-2362
-2291
-1533
-454
634
1522
2027
2329
2195
2202
2819
3914
4979
4893
4025
3115
2699
2962
3386
3577
2999
1753
610
-224
-309
-134
-192
-731
-1665
-2335
-2717
-2643
-2221
-1842
-1626
-1774
-1953
-1869
-1489
-695
10
490
668
540
575
786
1296
1878
1985
1847
1258
881
827
885
1129
714
178
-677
-1397
-1595
-1905
-1979
-2465
-3012
-3583
-4125
-4267
-4236
-4012
-3497
-2133
-1570
-1731
-2465
-2908
-1709
435
2701
3433
2558
1162
245
1495
4278
6425
6545
4274
1843
1073
2104
3700
4137
3122
921
-1305
-2222
-1816
-642
-354
-1653
-3362
-4446
-4429
-3730
-3178
-2807
-2722
-2747
-2923
-2990
-2302
-1288
-136
815
1231
1476
1403
1478
2175
3335
4565
4754
3995
2971
2486
2977
3659
4140
3691
2437
1103
276
370
689
717
28
-1193
-2047
-2436
-2273
-1960
-1831
-1825
-2086
-2286
-2216
-1852
-1188
-648
-243
-31
108
302
465
871
1411
1843
1941
1617
1240
1048
1144
1410
1351
966
307
-524
-943
-1176
-1194
-1459
-2188
-2759
-3666
-3837
-3768
-3657
-3460
-3326
-2335
-2129
-2213
-2489
-2684
-1363
353
1916
2462
1701
922
490
1818
4378
5932
5762
3664
1845
1802
2805
4133
4110
2896
1078
-839
-1341
-842
15
-123
-1863
-3346
-4072
-3874
-3271
-3194
-3009
-3074
-3239
-3381
-3338
-2451
-1526
-716
-30
272
703
822
1037
1937
3059
4071
4120
3467
2985
2812
3457
4104
4383
3967
2652
1618
1033
1336
1743
1329
371
-939
-1693
-1845
-1661
-1420
-1677
-2149
-2633
-2804
-2403
-1896
-1441
-1262
-1286
-1061
-735
-248
226
564
891
1080
1186
1226
1153
1311
1312
1375
1375
996
604
-8
-335
-566
-793
-1031
-1780
-2412
-2954
-3316
-3333
-3301
-3397
-2833
-2207
-2293
-2555
-3077
-2731
-1476
184
1439
1213
641
-84
15
1966
4120
5226
4442
2589
1674
2133
3488
4303
3911
2801
995
-166
-318
327
995
193
-1548
-2835
-3204
-2854
-2648
-2637
-2775
-3133
-3381
-3689
-3339
-2411
-1717
-1193
-837
-524
-154
98
657
1567
2736
3349
3134
2824
2680
2996
3757
4341
4484
3904
2804
2071
1918
2384
2568
1910
734
-459
-950
-993
-813
-746
-1376
-2167
-2729
-2746
-2265
-1768
-1530
-1725
-1944
-1771
-1355
-725
-245
42
102
113
352
620
923
1070
1120
1129
972
898
697
355
152
-121
-360
-929
-1305
-1844
-2268
-2576
-2790
-2802
-2803
-1845
-1805
-2292
-2785
-3245
-2237
-774
627
875
-8
-584
-795
452
2739
4064
4038
2550
1277
1751
2884
4106
4051
3080
1876
627
429
851
1421
1423
-117
-1666
-2305
-2248
-1848
-2000
-2223
-2643
-3153
-3506
-3723
-3018
-2142
-1825
-1545
-1596
-1308
-905
-453
440
1439
2305
2321
1889
1955
2351
3173
3826
4064
3962
3257
2612
2285
2719
3131
2919
1978
707
49
-140
-102
-48
-377
-1100
-2075
-2532
-2299
-1801
-1421
-1635
-2099
-2328
-2086
-1493
-906
-467
-320
-423
-523
-178
443
902
1036
948
865
873
869
917
815
647
273
-158
-617
-888
-986
-1528
-1828
-2231
-2386
-2650
-2056
-1432
-1712
-2096
-2929
-2799
-1578
-128
621
78
-509
-942
-540
1291
3014
3603
2841
1300
1025
2039
3388
3952
3288
2237
964
510
860
1458
1865
847
-955
-1886
-1998
-1475
-1299
-1636
-2187
-2813
-3217
-3468
-3033
-2120
-1751
-1715
-1778
-1780
-1321
-757
-56
799
1627
1919
1517
1364
1757
2525
3489
3849
3795
3292
2666
2424
2696
3391
3405
2750
1593
487
354
533
640
423
-319
-1254
-2029
-1990
-1482
-1227
-1309
-1903
-2347
-2311
-1875
-1260
-976
-861
-951
-1025
-813
-285
245
446
355
395
510
555
636
702
518
359
98
-279
-422
-674
-919
-1369
-1719
-1894
-2260
-2236
-1393
-1177
-1452
-2336
-3121
-2479
-1173
339
576
-274
-937
-1448
-398
1684
3204
3406
1815
472
738
2233
3908
4049
3083
1694
541
774
1547
2440
2345
623
-1099
-1812
-1260
-439
-540
-1206
-2229
-2873
-3054
-2955
-2224
-1738
-1774
-1986
-2244
-2006
-1380
-703
-38
532
1142
1041
677
866
1580
2689
3400
3338
2895
2481
2330
2642
3129
3471
3245
2259
1174
702
1017
1340
1058
457
-504
-1221
-1449
-1300
-1004
-958
-1341
-1987
-2345
-2047
-1518
-1179
-1092
-1196
-1250
-1227
-973
-452
55
282
263
158
128
391
651
767
830
576
318
-92
-409
-379
-327
-508
-929
-1704
-2023
-2269
-2179
-1190
-1031
-1474
-2342
-3220
-2688
-1427
169
643
-411
-1121
-1559
-674
1323
2665
3020
1692
401
719
1969
3589
3816
2839
1713
816
1113
1686
2044
1950
635
-759
-1366
-1068
-383
-619
-1315
-2141
-2666
-2647
-2668
-2323
-1965
-1984
-2051
-2206
-1924
-1282
-679
-164
93
514
790
713
1017
1631
2403
2889
2713
2453
2281
2563
2843
3027
3094
2675
2042
1336
1184
1490
1560
1073
202
-411
-680
-719
-712
-866
-1001
-1271
-1686
-1870
-1661
-1245
-1134
-1258
-1249
-1200
-955
-691
-454
-100
120
192
115
172
394
589
772
763
769
599
118
-133
-141
82
7
-607
-1222
-1827
-2028
-1816
-1939
-1447
-1202
-1788
-2422
-3037
-2451
-1240
-108
349
-529
-1138
-1270
-860
734
2270
2775
1982
519
340
1448
3112
3921
3162
2052
812
522
1257
1984
2354
1380
-448
-1498
-1381
-427
-130
-673
-1578
-2483
-2708
-2578
-2164
-1508
-1462
-1838
-2136
-2010
-1320
-736
-236
-28
274
713
720
757
1250
1795
2276
2334
2097
2021
2007
2237
2341
2509
2476
1908
1430
1039
1219
1613
1189
523
-88
-342
-428
-455
-355
-644
-966
-1202
-1483
-1358
-1066
-992
-1086
-1148
-861
-664
-611
-488
-296
-7
100
203
356
354
428
526
602
750
743
560
162
-27
48
-117
-388
-863
-1352
-1627
-1886
-1987
-2045
-2168
-1637
-1575
-1901
-2189
-2503
-1854
-1093
-219
40
-667
-932
-962
-228
1318
2269
2193
1307
552
1118
2135
3181
3105
2221
1429
672
888
1616
1900
1605
314
-931
-1111
-620
53
-355
-1165
-1874
-2281
-2033
-1718
-1399
-1228
-1658
-1913
-1853
-1305
-530
-209
-98
-164
82
468
525
795
1207
1492
1655
1512
1489
1540
1651
1786
1893
2036
2036
1491
1022
947
1184
1515
1171
597
136
-166
-145
-55
94
-166
-745
-1070
-1110
-696
-224
-315
-695
-952
-773
-444
-217
30
49
-58
-150
-41
294
532
548
468
408
455
490
350
44
-147
-160
-289
-487
-843
-1101
-1500
-1742
-1829
-1756
-1726
-2016
-1680
-1646
-1879
-2031
-2134
-1756
-1117
-202
-35
-719
-904
-748
-70
1251
2064
1911
1001
331
773
1939
3054
2872
1789
783
254
868
1797
1955
1393
96
-988
-1030
-240
541
191
-727
-1744
-2170
-1678
-1183
-855
-836
-1337
-1704
-1698
-1178
-561
-168
-121
-425
-395
-24
213
503
798
943
1038
1007
1058
1221
1511
1653
1590
1600
1580
1467
1361
1364
1448
1499
1226
672
401
387
582
606
407
74
-271
-334
-318
-119
57
-120
-432
-616
-526
-236
-42
-40
-138
-175
-91
11
121
227
198
151
58
102
237
246
97
-249
-419
-454
-429
-549
-840
-1155
-1591
-1790
-1875
-1759
-1777
-1718
-1488
-1758
-1912
-1921
-1833
-1261
-625
-145
-357
-916
-891
-556
333
1365
1547
1107
370
262
1063
1968
2512
2019
1092
516
402
1117
1735
1623
961
-182
-763
-535
117
534
-59
-919
-1594
-1776
-1335
-962
-783
-996
-1501
-1707
-1500
-1005
-545
-427
-526
-666
-390
-16
140
339
527
680
857
959
1083
1218
1341
1478
1584
1828
1762
1530
1360
1356
1583
1720
1556
1139
798
762
747
804
744
441
153
-54
-5
133
167
17
-237
-297
-224
-101
55
-62
-171
-259
-247
-54
117
156
-4
-142
-154
-99
74
107
-131
-305
-576
-697
-656
-679
-791
-1137
-1420
-1637
-1711
-1636
-1593
-1706
-1645
-1310
-1433
-1561
-1744
-1665
-1107
-544
-33
-376
-923
-921
-602
275
1163
1294
828
101
95
914
1845
2335
1661
750
242
322
1169
1739
1492
700
-318
-728
-389
290
526
-166
-1023
-1620
-1552
-969
-681
-735
-1108
-1569
-1587
-1271
-741
-413
-437
-606
-709
-361
167
343
460
502
564
841
1015
1179
1271
1354
1442
1511
1630
1718
1636
1551
1553
1611
1597
1403
1217
1087
1008
1037
954
760
554
429
376
305
350
370
212
-29
-137
-47
66
76
22
-183
-303
-243
-110
-88
-114
-118
-227
-421
-470
-369
-263
-213
-319
-441
-623
-725
-768
-669
-644
-741
-993
-1329
-1553
-1543
-1392
-1376
-1474
-1427
-1247
-1485
-1566
-1548
-1421
-1070
-726
-457
-755
-1031
-897
-643
38
686
711
325
-110
10
686
1307
1476
970
407
159
320
1008
1352
1071
415
-255
-392
86
592
564
-152
-869
-1156
-959
-453
-284
-399
-781
-1173
-1100
-693
-209
31
-80
-329
-433
-134
334
566
674
673
673
835
1009
1224
1360
1429
1400
1336
1490
1637
1678
1607
1467
1416
1470
1497
1452
1318
1137
942
828
819
800
732
542
225
70
111
119
34
-45
-121
-335
-475
-421
-334
-295
-331
-463
-564
-530
-311
-179
-203
-326
-408
-405
-380
-185
-77
-187
-440
-659
-754
-684
-627
-607
-877
-1319
-1566
-1715
-1662
-1461
-1495
-1595
-1537
-1744
-1796
-1839
-1708
-1409
-1232
-893
-1105
-1456
-1326
-1170
-646
23
263
50
-435
-395
204
895
1446
1106
547
330
392
1063
1542
1479
942
203
-28
281
883
1141
493
-230
-620
-572
-34
252
175
-288
-784
-825
-483
101
383
141
-157
-316
-33
520
784
861
762
698
796
1039
1425
1608
1569
1488
1362
1442
1628
1682
1625
1488
1367
1214
1061
1016
952
864
716
486
366
200
126
113
12
-105
-152
-162
-205
-212
-161
-180
-231
-147
-81
-21
-30
-70
-132
-153
-90
11
32
-18
-124
-218
-306
-338
-259
-303
-433
-642
-805
-929
-965
-1032
-1205
-1377
-1503
-1624
-1785
-1909
-1976
-2019
-2018
-1717
-1607
-1773
-2001
-2173
-1932
-1420
-854
-751
-1251
-1487
-1329
-771
69
571
473
10
-249
208
1038
1719
1694
1062
638
649
1135
1720
1818
1382
747
330
449
882
1288
1023
264
-259
-340
30
453
484
219
-174
-356
-186
195
613
657
442
220
209
514
864
986
970
843
795
861
976
1133
1151
1048
853
697
709
739
679
625
493
374
303
256
299
345
369
323
211
196
206
287
397
371
334
273
223
258
337
437
422
262
165
128
179
240
202
36
-215
-359
-365
-373
-398
-505
-643
-805
-959
-937
-911
-913
-986
-1161
-1293
-1432
-1466
-1458
-1525
-1610
-1785
-1815
-1858
-1934
-1866
-1896
-1836
-1516
-1422
-1573
-1805
-1772
-1447
-1099
-626
-643
-980
-990
-786
-243
418
698
539
159
152
653
1276
1764
1542
1064
899
996
1463
1872
1868
1487
976
865
1094
1417
1596
1249
791
542
577
804
899
771
522
254
195
284
360
384
221
22
-98
-71
47
42
3
-75
-147
-84
-31
27
73
71
83
77
55
93
174
282
350
389
455
391
395
524
698
889
893
788
637
564
741
909
917
760
485
348
343
473
573
419
121
-139
-254
-159
-39
-72
-296
-640
-776
-710
-581
-552
-696
-848
-972
-977
-869
-829
-851
-976
-1115
-1118
-1088
-1054
-1148
-1298
-1318
-1339
-1323
-1412
-1540
-1591
-1563
-1526
-1539
-1375
-1293
-1448
-1628
-1539
-1215
-903
-663
-667
-854
-771
-397
74
515
751
754
673
819
1284
1797
2105
1986
1667
1660
1977
2307
2402
2224
1914
1618
1538
1653
1687
1568
1172
658
361
352
422
302
-6
-321
-556
-608
-556
-595
-629
-660
-740
-805
-815
-738
-640
-530
-401
-375
-342
-274
-197
-35
203
343
311
236
263
385
592
744
701
619
561
594
716
844
859
746
625
574
578
649
685
589
430
299
322
340
284
207
129
77
49
-8
-90
-169
-172
-139
-202
-288
-385
-455
-489
-480
-427
-462
-629
-802
-898
-863
-785
-782
-913
-1081
-1167
-1180
-1156
-1125
-1182
-1296
-1386
-1469
-1422
-1324
-1261
-1220
-1249
-1319
-1157
-805
-586
-614
-689
-515
-176
231
501
401
312
433
729
1181
1514
1531
1263
1079
1274
1661
1975
1939
1500
1164
1188
1400
1523
1389
1063
708
469
460
491
470
299
-102
-442
-530
-456
-388
-476
-661
-826
-911
-869
-836
-757
-620
-587
-686
-782
-728
-520
-321
-167
-170
-267
-266
-178
2
199
314
295
211
213
330
481
617
606
505
460
503
584
692
741
691
630
612
617
633
700
743
693
542
426
404
461
503
429
281
144
33
-24
-60
-88
-172
-365
-563
-655
-614
-607
-729
-897
-972
-948
-896
-881
-871
-907
-923
-909
-824
-714
-662
-620
-596
-488
-371
-295
-247
-258
-232
-106
31
106
55
29
51
84
150
208
235
293
311
264
140
75
186
357
410
270
57
-31
64
252
360
309
149
25
54
189
330
308
121
-55
-95
21
105
42
-144
-319
-399
-374
-328
-329
-397
-518
-617
-669
-618
-559
-538
-551
-551
-515
-452
-386
-326
-234
-88
77
201
288
347
462
656
841
959
1014
1062
1123
1197
1282
1348
1396
1397
1331
1253
1207
1179
1140
1052
872
691
549
451
356
238
69
-128
-292
-391
-472
-533
-634
-786
-890
-950
-990
-999
-975
-992
-1007
-998
-945
-890
-836
-766
-695
-602
-520
-468
-403
-317
-205
-111
-36
21
70
116
171
251
311
355
343
355
376
430
478
474
464
450
465
491
489
481
457
434
434
440
436
374
304
257
272
285
234
121
11
-56
-95
-146
-223
-349
-482
-605
-700
-780
-875
-988
-1109
-1209
-1277
-1312
-1361
-1426
-1485
-1479
-1415
-1351
-1287
-1238
-1182
-1077
-923
-756
-588
-442
-277
-108
56
225
421
631
808
942
1053
1165
1298
1396
1476
1557
1619
1659
1643
1626
1604
1594
1556
1507
1461
1414
1327
1195
1062
983
971
911
760
567
413
335
281
198
73
-75
-183
-265
-316
-347
-435
-560
-674
-730
-723
-739
-800
-886
-942
-934
-908
-886
-878
-864
-844
-818
-791
-753
-707
-660
-601
-550
-505
-487
-469
-431
-348
-247
-161
-141
-134
-111
-52
38
125
181
190
201
212
247
305
365
408
415
404
392
392
419
427
403
363
315
263
235
187
124
34
-53
-141
-232
-267
-315
-400
-510
-602
-619
-590
-588
-639
-716
-729
-675
-583
-510
-500
-497
-445
-343
-199
-81
-16
6
21
116
252
374
428
414
412
459
553
649
680
648
585
561
596
661
702
661
555
494
524
573
601
564
490
439
431
438
429
398
354
282
216
180
141
104
63
2
-61
-126
-190
-236
-287
-338
-402
-459
-513
-556
-596
-619
-632
-634
-633
-642
-634
-620
-584
-524
-465
-422
-403
-375
-311
-216
-123
-83
-67
-53
4
107
179
206
183
155
168
210
258
269
229
186
148
153
171
153
119
63
15
-10
-23
-44
-72
-111
-133
-148
-157
-190
-240
-266
-256
-226
-233
-270
-315
-319
-291
-248
-230
-243
-281
-294
-260
-203
-167
-165
-176
-157
-111
-58
-4
23
50
99
164
238
305
355
391
417
475
547
600
638
649
681
715
742
752
754
739
720
713
728
736
707
639
563
533
559
577
524
409
282
225
217
214
168
64
-79
-192
-235
-242
-265
-347
-480
-591
-643
-644
-621
-649
-699
-760
-804
-792
-741
-700
-690
-699
-685
-638
-583
-532
-495
-458
-408
-357
-309
-251
-204
-155
-95
-67
-67
-64
-38
16
66
79
66
47
51
86
122
149
133
110
72
56
85
125
141
108
76
59
60
82
84
50
16
-16
-30
-48
-62
-94
-146
-172
-181
-173
-188
-230
-243
-236
-216
-186
-184
-176
-177
-159
-116
-63
-3
39
88
140
196
252
312
358
419
470
511
545
569
614
641
664
695
710
724
717
698
691
691
690
660
598
524
466
422
382
346
258
160
72
31
24
3
-63
-178
-280
-325
-319
-318
-342
-418
-498
-546
-557
-532
-524
-551
-615
-674
-679
-654
-602
-574
-594
-620
-645
-640
-589
-530
-476
-459
-458
-446
-398
-317
-234
-168
-129
-112
-96
-53
7
92
164
188
195
209
245
312
375
390
362
327
314
335
358
361
328
270
219
192
192
194
169
127
75
14
-26
-14
8
8
-31
-95
-133
-119
-86
-51
-32
-50
-82
-106
-86
-21
46
80
50
18
27
90
163
207
228
222
214
228
279
332
378
391
388
384
379
382
402
403
404
387
337
289
270
262
260
251
217
179
120
71
43
31
26
-13
-83
-133
-156
-163
-161
-196
-262
-317
-356
-371
-376
-394
-433
-491
-555
-581
-586
-577
-592
-650
-697
-706
-688
-673
-667
-671
-658
-617
-573
-539
-502
-452
-392
-315
-234
-160
-99
-44
9
90
189
279
340
368
401
457
537
579
582
582
590
604
621
622
594
558
534
511
489
480
456
401
346
295
275
286
271
231
172
121
118
113
108
72
15
-28
-60
-66
-63
-63
-85
-130
-165
-175
-162
-163
-192
-214
-231
-245
-245
-247
-235
-207
-201
-197
-203
-195
-159
-136
-109
-87
-62
-38
-17
33
88
130
148
151
176
211
238
271
285
290
289
279
277
276
267
247
193
141
112
100
84
38
-24
-79
-126
-153
-178
-203
-241
-286
-320
-344
-358
-371
-374
-393
-404
-413
-433
-422
-405
-381
-360
-363
-377
-361
-316
-271
-240
-226
-226
-227
-192
-129
-86
-62
-63
-65
-40
2
57
113
162
166
167
173
218
302
363
385
372
355
341
362
407
445
461
417
347
316
332
378
400
367
272
182
146
174
216
209
131
21
-42
-43
-16
-11
-57
-134
-211
-243
-233
-217
-210
-248
-301
-334
-342
-312
-287
-272
-263
-268
-248
-215
-179
-126
-84
-42
-17
5
39
77
132
172
191
194
208
226
245
274
281
270
261
238
217
212
207
190
161
129
100
69
43
11
-13
-39
-70
-87
-111
-127
-148
-167
-178
-186
-187
-195
-204
-215
-211
-217
-228
-230
-226
-218
-236
-253
-263
-257
-238
-228
-216
-214
-217
-196
-180
-144
-100
-81
-56
-37
-2
44
89
138
172
185
216
256
305
352
374
384
404
420
432
437
431
439
440
426
401
367
349
314
273
248
211
168
122
70
16
-23
-68
-118
-157
-199
-234
-267
-298
-331
-342
-350
-354
-360
-375
-371
-351
-330
-316
-304
-298
-277
-239
-212
-178
-156
-155
-144
-121
-86
-47
-18
-25
-24
-6
14
38
42
50
57
57
60
65
70
81
87
91
102
118
126
125
120
114
123
126
123
114
114
110
90
74
57
40
33
12
-12
-22
-24
-31
-53
-76
-94
-99
-104
-118
-132
-126
-126
-122
-113
-106
-89
-75
-62
-37
-10
1
14
38
78
127
162
169
173
183
212
259
293
310
306
300
294
306
317
316
295
258
223
202
191
185
144
82
23
-10
-26
-42
-66
-114
-155
-191
-204
-215
-223
-242
-275
-301
-297
-277
-261
-263
-269
-273
-251
-209
-191
-167
-156
-142
-106
-76
-58
-39
-27
-10
9
37
66
70
66
56
61
89
102
105
100
90
93
91
92
91
85
74
66
64
68
75
71
60
53
48
45
41
27
24
10
-3
-16
-33
-48
-64
-92
-118
-140
-156
-170
-191
-203
-205
-207
-216
-234
-239
-227
-212
-194
-190
-176
-155
-118
-68
-43
-24
-7
11
56
107
158
192
216
223
238
285
325
344
333
314
317
350
371
368
340
301
266
245
240
229
200
152
97
69
57
34
-7
-63
-111
-131
-152
-172
-181
-212
-250
-287
-314
-312
-318
-331
-342
-350
-347
-349
-336
-329
-329
-322
-318
-291
-260
-226
-216
-223
-206
-178
-141
-104
-86
-62
-45
-6
43
78
114
113
120
143
173
212
218
209
196
192
216
247
256
253
243
232
239
261
265
255
234
209
196
197
196
181
164
137
115
110
107
92
76
46
15
10
-1
-8
-22
-42
-58
-72
-77
-73
-74
-71
-68
-67
-61
-53
-54
-55
-46
-37
-23
-15
-16
-10
-3
10
26
26
22
29
46
60
76
76
68
61
62
76
94
103
92
70
61
66
65
53
40
21
12
9
-4
-14
-36
-67
-84
-95
-99
-124
-139
-160
-176
-179
-196
-216
-240
-243
-241
-232
-228
-237
-252
-254
-235
-214
-200
-208
-219
-215
-195
-158
-135
-127
-131
-132
-103
-69
-38
-33
-34
-27
-13
28
49
53
47
35
43
74
102
114
98
84
92
116
144
155
153
143
156
175
200
220
227
224
222
218
226
237
240
237
226
224
207
199
192
184
173
166
154
140
132
126
126
115
110
93
71
55
46
51
47
46
35
14
4
11
25
23
19
6
-3
5
14
21
23
15
7
4
12
15
12
-1
-16
-27
-33
-35
-47
-61
-79
-98
-115
-128
-139
-150
-170
-196
-220
-230
-240
-253
-262
-265
-266
-268
-267
-269
-266
-255
-245
-248
-241
-236
-232
-205
-183
-167
-156
-156
-145
-122
-99
-71
-60
-54
-45
-23
-2
20
37
26
33
53
73
94
108
104
105
114
128
142
147
157
170
174
183
204
215
226
228
223
233
246
251
252
239
232
229
218
211
206
186
148
118
91
69
55
34
16
-13
-43
-56
-68
-71
-73
-88
-102
-117
-111
-96
-87
-82
-89
-95
-80
-54
-36
-21
-7
0
-10
3
24
40
48
47
54
61
77
71
64
48
40
47
40
44
36
25
20
11
-2
-2
-5
-23
-35
-41
-41
-56
-79
-100
-101
-91
-97
-110
-133
-153
-163
-159
-156
-168
-185
-200
-210
-204
-206
-217
-221
-226
-217
-211
-200
-200
-200
-180
-168
-158
-142
-129
-113
-99
-94
-66
-45
-34
-24
-16
-4
13
36
49
64
80
103
132
165
175
177
189
202
215
221
210
211
210
206
211
224
235
242
232
223
231
234
233
207
187
168
161
155
143
130
116
114
115
105
97
87
81
81
74
67
62
52
47
50
49
58
64
46
38
34
16
21
11
2
2
-7
-8
-17
-25
-35
-45
-64
-63
-65
-69
-69
-75
-84
-92
-87
-94
-92
-104
-116
-112
-108
-101
-101
-95
-104
-111
-114
-100
-106
-117
-128
-140
-137
-157
-159
-177
-194
-195
-201
-204
-204
-199
-210
-218
-219
-218
-210
-197
-195
-188
-187
-172
-160
-157
-145
-126
-97
-85
-68
-58
-35
-8
23
41
52
56
54
75
93
126
141
133
125
123
152
191
194
180
148
141
157
177
197
191
190
187
205
220
233
245
237
222
212
227
223
217
194
185
181
186
188
166
148
118
99
90
96
84
59
35
24
21
-5
-20
-32
-41
-69
-80
-79
-78
-65
-76
-108
-103
-90
-77
-80
-93
-95
-88
-65
-59
-59
-34
-8
79
212
434
542
540
21
-290
-195
647
511
-93
-98
-266
84
-626
-223
136
-1
-159
-454
-275
-63
175
-408
-675
-20
68
-211
-799
-534
-24
-253
16
-196
-176
-205
-359
-313
-359
94
56
-133
-280
-281
-92
11
-483
-427
69
276
0
-217
-391
-268
-248
-151
106
-72
-111
-99
-228
-304
123
307
111
-110
51
289
-2
-22
112
185
342
301
113
84
119
180
192
395
384
408
202
57
211
327
314
266
241
343
109
-62
315
195
160
203
75
243
-31
-109
74
136
256
-84
-45
-12
82
-24
-179
208
25
18
-150
-123
113
-182
11
-9
-186
70
-13
-288
-210
-39
97
-118
-38
29
-376
-401
-107
34
16
-51
-61
-200
-239
-98
6
47
-6
-122
34
-32
-72
-107
-4
-89
-12
176
-6
-35
-163
-195
31
37
127
-33
-130
-58
-129
-27
75
114
60
-129
-150
-29
94
72
46
1
10
61
12
25
43
193
104
121
193
98
136
76
121
224
236
233
114
26
36
171
191
184
71
59
152
107
60
25
53
124
122
52
45
-66
-99
-84
3
112
65
30
-148
-194
-71
42
119
3
-53
-45
-65
-43
-83
-67
-64
-41
40
89
-19
-76
-127
-116
-8
124
130
10
-164
-160
-29
15
69
72
34
15
0
9
33
75
48
48
87
146
142
-3
-40
-5
69
151
154
111
12
-41
-26
4
30
53
66
-56
-130
-119
-64
-66
-122
-116
-144
-135
-142
-193
-232
-284
-266
-223
-159
-156
-212
-314
-320
-273
-178
-109
-106
-117
-183
-207
-180
-83
-13
9
-10
-43
10
30
22
-1
43
105
136
149
143
115
94
98
116
174
229
198
112
72
86
146
138
119
101
92
77
57
50
51
49
15
17
27
47
3
-57
-65
-16
13
4
-47
-97
-104
-144
-132
-84
-63
-85
-126
-121
-90
-39
-12
-63
-101
-86
1
16
18
2
1
20
47
93
60
61
54
84
117
171
165
106
131
118
133
155
164
129
106
126
142
143
104
37
-4
2
27
16
-38
-73
-68
-77
-119
-120
-126
-140
-142
-146
-151
-151
-132
-159
-184
-158
-127
-163
-187
-171
-136
-98
-124
-148
-132
-95
-94
-87
-61
-75
-36
-7
8
32
31
24
2
17
78
106
59
49
25
54
93
81
64
57
82
98
91
65
89
66
75
73
68
67
35
-4
-21
20
52
65
-19
-50
-45
-45
-43
-37
-64
-79
-62
-58
-58
-62
-61
-76
-32
-11
-5
-18
-3
-13
9
49
69
98
71
63
40
103
141
158
138
141
130
129
173
144
159
176
156
126
123
129
138
118
116
115
140
88
72
55
52
69
52
74
16
12
-2
1
-1
-21
-16
-7
-23
-25
-21
-46
-44
-37
-27
-46
-41
-70
-52
-105
-95
-70
-96
-95
-94
-107
-109
-77
-104
-85
-88
-63
-61
-68
-49
-41
-51
-38
-29
-24
-12
-8
-12
6
16
7
22
14
13
-12
37
47
27
23
32
52
65
39
10
17
-6
-7
4
-7
-14
-13
-30
-18
-29
-13
-53
-73
-77
-69
-45
-50
-47
-37
-16
-36
-41
-35
-41
-41
-19
-46
-65
-64
-35
-34
-44
-28
-56
-37
-62
-71
-42
-12
-2
-36
-15
-36
-1
6
-8
6
3
33
41
33
27
30
39
79
107
98
88
73
76
94
98
111
128
98
84
82
86
94
105
112
118
114
105
95
82
79
87
70
79
48
33
-9
-38
-25
-10
-18
-36
-37
-47
-26
-43
-59
-62
-58
-57
-78
-101
-110
-96
-93
-88
-87
-70
-60
-73
-105
-89
-104
-89
-100
-93
-91
-80
-73
-116
-92
-81
-53
-74
-75
-76
-48
-20
-16
-2
-3
4
14
34
28
42
22
21
47
70
55
64
64
80
96
98
119
93
84
58
74
91
94
69
58
65
65
51
52
39
40
32
20
17
27
50
13
18
7
10
1
-25
-13
-9
1
-18
4
-19
-11
-5
-29
-28
-15
-3
-22
-18
-18
-11
-14
-15
-16
-22
-29
-54
-58
-29
-25
-40
-60
-82
-72
-57
-49
-67
-57
-45
-56
-45
-33
-13
-7
-11
-11
-6
26
15
3
5
-3
22
26
17
-1
-11
2
0
16
13
11
0
-6
-4
16
27
-9
-12
-6
8
13
14
17
18
22
24
26
38
25
4
14
39
41
40
31
25
13
7
17
38
51
21
4
7
23
14
-25
-29
-7
11
-7
-30
-16
-21
-45
-31
-12
8
-10
-17
-18
14
35
20
10
8
26
36
30
23
18
23
18
15
18
25
2
-12
0
9
27
11
-1
-21
-21
13
-1
-3
-21
-24
-14
-22
-7
-20
-12
-30
-26
-12
-13
-15
-25
-27
-21
-15
-15
-11
-13
-9
-9
-1
3
-6
-17
-37
-32
-22
-29
-42
-36
-23
-22
-38
-39
-14
2
3
-10
-4
1
2
-9
-9
15
24
20
0
9
23
31
25
13
12
24
7
-2
3
11
5
9
11
14
14
-5
4
1
13
7
5
-19
-19
-4
8
19
10
8
4
9
15
22
15
20
1
15
24
33
31
13
23
18
41
41
18
8
10
12
13
25
16
-3
7
-1
7
18
4
6
12
23
20
21
9
3
7
8
5
13
3
-7
-6
-3
11
-3
-26
-40
-32
-21
-12
-16
-25
-34
-28
-33
-16
-26
-23
-23
-35
-34
-37
-31
-57
-51
-67
-46
-37
-39
-48
-65
-46
-33
-27
-45
-52
-45
-30
-35
-22
-27
-16
-14
0
18
21
25
13
37
37
63
57
56
49
39
56
69
80
54
44
34
44
56
30
17
8
3
-2
-4
10
13
15
10
19
42
31
5
0
19
77
125
129
103
66
49
46
76
130
153
129
74
21
18
28
16
1
-9
9
-12
-25
-72
-106
-125
-139
-124
-87
-38
-34
-70
-112
-102
-83
-43
-26
-11
6
1
-4
-33
-48
-48
-33
-11
21
40
30
-12
-61
-93
-94
-73
-53
-43
-68
-95
-131
-141
-130
-113
-90
-59
-22
-2
-1
-30
-55
-51
-28
13
65
108
99
64
31
6
26
46
88
103
105
80
27
-11
-23
-4
9
41
64
67
50
15
-6
4
13
32
50
71
93
72
45
19
27
40
54
83
105
109
83
53
24
29
41
38
47
63
52
37
5
-13
-16
-14
-4
11
20
24
8
-16
-34
-40
-40
-8
3
-3
-10
-27
-46
-73
-56
-43
-28
-20
-8
-15
-39
-63
-80
-68
-52
-40
-44
-61
-68
-66
-88
-84
-70
-44
-32
-35
-22
-27
-25
-48
-49
-30
-17
-16
-23
-22
-22
-15
-15
-17
-18
-16
-16
-19
-21
-12
-18
-34
-36
-25
-12
0
-14
-6
2
4
12
10
10
5
6
2
13
20
39
33
29
38
53
65
54
46
46
48
42
49
40
28
17
15
22
37
35
27
27
24
49
49
39
28
22
23
41
61
63
52
26
26
46
59
49
42
48
41
18
9
10
-1
-6
-16
-11
-6
-16
-34
-35
-21
-6
-5
-15
-17
-14
-12
-9
-3
-1
-9
-15
-13
0
17
20
9
-9
-15
-22
-9
-8
-10
-14
-16
-7
-27
-28
-25
-7
-6
6
17
9
-16
-42
-49
-46
-21
-2
6
-6
-16
-29
-24
-19
-9
9
20
30
14
-9
-35
-35
-39
-18
13
29
34
-1
-23
-32
-15
-3
5
19
30
18
2
-9
1
0
14
29
43
50
26
10
-3
5
1
-4
0
10
24
15
1
-7
-5
-6
2
31
49
48
25
1
-5
8
23
36
43
39
32
25
18
10
9
14
20
37
36
28
1
-22
-32
-23
6
23
28
6
-3
-16
-16
-7
9
26
24
22
17
9
-8
-24
-16
5
23
37
35
27
11
2
1
7
26
24
24
16
7
-16
-36
-30
-11
1
-2
0
-5
-30
-55
-57
-48
-40
-46
-45
-43
-30
-35
-58
-64
-49
-16
-10
1
-7
-24
-48
-61
-43
-16
12
10
3
-9
-10
-3
7
21
27
31
33
19
2
-15
-20
-18
-16
-8
3
1
-18
-37
-53
-52
-39
-30
-27
-20
-25
-39
-52
-47
-23
-13
-6
8
21
28
25
24
22
27
29
35
44
50
46
31
26
18
11
18
25
34
33
26
14
0
-18
-24
-18
-8
1
-7
-21
-31
-38
-42
-33
-17
3
8
1
-13
-34
-35
-26
-7
9
14
13
2
-6
-15
-7
4
21
28
21
10
-18
-35
-45
-30
-5
11
8
-8
-30
-41
-34
-19
-8
4
4
-6
-26
-46
-42
-40
-21
-3
15
16
-5
-31
-41
-23
-3
19
20
17
3
-16
-24
-14
5
21
25
27
21
-2
-20
-32
-29
-15
-3
0
-7
-26
-52
-58
-52
-33
-15
-5
-5
-23
-38
-40
-35
-16
6
25
33
31
21
15
14
23
43
59
72
63
45
30
21
18
25
37
50
54
36
13
-7
-15
-11
-3
12
16
3
-21
-37
-38
-27
-12
-2
8
7
6
-2
-18
-19
-16
3
17
28
29
19
5
-3
11
24
40
40
31
20
4
-7
-14
-9
7
22
22
12
-3
-12
-13
-8
2
6
-1
-7
-12
-20
-19
-24
-20
-19
-6
9
8
-4
-18
-24
-22
-12
-5
-3
-6
-13
-14
-12
-11
-8
-9
-5
-3
-2
-2
-12
-24
-32
-31
-28
-20
-15
-14
-16
-19
-17
-19
-19
-15
-13
-7
-5
-5
-5
-3
4
10
19
22
30
25
22
18
24
26
26
21
20
18
12
14
13
18
13
10
0
-6
-9
-4
4
11
21
15
7
-5
0
15
31
37
39
28
22
18
18
29
39
50
48
46
34
23
4
0
13
30
41
29
9
-8
-19
-12
4
21
30
23
9
-9
-17
-13
1
16
27
33
27
17
5
2
14
23
29
26
19
8
-11
-22
-23
-7
-1
2
-6
-18
-30
-43
-36
-26
-16
-23
-36
-40
-40
-36
-29
-20
-13
-9
-9
-12
-14
-19
-22
-17
-11
-4
-8
-17
-23
-27
-21
-16
-8
-6
-10
-17
-25
-29
-30
-24
-23
-16
-12
-11
-11
-18
-22
-19
-8
2
9
12
13
3
-8
-8
-2
8
19
25
24
19
8
5
4
12
22
27
25
19
9
3
-5
-6
0
9
17
18
10
1
-8
-14
-12
-3
6
11
2
-9
-14
-15
-7
-2
6
13
19
19
15
10
8
14
14
22
27
31
28
23
20
24
24
23
23
27
29
22
11
0
-3
-10
-7
-8
-1
0
-3
-8
-14
-14
-18
-23
-15
-7
0
-2
-11
-17
-19
-11
-3
8
11
9
1
-8
-11
-16
-15
-15
-13
-8
-10
-20
-26
-29
-26
-24
-23
-22
-19
-24
-27
-27
-27
-20
-15
-7
0
6
6
3
2
9
15
15
12
10
11
13
16
15
12
4
3
1
3
2
-3
-11
-20
-20
-17
-16
-20
-21
-17
-13
-10
-11
-11
-11
-11
-5
3
8
9
3
-1
3
13
21
22
21
18
17
18
20
23
21
21
19
17
12
12
13
14
18
20
22
18
12
10
11
11
14
16
17
12
7
1
-1
2
9
15
17
14
5
-1
-5
-3
1
3
2
-2
-2
-5
-5
-5
