0
1
0
-1
0
-1
-2
-2
-2
-2
-2
-2
-1
-2
-1
-3
-1
-1
0
0
0
-2
-2
-2
0
0
1
0
0
0
0
1
-1
-1
-1
-1
-2
-1
-1
-3
-2
-1
-1
-1
1
0
1
0
-2
-3
-3
-2
-2
-1
0
0
1
1
1
0
-1
-2
-2
-2
0
2
1
2
-1
0
0
-1
-1
-1
-1
1
1
1
-1
0
0
0
0
0
1
2
3
3
3
3
2
0
0
1
2
2
2
2
3
2
3
3
2
3
2
3
2
2
0
0
1
0
0
0
0
0
0
0
0
-1
1
2
1
1
1
0
0
1
2
1
1
1
2
2
2
0
-2
-3
-3
-2
-2
-2
0
0
1
0
0
-1
-1
-2
-1
-2
-2
0
-1
0
0
1
1
0
0
2
3
2
1
1
0
1
0
0
0
0
0
-2
-1
0
0
-1
-1
-2
-1
0
0
0
1
1
1
1
1
1
1
1
0
-1
-1
-1
-1
0
0
0
0
1
1
1
0
-1
-1
-1
0
2
1
1
1
0
1
0
1
1
0
1
2
2
3
3
1
1
1
1
0
1
1
0
-1
-1
-2
-1
-1
-1
0
0
0
0
1
2
2
0
0
0
1
0
-1
0
-3
-2
-2
-3
0
-2
-2
-1
-1
-1
-2
-2
-3
-3
-3
-3
-2
-3
-3
-3
-2
-3
-3
-3
-3
-2
-2
-3
-2
-2
-2
-3
-2
-1
-3
-2
-2
-1
0
-1
-2
-1
1
-1
0
1
1
1
2
1
1
-1
-1
0
0
0
0
-1
-1
-2
0
0
-1
-1
-1
0
0
0
0
0
0
-1
-1
1
0
-1
-2
1
0
1
0
0
-1
0
0
0
-1
-1
-1
0
0
-1
-2
-1
0
-1
-1
-3
-3
-3
-3
-2
-1
-1
-1
-1
0
1
0
0
0
1
1
2
2
2
1
1
2
2
2
1
1
3
2
2
2
2
3
3
3
4
3
3
2
3
3
2
3
3
3
3
3
4
3
2
1
0
1
1
0
0
-1
1
0
0
0
0
-1
-2
-2
-2
-1
0
-1
0
0
-1
0
0
-1
1
0
0
-1
0
1
1
0
0
2
2
2
0
1
1
1
0
0
1
0
0
1
1
1
-1
0
-2
0
1
0
0
0
1
0
1
1
2
1
1
0
0
-1
0
-1
1
0
-2
0
-1
-1
-1
-1
-3
-3
-3
-3
-1
-1
-1
-1
-2
-2
-1
-3
-2
-2
-2
-2
-2
-3
-2
-2
-2
-2
0
-2
-1
-2
0
0
-2
-1
-1
-1
-1
0
0
0
0
-1
-1
-1
0
-1
-1
0
-1
1
-2
0
-1
0
-1
0
1
-1
1
-1
0
1
0
0
2
2
3
4
1
1
4
0
2
2
0
2
1
2
1
3
0
2
2
0
2
0
1
1
1
2
2
3
2
4
1
3
2
2
2
0
2
0
4
1
3
3
2
4
2
3
0
2
1
1
4
0
4
0
4
0
3
2
1
4
0
2
1
2
0
2
1
0
3
-2
1
0
-2
1
-5
-2
-4
-2
-6
-2
-4
-5
-2
-6
-3
-4
-4
-5
-3
-4
-6
-4
-7
-4
-4
-6
-3
-5
-4
-6
-3
-5
-3
-3
-6
-1
-5
-4
-5
-4
-5
-4
-2
-4
0
-3
-2
1
-1
0
0
1
0
5
0
1
5
1
5
4
2
4
3
1
3
6
3
8
8
6
11
8
10
9
10
5
11
6
5
10
5
8
9
9
8
11
7
8
12
4
11
8
7
9
9
8
9
12
7
14
8
9
9
4
5
5
3
1
4
0
3
6
1
4
1
-1
0
-2
-3
-4
-5
-7
-7
-7
-9
-6
-8
-5
-6
-6
-5
-7
-6
-9
-9
-9
-9
-10
-9
-9
-16
-13
-24
-22
-25
-29
-25
-27
-24
-25
-20
-26
-19
-25
-26
-21
-31
-27
-35
-36
-44
-45
-46
-48
-41
-43
-34
-37
-28
-29
-23
-20
-25
-14
-20
-14
-11
-9
-8
0
1
3
14
9
21
21
19
31
26
28
35
34
37
39
41
40
53
44
57
51
52
59
54
64
59
69
64
73
77
79
84
83
90
81
92
83
84
87
74
83
74
73
67
68
55
61
57
52
63
57
59
61
55
57
60
53
54
56
38
41
30
18
17
6
0
-1
-4
-10
-2
-12
-10
-7
-14
-15
-17
-30
-35
-45
-58
-69
-76
-94
-100
-117
-128
-135
-145
-149
-149
-151
-159
-151
-168
-161
-169
-169
-169
-169
-173
-174
-180
-194
-191
-210
-208
-207
-211
-206
-211
-209
-213
-207
-206
-191
-181
-169
-150
-145
-125
-119
-98
-90
-69
-52
-39
-16
-4
20
35
59
83
105
139
157
195
210
243
265
290
316
329
359
358
384
386
399
404
409
416
412
417
405
408
390
378
366
342
327
304
281
259
235
213
190
169
148
129
108
92
77
58
47
34
19
3
-15
-31
-47
-60
-77
-89
-106
-119
-137
-152
-167
-178
-190
-207
-219
-236
-257
-277
-296
-327
-351
-378
-402
-425
-443
-466
-477
-501
-509
-516
-535
-531
-542
-543
-548
-541
-557
-551
-578
-581
-588
-606
-601
-610
-615
-611
-607
-591
-551
-513
-435
-349
-248
-115
15
146
289
401
537
655
743
828
869
883
888
866
829
811
764
718
709
650
633
594
558
529
489
435
391
349
283
245
181
137
103
65
60
69
88
139
192
268
352
434
509
571
610
633
648
637
607
558
486
405
311
231
148
91
35
-15
-49
-64
-65
-79
-73
-79
-79
-87
-94
-105
-109
-126
-143
-137
-144
-139
-139
-148
-157
-167
-189
-202
-235
-274
-308
-364
-411
-462
-522
-572
-614
-675
-734
-775
-854
-892
-940
-973
-1015
-1030
-1051
-1054
-1047
-1076
-1035
-1048
-1021
-1005
-1001
-1009
-985
-977
-934
-787
-645
-441
-219
-59
153
378
611
847
1069
1156
1236
1266
1197
1183
1089
987
890
776
689
642
580
509
467
385
322
295
232
206
137
59
2
-69
-119
-142
-139
-134
-104
-64
6
104
196
304
393
474
546
586
629
644
644
621
565
513
453
403
337
305
271
249
270
264
316
349
397
438
458
452
455
437
403
392
355
324
294
254
239
228
200
177
136
77
19
-35
-95
-146
-241
-321
-393
-460
-519
-553
-591
-618
-631
-672
-677
-692
-702
-714
-733
-731
-735
-746
-752
-775
-786
-788
-809
-801
-814
-827
-869
-897
-924
-962
-978
-1030
-1042
-1087
-1096
-1100
-1105
-1052
-999
-874
-716
-501
-273
-21
185
385
649
838
1074
1181
1242
1253
1196
1103
996
879
722
611
464
344
301
195
143
92
43
40
-4
-33
-58
-76
-116
-132
-141
-132
-47
17
137
275
405
571
716
877
1028
1145
1221
1272
1279
1247
1201
1105
991
871
724
618
504
426
381
330
315
313
341
368
409
424
418
398
340
306
238
182
112
35
-4
-29
-42
-64
-59
-89
-94
-126
-166
-187
-249
-306
-381
-457
-531
-589
-637
-681
-706
-727
-737
-737
-746
-743
-755
-755
-765
-765
-779
-792
-808
-850
-864
-911
-954
-968
-1032
-1030
-1087
-1106
-1166
-1188
-1227
-1261
-1247
-1290
-1240
-1273
-1226
-1166
-1065
-909
-671
-400
-132
194
410
695
990
1217
1453
1536
1547
1531
1432
1260
1111
897
701
566
400
328
305
237
239
208
195
218
200
175
155
125
94
108
84
132
230
339
521
666
833
1040
1202
1359
1493
1564
1592
1560
1444
1331
1174
954
758
539
359
225
100
39
2
-5
33
98
165
268
331
372
397
390
358
318
245
173
121
47
18
-11
-40
-45
-55
-94
-139
-198
-274
-346
-437
-546
-648
-759
-821
-883
-926
-956
-971
-970
-966
-968
-950
-937
-916
-893
-877
-879
-895
-903
-950
-991
-1025
-1094
-1140
-1184
-1265
-1282
-1372
-1386
-1472
-1490
-1542
-1534
-1517
-1500
-1468
-1438
-1318
-1193
-956
-669
-300
102
506
838
1206
1598
1921
2193
2305
2282
2225
2030
1767
1495
1166
860
577
325
165
70
-38
-97
-119
-159
-116
-142
-171
-160
-180
-157
-134
-75
40
201
383
614
857
1089
1348
1545
1707
1838
1858
1819
1683
1506
1303
1051
788
516
273
85
-36
-115
-123
-83
-5
120
246
390
528
604
672
699
685
674
620
550
501
425
373
326
279
245
191
116
46
-79
-208
-351
-517
-680
-830
-972
-1086
-1165
-1206
-1211
-1223
-1182
-1140
-1095
-1029
-989
-936
-913
-870
-865
-866
-874
-933
-955
-1034
-1108
-1210
-1320
-1394
-1472
-1557
-1629
-1680
-1756
-1739
-1776
-1710
-1679
-1615
-1560
-1469
-1308
-1087
-770
-345
84
527
960
1312
1750
2098
2408
2542
2531
2363
2152
1781
1386
996
567
247
-40
-233
-337
-386
-413
-378
-340
-286
-203
-218
-191
-169
-156
-79
-17
117
332
572
859
1158
1434
1688
1915
2031
2096
2062
1884
1675
1367
1042
714
378
87
-133
-297
-341
-324
-260
-103
70
262
481
648
791
906
953
982
965
899
844
786
699
648
568
493
438
361
278
177
36
-112
-270
-449
-628
-818
-975
-1100
-1194
-1234
-1226
-1190
-1149
-1082
-1020
-942
-875
-801
-748
-721
-696
-684
-728
-781
-884
-1005
-1133
-1296
-1477
-1629
-1822
-1962
-2053
-2180
-2179
-2216
-2151
-2080
-1926
-1816
-1641
-1505
-1314
-1076
-823
-429
60
520
1055
1427
1775
2194
2551
2782
2858
2718
2452
2174
1664
1243
736
280
-30
-319
-459
-497
-449
-417
-284
-214
-111
4
-46
35
41
95
213
296
484
729
1031
1337
1636
1850
2031
2136
2095
2012
1776
1424
1059
611
277
-43
-313
-478
-569
-492
-349
-124
104
370
631
852
1069
1134
1214
1193
1159
1102
989
903
785
709
619
565
475
387
302
163
45
-118
-310
-478
-702
-859
-1013
-1122
-1192
-1241
-1249
-1241
-1172
-1141
-1042
-980
-929
-859
-835
-783
-780
-774
-795
-840
-928
-1068
-1247
-1490
-1687
-1999
-2187
-2452
-2631
-2715
-2790
-2721
-2665
-2500
-2370
-2071
-1886
-1593
-1392
-1103
-838
-323
228
742
1230
1594
1956
2419
2729
2900
2856
2620
2296
1919
1379
865
344
-120
-375
-528
-549
-434
-353
-220
-13
122
272
290
239
238
238
269
366
448
660
987
1344
1703
2035
2190
2292
2283
2135
1894
1483
960
438
-16
-384
-612
-759
-776
-627
-361
1
380
764
1112
1375
1594
1711
1730
1679
1566
1409
1291
1130
990
880
780
690
614
489
348
217
35
-106
-285
-465
-632
-765
-862
-945
-987
-1011
-1016
-991
-961
-967
-977
-983
-993
-997
-982
-997
-980
-950
-947
-949
-1022
-1141
-1385
-1609
-1939
-2253
-2581
-2936
-3141
-3368
-3356
-3357
-3191
-3004
-2694
-2313
-1945
-1521
-1206
-845
-460
124
683
1200
1597
1844
2163
2539
2756
2828
2589
2270
1858
1382
794
245
-222
-563
-666
-706
-528
-310
-88
213
438
681
807
796
723
693
710
718
794
834
1067
1385
1692
1981
2092
2132
2046
1816
1475
1020
489
-96
-592
-964
-1156
-1189
-1102
-831
-426
89
580
1006
1383
1713
1953
2070
2054
1968
1869
1706
1552
1378
1222
1096
988
858
742
587
405
235
30
-134
-269
-409
-535
-610
-651
-656
-620
-593
-571
-560
-558
-559
-608
-670
-725
-801
-811
-854
-895
-927
-954
-994
-1071
-1241
-1504
-1788
-2100
-2481
-2798
-3166
-3443
-3588
-3640
-3606
-3455
-3169
-2884
-2396
-2041
-1603
-1190
-656
-123
682
1155
1663
1916
2079
2370
2548
2485
2236
1844
1268
860
234
-326
-711
-1103
-1112
-987
-735
-347
35
362
748
1057
1162
1256
1102
1042
1072
1013
1071
1096
1233
1514
1759
1915
1953
1858
1597
1273
787
251
-279
-838
-1227
-1477
-1508
-1326
-1065
-675
-194
373
916
1332
1640
1846
1975
1990
1934
1832
1758
1705
1600
1497
1349
1219
1111
934
719
459
203
-41
-221
-374
-464
-465
-419
-318
-229
-113
13
90
133
68
-35
-134
-230
-364
-489
-580
-628
-638
-662
-703
-783
-894
-1022
-1280
-1608
-1972
-2377
-2744
-3071
-3370
-3528
-3597
-3610
-3436
-3246
-3048
-2667
-2340
-2040
-1589
-1317
-840
-119
726
1341
1982
2086
2358
2599
2584
2405
1868
1178
497
-171
-968
-1455
-1805
-1888
-1585
-1261
-643
-3
521
1036
1397
1611
1706
1595
1308
1235
1186
1227
1345
1409
1637
1989
2192
2260
2070
1687
1171
578
-151
-801
-1373
-1819
-1957
-1827
-1384
-830
-178
472
1113
1660
1952
2029
1989
1864
1708
1475
1240
1092
1126
1254
1372
1445
1411
1347
1166
880
495
19
-389
-707
-886
-930
-798
-557
-227
130
462
739
861
893
794
592
358
97
-146
-314
-393
-422
-379
-358
-384
-480
-641
-916
-1286
-1720
-2200
-2643
-3069
-3322
-3534
-3549
-3496
-3351
-3134
-2921
-2703
-2600
-2465
-2355
-2137
-1851
-1420
-555
367
1287
1970
2311
2620
2872
2845
2305
1508
396
-558
-1491
-2452
-2972
-3193
-2977
-2395
-1605
-683
269
1022
1519
1858
1934
1833
1546
1163
1086
1171
1401
1669
1966
2423
2854
3081
2914
2488
1786
942
-14
-972
-1693
-2167
-2336
-2137
-1552
-665
307
1180
1870
2410
2733
2678
2316
1786
1344
1060
876
873
1054
1401
1814
2066
2147
2068
1806
1306
648
-93
-833
-1399
-1817
-1845
-1594
-1097
-434
215
814
1249
1501
1467
1238
864
468
147
-141
-222
-191
-26
222
396
487
434
196
-231
-849
-1591
-2296
-2909
-3367
-3630
-3669
-3517
-3109
-2742
-2328
-2086
-1934
-1975
-2124
-2458
-2696
-2685
-2541
-1681
-560
658
1755
2509
2928
3379
3467
2920
1961
676
-712
-1755
-2991
-3754
-4019
-3826
-3083
-2117
-1027
-5
889
1294
1526
1495
1177
813
321
275
584
1067
1607
2095
2710
3259
3493
3178
2484
1575
471
-595
-1624
-2316
-2536
-2464
-1979
-1120
34
1116
1956
2407
2596
2623
2223
1505
796
320
185
283
507
964
1695
2419
2921
3094
2833
2372
1555
500
-472
-1262
-1855
-2128
-2054
-1696
-984
-301
292
781
1109
1281
1139
748
345
79
-66
-133
-47
180
613
1009
1248
1240
1022
697
81
-671
-1491
-2221
-2700
-3006
-3148
-3068
-2786
-2383
-1976
-1689
-1604
-1556
-1799
-2114
-2545
-2784
-2806
-2558
-1874
-616
710
1884
2748
2936
3185
3138
2621
1587
388
-1002
-1953
-2831
-3540
-3623
-3437
-2820
-1937
-1094
-296
293
487
468
450
238
-6
-211
-152
469
1202
1844
2323
2729
3075
3064
2553
1699
762
-195
-1124
-1828
-2142
-1951
-1508
-931
-79
934
1862
2379
2426
2283
2119
1738
1054
445
189
345
715
1016
1386
1937
2411
2569
2376
1977
1579
1047
296
-337
-751
-944
-954
-871
-590
-139
235
260
159
49
-24
-202
-494
-611
-398
21
390
662
956
1306
1539
1465
1070
578
93
-436
-1054
-1593
-1926
-2073
-2067
-2029
-1880
-1753
-1651
-1633
-1790
-1903
-2169
-2380
-2638
-2854
-2813
-2694
-2344
-1697
-493
975
2090
2881
2840
2858
2636
2273
1484
322
-532
-1533
-2100
-2791
-3108
-2950
-2680
-2112
-1596
-930
-518
-330
-336
-391
-174
-246
-283
-196
320
1215
1805
2172
2317
2489
2488
1971
1144
215
-547
-1269
-1826
-2015
-1761
-1152
-592
86
952
1793
2343
2335
2065
1848
1631
1199
596
367
577
1039
1412
1636
2005
2369
2417
2071
1479
972
645
259
-15
-82
-12
49
98
184
427
696
431
104
-245
-515
-645
-986
-1103
-778
-130
493
948
1244
1558
1785
1515
1039
403
-216
-668
-1239
-1646
-1803
-1788
-1708
-1575
-1460
-1365
-1312
-1456
-1717
-1897
-2123
-2400
-2626
-2731
-2690
-2349
-1888
-1287
55
1470
2471
3069
2972
2580
2408
1843
944
247
-684
-1422
-1805
-2446
-2461
-2355
-2263
-1846
-1423
-1020
-724
-777
-997
-843
-756
-732
-652
-535
205
1059
1496
1755
1828
1818
1653
1116
270
-403
-1034
-1689
-1955
-1968
-1579
-970
-546
6
832
1541
1853
1899
1710
1671
1691
1291
904
867
1077
1445
1668
1757
1996
2277
2149
1803
1448
1030
884
610
349
445
516
440
321
309
349
482
235
-252
-341
-533
-536
-685
-767
-367
179
658
946
1139
1233
1257
951
398
-40
-577
-933
-1251
-1505
-1460
-1422
-1377
-1292
-1243
-1237
-1308
-1534
-1833
-1981
-2252
-2417
-2475
-2572
-2274
-1899
-1389
-495
977
2165
3101
3365
3046
2687
2220
1583
690
118
-580
-989
-1327
-1706
-1597
-1525
-1451
-1239
-1012
-752
-669
-848
-1064
-879
-710
-649
-559
-372
276
858
1072
1104
1038
963
702
233
-295
-710
-1081
-1506
-1672
-1581
-1235
-899
-727
-284
343
939
1235
1292
1353
1531
1601
1351
1084
1041
1151
1364
1418
1519
1758
1957
1914
1742
1559
1291
1222
995
941
1034
930
667
325
152
-13
-37
-313
-730
-633
-778
-622
-595
-542
-42
406
808
1006
1048
869
675
255
-344
-740
-1269
-1514
-1622
-1655
-1459
-1413
-1376
-1400
-1469
-1618
-1812
-1976
-2282
-2318
-2463
-2542
-2425
-2286
-1726
-1274
-93
1346
2530
3310
3207
2898
2454
2087
1481
729
428
-147
-266
-725
-1039
-951
-1070
-976
-990
-820
-595
-562
-651
-710
-383
-263
-220
-256
-136
374
494
486
399
345
458
267
33
-161
-271
-557
-952
-1164
-1254
-1052
-1049
-1044
-617
-113
430
758
952
1176
1383
1327
1049
969
988
1089
1227
1314
1636
2015
2193
2197
2192
2152
2019
1762
1391
1138
944
711
397
208
21
-157
-336
-638
-718
-711
-657
-506
-270
63
373
557
602
606
500
243
-33
-400
-654
-928
-1211
-1404
-1492
-1485
-1543
-1648
-1697
-1760
-1899
-2047
-2310
-2404
-2405
-2400
-2341
-2169
-2002
-1696
-1166
-502
832
2108
2679
2907
2597
2273
2201
1937
1365
1207
746
413
141
-500
-720
-875
-1117
-991
-838
-726
-521
-547
-487
-51
106
3
-40
-144
109
327
118
-15
35
79
151
76
-117
-129
-281
-632
-773
-850
-857
-770
-780
-553
-96
220
342
464
562
684
669
440
409
649
899
1140
1337
1575
1960
2134
2077
2033
2038
2071
1902
1682
1430
1297
1111
726
421
43
-180
-474
-834
-937
-1002
-851
-716
-474
-52
316
542
537
465
324
85
-252
-657
-881
-1098
-1306
-1491
-1636
-1550
-1587
-1676
-1882
-2104
-2150
-2324
-2415
-2585
-2604
-2525
-2350
-2148
-1904
-1385
-838
415
1700
2486
2705
2394
1950
1711
1640
1276
1223
1262
1002
1142
572
148
-99
-583
-624
-549
-394
-216
-167
-242
-10
263
87
-17
-246
-238
74
-39
-147
-141
-107
2
-19
-184
-299
-357
-604
-745
-727
-714
-493
-417
-325
38
256
385
421
333
302
260
100
-50
129
390
763
1108
1305
1615
1918
2213
2291
2308
2172
2062
1880
1599
1513
1316
1162
885
501
183
-281
-484
-791
-967
-882
-821
-602
-378
-129
191
426
514
445
357
31
-307
-702
-1215
-1469
-1774
-1946
-1974
-1968
-1860
-1814
-1929
-2042
-2218
-2296
-2529
-2538
-2661
-2566
-2242
-2011
-1361
-631
762
1928
2573
2575
2115
1762
1437
1303
1082
1026
1176
1017
1026
605
303
47
-287
-252
-116
109
253
220
291
387
425
108
-212
-353
-313
-114
-218
-225
-205
-217
-255
-451
-609
-728
-813
-808
-703
-427
-210
-37
51
226
469
499
430
407
433
539
421
211
113
233
463
644
845
1118
1612
2009
2265
2372
2389
2312
2187
1956
1703
1587
1426
1260
1123
883
617
224
-194
-561
-827
-998
-1097
-1019
-802
-495
-198
-15
157
281
300
79
-285
-715
-1161
-1511
-1856
-2111
-2162
-2236
-2293
-2380
-2509
-2562
-2683
-2707
-2871
-2825
-2656
-2599
-2038
-1766
-895
518
1567
2475
2267
2060
1525
1374
1474
1088
1350
1034
906
904
247
165
-165
-360
-115
83
338
382
313
142
352
411
169
154
-78
102
349
48
-60
-336
-567
-711
-978
-1212
-1353
-1362
-1372
-1098
-769
-519
-174
-121
87
387
432
558
566
664
775
753
553
263
149
119
264
480
671
1048
1473
1858
2126
2181
2171
2105
2103
2058
1964
1834
1695
1607
1470
1212
885
529
158
-191
-452
-673
-843
-879
-819
-678
-536
-419
-340
-224
-156
-212
-429
-768
-1047
-1270
-1479
-1687
-1948
-2079
-2241
-2412
-2648
-2878
-3017
-3143
-3061
-3005
-2666
-2129
-1682
-499
651
1721
2086
1995
1843
1597
1979
1776
1599
1590
981
1075
505
20
-21
-243
24
375
627
781
820
492
363
434
186
211
197
210
697
698
450
256
-135
-365
-597
-969
-1269
-1355
-1528
-1537
-1360
-1311
-1038
-820
-631
-180
137
316
451
556
698
842
823
611
525
466
469
534
538
639
831
972
1106
1347
1488
1561
1639
1730
1761
1784
1820
1770
1832
1757
1582
1347
935
700
468
135
-138
-321
-453
-516
-567
-681
-708
-716
-702
-706
-847
-1019
-1099
-1281
-1338
-1493
-1638
-1859
-1967
-2133
-2336
-2537
-2760
-2780
-2855
-2828
-2710
-2417
-2074
-1066
-30
809
1145
1093
941
1110
1586
1824
1939
1897
1452
1444
802
277
81
-221
8
469
584
736
761
410
529
599
489
568
471
559
977
959
624
358
-34
-126
-219
-580
-800
-945
-1065
-1117
-1199
-1292
-1159
-1131
-1077
-765
-484
-207
-3
67
282
571
681
648
652
794
1010
1100
938
781
784
905
1069
1144
1128
1113
1063
1062
1076
1170
1241
1207
1265
1257
1330
1280
1086
966
905
885
793
536
195
49
-74
-238
-473
-707
-793
-843
-980
-1225
-1412
-1514
-1566
-1639
-1893
-2049
-2170
-2222
-2303
-2422
-2530
-2480
-2451
-2333
-2065
-1828
-1110
-204
460
652
517
279
452
1010
1341
1654
1678
1369
1478
1013
468
307
23
121
573
585
646
593
164
140
172
180
394
471
537
941
1069
865
618
173
20
24
-161
-380
-686
-900
-902
-959
-1031
-991
-983
-932
-787
-710
-658
-549
-509
-405
-160
34
279
405
557
806
1056
1180
1116
1005
909
948
981
909
862
855
920
942
877
872
885
920
969
960
916
853
731
567
513
529
541
512
421
344
279
49
-277
-562
-764
-851
-926
-1138
-1286
-1330
-1373
-1466
-1678
-1881
-2009
-2056
-2158
-2213
-2201
-2171
-1935
-1699
-1485
-947
-245
339
626
527
216
243
581
850
1256
1251
936
1101
795
522
517
168
292
638
633
739
553
129
117
118
171
416
378
414
733
811
854
756
355
281
283
180
132
-187
-508
-516
-527
-506
-403
-454
-457
-354
-383
-408
-418
-506
-454
-304
-124
138
294
355
494
669
804
900
839
785
868
1005
1105
1030
800
578
436
330
352
433
568
799
848
838
737
453
225
36
-99
-70
-17
-49
-76
-108
-164
-186
-256
-302
-263
-253
-292
-436
-639
-798
-968
-1117
-1244
-1320
-1303
-1288
-1355
-1450
-1529
-1603
-1571
-1509
-1461
-1125
-761
-534
-300
-371
-423
-198
-43
183
511
365
374
436
181
260
176
-67
127
178
307
623
519
455
459
294
420
525
422
468
482
477
658
628
445
431
290
321
376
175
50
61
89
241
314
243
277
304
275
268
228
131
126
116
112
170
184
204
216
246
287
302
258
205
247
366
495
516
508
477
469
507
455
440
506
565
688
710
590
555
480
368
318
150
45
44
-37
-87
-167
-309
-330
-315
-271
-199
-213
-298
-405
-585
-751
-925
-1131
-1274
-1383
-1492
-1646
-1770
-1864
-1814
-1709
-1538
-1420
-1301
-1182
-1193
-1192
-1071
-889
-509
-50
106
269
327
244
392
440
345
478
437
448
603
494
463
487
385
436
497
520
663
726
697
674
554
471
492
459
510
573
527
475
370
248
263
280
304
363
403
471
565
539
457
379
263
168
101
42
64
134
198
206
164
90
-37
-125
-188
-151
-7
111
184
241
236
240
310
319
383
496
538
610
623
542
506
427
354
374
344
250
149
-37
-186
-282
-427
-476
-454
-360
-252
-256
-371
-526
-664
-820
-945
-1072
-1218
-1341
-1497
-1661
-1730
-1679
-1569
-1460
-1423
-1468
-1549
-1475
-1340
-1076
-609
-397
-170
30
-44
137
350
446
762
881
859
992
896
823
842
679
642
662
579
614
634
549
553
462
373
463
499
615
724
676
650
633
523
465
404
311
356
395
428
495
516
523
550
491
396
321
219
152
129
91
85
111
111
146
179
173
195
173
158
209
171
134
128
92
233
389
439
534
517
496
549
470
429
440
374
399
359
218
151
18
-166
-301
-463
-542
-538
-571
-614
-677
-779
-841
-946
-1056
-1126
-1278
-1357
-1486
-1638
-1663
-1638
-1492
-1333
-1271
-1332
-1427
-1416
-1327
-1125
-822
-742
-605
-448
-464
-222
23
159
562
790
887
1090
984
887
872
709
674
733
678
771
830
762
740
567
395
396
379
432
512
437
456
485
428
440
422
361
390
342
254
216
143
51
3
-53
-35
60
120
197
230
191
135
40
7
34
80
198
299
403
502
516
482
471
432
442
467
464
494
551
555
565
576
578
630
668
683
686
648
513
351
175
-2
-111
-193
-291
-348
-434
-545
-662
-838
-992
-1108
-1232
-1325
-1424
-1559
-1654
-1723
-1794
-1655
-1547
-1492
-1372
-1481
-1498
-1303
-1272
-990
-698
-744
-547
-530
-613
-276
-85
131
579
643
823
1083
1037
1135
1146
986
1046
1018
901
970
881
773
743
560
516
589
556
639
631
507
453
309
191
199
192
231
275
222
210
203
129
24
-129
-253
-287
-311
-304
-263
-247
-195
-202
-193
-130
-43
95
235
349
470
525
515
516
499
537
632
715
833
937
953
922
823
718
638
604
605
609
614
540
422
296
153
52
-58
-178
-266
-363
-498
-658
-856
-1038
-1175
-1305
-1424
-1507
-1626
-1706
-1780
-1875
-1766
-1716
-1675
-1541
-1633
-1613
-1376
-1313
-975
-683
-711
-507
-515
-600
-294
-166
42
480
576
809
1019
947
1010
1023
943
1059
1082
1033
1107
1024
947
922
750
672
669
615
676
659
521
418
255
133
131
71
26
17
-18
9
29
-78
-191
-284
-323
-291
-285
-292
-269
-242
-196
-171
-182
-142
-77
57
196
318
416
471
502
539
588
666
770
845
961
1059
1101
1123
1090
1068
1064
1022
984
912
794
679
492
262
75
-114
-202
-234
-317
-417
-553
-752
-901
-1046
-1202
-1295
-1455
-1579
-1664
-1790
-1847
-1760
-1725
-1589
-1517
-1624
-1535
-1408
-1290
-923
-753
-705
-475
-523
-456
-182
-93
129
415
444
660
802
771
881
875
853
983
986
971
1008
898
841
756
586
547
527
533
591
519
417
324
177
100
56
-52
-121
-196
-276
-280
-325
-419
-482
-545
-531
-487
-481
-466
-434
-368
-295
-252
-258
-203
-96
63
192
293
362
420
517
583
644
716
775
800
854
886
924
958
937
936
960
985
1003
982
904
804
658
478
326
190
94
5
-169
-356
-581
-797
-946
-1122
-1267
-1348
-1485
-1637
-1700
-1792
-1655
-1463
-1388
-1250
-1269
-1339
-1168
-1082
-886
-525
-498
-356
-252
-336
-136
58
153
486
640
762
1033
1039
1058
1103
983
1008
1054
999
1078
1077
998
964
815
706
690
628
608
573
410
285
130
-25
-73
-141
-200
-235
-293
-335
-365
-440
-513
-612
-688
-724
-768
-790
-778
-765
-726
-683
-660
-592
-464
-285
-96
23
107
162
224
330
405
469
537
619
740
859
928
980
993
986
990
973
945
895
800
675
547
421
303
230
181
106
-21
-218
-456
-634
-776
-903
-1035
-1223
-1367
-1506
-1608
-1703
-1697
-1637
-1555
-1468
-1508
-1512
-1342
-1140
-827
-503
-432
-261
-161
-153
61
195
316
608
737
888
1094
1098
1137
1187
1135
1200
1249
1210
1255
1234
1163
1144
1040
939
948
899
879
845
696
584
455
296
217
137
38
-33
-139
-286
-390
-497
-598
-640
-690
-719
-702
-747
-772
-755
-764
-724
-691
-693
-634
-589
-519
-407
-339
-225
-101
1
149
280
380
508
568
594
653
662
697
781
798
855
899
846
779
689
545
463
368
251
162
34
-127
-287
-456
-596
-693
-808
-956
-1134
-1316
-1432
-1517
-1530
-1454
-1418
-1324
-1279
-1336
-1294
-1203
-1106
-782
-624
-551
-360
-348
-205
92
181
397
642
691
919
1041
1040
1173
1204
1225
1354
1348
1367
1388
1272
1189
1097
968
962
950
934
974
924
830
746
601
494
425
292
165
34
-91
-175
-257
-336
-429
-546
-617
-679
-681
-649
-670
-690
-744
-826
-846
-835
-773
-643
-530
-415
-345
-326
-265
-197
-118
4
73
151
250
309
358
395
405
424
465
502
532
522
466
393
318
252
208
137
5
-148
-314
-462
-570
-666
-770
-878
-1030
-1201
-1319
-1417
-1480
-1383
-1336
-1303
-1228
-1317
-1353
-1241
-1179
-899
-549
-439
-213
-141
-191
2
116
231
546
657
831
1089
1102
1192
1283
1252
1378
1441
1410
1488
1442
1387
1423
1337
1299
1322
1250
1244
1185
1018
901
729
546
480
388
321
280
195
114
26
-99
-191
-284
-339
-378
-451
-523
-605
-661
-668
-685
-688
-656
-657
-598
-535
-499
-420
-357
-346
-280
-234
-187
-66
15
115
231
301
377
425
431
448
458
449
435
388
338
286
183
57
-78
-212
-344
-434
-493
-569
-643
-771
-935
-1064
-1216
-1358
-1413
-1481
-1426
-1321
-1292
-1220
-1257
-1279
-1149
-1102
-936
-761
-727
-573
-505
-503
-308
-186
-18
281
404
621
815
845
949
1005
1005
1132
1188
1224
1334
1336
1341
1349
1273
1252
1231
1182
1169
1124
1024
956
867
782
753
676
605
536
442
334
244
111
-11
-101
-198
-282
-327
-374
-403
-389
-398
-397
-362
-349
-335
-304
-317
-293
-254
-249
-173
-126
-111
-69
-64
-13
82
150
214
266
271
282
268
222
203
205
198
238
242
145
81
-39
-161
-198
-307
-400
-460
-644
-777
-916
-1136
-1234
-1355
-1413
-1304
-1250
-1139
-1040
-1068
-1035
-1029
-1051
-917
-788
-675
-477
-432
-408
-312
-261
-134
83
194
348
496
473
547
577
574
665
715
766
896
952
987
1044
982
973
981
942
953
935
874
853
787
691
651
571
530
559
509
465
405
270
216
154
37
15
-35
-89
-65
-126
-182
-194
-267
-287
-282
-335
-298
-269
-265
-192
-179
-175
-96
-41
32
142
180
223
244
205
207
167
94
44
-22
-57
-50
-47
-86
-130
-208
-279
-314
-345
-369
-386
-458
-581
-686
-835
-920
-960
-1060
-1049
-1040
-1034
-944
-950
-1002
-1004
-1064
-1045
-920
-845
-712
-577
-516
-425
-315
-228
-82
61
176
308
361
385
437
468
529
595
639
694
726
738
753
729
711
701
689
694
708
708
696
684
632
589
541
514
491
471
437
386
313
239
177
109
92
69
61
60
41
11
-3
-11
-10
-2
1
15
6
8
27
49
83
109
136
156
193
238
290
331
357
386
400
409
381
342
315
282
249
211
131
42
-65
-191
-288
-375
-457
-557
-661
-764
-851
-877
-918
-956
-952
-983
-980
-943
-908
-867
-875
-920
-932
-905
-801
-653
-568
-471
-425
-401
-336
-283
-220
-106
-4
73
186
257
329
391
441
499
572
623
669
690
655
663
632
612
619
595
587
589
532
492
442
373
347
301
268
225
172
124
91
46
8
-33
-71
-66
-56
-42
-66
-85
-80
-70
-50
-3
-1
14
60
61
111
150
159
222
276
310
380
400
414
462
467
483
498
469
457
451
413
400
387
353
320
220
94
-29
-143
-237
-303
-358
-433
-524
-614
-702
-787
-823
-912
-949
-932
-948
-911
-907
-970
-968
-930
-886
-743
-665
-588
-488
-473
-436
-379
-327
-239
-102
-36
78
161
184
234
275
305
388
434
461
515
510
530
512
502
536
582
603
597
551
495
438
388
351
302
293
258
205
161
83
8
-29
-83
-113
-111
-135
-133
-134
-156
-158
-189
-216
-177
-126
-52
7
33
63
105
138
196
255
285
346
396
429
471
515
552
609
640
650
671
650
625
614
583
534
477
354
238
135
19
-38
-91
-159
-193
-274
-388
-490
-607
-719
-785
-856
-921
-913
-913
-909
-861
-849
-859
-802
-769
-707
-595
-557
-493
-426
-383
-329
-258
-208
-126
-21
30
93
108
123
170
211
233
286
295
299
334
317
351
365
355
355
342
318
311
270
223
205
164
138
91
45
-1
-34
-63
-95
-139
-167
-186
-206
-217
-247
-258
-273
-266
-238
-215
-173
-124
-90
-37
16
47
100
123
179
273
339
410
479
542
601
645
670
708
725
758
768
745
718
681
657
607
518
412
308
226
185
144
93
21
-106
-230
-350
-449
-516
-573
-618
-644
-655
-674
-692
-702
-705
-693
-664
-647
-610
-556
-511
-458
-438
-405
-379
-312
-224
-150
-71
6
67
107
156
188
231
253
273
255
246
245
248
243
236
225
184
180
149
122
87
57
19
-17
-61
-79
-87
-121
-136
-198
-234
-267
-317
-359
-381
-426
-430
-422
-433
-408
-402
-394
-347
-316
-290
-203
-165
-96
-6
26
92
163
214
302
387
438
515
558
598
665
710
731
749
746
732
734
716
681
650
572
478
432
351
305
304
212
131
48
-101
-187
-273
-369
-403
-450
-498
-515
-538
-544
-527
-514
-489
-457
-422
-410
-377
-345
-323
-271
-233
-172
-128
-83
-34
2
51
90
121
160
188
204
247
263
275
298
290
280
282
247
225
186
128
77
10
-55
-86
-117
-154
-167
-233
-281
-331
-389
-433
-439
-466
-468
-462
-503
-490
-520
-521
-499
-485
-464
-414
-398
-367
-309
-289
-211
-156
-87
-5
66
132
210
276
341
432
500
583
650
698
724
748
743
746
751
736
731
713
675
629
576
503
478
424
370
314
216
101
-11
-116
-212
-267
-336
-361
-380
-398
-409
-430
-477
-497
-491
-477
-430
-380
-339
-314
-270
-232
-184
-122
-52
-3
51
81
94
146
149
178
215
234
265
293
284
293
285
257
265
242
238
219
175
144
103
48
26
-31
-72
-106
-193
-248
-300
-368
-391
-425
-482
-490
-541
-578
-583
-620
-621
-585
-572
-523
-464
-446
-374
-328
-280
-205
-148
-104
-23
42
98
176
222
287
344
422
484
540
576
602
633
638
652
654
671
684
675
650
608
549
508
463
400
362
303
218
155
58
-13
-63
-123
-144
-184
-214
-243
-281
-318
-351
-381
-370
-362
-335
-309
-316
-267
-240
-195
-137
-92
-48
-3
30
82
130
155
196
226
261
298
325
329
344
339
320
309
288
253
237
202
155
125
73
52
34
-4
-32
-79
-155
-200
-262
-333
-354
-403
-439
-450
-508
-550
-565
-602
-606
-585
-590
-545
-513
-506
-464
-440
-427
-365
-319
-273
-196
-140
-75
25
97
176
274
333
399
447
476
500
503
499
505
519
538
562
556
540
511
460
407
372
325
293
267
200
145
86
8
-37
-78
-121
-125
-148
-184
-215
-271
-300
-321
-349
-351
-324
-316
-281
-261
-275
-256
-246
-244
-195
-143
-93
-12
24
67
103
126
144
172
209
235
290
306
319
310
303
287
270
243
221
204
168
145
104
61
3
-47
-116
-134
-176
-212
-221
-260
-285
-315
-347
-381
-391
-407
-402
-421
-420
-420
-415
-405
-426
-411
-389
-355
-310
-238
-191
-130
-72
-18
50
101
160
208
274
341
396
428
471
479
505
541
543
556
534
518
493
453
403
353
287
252
217
202
186
144
88
31
-23
-92
-142
-175
-190
-215
-209
-229
-260
-254
-287
-293
-279
-310
-286
-255
-272
-220
-213
-217
-173
-168
-138
-45
-30
2
44
28
66
92
96
144
170
162
189
165
152
169
163
177
181
157
149
126
76
61
22
-26
-50
-90
-113
-121
-153
-172
-190
-232
-236
-248
-263
-252
-263
-272
-266
-270
-269
-249
-220
-181
-140
-112
-90
-60
-36
-3
29
52
83
125
162
202
247
284
324
345
364
385
399
408
401
394
383
363
358
332
309
294
259
242
211
162
131
79
23
-17
-72
-107
-125
-176
-197
-208
-235
-245
-260
-285
-290
-304
-311
-308
-318
-313
-302
-289
-279
-258
-233
-210
-174
-141
-124
-97
-81
-54
-21
-12
5
26
27
48
70
80
108
114
126
131
129
115
98
75
51
29
-8
-24
-32
-46
-42
-48
-74
-85
-115
-147
-161
-180
-185
-188
-182
-175
-166
-154
-141
-118
-96
-67
-41
-23
1
17
41
70
99
140
166
198
224
245
264
274
294
315
329
340
353
359
368
367
357
338
326
313
292
283
263
258
239
207
187
145
107
68
28
-2
-32
-68
-94
-121
-155
-166
-185
-216
-221
-237
-234
-210
-224
-224
-220
-225
-209
-210
-212
-189
-175
-160
-146
-143
-132
-109
-98
-76
-44
-40
-16
-12
-39
-39
-51
-59
-49
-55
-68
-70
-96
-99
-95
-115
-107
-95
-112
-103
-101
-122
-119
-139
-154
-151
-156
-154
-133
-137
-129
-119
-134
-127
-119
-114
-110
-99
-92
-77
-70
-45
-17
16
57
92
123
146
174
191
212
225
228
244
250
260
270
281
294
291
292
292
289
280
278
270
266
269
266
249
235
230
209
208
189
173
151
119
89
59
31
3
-7
-28
-40
-53
-69
-81
-99
-112
-105
-112
-119
-110
-118
-118
-110
-105
-109
-107
-114
-102
-91
-86
-83
-87
-93
-96
-98
-115
-115
-115
-117
-128
-132
-134
-131
-139
-140
-140
-144
-149
-165
-176
-188
-194
-192
-187
-192
-185
-172
-167
-164
-154
-155
-156
-142
-141
-132
-121
-107
-97
-83
-71
-59
-35
-25
-3
13
33
56
75
78
83
93
101
118
139
148
146
149
145
159
174
178
181
181
174
169
154
145
146
147
149
149
136
133
141
131
141
138
134
139
114
99
90
87
96
92
82
68
44
26
18
-2
-16
-17
-20
-6
10
9
7
-1
-8
-18
-31
-37
-38
-64
-81
-99
-113
-115
-117
-113
-115
-101
-99
-107
-126
-130
-129
-129
-132
-126
-124
-131
-128
-135
-127
-122
-122
-123
-123
-126
-119
-124
-124
-123
-113
-103
-77
-56
-51
-36
-36
3
15
17
39
33
37
46
39
48
55
60
72
68
63
73
76
68
83
89
86
87
72
68
80
89
102
108
108
102
99
105
102
106
99
94
88
79
72
62
59
58
63
69
72
76
83
86
95
98
88
89
84
76
75
71
72
59
50
53
49
41
27
15
2
-14
-19
-29
-33
-31
-52
-62
-75
-93
-94
-105
-111
-119
-130
-143
-147
-151
-153
-142
-125
-105
-84
-85
-77
-72
-82
-74
-75
-64
-48
-28
-24
-24
-42
-50
-49
-56
-54
-47
-42
-33
-24
-31
-21
-19
-9
0
1
6
9
5
0
-2
-20
-15
-21
-20
-3
-9
-18
-21
-29
-28
-20
-10
1
12
10
10
10
8
18
9
9
23
21
21
16
4
5
7
10
14
8
1
6
-1
-3
4
8
28
52
65
79
90
93
92
79
68
77
74
52
44
33
28
31
13
7
2
-6
1
-17
-31
-30
-35
-43
-42
-59
-73
-80
-82
-78
-81
-83
-89
-93
-101
-112
-116
-117
-110
-100
-82
-58
-48
-35
-27
-25
-8
6
18
28
19
14
15
15
18
21
21
27
37
40
39
36
32
43
38
33
37
27
22
13
2
-3
-8
-10
-16
-16
-21
-29
-34
-43
-53
-45
-35
-35
-28
-30
-30
-26
-17
-3
13
27
35
41
31
22
32
27
25
40
45
54
65
73
81
84
74
69
71
68
71
67
73
84
84
83
82
78
69
69
52
37
28
20
5
-4
-8
-12
-8
-12
-8
-11
-9
-4
-9
-12
-11
-15
-5
2
-10
-5
1
-4
-6
-4
-7
-3
-7
-4
10
15
27
37
45
53
66
71
76
77
83
89
82
77
79
83
84
86
76
66
60
64
66
73
71
63
60
52
48
32
28
20
10
10
-1
-10
-22
-26
-29
-40
-46
-55
-61
-70
-71
-69
-68
-61
-60
-58
-45
-33
-11
-2
-2
6
18
15
20
29
28
38
40
39
40
42
39
40
33
25
26
16
6
-3
-14
-14
-20
-33
-44
-54
-59
-62
-69
-78
-86
-100
-106
-114
-120
-127
-131
-132
-127
-117
-107
-98
-100
-95
-95
-94
-93
-89
-87
-83
-79
-66
-58
-48
-50
-50
-43
-33
-16
-5
2
8
23
29
44
53
58
68
67
72
70
70
70
70
63
55
55
51
55
58
52
58
65
64
54
48
46
47
41
35
31
18
12
4
-1
-10
-13
-9
-11
-16
-25
-29
-37
-41
-44
-44
-35
-31
-13
-3
8
22
19
20
22
25
25
30
23
10
9
2
2
5
0
4
5
3
0
-5
-14
-17
-26
-32
-38
-49
-51
-61
-71
-81
-87
-95
-103
-120
-138
-149
-155
-152
-152
-151
-147
-147
-136
-125
-118
-108
-107
-105
-94
-84
-76
-63
-62
-49
-39
-29
-11
3
18
31
47
66
79
82
82
95
104
117
129
134
136
137
141
149
156
154
152
148
143
130
110
97
93
90
83
91
95
102
111
101
99
91
77
68
58
51
49
45
35
33
29
29
33
31
29
28
23
21
19
16
17
18
16
19
20
19
19
18
14
17
10
7
4
-5
-9
-2
3
-3
-7
-15
-21
-27
-39
-47
-53
-63
-68
-78
-81
-79
-84
-93
-95
-106
-116
-119
-130
-140
-151
-154
-156
-156
-158
-157
-158
-149
-132
-115
-97
-78
-71
-60
-53
-45
-35
-33
-23
-9
5
24
43
52
71
87
101
117
130
140
141
140
143
143
139
136
141
145
157
159
152
145
138
124
112
98
78
66
56
51
49
35
30
28
26
28
28
21
20
23
12
11
6
1
-4
-7
-9
2
6
5
10
7
9
7
3
2
-4
-4
-10
-15
-6
-5
-4
-5
-7
-12
-14
-18
-27
-29
-37
-37
-38
-46
-48
-56
-62
-65
-65
-66
-69
-75
-82
-96
-102
-103
-106
-110
-114
-111
-109
-106
-105
-110
-112
-110
-117
-113
-104
-95
-84
-79
-72
-56
-48
-35
-16
-7
6
14
13
22
31
34
44
54
63
78
84
96
103
107
111
109
108
107
105
101
102
99
96
95
89
88
77
72
67
63
53
48
40
27
24
11
5
0
-6
-5
-5
-1
2
4
-4
-4
-9
-8
-7
-15
-12
-12
-8
-9
-10
-14
-20
-21
-28
-25
-22
-22
-23
-22
-21
-20
-20
-26
-25
-28
-32
-35
-42
-54
-62
-65
-73
-75
-78
-79
-79
-76
-76
-74
-62
-57
-51
-40
-38
-37
-30
-32
-28
-30
-36
-31
-26
-24
-16
-5
-1
6
4
6
12
14
16
19
26
27
33
33
38
45
43
45
48
58
63
70
82
87
93
99
100
106
111
106
105
101
100
103
102
101
99
98
94
96
87
82
79
74
72
71
66
58
50
36
30
22
12
5
0
-10
-16
-24
-31
-35
-43
-48
-50
-53
-64
-63
-68
-64
-62
-67
-64
-63
-61
-61
-65
-66
-65
-67
-69
-71
-71
-65
-65
-61
-59
-59
-55
-54
-55
-57
-58
-58
-51
-49
-55
-48
-49
-45
-41
-37
-28
-23
-25
-31
-30
-30
-32
-34
-31
-22
-15
-10
-3
2
3
7
7
2
5
10
10
18
24
29
36
35
40
44
43
34
31
34
37
44
51
54
54
58
60
63
69
71
77
86
88
90
86
83
82
76
69
68
66
60
59
57
52
50
42
33
28
18
10
8
4
0
-6
-14
-23
-27
-32
-40
-43
-51
-56
-59
-63
-66
-70
-78
-78
-78
-78
-71
-73
-71
-66
-61
-59
-61
-58
-58
-55
-48
-42
-38
-31
-26
-22
-13
-4
1
8
11
14
13
15
20
19
22
32
34
40
39
34
31
28
22
16
14
10
11
8
10
16
16
14
11
14
11
10
11
4
2
-2
-7
1
-5
-11
-5
-7
-1
8
17
20
23
28
27
30
36
38
34
37
35
35
33
32
30
30
28
23
22
20
19
19
19
11
4
2
-4
-12
-20
-27
-26
-31
-34
-41
-48
-52
-62
-70
-74
-81
-81
-83
-84
-81
-81
-74
-70
-70
-69
-66
-65
-66
-62
-57
-49
-44
-43
-36
-28
-25
-17
-17
-8
6
9
18
25
34
45
54
58
55
62
63
64
63
63
69
67
65
70
72
73
71
68
63
61
56
51
46
38
38
37
33
25
25
24
17
14
10
11
11
14
14
15
14
13
13
16
17
19
18
17
17
17
16
17
16
14
24
25
26
27
20
19
16
8
7
-1
-3
-1
-4
-6
-11
-14
-20
-24
-31
-38
-41
-43
-46
-47
-48
-53
-55
-61
-65
-68
-74
-76
-74
-75
-78
-75
-77
-76
-72
-68
-62
-60
-55
-54
-50
-48
-46
-41
-38
-32
-26
-23
-18
-14
-10
-7
-2
0
0
8
10
15
23
25
28
24
20
17
17
15
16
21
19
23
22
21
21
21
22
20
18
16
11
9
10
11
12
10
12
14
15
16
14
12
8
4
5
3
7
13
14
19
19
20
24
20
19
19
18
18
17
18
17
14
12
9
5
6
8
4
5
5
5
6
2
0
-3
-11
-19
-22
-24
-27
-32
-32
-37
-39
-42
-47
-47
-51
-55
-49
-49
-48
-47
-48
-48
-48
-46
-44
-41
-42
-40
-38
-34
-26
-21
-18
-14
-11
-6
-2
2
6
9
19
23
26
28
28
33
39
41
43
44
48
48
49
51
50
51
52
53
51
54
56
57
57
62
62
60
59
51
51
50
49
44
39
39
34
31
29
28
29
27
26
21
19
18
16
15
11
8
2
3
1
-2
-3
-5
-7
-9
-14
-14
-16
-19
-23
-26
-30
-38
-41
-44
-48
-43
-43
-46
-45
-47
-43
-44
-47
-50
-51
-51
-52
-54
-54
-51
-48
-45
-45
-44
-44
-42
-42
-43
-41
-39
-40
-41
-39
-38
-34
-29
-26
-20
-16
-10
-8
-6
-5
-3
0
1
2
2
7
6
7
12
16
21
26
28
30
33
37
39
41
41
42
42
44
45
45
48
49
50
53
56
59
58
58
58
57
58
55
52
52
52
51
50
50
47
45
43
41
38
34
30
27
23
19
15
14
11
7
6
3
3
1
-2
-2
-7
-10
-13
-18
-19
-24
-27
-31
-36
-38
-39
-39
-39
-38
-38
-38
-35
-35
-34
-36
-39
-40
-41
-42
-42
-42
-44
-40
-40
-39
-37
-36
-36
-33
-31
-30
-29
-29
-29
-28
-30
-28
-28
-24
-20
-16
-12
-11
-9
-7
-5
-3
-2
0
2
4
6
5
7
10
13
16
19
24
26
28
33
34
33
36
34
34
35
36
39
42
43
43
42
45
43
42
42
43
41
39
37
37
37
35
35
33
32
32
30
26
22
20
14
11
5
-2
-6
-8
-10
-11
-14
-15
-16
-19
-22
-25
-29
-33
-36
-37
-40
-43
-45
-47
-48
-49
-50
-51
-49
-47
-47
-45
-45
-48
-43
-44
-43
-44
-43
-43
-42
-39
-36
-33
-32
-27
-23
-22
-20
-19
-19
-15
-12
-10
-5
-3
0
2
6
11
13
13
16
18
18
19
20
21
23
24
26
29
32
33
37
38
40
43
45
46
47
48
49
50
51
49
50
52
52
51
54
53
51
49
48
47
46
44
41
39
37
33
29
27
23
20
18
17
13
12
8
4
0
-3
-8
-13
-17
-22
-26
-29
-30
-33
-35
-35
-36
-39
-41
-42
-44
-45
-47
-47
-50
-51
-51
-51
-50
-52
-53
-52
-52
-50
-50
-50
-48
-47
-48
-49
-50
-48
-47
-44
-42
-39
-38
-35
-32
-31
-29
-28
-28
-26
-25
-21
-20
-16
-12
-9
-4
-1
2
6
9
13
16
18
20
22
25
27
29
30
30
34
35
40
42
42
46
46
47
49
49
51
52
52
53
52
52
52
52
54
53
52
49
47
47
47
44
40
39
37
35
32
30
28
24
23
22
21
17
14
12
9
7
1
-2
-7
-13
-16
-19
-23
-25
-27
-29
-28
-28
-30
-29
-31
-33
-35
-38
-39
-42
-42
-44
-45
-45
-48
-50
-52
-52
-52
-51
-49
-50
-47
-48
-45
-44
-42
-40
-39
-38
-36
-35
-33
-30
-30
-28
-27
-27
-26
-24
-22
-19
-16
-15
-11
-8
-6
-2
3
8
13
17
21
23
24
28
30
32
35
39
40
41
43
45
44
46
46
46
47
44
45
44
43
41
38
40
37
37
37
37
38
36
36
35
35
33
30
28
25
22
20
18
15
14
12
10
10
7
6
3
-1
-3
-6
-10
-10
-14
-15
-18
-21
-24
-28
-30
-32
-34
-36
-36
-37
-38
-39
-42
-42
-44
-45
-45
-45
-46
-46
-46
-46
-45
-43
-43
-41
-40
-38
-37
-36
-33
-32
-32
-31
-30
-28
-26
-25
-21
-18
-18
-14
-13
-9
-4
-2
3
7
10
13
18
21
26
28
28
32
35
36
37
39
39
39
37
37
37
37
38
39
44
45
47
47
50
51
50
52
52
52
51
50
50
49
47
46
43
38
33
31
29
29
26
22
20
18
16
11
10
9
6
5
3
1
-1
-4
-7
-9
-11
-16
-19
-21
-25
-29
-30
-34
-36
-37
-38
-40
-41
-44
-43
-42
-44
-43
-42
-43
-45
-44
-43
-44
-43
-44
-44
-42
-44
-41
-39
-40
-40
-37
-35
-35
-31
-31
-29
-27
-23
-23
-20
-18
-15
-10
-6
-1
2
5
6
10
11
10
10
11
15
17
18
20
21
23
25
27
29
29
33
35
37
40
42
43
43
43
47
46
47
49
49
49
48
45
43
43
39
39
39
38
36
34
33
33
32
34
34
34
31
