-2
-2
-3
-2
-4
-4
-4
-3
-4
-3
-3
-2
-2
-2
-1
0
-1
0
0
-1
-2
0
-1
-3
-2
-3
-3
-3
-4
-4
-4
-5
-5
-4
-5
-5
-4
-4
-4
-5
-5
-4
-4
-4
-3
-2
-2
-2
-1
-1
-1
0
0
0
-1
0
0
0
1
1
0
1
0
-1
-2
-1
-2
-1
-2
-2
-2
-3
-2
-2
-1
-2
-1
-1
-1
0
0
1
-1
-1
-1
-1
-2
0
0
1
0
2
2
1
2
2
2
2
2
2
1
1
1
1
0
2
1
0
1
0
0
1
-1
0
1
0
0
1
0
1
1
3
3
5
4
5
5
6
6
6
7
5
5
5
5
5
5
6
5
6
5
5
4
3
4
4
2
4
5
5
5
6
4
5
5
5
5
5
5
5
4
4
3
2
1
0
0
0
-1
-2
-1
-2
-1
-2
-2
-1
-2
-3
-3
-4
-3
-4
-6
-6
-6
-6
-7
-8
-8
-8
-7
-7
-6
-7
-6
-6
-6
-5
-5
-4
-3
-3
-3
-3
-3
-2
-3
-4
-4
-4
-7
-5
-6
-5
-3
-3
-3
-4
-3
-2
-1
0
0
1
1
2
3
4
4
3
4
4
3
4
3
3
4
4
4
3
2
2
2
3
3
4
4
4
4
4
4
4
5
5
6
5
4
4
4
3
2
1
2
0
0
0
-1
-1
-2
0
-2
-1
-1
0
-1
-1
-1
-1
-2
-2
-4
-3
-5
-4
-5
-5
-4
-4
-5
-4
-4
-5
-5
-5
-5
-3
-3
-2
-2
-3
-2
-3
-2
-1
-1
-1
-1
0
-2
-1
-1
0
0
0
0
1
0
1
1
0
1
0
0
0
0
0
0
0
2
1
1
2
1
2
2
0
1
1
0
2
1
1
2
2
2
2
2
3
4
5
6
8
8
9
10
10
11
11
12
13
13
14
15
13
14
14
13
13
12
12
10
9
8
7
5
3
1
-2
-3
-5
-7
-8
-11
-13
-15
-18
-19
-21
-23
-25
-27
-29
-29
-31
-33
-33
-36
-34
-34
-34
-34
-33
-32
-31
-31
-30
-28
-26
-26
-25
-24
-23
-20
-21
-19
-18
-18
-17
-16
-16
-13
-11
-9
-7
-6
-6
-3
-3
-1
2
2
5
6
8
9
10
11
13
14
18
19
22
25
27
30
33
35
37
41
41
45
46
50
51
52
55
54
56
55
56
55
56
54
54
51
51
49
48
47
44
42
40
38
37
36
32
30
26
24
23
18
16
14
12
9
8
5
4
1
-1
-2
-5
-6
-8
-8
-8
-11
-13
-13
-16
-17
-18
-22
-22
-23
-26
-28
-30
-34
-34
-40
-41
-44
-48
-48
-52
-54
-57
-59
-63
-65
-70
-71
-74
-75
-76
-79
-78
-79
-78
-80
-78
-80
-79
-79
-75
-74
-72
-68
-66
-64
-61
-57
-53
-49
-48
-42
-40
-34
-30
-28
-25
-20
-19
-14
-9
-7
-2
-1
5
8
9
14
16
19
23
25
29
35
35
42
44
47
52
54
59
64
68
74
78
79
86
87
92
99
100
109
109
114
117
120
122
127
124
128
128
125
129
125
127
124
121
117
113
105
104
93
91
85
76
72
59
51
42
32
22
16
2
-2
-16
-26
-34
-47
-54
-64
-72
-80
-88
-96
-99
-110
-113
-122
-133
-138
-149
-156
-160
-167
-172
-174
-185
-184
-193
-195
-195
-201
-195
-196
-196
-196
-196
-200
-196
-199
-194
-192
-189
-182
-183
-174
-170
-163
-155
-139
-134
-111
-102
-86
-66
-57
-31
-16
5
24
46
64
89
107
131
145
164
190
206
232
253
272
288
311
321
344
352
366
376
381
392
392
400
399
394
384
386
376
377
370
363
357
339
326
310
290
274
256
233
211
173
144
114
83
59
30
4
-21
-48
-73
-100
-134
-156
-181
-199
-219
-245
-268
-297
-325
-346
-369
-386
-397
-418
-428
-453
-467
-488
-509
-520
-534
-550
-566
-578
-592
-589
-596
-591
-595
-600
-607
-605
-602
-589
-574
-558
-546
-543
-517
-501
-467
-434
-401
-357
-303
-256
-189
-129
-68
-1
59
126
182
244
308
379
451
526
575
623
654
692
741
787
825
846
857
863
870
856
843
813
792
767
745
731
702
674
651
626
601
574
544
532
498
490
472
457
443
413
393
365
343
317
297
269
254
220
193
156
116
78
36
-10
-50
-91
-132
-158
-199
-226
-261
-290
-314
-335
-350
-368
-389
-405
-429
-439
-452
-476
-498
-526
-561
-589
-617
-650
-668
-704
-717
-740
-752
-773
-783
-805
-823
-850
-857
-866
-889
-895
-922
-926
-930
-922
-921
-906
-921
-911
-882
-817
-702
-582
-491
-448
-447
-427
-344
-211
-35
125
228
294
328
390
494
614
742
835
917
997
1068
1111
1131
1109
1087
1064
1051
1048
1026
971
903
822
756
705
637
588
520
469
422
376
343
305
271
248
222
191
174
143
134
133
140
154
148
143
122
92
72
51
50
62
71
92
95
82
79
85
84
109
130
150
194
215
247
251
239
225
207
220
231
246
256
240
219
192
154
129
104
89
70
27
-8
-45
-81
-117
-154
-208
-238
-280
-316
-355
-407
-447
-507
-543
-569
-591
-612
-630
-675
-730
-758
-804
-796
-824
-822
-849
-875
-917
-955
-998
-1017
-1010
-1025
-991
-1035
-1013
-1022
-969
-893
-749
-687
-605
-641
-639
-562
-442
-237
-112
-6
19
57
77
218
324
472
562
608
714
779
860
889
873
854
878
857
901
868
830
791
715
694
662
639
627
599
557
578
535
542
542
538
563
557
540
543
533
543
564
546
571
552
555
544
519
500
459
417
411
389
383
378
334
314
262
228
217
176
171
175
168
183
161
129
105
57
51
52
50
56
35
-12
-48
-103
-136
-171
-209
-226
-275
-317
-347
-399
-438
-463
-504
-508
-523
-527
-539
-585
-617
-659
-696
-710
-708
-707
-706
-735
-759
-806
-858
-875
-895
-886
-889
-900
-929
-964
-1004
-1010
-1027
-1031
-1033
-1051
-1051
-1060
-1015
-961
-867
-752
-638
-609
-606
-599
-518
-359
-174
5
94
158
169
238
330
499
634
730
811
911
1005
1065
1108
1085
1089
1088
1117
1116
1113
1060
1008
935
904
892
861
843
795
772
742
731
706
693
676
668
653
616
590
557
548
522
508
496
478
458
443
407
360
321
264
245
228
216
200
168
130
90
39
4
-19
-27
-22
-12
-14
-27
-39
-72
-113
-148
-169
-167
-159
-172
-204
-241
-303
-349
-378
-409
-438
-460
-479
-506
-539
-573
-600
-641
-658
-654
-660
-664
-681
-725
-763
-782
-786
-782
-783
-801
-817
-849
-875
-909
-901
-892
-881
-859
-865
-859
-865
-848
-840
-797
-790
-766
-766
-754
-705
-675
-588
-430
-284
-173
-118
-178
-165
-82
98
292
447
523
531
513
553
644
769
897
924
990
1058
1094
1130
1111
1058
1055
1024
1007
1000
948
900
818
757
725
689
658
627
576
574
549
521
508
486
499
500
481
471
454
436
446
423
428
423
419
432
420
408
382
332
295
269
231
228
197
184
177
138
109
73
46
23
13
24
31
33
29
-8
-61
-111
-152
-149
-148
-168
-187
-232
-280
-328
-370
-395
-438
-469
-475
-490
-498
-508
-540
-563
-574
-575
-556
-539
-549
-562
-582
-589
-619
-625
-652
-670
-662
-682
-698
-727
-744
-777
-777
-797
-807
-817
-827
-810
-803
-812
-835
-845
-876
-866
-834
-804
-742
-571
-455
-350
-346
-426
-403
-304
-108
110
275
316
322
262
318
410
578
709
745
829
893
951
982
960
903
913
907
933
934
914
882
820
757
730
704
690
667
626
645
615
602
577
553
568
578
577
591
592
579
590
565
570
546
526
514
490
508
499
474
446
398
350
306
262
248
225
201
174
140
83
49
-3
-35
-59
-80
-80
-100
-101
-145
-187
-231
-262
-296
-321
-362
-393
-417
-463
-506
-573
-624
-656
-658
-665
-662
-672
-670
-683
-699
-724
-742
-741
-745
-724
-708
-710
-733
-755
-787
-781
-810
-809
-819
-820
-788
-779
-757
-771
-783
-821
-810
-792
-756
-725
-716
-715
-733
-727
-719
-607
-437
-284
-196
-221
-305
-310
-178
-11
219
351
403
357
308
342
433
599
715
771
824
898
915
959
892
849
860
851
888
910
908
859
806
736
716
694
696
676
665
682
684
685
663
659
668
680
664
683
674
694
728
715
723
696
657
602
574
589
599
579
564
501
446
388
317
286
253
213
202
180
143
117
64
32
-21
-68
-96
-121
-133
-152
-188
-218
-293
-372
-438
-503
-529
-532
-544
-566
-604
-664
-696
-737
-763
-781
-795
-785
-765
-751
-741
-768
-777
-797
-829
-818
-818
-788
-760
-743
-744
-745
-775
-776
-789
-781
-768
-774
-753
-783
-772
-777
-794
-829
-824
-839
-819
-801
-760
-704
-519
-361
-249
-210
-328
-356
-274
-53
187
424
488
495
410
387
437
571
737
816
930
985
1045
1062
1049
955
939
932
921
969
964
970
909
855
786
773
740
685
644
625
639
663
684
655
652
599
634
814
860
602
352
345
563
706
692
599
428
315
331
312
353
412
461
447
458
421
344
177
0
-64
-58
-14
-10
-6
-89
-166
-252
-369
-463
-472
-406
-326
-285
-316
-352
-436
-528
-537
-462
-500
-630
-633
-493
-475
-699
-837
-912
-962
-1032
-1055
-1098
-1066
-1023
-1110
-1330
-1383
-1351
-1325
-1372
-1367
-1285
-1279
-1348
-1435
-1437
-1450
-1404
-1371
-1321
-1307
-1262
-1263
-1277
-1177
-989
-638
-69
847
1850
2208
1747
1082
920
1317
1769
1876
1891
1923
1772
1171
331
-196
-149
139
320
631
1012
1042
525
-43
-184
107
325
315
527
1090
1548
1272
483
-77
-71
67
-12
-48
141
309
122
-257
-533
-523
-441
-341
-34
536
935
872
623
613
807
824
686
777
1301
1811
1912
1642
1383
1249
1111
915
847
975
1139
1085
835
518
196
-103
-276
-198
39
192
122
-47
-230
-418
-653
-848
-818
-571
-345
-336
-482
-686
-862
-993
-1008
-960
-808
-694
-700
-837
-1040
-1252
-1402
-1464
-1382
-1245
-1201
-1270
-1363
-1439
-1492
-1488
-1479
-1416
-1293
-1165
-1212
-1279
-1370
-1384
-1538
-1592
-1590
-1454
-1364
-1062
-680
133
1359
2419
2466
1673
1001
780
988
1213
1379
1326
1330
795
-32
-858
-1026
-843
-566
-43
722
1212
931
357
-40
149
470
554
593
1063
1701
1665
1010
240
-118
-225
-290
-380
-223
44
156
49
-35
87
197
300
504
1030
1540
1703
1498
1369
1427
1404
1080
722
697
1025
1401
1403
1186
1108
1125
982
767
686
729
807
920
895
721
451
140
-119
-239
-216
-316
-451
-472
-420
-542
-803
-995
-1001
-795
-559
-443
-361
-296
-282
-344
-518
-711
-837
-860
-884
-978
-1128
-1303
-1497
-1588
-1619
-1743
-1766
-1703
-1496
-1307
-1276
-1298
-1405
-1366
-1403
-1426
-1483
-1605
-1725
-1931
-2021
-2060
-1990
-1814
-1381
-566
351
1682
2419
2409
1748
1191
917
759
987
869
941
704
254
-497
-1083
-1060
-843
-243
300
1003
1425
1461
1108
723
744
780
829
900
1192
1517
1587
1108
410
-109
-452
-622
-674
-489
-144
227
516
642
715
745
758
857
1112
1442
1607
1533
1384
1204
931
507
81
-77
196
706
1041
1219
1406
1496
1406
1161
956
857
937
1034
1022
878
579
123
-366
-656
-777
-812
-803
-660
-425
-306
-382
-590
-684
-576
-382
-207
-98
-28
-24
-159
-486
-844
-1144
-1292
-1371
-1389
-1464
-1581
-1678
-1765
-1835
-1979
-1980
-1876
-1632
-1411
-1264
-1383
-1554
-1637
-1726
-1889
-2020
-2162
-2262
-2205
-2062
-1982
-1709
-1093
-192
1327
2696
3195
2623
2009
1396
1213
1050
883
545
703
627
166
-423
-807
-762
-366
300
916
1577
1919
1869
1607
1408
1099
610
314
328
728
1099
985
511
54
-289
-703
-1067
-1205
-901
-243
443
835
1113
1290
1308
1140
960
889
922
909
807
687
530
240
-201
-499
-473
-81
435
1011
1677
2340
2712
2624
2245
1850
1591
1399
1196
973
751
524
161
-324
-733
-957
-989
-857
-541
-121
138
235
204
142
89
-14
-119
-205
-229
-305
-518
-857
-1250
-1538
-1754
-1897
-1990
-1950
-1880
-1822
-1745
-1745
-1791
-1857
-1774
-1740
-1728
-1608
-1591
-1693
-1835
-1990
-2211
-2502
-2619
-2726
-2722
-2440
-1993
-1212
-95
1498
2992
3562
3129
2284
1563
1188
759
411
86
65
-66
-456
-960
-1142
-949
-553
1
658
1474
1955
2064
1829
1583
1323
815
213
-208
-77
272
362
206
-35
-160
-365
-715
-1073
-1016
-523
199
804
1347
1825
2081
1980
1530
1061
657
355
135
59
136
187
53
-161
-235
-5
408
893
1565
2441
3309
3699
3483
2907
2234
1575
914
339
-31
-181
-222
-355
-543
-682
-737
-720
-575
-224
289
737
961
951
842
670
338
-107
-558
-805
-903
-1032
-1295
-1585
-1767
-1844
-1869
-1917
-1989
-1969
-1808
-1651
-1503
-1456
-1491
-1659
-1821
-1918
-2124
-2306
-2467
-2509
-2685
-2900
-3190
-3404
-3369
-3012
-2273
-1222
484
2506
3845
3969
3223
2260
1439
878
418
-58
-195
-217
-435
-861
-1151
-1139
-701
3
810
1694
2423
2758
2675
2429
2103
1570
891
202
-105
53
215
169
14
-58
-103
-256
-590
-810
-689
-225
342
910
1483
1949
2126
1884
1372
769
143
-405
-770
-886
-817
-754
-750
-682
-420
-71
316
765
1456
2392
3233
3714
3684
3343
2762
1909
894
-82
-685
-894
-865
-781
-674
-486
-252
-27
157
361
655
1025
1367
1521
1434
1134
680
114
-450
-955
-1329
-1518
-1574
-1571
-1613
-1621
-1656
-1668
-1636
-1632
-1598
-1564
-1587
-1603
-1554
-1576
-1779
-2019
-2297
-2553
-2759
-3000
-3425
-3651
-3678
-3551
-3269
-2808
-1865
-273
1935
3613
4024
3545
2616
1858
1164
452
-225
-557
-415
-476
-774
-1221
-1270
-869
-88
730
1637
2549
3058
3253
2966
2556
1855
1072
375
-7
84
227
208
43
14
2
-104
-463
-737
-645
-162
449
930
1392
1853
2202
2104
1591
884
207
-330
-754
-1025
-1104
-1038
-946
-816
-563
-194
168
537
1098
1923
2786
3358
3560
3471
3125
2428
1357
207
-623
-1036
-1210
-1277
-1154
-809
-298
118
407
660
1011
1362
1538
1566
1463
1270
981
501
-160
-818
-1309
-1627
-1767
-1760
-1704
-1657
-1561
-1463
-1421
-1508
-1631
-1668
-1663
-1693
-1729
-1806
-1990
-2135
-2322
-2661
-3016
-3318
-3682
-4033
-4107
-3922
-3595
-3059
-2086
-384
1839
3443
3728
3184
2320
1676
964
118
-724
-1006
-827
-927
-1251
-1619
-1497
-919
-117
597
1480
2473
3133
3369
3177
2804
2119
1245
345
-184
-131
56
143
64
82
136
12
-433
-759
-619
-68
597
1173
1739
2315
2720
2574
1919
1073
311
-322
-793
-1093
-1138
-1008
-857
-702
-488
-185
162
585
1200
1981
2770
3304
3551
3574
3258
2555
1489
348
-494
-926
-1067
-1137
-978
-609
-98
363
697
997
1394
1857
2130
2151
1941
1653
1255
761
113
-565
-1094
-1352
-1432
-1417
-1380
-1310
-1207
-1083
-1036
-1149
-1307
-1457
-1512
-1621
-1711
-1877
-2050
-2248
-2430
-2783
-3212
-3665
-4031
-4281
-4268
-4087
-3774
-2939
-1412
757
2626
3397
3059
2291
1589
977
201
-542
-1123
-1063
-1114
-1384
-1900
-2037
-1654
-947
-121
644
1597
2423
3047
3171
3006
2503
1699
836
86
-149
-170
-129
-152
-78
-1
-41
-339
-739
-793
-491
59
574
1189
1867
2533
2805
2554
1880
1076
296
-412
-968
-1257
-1241
-1048
-744
-406
-88
147
367
722
1350
2121
2833
3369
3696
3737
3349
2491
1344
268
-497
-912
-1097
-1063
-734
-223
299
666
881
1098
1431
1803
2079
2188
2111
1854
1442
851
94
-649
-1211
-1503
-1529
-1431
-1287
-1140
-990
-890
-945
-1123
-1319
-1496
-1591
-1638
-1725
-1915
-2104
-2243
-2550
-2960
-3409
-3862
-4147
-4246
-4227
-4104
-3417
-2103
-44
2036
3093
3041
2327
1604
866
220
-465
-983
-1034
-990
-1204
-1683
-2081
-2056
-1514
-735
80
1004
1906
2605
3010
3037
2661
1926
1084
323
-33
-78
-116
-131
-76
16
-61
-386
-861
-1037
-787
-261
321
916
1587
2273
2708
2602
2073
1386
681
19
-583
-1067
-1303
-1250
-1036
-769
-466
-161
164
556
1132
1766
2394
2932
3235
3306
3067
2473
1568
633
-52
-595
-951
-1146
-1035
-616
-11
517
834
1121
1454
1845
2037
2058
1995
1928
1753
1360
741
8
-569
-946
-1210
-1359
-1353
-1171
-926
-653
-580
-685
-871
-1097
-1294
-1475
-1679
-1950
-2049
-2070
-2274
-2680
-3317
-3911
-4296
-4259
-4203
-3920
-2920
-981
1406
2951
3042
2169
1305
703
125
-568
-1111
-1099
-720
-770
-1363
-2072
-2287
-2028
-1512
-906
-78
994
1877
2384
2539
2494
2121
1438
678
207
216
264
157
27
76
110
-139
-731
-1243
-1176
-626
30
608
1250
1980
2601
2736
2328
1686
1101
578
93
-346
-654
-787
-813
-738
-552
-295
-49
228
671
1347
2077
2584
2836
2946
2936
2595
1835
943
256
-137
-415
-693
-861
-773
-420
-18
264
561
994
1523
1928
2118
2170
2134
1991
1688
1267
745
190
-297
-635
-849
-1005
-1120
-1199
-1072
-863
-698
-676
-770
-842
-839
-964
-1320
-1721
-1992
-2193
-2501
-2895
-3529
-4092
-4108
-3933
-3823
-3352
-2029
181
2077
2842
2096
1109
456
151
-381
-1029
-1439
-1222
-1003
-1413
-2115
-2555
-2332
-1783
-1227
-622
199
1071
1656
1824
1833
1672
1251
734
378
429
722
734
521
309
231
47
-484
-1144
-1353
-950
-225
441
1028
1684
2342
2671
2406
1786
1162
698
353
42
-220
-398
-512
-579
-573
-462
-278
-46
357
1050
1882
2513
2761
2757
2668
2417
1792
948
201
-148
-267
-439
-712
-851
-687
-326
24
301
706
1315
1902
2206
2226
2093
1899
1650
1379
1075
711
352
41
-196
-411
-680
-977
-1106
-996
-775
-622
-626
-572
-418
-300
-555
-1025
-1457
-1815
-2098
-2529
-3077
-3679
-3773
-3568
-3233
-2548
-1062
1063
2421
2532
1576
462
-101
-366
-605
-1023
-1026
-899
-1022
-1633
-2489
-2847
-2655
-1996
-1348
-448
400
1015
1210
1040
844
486
61
-327
-177
444
958
994
635
290
-41
-442
-1120
-1587
-1453
-773
54
698
1270
1836
2244
2239
1857
1349
927
659
507
415
294
54
-283
-551
-606
-531
-410
-196
377
1261
2089
2430
2488
2529
2379
1951
1252
525
42
-125
-254
-608
-848
-998
-990
-897
-669
-269
362
1057
1641
2137
2326
2184
1698
1162
806
654
526
281
182
219
160
-205
-776
-1235
-1325
-1145
-1050
-1014
-816
-384
-157
-255
-714
-1177
-1695
-2095
-2586
-3167
-3399
-3181
-2533
-1576
131
2025
2957
2605
1480
337
-294
-537
-590
-618
-172
-10
-471
-1555
-2598
-3068
-2807
-2177
-1382
-140
929
1549
1387
834
242
-320
-807
-1112
-690
261
1082
1291
1039
541
-61
-788
-1610
-1921
-1551
-693
128
796
1397
1883
2037
1763
1366
1112
986
897
853
859
857
557
-50
-591
-723
-548
-302
-45
474
1331
2148
2474
2315
2066
1854
1545
1043
576
360
268
89
-359
-902
-1351
-1590
-1655
-1406
-803
16
801
1415
1805
1973
1861
1400
840
438
268
206
188
222
298
235
-93
-632
-1055
-1263
-1279
-1231
-1172
-1009
-706
-545
-565
-711
-822
-1112
-1542
-1917
-2255
-2415
-2261
-1882
-1133
704
2631
3298
2543
1259
137
-335
-357
-540
-592
-44
134
-264
-1198
-2203
-2596
-2255
-1688
-843
237
1076
1384
1160
718
13
-679
-1291
-1515
-825
163
735
780
553
265
-160
-906
-1683
-1851
-1299
-490
118
531
932
1389
1516
1277
1046
981
1003
1014
941
849
715
360
-186
-530
-446
-168
153
540
1137
1844
2293
2277
1980
1669
1412
1091
741
572
542
508
231
-280
-829
-1301
-1603
-1666
-1381
-831
-177
421
910
1336
1543
1381
947
613
471
353
131
-155
-222
-113
-40
-299
-706
-912
-862
-839
-1000
-1285
-1386
-1292
-1130
-1144
-1312
-1516
-1741
-1963
-2105
-2301
-2266
-1708
-445
1649
3416
3822
2852
1608
668
265
29
-165
-178
241
81
-748
-1814
-2559
-2563
-2077
-1438
-483
592
1255
1259
790
403
7
-485
-958
-1058
-410
314
479
151
-296
-609
-933
-1378
-1638
-1322
-585
70
398
583
701
799
728
668
955
1420
1682
1647
1496
1301
879
146
-576
-708
-220
349
716
1045
1624
2248
2408
2079
1704
1551
1515
1307
962
729
632
401
-64
-607
-1003
-1209
-1278
-1271
-1097
-768
-428
-191
0
240
473
643
720
690
581
333
35
-305
-686
-1000
-1120
-1002
-777
-664
-706
-772
-762
-807
-1028
-1392
-1537
-1434
-1284
-1469
-1952
-2168
-2229
-2110
-1824
-1467
-672
1238
3183
4167
3687
2394
1172
629
689
662
526
708
205
-460
-1650
-2684
-2943
-2370
-1385
-7
1151
1697
1481
755
181
-346
-464
-663
-508
203
794
818
107
-775
-1393
-1656
-1800
-1798
-1419
-631
35
353
298
168
323
489
792
1175
1609
1846
1769
1416
938
399
-100
-522
-453
101
625
1076
1363
1713
2097
2211
2028
1807
1818
1933
1830
1526
1099
623
107
-458
-828
-929
-830
-697
-633
-538
-380
-348
-436
-440
-190
183
431
490
397
299
139
-179
-632
-1060
-1265
-1343
-1387
-1412
-1417
-1417
-1233
-1149
-1161
-1213
-1303
-1453
-1669
-1908
-2390
-2824
-2836
-2554
-2142
-1380
0
2258
3882
3789
2401
1241
1065
1534
1750
1636
1568
1761
988
-653
-2189
-2783
-2353
-1552
-817
153
1059
1229
556
-255
-300
16
274
248
526
1215
1336
515
-703
-1411
-1376
-1197
-1275
-1286
-937
-530
-618
-1055
-1195
-803
-7
649
1219
1744
2051
1902
1322
755
431
200
8
1
368
854
943
767
736
1159
1813
2197
2297
2384
2510
2435
2045
1485
972
563
299
48
-184
-402
-553
-655
-714
-742
-709
-572
-262
133
354
344
298
292
192
-21
-300
-508
-576
-707
-979
-1338
-1627
-1740
-1814
-1895
-1875
-1861
-1652
-1494
-1326
-1319
-1471
-1636
-2017
-2327
-2554
-2709
-2426
-1838
-451
1736
3020
2895
1794
1198
1285
1591
1814
1651
1671
1908
957
-569
-1879
-2182
-1598
-831
-165
556
956
823
-161
-722
-649
-333
102
340
880
1378
1114
119
-861
-1041
-756
-580
-517
-462
-253
-281
-958
-1575
-1696
-1159
-318
334
990
1450
1693
1434
988
793
725
688
671
642
826
838
515
344
550
1229
1881
2246
2439
2531
2544
2219
1743
1397
1099
884
555
137
-187
-446
-625
-700
-652
-489
-313
-137
-16
57
113
104
148
159
83
-82
-276
-467
-724
-1073
-1357
-1540
-1559
-1569
-1735
-2001
-2107
-2170
-2230
-2194
-2131
-2144
-2223
-2345
-2369
-2355
-2225
-1941
-1227
516
2417
3120
2190
754
77
602
1395
2060
2140
2246
1743
350
-1116
-1961
-1694
-831
-24
664
1217
1041
102
-967
-1012
-171
648
857
571
635
616
5
-980
-1504
-949
-72
303
29
-394
-611
-790
-1081
-1038
-599
78
439
414
380
266
95
-62
174
871
1410
1383
925
645
768
787
603
588
1109
1970
2318
2057
1673
1583
1847
2117
2315
2257
1971
1406
618
-50
-476
-676
-601
-270
97
152
-289
-730
-779
-360
159
509
745
840
672
44
-810
-1431
-1553
-1291
-1134
-1262
-1460
-1678
-1932
-2202
-2433
-2433
-2153
-1791
-1705
-2076
-2552
-3012
-3131
-2879
-2297
-1590
-520
1422
2984
2843
1302
-120
7
1392
2662
2831
2177
1617
586
-747
-1624
-1459
-429
618
890
943
717
-35
-1126
-1577
-450
1160
1892
1244
280
31
-24
-620
-1365
-1226
-233
419
-74
-1174
-1870
-1658
-1166
-742
-131
500
764
368
-209
-313
-31
289
576
1000
1379
1108
159
-646
-451
573
1446
1825
2101
2390
2305
1587
796
679
1367
2310
2906
2976
2598
1832
892
141
-39
136
202
116
-41
-160
-445
-842
-873
-346
439
862
721
352
24
-149
-344
-516
-502
-454
-673
-1256
-1982
-2552
-2798
-2588
-2168
-1778
-1487
-1533
-1887
-2361
-2717
-2981
-2899
-2611
-2172
-1589
-1152
-40
1449
2036
1314
297
278
1522
2815
3331
2400
1538
667
-396
-1089
-935
-163
626
575
163
69
-92
-362
-781
-101
1164
1743
966
-518
-1068
-453
258
377
237
317
193
-615
-1758
-2395
-2147
-1284
-574
-15
203
-145
-919
-1326
-736
378
1091
1181
1145
1190
916
-42
-875
-605
592
1646
1811
1556
1501
1526
1488
1444
1771
2377
2671
2532
2052
1556
1212
961
1067
1484
1700
1268
311
-402
-528
-496
-536
-498
-34
527
583
224
-161
-64
290
398
152
-221
-476
-847
-1386
-1867
-2147
-2217
-2215
-2353
-2519
-2629
-2836
-2818
-2710
-2365
-2357
-2343
-2400
-2220
-1683
-1272
39
1693
2223
1333
-215
-506
683
2328
3169
2458
1692
764
-256
-918
-519
165
891
521
40
-25
-203
-473
-812
252
1751
2163
932
-903
-1423
-647
200
353
287
328
124
-855
-1839
-2085
-1586
-765
-379
-89
-140
-736
-1649
-1840
-809
575
1105
758
348
429
406
-145
-529
35
1272
1899
1583
1024
848
1082
1415
1790
2391
2858
2796
2180
1698
1560
1575
1468
1338
1363
1384
806
-6
-389
-199
152
158
-97
-268
-220
-111
-156
-59
228
457
383
-33
-474
-695
-820
-1044
-1337
-1716
-2118
-2537
-2771
-2997
-2976
-2915
-2961
-3122
-3184
-3138
-3069
-2742
-2050
-1197
421
1781
1819
798
-134
180
1407
2628
2707
1738
674
0
-360
42
966
1463
1127
106
-577
-510
-180
-51
195
1258
2165
1848
408
-751
-525
619
1294
1066
480
-52
-823
-1601
-1635
-1035
-492
-447
-791
-863
-716
-935
-1430
-1196
-32
815
547
-366
-705
-22
763
729
321
353
735
856
613
440
705
1197
1505
1594
1588
1519
1425
1496
1885
2280
2276
1726
1155
1096
1333
1313
921
447
181
22
-129
-379
-538
-452
-147
23
9
-264
-514
-526
-352
-254
-469
-857
-1175
-1280
-1369
-1652
-2083
-2388
-2756
-3014
-3285
-3453
-3622
-3345
-2944
-2346
-2005
-1490
-255
820
967
323
9
1114
2712
3653
2924
1396
423
86
301
665
1416
1292
611
-415
-536
56
583
495
367
1075
1501
894
-221
-404
773
1914
1856
801
80
-125
-324
-644
-528
-202
-438
-1224
-1935
-1649
-971
-823
-1092
-832
-154
-53
-783
-1234
-628
600
1103
667
251
451
694
579
540
964
1438
1326
889
726
965
1126
897
739
1133
1561
1497
1053
1094
1615
1893
1548
1021
772
877
894
761
643
457
104
-325
-563
-464
-364
-508
-668
-706
-637
-837
-1187
-1368
-1291
-1259
-1565
-1930
-2281
-2283
-2417
-2652
-2908
-3094
-3257
-3220
-2905
-2370
-1112
254
484
-79
-650
-75
1288
2337
2679
1815
1338
903
959
964
1632
1851
957
-216
-1002
-339
592
836
189
146
805
956
316
-398
70
1183
1754
1150
178
-87
-101
-90
-31
179
-21
-779
-1550
-1481
-676
-350
-929
-1499
-1205
-539
-578
-927
-853
-86
581
395
-76
-20
710
1307
1515
1390
1103
679
457
820
1516
1989
1766
1102
760
821
884
793
879
1194
1275
1014
739
737
950
1165
1182
1091
800
280
-122
-116
281
464
117
-513
-856
-1040
-1248
-1534
-1612
-1441
-1380
-1693
-2120
-2472
-2461
-2478
-2540
-2638
-2782
-2807
-2668
-2223
-1886
-837
-83
-13
-545
-848
-168
1080
2089
2198
1341
874
712
1263
1665
2275
2001
854
-105
-330
679
1465
1343
353
67
363
400
105
-35
613
1222
1019
282
-167
245
587
549
344
144
-384
-1178
-1495
-832
133
172
-753
-1444
-1273
-850
-981
-1091
-684
-126
-50
-569
-709
-104
747
1086
1067
1035
970
774
713
1109
1630
1645
1068
501
555
866
939
835
965
1143
931
512
414
757
939
684
263
227
493
607
423
315
333
256
-17
-298
-241
-201
-518
-1154
-1650
-1800
-1728
-1763
-1907
-2144
-2386
-2721
-3039
-3191
-2950
-2724
-2268
-2052
-1780
-726
-158
-171
-657
-389
787
1823
2040
1196
465
632
1273
1877
1646
1753
985
273
-2
464
1422
1770
1117
154
209
464
492
359
562
1163
1026
243
-301
48
859
742
26
-419
-319
-310
-566
-605
-88
221
-318
-1131
-1270
-650
-215
-440
-518
-286
-216
-576
-868
-329
517
841
456
152
502
1016
1131
1082
1253
1468
1354
915
715
1013
1196
945
560
567
753
650
512
574
710
611
302
149
349
560
407
-73
-353
-315
-261
-334
-412
-444
-571
-858
-1133
-1185
-1180
-1367
-1788
-2233
-2558
-2878
-3068
-3063
-3070
-3018
-2875
-2718
-2200
-1034
-473
-689
-1146
-751
516
1469
1582
955
519
876
1534
2059
1954
2017
1284
451
292
768
1499
1509
650
-108
255
811
881
523
477
855
770
259
-21
380
1043
898
219
-179
-140
-213
-485
-550
-224
-54
-462
-852
-551
101
173
-429
-711
-335
110
155
42
271
776
885
617
604
1055
1425
1292
1024
1033
1256
1373
1278
1249
1265
1072
636
390
757
1180
1152
780
484
440
470
417
330
331
236
-28
-375
-486
-342
-304
-481
-765
-1010
-1181
-1314
-1393
-1383
-1458
-1620
-1865
-2075
-2299
-2490
-2649
-2781
-2912
-3060
-3026
-2921
-2232
-1373
-1229
-1666
-1732
-930
427
915
762
164
492
1216
1821
2030
1750
1816
1125
801
887
1553
1911
1442
391
9
608
1043
897
426
296
522
371
131
302
732
865
214
-404
-305
139
284
1
-219
-278
-431
-695
-612
-155
78
-382
-984
-811
-85
375
317
267
482
715
702
732
1077
1569
1575
1195
1028
1297
1620
1594
1376
1322
1314
1090
751
722
1031
1163
846
465
378
570
678
586
454
413
271
79
-177
-269
-324
-541
-870
-1115
-1253
-1364
-1545
-1765
-1935
-1983
-1978
-2034
-2232
-2395
-2571
-2692
-2689
-2750
-2495
-2590
-2261
-1493
-1177
-1341
-1575
-1183
-214
393
283
-378
-237
419
1214
1619
1210
1429
1131
1002
1301
1935
2394
2070
948
197
752
1383
1384
703
88
135
153
152
256
507
566
-53
-623
-396
155
254
-205
-632
-584
-440
-580
-618
-283
-69
-414
-1073
-1037
-378
182
199
10
164
543
717
694
911
1369
1611
1372
1210
1413
1836
1905
1652
1429
1381
1353
1192
1093
1092
1116
917
890
950
977
845
459
170
149
183
119
-106
-295
-406
-523
-708
-925
-1171
-1334
-1447
-1676
-1867
-2031
-2068
-2144
-2380
-2639
-2900
-2927
-2921
-2683
-2697
-2731
-2027
-1435
-1145
-1320
-1332
-687
20
348
43
-79
228
796
1322
1135
1132
1096
908
1040
1450
1885
1983
1592
934
1042
1520
1693
1442
993
845
789
560
395
491
646
359
-227
-503
-298
-81
-257
-598
-784
-676
-681
-677
-461
-303
-413
-840
-955
-635
-225
-222
-443
-347
90
565
670
648
758
979
1207
1306
1386
1503
1510
1484
1382
1377
1415
1477
1529
1474
1380
1203
1101
1072
1036
881
731
505
417
470
490
363
-8
-376
-547
-518
-542
-760
-1128
-1419
-1588
-1705
-1853
-2027
-2208
-2394
-2616
-2785
-2920
-2930
-2572
-2564
-2427
-2175
-1916
-1694
-1499
-1262
-696
-348
-85
-84
191
474
820
1005
806
1150
1114
1146
1161
1418
1659
1747
1352
1034
1338
1649
1594
1115
789
897
1018
847
541
460
545
371
48
47
177
35
-413
-747
-669
-510
-678
-952
-965
-793
-794
-1056
-1056
-815
-632
-680
-730
-415
30
211
273
298
505
734
775
912
1125
1321
1244
1102
1202
1368
1430
1364
1315
1364
1365
1224
1126
1189
1214
1171
957
855
847
764
515
182
-49
-194
-314
-503
-548
-728
-913
-1111
-1240
-1300
-1507
-1803
-2181
-2283
-2343
-2444
-2558
-2661
-2592
-2511
-2201
-1738
-1653
-1582
-1585
-1068
-520
-200
-165
-229
253
632
1038
984
945
1176
1166
1221
1392
1629
1756
1558
1114
1134
1446
1606
1542
1217
1001
1002
986
994
1000
799
487
105
142
333
270
-199
-703
-847
-713
-600
-698
-830
-939
-1089
-1183
-1104
-894
-776
-837
-866
-791
-529
-302
-147
0
29
96
216
498
738
764
738
768
936
1010
1131
1167
1207
1089
914
956
1050
1092
916
666
623
685
667
483
292
220
135
-44
-174
-219
-369
-585
-866
-981
-1035
-1183
-1385
-1718
-1853
-1974
-2101
-2178
-2321
-2242
-2331
-2241
-1926
-1591
-1378
-1463
-1231
-891
-514
-131
-126
93
230
539
804
1041
1217
1210
1198
1109
1427
1814
1933
1716
1432
1388
1628
1712
1505
1218
1121
1094
1050
981
948
909
686
360
168
172
273
201
-42
-344
-549
-533
-485
-429
-547
-765
-955
-954
-827
-716
-705
-741
-740
-627
-460
-310
-249
-218
-75
44
258
384
569
747
785
781
788
823
959
1041
981
897
866
886
869
820
712
559
424
371
351
250
7
-273
-388
-455
-500
-629
-833
-936
-1075
-1164
-1284
-1460
-1632
-1826
-1976
-1994
-2060
-2186
-2259
-2210
-1891
-1615
-1527
-1465
-1267
-897
-661
-378
-251
-69
285
516
869
1027
1019
1024
1135
1304
1598
1776
1780
1747
1757
1805
1752
1656
1499
1429
1323
1187
1030
1020
1080
940
696
468
431
475
360
105
-132
-277
-299
-331
-407
-560
-758
-914
-923
-831
-785
-895
-929
-870
-765
-667
-581
-442
-382
-375
-394
-308
-40
257
379
352
260
362
537
704
794
817
861
908
993
985
898
734
619
565
576
536
376
134
-110
-206
-288
-403
-578
-788
-904
-984
-1111
-1267
-1369
-1427
-1464
-1543
-1707
-1935
-2095
-2058
-1926
-1756
-1734
-1650
-1478
-1349
-1238
-1148
-937
-736
-487
-281
-3
411
688
794
871
962
1149
1463
1709
1883
1893
1867
1902
1950
1982
1894
1750
1577
1405
1322
1301
1244
1105
917
810
780
755
639
484
374
263
151
68
-42
-157
-202
-328
-493
-658
-730
-720
-658
-656
-724
-714
-679
-614
-567
-571
-580
-528
-353
-159
-28
32
16
114
287
391
437
498
571
737
802
731
685
656
722
789
759
638
475
371
339
297
167
-59
-226
-356
-457
-653
-864
-1006
-1114
-1208
-1374
-1497
-1617
-1655
-1797
-1904
-2033
-2057
-1943
-1870
-1724
-1638
-1599
-1583
-1463
-1295
-996
-803
-637
-452
-320
-191
-66
141
367
617
800
1033
1241
1410
1490
1525
1674
1788
1857
1828
1743
1681
1641
1517
1389
1285
1159
1069
942
861
758
637
527
440
402
362
271
171
108
47
17
-71
-136
-197
-253
-303
-338
-382
-441
-418
-423
-375
-340
-301
-241
-167
-126
-98
-19
64
158
230
290
344
404
439
479
541
587
589
573
528
524
516
430
327
195
115
40
-65
-198
-335
-455
-613
-758
-884
-991
-1095
-1257
-1392
-1502
-1598
-1719
-1785
-1767
-1740
-1606
-1683
-1640
-1538
-1481
-1360
-1305
-1205
-887
-578
-539
-405
-434
-263
29
229
414
625
736
890
1073
1079
1238
1263
1307
1377
1406
1407
1393
1340
1315
1287
1186
1093
960
910
873
848
772
687
634
612
561
459
310
187
124
92
93
49
7
-46
-91
-120
-121
-194
-235
-244
-250
-202
-220
-265
-251
-225
-176
-132
-133
-71
23
107
168
228
260
283
288
308
344
362
327
246
258
246
248
206
114
72
-18
-102
-212
-283
-378
-464
-624
-736
-765
-882
-997
-1203
-1349
-1410
-1396
-1406
-1353
-1349
-1357
-1299
-1300
-1222
-1123
-1086
-985
-805
-640
-524
-463
-424
-269
-80
32
176
318
491
634
713
765
884
1033
1126
1142
1086
1061
1076
1135
1160
1162
1102
1006
908
832
764
672
607
543
526
513
476
433
374
325
301
303
305
270
237
244
249
218
155
74
100
145
105
45
-28
-50
16
34
6
2
26
85
166
217
243
264
256
270
282
285
272
219
154
120
87
50
-28
-133
-172
-192
-238
-332
-454
-598
-637
-689
-748
-786
-900
-1001
-1131
-1214
-1251
-1235
-1268
-1318
-1321
-1306
-1270
-1284
-1236
-1251
-1121
-995
-894
-727
-648
-552
-443
-264
-127
40
53
83
196
303
457
522
584
674
754
766
790
781
812
846
842
845
853
822
754
745
729
710
641
537
480
519
496
379
285
238
258
291
232
186
193
175
200
241
247
250
233
208
234
275
256
235
250
244
199
134
97
128
217
212
183
177
199
245
268
279
251
239
202
158
115
88
46
-4
-52
-134
-255
-373
-480
-552
-590
-645
-699
-765
-843
-909
-953
-1034
-1056
-1075
-1071
-1003
-1024
-1023
-1009
-1019
-950
-887
-853
-746
-686
-616
-469
-448
-399
-309
-264
-131
-22
38
161
288
422
539
554
609
691
718
747
722
713
775
755
735
723
703
708
667
626
625
600
548
531
498
513
461
339
297
313
322
290
189
105
136
147
133
106
74
56
60
100
145
222
264
277
292
308
301
298
332
374
404
377
330
346
391
391
333
244
213
210
188
149
117
94
51
-14
-88
-151
-213
-296
-366
-411
-460
-511
-616
-716
-815
-893
-949
-1010
-1047
-1048
-1072
-1089
-1049
-1052
-966
-928
-886
-781
-738
-703
-615
-558
-492
-337
-307
-223
-155
-127
-49
60
135
226
321
356
413
439
485
534
575
552
541
544
562
581
552
500
475
454
418
406
382
356
320
217
179
183
171
154
91
30
37
44
10
23
6
24
17
-13
-3
45
117
169
179
194
264
301
353
374
378
428
489
535
553
542
537
534
528
541
519
526
549
524
474
391
286
211
133
68
5
-57
-106
-174
-223
-313
-430
-533
-565
-592
-590
-665
-768
-827
-886
-889
-905
-916
-930
-905
-900
-817
-792
-755
-722
-735
-643
-526
-420
-345
-282
-261
-139
-44
-6
26
60
138
196
223
221
239
256
293
307
326
326
274
257
269
297
294
239
173
145
171
189
161
106
97
109
106
91
33
19
38
8
-1
5
-36
-32
-48
-53
-27
8
26
41
84
143
174
176
197
224
306
359
360
383
443
499
568
559
510
521
544
586
582
519
443
384
337
307
252
189
144
58
-14
-99
-175
-227
-282
-340
-380
-421
-451
-459
-477
-502
-528
-570
-592
-591
-599
-582
-597
-578
-520
-490
-466
-436
-410
-320
-224
-206
-178
-143
-85
1
35
50
77
120
146
177
208
213
208
179
121
86
126
118
101
71
21
39
34
10
-11
-52
-40
-24
-66
-63
-65
-92
-82
-119
-152
-117
-120
-97
-68
-96
-112
-98
-81
-21
9
-8
5
31
102
163
197
212
234
278
331
384
410
428
457
500
556
610
625
614
588
558
524
489
456
432
396
307
204
116
57
12
-20
-78
-129
-185
-243
-275
-295
-316
-371
-429
-455
-438
-420
-435
-444
-445
-420
-388
-342
-290
-233
-203
-218
-180
-152
-121
-99
-107
-76
-2
-14
-25
4
-10
47
95
96
135
159
134
155
147
133
125
49
17
21
8
-59
-138
-224
-256
-273
-303
-326
-367
-375
-360
-327
-305
-290
-318
-349
-332
-313
-302
-273
-257
-222
-194
-202
-191
-164
-138
-88
-42
-16
38
101
151
206
270
294
330
371
440
530
576
589
572
563
559
582
598
607
603
586
561
520
471
413
362
312
265
210
172
162
130
85
22
-51
-97
-139
-173
-200
-197
-211
-226
-240
-254
-217
-196
-189
-167
-148
-130
-97
-101
-79
-56
-66
-48
-18
-11
-4
-35
-70
-39
-27
-22
-23
-46
-44
-21
-22
-23
-12
-35
-48
-65
-106
-137
-152
-178
-213
-247
-308
-340
-360
-375
-385
-415
-458
-462
-481
-504
-492
-492
-477
-464
-479
-457
-387
-326
-275
-269
-243
-193
-131
-88
-62
-25
26
96
145
191
238
288
346
400
439
454
484
520
571
604
600
605
614
645
673
655
616
572
539
520
498
469
430
392
349
310
253
203
137
97
59
17
-8
-35
-56
-62
-71
-97
-120
-158
-181
-188
-199
-209
-201
-205
-171
-154
-142
-154
-171
-168
-148
-126
-116
-119
-159
-162
-169
-164
-167
-167
-178
-168
-154
-161
-122
-112
-123
-145
-152
-147
-119
-111
-143
-150
-169
-189
-216
-246
-280
-290
-279
-281
-294
-289
-273
-274
-251
-221
-230
-199
-169
-136
-75
-56
-59
-38
22
76
136
157
184
212
247
258
285
328
335
353
366
384
382
400
373
373
396
411
415
397
369
352
352
313
283
272
276
266
257
238
200
162
99
66
42
10
-17
-66
-82
-63
-84
-112
-152
-202
-192
-170
-178
-171
-199
-215
-198
-198
-180
-164
-177
-189
-190
-210
-194
-200
-199
-199
-216
-215
-229
-261
-259
-239
-238
-243
-269
-277
-273
-269
-285
-292
-296
-268
-244
-255
-269
-288
-280
-266
-259
-254
-250
-259
-248
-226
-209
-193
-201
-197
-190
-150
-109
-74
-44
-22
7
38
78
104
135
168
221
272
311
327
335
349
379
408
431
450
475
487
472
443
422
415
408
416
415
409
387
358
341
324
323
321
317
318
306
277
248
222
211
195
178
159
144
112
80
47
22
14
3
-7
-28
-28
-56
-65
-63
-71
-87
-104
-129
-137
-141
-165
-164
-188
-180
-185
-214
-260
-283
-287
-293
-312
-363
-378
-396
-397
-405
-439
-465
-478
-484
-489
-490
-492
-481
-478
-469
-449
-430
-406
-391
-364
-331
-306
-271
-254
-239
-210
-175
-134
-79
-38
-13
6
21
46
76
120
159
206
256
279
291
328
384
433
460
482
515
512
516
523
509
507
503
505
506
499
490
472
441
438
519
540
409
283
285
359
348
286
267
245
171
124
157
205
205
220
148
39
62
86
77
32
-3
25
-5
-106
-117
-52
-58
-142
-146
-109
-163
-220
-223
-215
-241
-245
-226
-267
-315
-309
-286
-312
-348
-333
-321
-383
-438
-414
-384
-438
-463
-425
-432
-436
-434
-421
-426
-439
-413
-382
-382
-347
-306
-289
-263
-215
-161
-161
-145
-85
-39
-33
-30
12
40
64
102
132
167
210
251
257
263
301
333
347
358
378
389
385
395
410
410
422
426
432
431
430
413
394
381
392
398
366
344
335
309
273
244
237
230
200
181
164
142
140
130
117
104
80
68
52
39
28
6
-12
-18
-17
-42
-67
-88
-100
-105
-130
-146
-171
-194
-208
-208
-243
-264
-271
-278
-284
-304
-302
-322
-338
-341
-342
-348
-357
-355
-346
-335
-324
-328
-352
-365
-353
-321
-314
-321
-319
-303
-285
-285
-275
-250
-234
-203
-176
-155
-142
-134
-103
-84
-46
-20
-11
-2
9
35
60
74
82
105
132
157
172
183
203
223
236
240
245
248
270
277
287
293
289
302
309
316
316
317
325
322
337
344
349
353
334
299
276
273
263
258
243
223
192
180
171
154
141
131
124
116
107
76
48
27
13
7
-7
-31
-55
-69
-87
-106
-129
-140
-152
-159
-169
-184
-189
-198
-218
-229
-229
-231
-242
-258
-274
-281
-271
-270
-277
-275
-262
-240
-225
-217
-207
-197
-192
-186
-167
-149
-137
-139
-132
-120
-108
-90
-79
-72
-61
-65
-59
-47
-34
-17
-13
7
15
6
12
30
35
44
63
63
67
75
70
73
74
80
96
107
122
139
147
148
151
155
175
179
184
201
217
214
209
213
209
211
204
197
187
178
179
180
177
175
164
146
142
137
125
107
80
63
50
31
19
-4
-41
-63
-67
-77
-86
-97
-114
-108
-100
-106
-119
-125
-123
-127
-140
-167
-179
-174
-165
-164
-165
-168
-167
-158
-151
-124
-101
-97
-100
-100
-67
-44
-34
-40
-42
-27
-9
1
3
9
23
41
38
41
34
39
44
36
38
40
35
31
37
36
27
6
-12
-14
-2
18
13
-1
-3
2
10
5
4
19
34
38
40
38
31
34
27
27
22
17
19
23
36
49
62
66
57
66
74
69
75
80
87
84
76
68
61
61
58
58
37
31
28
21
21
17
3
-7
-23
-42
-58
-71
-70
-79
-82
-104
-115
-121
-132
-132
-130
-115
-110
-109
-120
-132
-138
-135
-125
-119
-116
-104
-92
-85
-76
-58
-31
-19
-9
5
11
29
41
50
66
79
91
99
103
104
99
86
72
57
60
67
65
57
41
33
21
13
4
-3
-18
-32
-46
-57
-54
-65
-72
-70
-59
-52
-57
-66
-74
-77
-75
-63
-69
-73
-71
-61
-44
-28
-23
-17
-11
-9
-1
4
12
14
22
31
52
79
91
102
107
116
123
132
134
132
134
131
121
108
100
83
72
64
58
51
46
29
15
7
-8
-16
-27
-25
-27
-34
-38
-48
-45
-52
-66
-74
-77
-81
-75
-75
-79
-71
-64
-55
-44
-40
-38
-35
-29
-24
-21
-10
1
4
18
24
28
41
47
49
46
46
47
47
47
49
50
47
33
29
26
19
20
11
1
-2
-2
-7
-5
-9
-7
-4
-7
-5
-8
-12
-12
-13
-6
0
-1
6
6
5
14
12
22
31
32
40
40
45
50
59
66
73
80
77
81
82
87
91
99
105
102
101
96
83
78
80
76
63
39
24
12
3
-5
-31
-49
-61
-65
-63
-69
-79
-92
-101
-104
-110
-116
-120
-128
-131
-133
-132
-130
-132
-133
-139
-138
-134
-126
-118
-119
-110
-99
-88
-71
-59
-51
-49
-44
-35
-23
-7
1
3
9
20
29
31
28
25
23
29
35
35
33
28
27
30
24
12
2
-5
-15
-22
-33
-39
-39
-39
-34
-34
-32
-34
-37
-31
-25
-18
-15
-11
-1
8
10
19
31
39
43
53
58
59
63
67
75
89
104
114
118
128
132
137
135
129
122
116
114
108
112
107
94
82
71
62
56
45
24
9
-4
-16
-31
-47
-59
-76
-94
-105
-119
-121
-125
-125
-122
-130
-137
-143
-140
-129
-120
-120
-116
-114
-107
-99
-101
-99
-93
-82
-70
-57
-45
-38
-24
-13
1
9
16
12
21
35
46
62
62
59
66
73
67
64
58
50
48
49
49
47
47
43
39
38
31
25
24
16
6
4
-3
-9
-12
-13
-8
-2
3
6
9
12
18
27
31
32
41
56
62
72
81
91
106
120
125
125
127
136
140
150
148
139
142
145
151
149
140
123
110
97
88
71
49
27
5
-4
-16
-31
-48
-63
-75
-84
-100
-118
-131
-141
-144
-159
-173
-178
-186
-189
-191
-188
-186
-192
-192
-184
-176
-171
-166
-156
-144
-128
-117
-112
-100
-79
-63
-45
-29
-19
-8
2
16
30
42
52
57
69
80
87
94
95
92
93
87
81
78
67
59
57
57
50
42
34
29
30
35
29
21
20
21
26
30
29
26
25
30
38
51
59
64
68
77
90
95
95
96
109
118
120
117
115
116
124
126
122
119
115
114
113
105
97
85
72
59
47
37
28
17
7
-10
-23
-42
-65
-84
-102
-120
-132
-148
-165
-175
-180
-187
-190
-193
-202
-202
-204
-204
-199
-197
-194
-193
-182
-171
-167
-163
-152
-135
-115
-99
-84
-69
-55
-39
-21
-11
-7
7
18
33
55
68
78
77
77
77
74
74
72
72
75
75
77
76
82
78
77
72
61
55
47
44
44
40
36
31
31
32
28
28
28
35
37
30
30
34
40
42
41
41
44
52
56
60
67
70
74
76
76
80
80
81
82
78
76
70
71
71
68
63
51
42
36
22
11
0
-16
-24
-38
-51
-65
-73
-82
-97
-105
-108
-112
-122
-126
-129
-128
-125
-126
-124
-122
-116
-115
-112
-109
-100
-93
-91
-80
-74
-67
-59
-49
-42
-32
-27
-20
-17
-1
10
19
27
34
39
42
50
56
57
61
68
74
83
82
87
86
76
76
74
71
67
60
57
58
54
51
49
50
53
52
49
45
44
45
42
45
49
48
46
40
44
51
53
58
58
53
56
49
43
40
38
38
36
32
31
23
17
16
8
7
-1
-9
-12
-18
-24
-34
-47
-52
-58
-67
-71
-76
-85
-90
-96
-96
-105
-110
-107
-109
-111
-116
-121
-120
-119
-115
-109
-108
-108
-107
-103
-94
-90
-82
-75
-71
-65
-63
-54
-47
-40
-31
-26
-17
-6
2
10
19
29
34
40
49
55
57
62
71
74
73
76
73
79
81
78
78
78
75
70
72
70
68
72
78
77
75
76
75
72
69
63
60
56
57
60
59
59
49
44
45
42
41
34
25
19
18
15
13
9
4
3
-3
-6
-14
-22
-33
-38
-37
-48
-54
-59
-67
-71
-74
-77
-80
-85
-87
-90
-94
-96
-98
-94
-102
-104
-103
-99
-93
-92
-92
-89
-81
-74
-69
-65
-54
-52
-48
-40
-32
-21
-15
-10
-5
2
6
12
22
30
36
39
45
54
60
62
68
76
77
76
71
69
64
69
70
67
69
67
68
64
64
64
63
61
62
67
66
65
63
57
62
66
63
63
60
61
57
50
50
46
43
38
33
27
27
22
20
16
13
15
8
6
1
-11
-17
-22
-25
-30
-35
-41
-44
-47
-51
-55
-59
-62
-65
-73
-77
-83
-89
-89
-95
-99
-101
-106
-109
-112
-108
-106
-104
-101
-99
-95
-95
-90
-85
-76
-67
-65
-59
-54
-47
-40
-36
-30
-19
-10
-6
3
10
13
17
21
28
35
40
46
45
47
49
52
58
62
66
70
75
74
77
78
78
82
80
81
82
79
76
80
81
80
80
72
66
60
56
58
57
54
46
42
44
40
40
39
40
41
37
34
29
29
28
29
34
33
28
23
20
19
18
15
10
5
3
-1
-4
-7
-18
-21
-27
-26
-29
-35
-37
-47
-57
-71
-79
-83
-80
-77
-78
-88
-99
-111
-121
-118
-116
-114
-114
-116
-122
-128
-134
-133
-120
-106
-94
-92
-95
-97
-96
-93
-78
-64
-55
-43
-37
-28
-24
-16
-6
6
22
38
52
61
64
61
65
72
85
99
105
103
95
86
82
87
98
105
110
109
95
83
74
72
72
76
79
77
73
63
55
51
52
60
66
70
63
56
49
39
37
36
38
43
41
36
35
30
27
26
33
40
41
32
19
11
3
8
8
15
14
13
3
-14
-19
-28
-30
-30
-35
-40
-47
-63
-75
-87
-85
-85
-86
-89
-97
-105
-114
-120
-123
-121
-114
-109
-106
-105
-108
-108
-108
-103
-92
-80
-73
-64
-61
-57
-54
-47
-31
-18
-4
4
5
0
-4
-4
6
21
33
42
39
35
28
31
42
57
66
69
63
55
48
47
54
62
73
74
67
59
56
54
58
58
62
64
64
58
48
46
49
49
53
63
64
53
38
27
35
48
57
56
50
47
42
34
27
35
43
41
28
19
11
13
10
10
22
27
24
12
2
-2
-11
-18
-23
-24
-26
-38
-47
-49
-49
-46
-51
-50
-45
-53
-67
-78
-85
-77
-71
-73
-67
-68
-71
-79
-83
-79
-67
-60
-64
-61
-57
-57
-58
-53
-45
-37
-38
-45
-38
-32
-31
-28
-25
-21
-16
-24
-25
-11
-2
5
-1
-3
-7
-12
-14
-16
0
5
11
9
9
9
8
11
20
29
27
26
25
35
42
44
49
58
65
70
55
47
52
59
62
65
73
82
77
75
73
76
83
81
81
81
77
65
50
47
53
55
64
61
57
44
24
17
17
23
24
18
10
-3
-14
-20
-24
-14
-13
-17
-31
-44
-47
-60
-61
-62
-55
-54
-60
-68
-77
-84
-89
-92
-75
-61
-57
-68
-78
-71
-63
-50
-44
-40
-33
-40
-49
-52
-50
-36
-29
-21
-17
-12
-16
-14
-9
-5
-3
-1
-4
2
0
-2
-8
-8
-2
1
4
2
8
12
2
-1
-6
-2
6
5
7
13
21
25
22
21
15
16
20
35
49
64
57
51
43
52
63
77
88
83
82
71
66
64
68
73
77
68
75
75
72
57
49
53
62
63
50
39
26
22
12
5
6
4
-7
-21
-31
-33
-38
-50
-50
-53
-46
-51
-58
-67
-65
-64
-73
-72
-60
-54
-55
-66
-69
-67
-63
-56
-52
-30
-20
-29
-48
-62
-41
-27
-12
-5
-4
-1
-21
-30
-29
-8
10
12
3
-8
-11
-14
-26
-12
-11
-6
-6
-17
-14
-22
-24
-28
-16
-8
-5
-13
-24
-18
-8
-9
0
2
6
12
2
9
5
16
20
32
37
35
36
37
43
62
71
74
68
52
58
57
64
65
67
68
66
62
52
53
58
61
53
49
41
39
26
16
13
18
16
7
-6
-16
-14
-19
-25
-26
-23
-23
-35
-52
-56
-53
-47
-43
-47
-43
-54
-68
-74
-71
-48
-42
-38
-46
-49
-49
-51
-49
-40
-43
-40
-52
-46
-42
-40
-34
-37
-20
-20
-24
-27
-31
-27
-27
-32
-24
-18
-8
-19
-24
-20
-11
0
-16
-12
-7
1
7
-1
3
9
4
8
12
30
41
38
34
27
30
29
32
35
48
57
51
48
40
36
49
54
66
62
46
37
28
46
53
61
57
49
49
39
34
28
24
46
48
53
43
22
14
8
2
18
23
31
19
-9
-18
-23
-7
-3
4
1
-4
-22
-38
-41
-24
-10
-6
-18
-34
-48
-62
-64
-57
-36
-23
-32
-53
-67
-70
-65
-63
-55
-46
-36
-33
-52
-55
-62
-42
-38
-27
-21
-28
-29
-34
-26
-11
-5
2
-7
-9
-14
-15
-3
11
25
28
26
27
30
27
25
35
50
51
52
41
40
40
27
38
41
49
52
38
40
42
50
44
41
45
35
35
22
30
45
43
41
29
29
27
15
10
29
43
46
15
2
-1
10
3
1
9
25
23
12
1
4
10
3
-3
7
18
14
6
-6
-5
-11
-24
-32
-23
-12
-12
-16
-39
-37
-58
-66
-63
-47
-30
-29
-41
-52
-61
-69
-67
-57
-35
-27
-34
-51
-59
-68
-71
-68
-39
-22
-21
-42
-61
-61
-49
-48
-28
-11
6
9
-18
-19
-12
-2
9
11
31
30
25
10
3
16
24
27
30
31
41
32
26
29
35
39
36
36
44
41
45
29
34
42
38
45
40
41
39
23
13
18
15
24
26
11
15
5
5
9
2
5
7
10
13
5
4
0
1
-2
-13
-17
-5
-1
2
-2
-1
7
-9
-24
-30
-25
-12
-8
-16
-17
-14
-20
-31
-31
-25
-15
-18
-28
-14
-2
-5
-33
-53
-53
-41
-37
-32
-19
-9
-17
-38
-46
-50
-39
-37
-26
-7
-3
-14
-38
-51
-43
-17
4
7
15
3
-6
-17
-21
-5
7
14
20
18
27
10
4
2
15
39
45
55
44
32
28
23
31
39
47
56
41
50
28
29
36
17
38
27
37
43
25
30
24
25
34
20
18
19
19
37
7
21
-1
6
4
-6
6
2
8
5
-4
-3
-12
-11
-1
-13
15
-17
2
-13
-13
-5
-16
-4
1
5
1
-11
-17
-19
-20
-8
-12
10
-6
-16
-19
-32
-13
-18
-4
11
2
-4
-35
-40
-31
-29
-5
-4
0
-10
-39
-36
-33
-17
11
0
7
-16
-22
-31
-36
-17
-6
15
4
-12
-16
-22
-15
-13
5
35
34
13
-12
-24
-6
1
23
35
44
40
10
-3
2
13
38
30
39
37
27
8
-20
-3
27
50
53
33
36
19
3
-2
1
38
43
29
18
-3
2
-6
-19
4
12
35
19
-3
-20
-16
-24
-9
-9
12
12
-6
-12
-25
-11
-22
-24
-24
-3
6
-11
-22
-34
-26
-20
-19
-17
-7
-10
-14
-19
-11
3
-10
-20
-33
-22
-4
4
11
0
-10
-33
-38
-25
-6
7
11
3
-10
-23
-31
-24
-18
-5
-1
2
-5
-25
-24
-38
-26
-21
-7
3
-6
-21
-21
-23
-18
-12
2
17
13
5
-2
4
0
1
7
21
16
19
6
16
20
15
22
23
33
40
32
22
22
17
33
19
29
25
37
35
16
26
23
34
23
15
16
11
3
2
4
6
11
-13
