1
0
2
1
0
1
0
-1
-3
-4
-3
-2
-3
-2
-3
-2
-2
-2
-1
-2
-2
-2
-2
-1
-2
0
-1
-2
-1
-1
-1
0
-1
-2
-2
-3
-4
-3
-2
-3
-3
-5
-6
-5
-6
-7
-7
-7
-7
-7
-8
-7
-7
-7
-6
-5
-4
-4
-2
-1
-2
-2
-2
-1
0
-2
-1
-2
-1
-1
-1
0
0
1
0
1
0
0
0
-1
-1
0
0
0
-1
-1
-1
-2
-3
-3
-4
-3
-3
-2
-1
-1
1
1
1
1
1
1
1
1
2
1
2
2
3
3
3
4
3
3
2
2
2
1
2
3
3
3
3
3
2
2
1
1
0
1
0
0
0
0
2
0
2
1
1
1
0
-1
-1
-2
-2
-2
-2
-2
-2
-1
0
-1
-1
-1
0
0
0
1
1
1
0
2
3
3
2
0
0
0
0
0
1
2
2
2
4
3
3
2
2
1
1
1
0
0
0
-1
-1
-2
-2
-3
-4
-4
-5
-6
-5
-6
-5
-5
-4
-3
-1
0
0
0
-1
0
-1
0
0
-1
0
0
1
3
3
4
3
4
3
2
2
1
1
1
0
1
0
0
0
0
-1
-2
-2
-4
-2
-3
-4
-4
-4
-4
-4
-5
-4
-4
-4
-3
-4
-6
-6
-5
-5
-5
-5
-4
-5
-4
-4
-3
-3
-3
-2
-2
-3
-4
-3
-3
-2
-1
-2
-1
-1
-1
-2
-2
-2
-1
-1
-2
-2
-1
0
1
0
0
-1
0
1
1
1
0
0
0
0
1
0
1
3
2
3
2
1
3
3
3
3
3
2
0
0
1
0
0
1
1
3
1
3
2
1
0
0
0
2
1
1
0
0
0
0
-2
-1
-1
-1
-1
-2
-2
-3
-5
-5
-5
-2
0
-1
-1
-1
-1
-2
-1
-1
-1
-1
0
0
0
1
0
0
1
1
2
3
2
3
1
0
-1
-1
0
1
2
4
3
3
1
-2
-2
-1
-1
-1
1
1
1
1
1
0
0
2
2
1
0
-2
-2
-3
-3
-1
1
2
1
1
1
1
0
0
-1
-1
-1
-2
-1
-1
-1
0
-1
-2
-2
0
0
-1
-2
-2
-2
-1
0
1
1
2
3
2
1
1
1
1
-1
0
0
0
2
2
4
3
3
3
3
1
0
0
0
-2
-1
0
1
0
-1
3
2
0
3
0
1
1
-2
-1
-3
0
5
2
4
6
4
3
-1
-1
2
-2
-1
-2
-2
2
-2
1
-1
-1
3
1
3
-3
-7
-4
-2
-1
-2
0
0
0
2
3
1
0
1
2
0
2
4
4
2
2
2
5
6
2
5
0
-4
-2
-4
0
0
-1
1
-5
-1
-2
1
3
2
2
-5
-5
-5
-2
6
2
3
1
-1
2
-1
1
-1
-1
1
4
4
1
2
-1
-2
-1
4
9
5
1
-4
-6
-6
-6
0
-4
2
-1
-3
-1
-10
-5
-5
-4
0
-5
0
-6
-11
-8
-8
1
-2
2
1
-7
-5
-7
-5
2
3
-2
-2
-4
-5
0
0
6
0
-11
-8
-11
-5
1
0
-1
-4
-3
-7
-3
0
-2
-4
-7
1
0
-6
-2
-9
-5
4
9
11
5
2
-6
-11
-4
11
16
10
7
0
-2
-1
6
13
11
11
3
-2
-1
-4
0
7
11
10
2
1
2
-3
-2
5
3
0
-3
-6
-5
-4
2
15
9
2
-6
-12
-11
0
10
14
9
-4
-8
-7
1
15
19
15
2
-15
-16
-5
2
6
11
-3
-5
-9
-1
12
-6
-10
2
-8
-6
-13
-7
1
-14
-2
4
3
-2
-11
-4
-8
-10
10
-1
-3
-8
-8
8
6
1
13
5
2
-1
-9
8
-11
-13
5
-7
5
7
11
18
-9
-6
-4
-11
13
8
22
2
-24
-11
-15
10
18
19
29
2
-17
3
4
-7
5
16
27
14
5
22
-3
-12
-3
3
30
29
11
-9
-18
-5
-21
4
12
9
17
-12
-6
-8
-4
13
-11
-13
3
8
-6
-6
5
-22
-29
-35
14
24
9
18
12
-9
-39
-28
12
19
19
16
11
8
-43
-41
-26
6
29
47
29
22
-30
-79
-42
-37
18
60
29
39
-14
-45
-44
-51
22
41
13
10
-23
-20
-48
-36
-10
21
16
10
34
30
4
-29
-29
-13
1
-14
8
24
-4
1
-12
9
38
-19
8
13
3
-7
-31
6
7
-12
-3
14
16
22
45
15
8
-23
-56
-34
2
13
35
-32
18
-15
-14
34
23
57
-5
13
4
-11
-2
-44
-37
15
-20
65
27
12
26
-40
-13
3
-11
24
-16
-39
-11
-9
-1
-13
-9
29
40
-7
4
-4
-37
-39
-35
4
0
7
7
21
-16
0
17
10
26
23
28
-1
-39
-33
-29
-27
42
-11
39
12
-6
1
-40
16
15
-27
-34
7
-4
-15
-29
9
7
-27
-8
-2
-27
6
-2
21
-4
6
11
-56
-20
-6
40
-6
41
39
-21
-47
-36
30
25
16
47
-8
-19
-48
-22
27
13
19
2
-11
18
7
-8
8
4
11
-3
-8
63
-1
-53
-21
-25
-3
-31
72
92
-5
-1
-14
-5
16
-3
41
24
6
15
-22
-17
5
-7
-32
18
25
50
-1
-9
-22
-68
-6
-11
-22
30
12
16
-8
-53
20
2
10
11
-19
2
-14
-28
-16
-16
24
-13
-20
5
29
7
4
0
-42
12
8
21
25
-59
-31
-41
-36
51
38
39
34
-58
-28
-46
-28
24
5
2
10
-5
-50
-12
-39
-13
11
30
66
23
17
-25
10
-27
-9
16
0
30
17
53
92
31
-27
-97
-50
23
46
63
43
25
-70
-85
-34
34
56
58
9
-11
21
-4
-17
17
-12
-25
-12
-18
7
5
-4
15
-82
-50
17
5
24
16
-21
13
-22
-20
-13
-22
38
-25
-9
43
43
-19
-12
-35
-23
-12
7
-25
30
22
18
-35
-98
-50
14
-2
29
81
27
-2
-41
-86
54
-16
-6
71
-41
9
19
-33
10
-6
14
40
-35
-12
62
-46
-83
18
-2
4
18
3
39
-88
-18
100
-12
41
46
3
-8
-59
13
23
-35
-6
0
31
43
6
-33
-38
55
1
-13
17
31
12
-24
51
17
-27
-20
-5
75
22
5
19
-46
6
-4
-23
30
-8
-24
-26
26
49
29
13
-39
9
2
27
48
35
9
17
-12
-16
0
11
61
17
-43
-12
9
-20
5
12
25
-21
-51
-25
24
68
13
2
-32
-37
30
35
24
49
-4
-64
-39
42
65
39
-27
0
-20
-64
84
34
50
2
-40
-20
-1
-22
48
70
44
44
-53
-33
10
0
-30
28
27
-13
-27
-7
29
-25
-35
34
9
-19
-2
-10
18
11
5
-40
-52
-22
27
22
-15
76
49
-52
-22
-39
30
22
15
73
-11
-102
-85
-56
-52
90
146
19
-18
-96
-73
-39
-10
113
76
25
-4
-57
-55
-55
39
21
24
108
-61
-113
-58
-57
39
42
91
85
1
-63
-53
13
53
134
63
46
-48
-131
-25
-29
58
99
25
63
-53
-91
2
-10
113
70
13
41
-44
-22
-26
-22
59
-25
0
63
9
34
-17
-34
5
-4
39
34
-4
11
-65
-56
31
3
15
-35
-8
13
-82
-35
-10
-22
131
36
-4
-1
-127
-72
-70
76
146
-22
12
-45
-87
-35
-13
96
-58
-57
-40
-44
87
20
3
13
-18
-14
-101
48
117
20
-3
-55
-83
-115
-147
18
62
59
38
17
-36
-5
-29
-14
39
72
75
-46
-61
23
-91
-72
47
51
88
49
-50
15
-33
-8
40
-92
14
23
-18
96
-26
-30
10
-36
7
75
58
67
12
-94
-53
37
80
14
91
47
36
-25
2
44
26
-22
-6
11
2
33
45
-1
-49
68
55
-75
61
93
57
14
-53
-1
-122
-104
34
-100
114
60
-109
45
47
-46
-124
-26
119
28
-30
26
-19
-44
-99
36
11
60
-4
-120
104
38
-27
34
-59
-90
12
54
174
-41
-95
-4
43
-64
98
114
8
-123
-36
138
-82
-40
130
3
-105
-161
43
197
19
-20
-69
62
6
-149
29
217
53
-178
-172
38
2
-137
80
168
-37
-95
-150
129
111
8
22
22
61
-62
-177
-14
183
122
-100
-98
194
225
44
-108
19
152
46
-86
-9
156
82
-151
-156
92
250
110
-63
-32
34
14
-7
13
113
116
-54
-190
-72
99
37
18
84
217
-60
-134
40
126
43
-31
-70
-101
-69
99
16
-96
93
98
-82
-97
8
85
29
-171
-48
-20
1
-76
-178
-65
204
20
-142
-61
-35
83
-74
-55
140
-21
-182
-60
40
-10
-112
-91
-3
0
-18
35
-7
-22
-128
-97
45
-85
-61
-85
42
34
-157
-9
-22
-94
3
65
-45
-149
-254
-26
49
105
77
-130
-17
-33
-118
-69
90
92
-17
-159
-65
-59
-65
2
14
-5
-49
-64
71
13
-5
176
92
103
-151
-41
42
96
90
91
107
32
21
-19
64
175
66
49
197
101
123
58
169
78
-67
-39
114
113
122
51
-6
-110
-160
-50
-24
126
159
116
87
33
-32
58
-76
-87
-110
10
128
9
50
42
-85
-138
-73
-68
-3
64
92
113
-17
-123
-110
-50
-127
-24
103
141
143
-65
-125
-149
-194
-90
-11
34
119
52
-48
-68
0
12
14
68
122
101
-63
-42
-63
-111
-78
33
61
-18
8
-14
-61
-4
52
25
-142
-82
-95
-181
-56
59
-16
-37
-9
-15
5
57
58
57
-51
-99
-61
55
83
24
-79
10
58
-59
76
146
-24
-22
-70
-45
-92
-114
22
-93
-10
35
-56
-21
-73
11
-94
-65
71
-107
-31
21
0
-72
-99
30
15
104
63
42
-12
-67
34
75
28
41
-36
23
-27
-44
18
97
88
59
-21
-71
83
89
2
49
94
60
18
-73
26
-11
30
-30
-23
29
-15
76
5
15
64
6
111
21
14
89
23
-29
3
2
-55
-36
-16
-4
76
-6
147
168
83
15
-75
18
-43
-90
-9
-24
-46
-54
-129
-107
-94
47
-17
-72
23
8
-39
-91
-94
-55
-31
-84
-36
12
97
187
235
96
38
-37
-19
-1
-36
-5
17
-80
3
-10
-18
150
48
114
28
58
38
-63
-50
-107
-209
-211
-181
-134
3
75
73
48
100
52
-103
-39
105
62
-41
-156
-82
-162
-136
-48
55
149
172
48
58
154
17
-160
-174
-170
-137
-60
92
59
-104
-55
44
76
102
186
168
-30
-88
-271
-180
-66
-96
-55
-3
87
29
-32
-41
-9
-16
-59
76
53
63
105
61
-24
-77
-13
36
61
87
3
-59
-32
-1
-80
-25
91
-18
-6
52
53
90
101
51
160
35
45
-44
-169
-60
-105
-115
75
157
58
91
42
61
10
104
93
66
-33
-41
-27
-109
-90
109
-33
35
-7
20
57
-18
12
65
41
-28
-9
-49
-9
-179
-110
18
70
74
99
86
40
-136
-130
55
-61
105
118
-11
89
47
-24
10
34
57
22
82
110
67
8
-2
-97
-188
22
67
116
-24
89
101
-2
132
17
-7
-8
3
-33
26
-135
-134
-183
-153
-135
22
30
118
79
162
92
-13
-36
-141
-149
-112
17
-54
57
-39
-4
-32
-13
55
108
-30
29
-9
46
-14
-7
-95
13
84
23
47
69
33
-79
-99
-76
-94
-78
-121
-102
-22
59
52
104
5
83
57
-35
-33
-4
-35
-61
-200
-12
-2
36
181
114
121
30
-42
-95
137
95
117
14
-23
-139
-205
-186
25
91
126
251
92
-88
-199
-146
-61
103
163
145
-17
-86
26
82
93
81
33
42
86
-22
-15
-108
7
1
-71
21
55
25
42
129
112
19
-114
-85
-134
-76
-70
135
116
28
26
115
90
5
-10
-14
57
-16
43
55
66
-56
-69
13
34
0
-99
-72
-159
-190
-7
-33
-72
3
-38
-97
-44
-141
-107
-16
-65
22
-1
-14
-99
-158
-128
30
71
165
207
181
27
-74
-134
-40
205
181
206
40
-104
-213
-128
-10
62
58
-32
-211
-249
-135
-33
15
6
54
-76
-4
7
73
-54
-75
-80
9
39
54
19
10
125
190
327
284
249
50
-153
-220
-216
-125
58
120
128
164
-20
-77
-38
14
222
239
117
-74
-233
-298
-237
-173
33
127
88
79
116
157
114
32
-71
-21
-9
29
44
-51
-132
-116
4
163
155
104
96
-29
-56
-102
-146
-166
-163
-177
-132
-1
120
143
50
162
186
210
164
35
-47
-177
-241
-256
-137
-42
101
132
36
-4
-34
-15
33
61
72
6
-129
-132
-130
-136
-16
-33
-67
-27
-15
44
81
16
39
-1
81
165
171
145
62
22
-1
12
39
103
-7
-14
-86
-161
-60
-54
-17
-83
-125
-164
-253
-190
-30
103
121
17
-68
-102
-91
-25
20
70
120
99
-17
-7
81
125
21
107
168
226
149
46
-1
-152
-112
-49
36
75
138
48
14
-47
-47
-68
-61
-14
-19
-67
-173
-172
-229
-172
-65
20
28
37
80
72
50
19
-26
-72
-55
-36
-29
1
-23
-48
-99
-20
92
128
167
48
-16
-138
-181
-223
-149
-97
-21
42
70
52
24
19
-7
-7
-39
-29
-33
-17
-31
-30
-40
10
71
152
202
175
120
81
60
9
-17
-35
-66
-63
-25
25
59
43
24
5
5
-2
-2
-73
-103
-129
-120
-98
-53
-56
-46
29
62
91
68
70
52
-9
-36
-36
-27
-26
-21
-23
-39
7
17
23
67
84
69
20
25
23
-3
-3
8
13
-5
0
25
29
77
81
60
51
30
42
25
29
72
101
107
129
121
61
69
66
82
52
18
-8
-47
-25
-13
17
72
86
103
112
122
111
71
34
-5
-13
-48
-92
-102
-95
-99
-98
-75
-70
-25
-22
1
-1
-51
-114
-184
-252
-271
-260
-296
-339
-357
-357
-341
-291
-252
-170
-181
-174
-164
-145
-139
-181
-210
-212
-209
-188
-145
-153
-158
-146
-115
-49
44
125
213
266
326
406
478
603
693
772
813
826
820
738
649
599
550
484
444
392
324
255
242
237
240
245
219
194
180
157
136
84
39
-9
-38
-67
-107
-159
-201
-196
-183
-159
-200
-204
-245
-311
-334
-357
-400
-431
-496
-590
-742
-918
-1050
-1181
-1262
-1338
-1399
-1474
-1536
-1597
-1492
-1331
-1102
-824
-667
-314
61
410
773
1003
1289
1506
1636
1719
1704
1589
1421
1178
974
846
651
397
83
-81
-133
-215
-292
-402
-423
-423
-508
-577
-654
-672
-679
-751
-731
-698
-654
-584
-494
-307
-54
186
405
634
854
1124
1373
1553
1655
1709
1807
1817
1797
1685
1520
1369
1173
1021
819
614
432
230
59
-104
-242
-382
-543
-687
-734
-765
-805
-860
-929
-901
-840
-756
-689
-623
-558
-498
-438
-382
-341
-346
-404
-482
-566
-698
-813
-954
-1107
-1271
-1458
-1627
-1796
-1952
-1905
-1769
-1580
-1366
-1162
-779
-318
165
638
1025
1372
1682
1874
2029
2048
1967
1802
1557
1368
1203
978
685
379
210
122
22
-137
-292
-381
-417
-499
-626
-748
-845
-947
-1049
-1122
-1147
-1140
-1108
-1033
-870
-590
-310
3
313
645
1020
1386
1682
1858
1986
2076
2073
1973
1754
1447
1160
876
594
321
60
-152
-297
-371
-345
-278
-191
-134
-91
-53
1
13
-65
-157
-226
-224
-245
-285
-342
-317
-217
-73
64
161
252
341
390
422
395
311
147
-51
-297
-585
-916
-1331
-1716
-2082
-2380
-2684
-2918
-3104
-3109
-2919
-2613
-2187
-1773
-1239
-523
197
958
1519
2020
2456
2755
2963
2975
2886
2656
2301
1972
1735
1503
1150
749
438
285
129
-100
-381
-637
-783
-967
-1178
-1427
-1631
-1762
-1933
-1981
-1978
-1885
-1759
-1634
-1403
-1060
-614
-182
215
647
1140
1618
2003
2278
2423
2580
2641
2598
2399
2040
1687
1338
1028
682
367
135
-49
-175
-293
-342
-353
-413
-487
-564
-554
-546
-616
-736
-819
-807
-734
-638
-558
-389
-173
59
249
403
549
671
764
768
688
540
310
19
-300
-657
-1002
-1435
-1893
-2299
-2696
-3014
-3292
-3447
-3307
-3070
-2686
-2368
-1918
-1170
-383
439
1140
1762
2429
2908
3220
3392
3424
3357
3030
2644
2391
2156
1802
1286
840
657
489
206
-228
-584
-732
-942
-1237
-1606
-1861
-1988
-2146
-2268
-2311
-2260
-2095
-1929
-1656
-1245
-788
-290
152
583
1113
1640
2119
2464
2656
2806
2875
2878
2700
2327
1928
1528
1149
702
218
-155
-424
-604
-766
-931
-932
-926
-932
-936
-913
-815
-774
-802
-794
-693
-506
-376
-313
-149
112
449
685
844
1013
1145
1236
1212
1093
924
676
317
-66
-480
-924
-1437
-1973
-2454
-2855
-3251
-3607
-3891
-3981
-3697
-3398
-2968
-2570
-1994
-1081
-268
658
1402
2024
2737
3126
3508
3717
3767
3689
3287
3000
2787
2507
2060
1440
1033
800
550
161
-366
-738
-929
-1195
-1552
-1939
-2222
-2347
-2514
-2575
-2540
-2439
-2208
-2044
-1718
-1257
-742
-201
222
716
1277
1823
2284
2543
2679
2800
2854
2748
2433
1964
1525
1106
687
181
-394
-748
-998
-1166
-1302
-1400
-1311
-1236
-1121
-970
-805
-590
-474
-416
-280
-45
197
316
398
575
843
1107
1254
1301
1397
1482
1531
1430
1229
991
689
333
-60
-489
-966
-1516
-2031
-2475
-2889
-3288
-3731
-4032
-4191
-4027
-3721
-3317
-2840
-2328
-1477
-465
519
1531
2192
3011
3704
4221
4596
4587
4571
4315
3865
3478
2974
2469
1742
1005
529
131
-271
-886
-1453
-1743
-1890
-2096
-2455
-2787
-2854
-2839
-2844
-2825
-2751
-2478
-2186
-1880
-1434
-917
-333
205
678
1286
1923
2491
2837
3022
3189
3336
3288
3006
2502
1965
1509
974
395
-331
-863
-1222
-1488
-1671
-1881
-1877
-1760
-1603
-1375
-1165
-862
-577
-363
-134
111
441
645
762
924
1166
1421
1556
1558
1570
1609
1621
1522
1246
981
676
338
-82
-556
-1037
-1575
-2119
-2623
-3109
-3512
-3988
-4263
-4458
-4507
-4187
-3929
-3316
-2748
-2048
-942
-64
1100
2041
2724
3699
4162
4691
4869
4716
4728
4277
3854
3336
2717
2231
1454
824
319
-179
-548
-1171
-1604
-1861
-2102
-2263
-2650
-2885
-2877
-2923
-2877
-2882
-2764
-2412
-2127
-1727
-1281
-735
-63
515
1079
1688
2253
2822
3148
3325
3459
3390
3226
2802
2255
1754
1154
619
-18
-656
-1024
-1357
-1504
-1626
-1717
-1538
-1380
-1080
-823
-607
-280
-42
232
442
604
837
927
1054
1171
1238
1396
1383
1397
1387
1312
1281
1057
794
529
180
-131
-615
-1083
-1569
-2056
-2499
-3027
-3489
-3889
-4279
-4507
-4731
-4726
-4304
-3906
-3214
-2629
-1887
-609
440
1650
2639
3365
4471
4922
5355
5499
5300
5251
4582
3943
3370
2666
2043
996
276
-145
-620
-1045
-1817
-2183
-2258
-2425
-2584
-2981
-3092
-2929
-2970
-2915
-2890
-2709
-2293
-2051
-1652
-1137
-526
168
670
1243
1932
2586
3169
3416
3567
3697
3643
3468
2936
2276
1712
1048
449
-321
-1074
-1483
-1857
-2005
-2179
-2247
-1973
-1741
-1366
-1074
-729
-242
104
435
646
881
1196
1314
1399
1419
1495
1641
1593
1525
1459
1403
1368
1138
855
592
289
-16
-505
-969
-1450
-1948
-2474
-3022
-3465
-3910
-4290
-4625
-4842
-4863
-4551
-4073
-3427
-2650
-1886
-683
488
1645
2854
3573
4586
5198
5552
5786
5445
5257
4675
3903
3310
2482
1845
933
107
-342
-860
-1159
-1753
-2217
-2312
-2485
-2576
-2899
-3168
-3082
-3104
-3017
-2989
-2909
-2556
-2283
-1854
-1332
-766
-62
511
1124
1816
2473
3122
3423
3586
3705
3665
3506
3001
2341
1705
1003
352
-401
-1133
-1618
-1991
-2120
-2235
-2235
-1965
-1680
-1232
-841
-458
2
335
681
887
1078
1272
1326
1351
1316
1327
1367
1336
1271
1208
1172
1161
1041
846
609
374
97
-264
-699
-1135
-1612
-2125
-2661
-3140
-3621
-4004
-4399
-4659
-4689
-4698
-4152
-3634
-2873
-1963
-1232
128
1248
2388
3586
4111
5139
5554
5748
5834
5281
5072
4304
3425
2769
1843
1243
282
-524
-904
-1424
-1657
-2274
-2689
-2648
-2815
-2821
-3180
-3403
-3178
-3163
-3000
-2964
-2846
-2363
-2022
-1485
-954
-374
359
959
1631
2321
2942
3532
3795
3952
4048
3939
3710
3140
2468
1810
1093
444
-316
-1018
-1463
-1780
-1880
-1981
-1954
-1692
-1370
-909
-571
-220
179
479
797
943
1064
1196
1197
1208
1148
1164
1222
1158
1109
1054
1083
1104
928
728
474
306
34
-415
-852
-1319
-1765
-2235
-2866
-3314
-3772
-4155
-4447
-4752
-4764
-4665
-4192
-3620
-2859
-1985
-1153
140
1301
2500
3688
4258
5237
5634
5880
5939
5407
5131
4313
3460
2713
1805
1133
78
-725
-1167
-1661
-1905
-2613
-2955
-2956
-3075
-3080
-3532
-3679
-3490
-3438
-3245
-3244
-3017
-2490
-2105
-1499
-974
-283
530
1159
1886
2545
3233
3820
4033
4218
4245
4136
3867
3219
2548
1803
1079
339
-503
-1215
-1729
-2021
-2158
-2263
-2180
-1895
-1517
-1027
-660
-276
125
436
766
918
1009
1086
1051
1087
1055
1068
1082
1020
1054
1054
1090
1091
920
785
546
370
78
-400
-834
-1321
-1768
-2265
-2819
-3307
-3768
-4170
-4495
-4689
-4730
-4650
-4139
-3563
-2725
-1828
-1053
284
1447
2647
3853
4358
5353
5765
5962
6010
5423
5148
4338
3410
2658
1707
1087
8
-835
-1286
-1781
-1948
-2673
-3080
-3114
-3233
-3203
-3669
-3877
-3669
-3575
-3355
-3354
-3109
-2535
-2060
-1416
-869
-115
753
1408
2102
2738
3412
4023
4214
4338
4340
4222
3975
3314
2579
1807
1076
390
-431
-1154
-1650
-1926
-1983
-2055
-1951
-1679
-1307
-790
-438
-60
302
586
895
958
1015
1067
1031
1065
985
997
1037
1039
1141
1113
1209
1226
1091
1000
712
544
228
-300
-702
-1289
-1679
-2249
-2840
-3309
-3763
-4025
-4418
-4608
-4699
-4562
-4319
-3815
-3058
-2239
-1232
-493
722
1929
2999
4148
4477
5297
5681
5762
5718
4998
4674
3925
3028
2294
1339
768
-143
-973
-1421
-1977
-2184
-2858
-3307
-3352
-3536
-3539
-3925
-4075
-3816
-3624
-3331
-3165
-2808
-2157
-1565
-890
-243
523
1370
2034
2701
3303
3888
4377
4501
4519
4440
4255
3852
3198
2400
1630
909
147
-547
-1260
-1663
-1858
-1960
-1873
-1823
-1508
-1139
-731
-343
-116
190
416
590
656
640
680
723
739
787
816
923
1051
1107
1194
1203
1233
1163
927
710
366
21
-452
-1032
-1503
-2070
-2572
-3078
-3635
-3913
-4339
-4529
-4661
-4730
-4480
-4194
-3408
-2695
-1717
-880
59
1393
2393
3644
4338
4864
5597
5645
5833
5380
4875
4379
3444
2728
1802
1129
370
-555
-1164
-1741
-2036
-2463
-3149
-3378
-3597
-3593
-3740
-4060
-3981
-3826
-3491
-3250
-2958
-2419
-1782
-1057
-364
373
1242
2009
2680
3310
3861
4441
4699
4678
4561
4276
3956
3317
2507
1621
783
43
-737
-1385
-1916
-2168
-2199
-2180
-1990
-1716
-1335
-873
-492
-133
169
383
577
647
659
662
654
712
743
819
924
1039
1205
1280
1363
1384
1324
1195
914
612
259
-223
-748
-1376
-1899
-2438
-2975
-3455
-3905
-4140
-4376
-4498
-4574
-4489
-4248
-3967
-3346
-2560
-1685
-659
-54
1084
2143
3168
4230
4507
5164
5518
5623
5545
4913
4467
3817
2962
2194
1256
672
-279
-1147
-1748
-2311
-2529
-3183
-3734
-3937
-4001
-3908
-4111
-4263
-4025
-3631
-3152
-2767
-2307
-1620
-867
-75
712
1475
2298
2927
3484
4041
4472
4830
4779
4570
4323
3934
3398
2617
1712
870
154
-509
-1070
-1635
-1958
-2058
-1973
-1726
-1556
-1199
-887
-461
-77
117
333
397
542
616
638
711
783
909
1034
1193
1381
1586
1696
1723
1674
1614
1459
1169
735
252
-225
-772
-1375
-2016
-2541
-3045
-3419
-3817
-4051
-4226
-4257
-4258
-4174
-3990
-3725
-3366
-2827
-1946
-1211
-231
315
1260
2384
3189
4236
4481
5037
5470
5436
5361
4677
4251
3591
2628
1787
799
202
-711
-1715
-2321
-2918
-3093
-3616
-4216
-4304
-4287
-4027
-4112
-4199
-3866
-3333
-2717
-2245
-1750
-1019
-173
640
1428
2062
2880
3474
3933
4366
4551
4829
4659
4329
3901
3331
2756
1971
1091
249
-498
-1038
-1483
-1913
-2082
-2164
-1941
-1634
-1386
-999
-724
-317
30
201
399
477
614
697
727
866
959
1135
1279
1380
1622
1732
1811
1764
1552
1467
1187
803
305
-305
-803
-1380
-1994
-2517
-3069
-3408
-3732
-3988
-4054
-4158
-4019
-4033
-3802
-3668
-3270
-3028
-2559
-1695
-1135
32
409
1342
2418
3161
4345
4593
5090
5496
5387
5346
4632
4097
3370
2263
1401
267
-349
-1220
-2264
-2851
-3466
-3560
-3878
-4373
-4448
-4347
-4049
-3875
-3859
-3528
-2957
-2349
-1683
-1169
-355
441
1218
2051
2626
3464
3944
4305
4578
4667
4821
4537
4082
3433
2755
2114
1392
548
-301
-1054
-1501
-1730
-1971
-2016
-2079
-1774
-1336
-970
-573
-383
-25
277
461
591
577
711
742
848
950
1106
1365
1489
1691
1809
2000
2047
1926
1650
1345
1049
592
9
-668
-1287
-1823
-2360
-2891
-3310
-3612
-3784
-3860
-3855
-3780
-3587
-3506
-3298
-3116
-2839
-2515
-2371
-1721
-1052
-257
621
955
2091
2951
3938
4811
4873
5480
5472
5350
4875
4021
3393
2290
1140
55
-904
-1460
-2502
-3326
-3820
-4083
-3876
-4222
-4416
-4275
-3945
-3475
-3341
-3185
-2671
-2107
-1384
-814
-168
711
1461
2340
2964
3631
4339
4619
4853
4774
4634
4473
3833
3122
2196
1403
751
-62
-770
-1533
-1931
-1982
-2038
-1877
-1781
-1489
-929
-577
-143
69
294
558
573
678
666
777
856
841
1021
1215
1561
1824
1844
1977
2044
2102
2009
1514
1095
609
152
-387
-1115
-1702
-2272
-2703
-3089
-3403
-3530
-3718
-3630
-3663
-3454
-3211
-3137
-2828
-2892
-2505
-2452
-2137
-1992
-1388
-593
107
1025
1444
2625
3447
4437
5091
5289
5521
5386
4851
4234
3209
2344
1030
-226
-1213
-2004
-2457
-3335
-3801
-4070
-3885
-3671
-3755
-3816
-3585
-3267
-2975
-2849
-2665
-2157
-1590
-895
-175
685
1681
2508
3312
3990
4614
5127
5037
4811
4259
3780
3170
2259
1304
286
-357
-870
-1296
-1669
-1963
-1917
-1685
-1415
-1085
-855
-545
-271
-93
89
222
312
368
351
494
753
1021
1291
1362
1722
2003
2358
2439
2272
2180
1897
1706
1220
649
84
-533
-997
-1479
-1923
-2301
-2751
-2992
-3213
-3214
-3188
-3256
-3118
-3097
-2742
-2479
-2298
-2019
-2009
-1802
-1790
-1736
-1528
-1652
-869
-526
388
1167
1505
2777
3306
4358
4949
4905
5007
4511
3833
3072
1832
935
-449
-1528
-2249
-2768
-2738
-3273
-3357
-3235
-2982
-2469
-2570
-2695
-2571
-2587
-2396
-2371
-2193
-1630
-1079
-218
650
1696
2808
3450
4116
4391
4586
4609
3955
3298
2396
1678
1086
377
-148
-582
-708
-606
-499
-351
-314
-259
-122
-187
-173
-311
-461
-462
-577
-394
-206
100
514
828
1374
1770
2215
2406
2409
2421
2252
2117
1755
1328
891
530
234
-61
-384
-723
-953
-1229
-1467
-1806
-2180
-2418
-2795
-2851
-3104
-2928
-2839
-2587
-2303
-2061
-1560
-1344
-1015
-1111
-1151
-1299
-1474
-1680
-1849
-1954
-1252
-799
259
906
1748
2802
3565
4283
4613
4400
4106
3219
2200
1200
116
-674
-1799
-2398
-2665
-2471
-2171
-2130
-2057
-1758
-1641
-1431
-1790
-2070
-2229
-2470
-2370
-2274
-1713
-1011
-233
673
1644
2647
3424
3685
3750
3507
3179
2783
2017
1338
631
245
179
203
346
447
621
866
935
891
523
82
-350
-891
-1128
-1228
-1171
-925
-624
-10
850
1579
2214
2496
2728
2816
2656
2282
1663
1158
633
219
38
-142
-107
-139
-148
-21
-109
-242
-688
-1176
-1613
-2059
-2407
-2779
-2929
-2910
-2634
-2233
-1692
-1200
-852
-494
-414
-321
-506
-956
-1331
-1926
-2167
-2446
-2575
-2471
-2161
-1054
-110
1052
1754
2234
2938
3169
3356
3179
2483
1993
1087
426
3
-338
-528
-883
-940
-587
-189
21
-355
-750
-1001
-1343
-1666
-2304
-2762
-2910
-2892
-2560
-1942
-1205
-266
467
1192
1890
2379
2655
2445
2137
1788
1555
1468
1299
1220
1316
1597
2093
2421
2485
2313
1903
1401
705
-101
-894
-1593
-1976
-2143
-1775
-1124
-283
607
1322
2103
2600
2842
2602
2067
1449
796
240
-223
-442
-452
-291
86
531
957
1182
1115
860
373
-227
-952
-1686
-2277
-2615
-2736
-2537
-2194
-1649
-1146
-746
-435
-345
-257
-562
-881
-1370
-1712
-1948
-2025
-1860
-1766
-1443
-1378
-1031
-1093
-1078
-1284
-1412
-993
-946
-421
-420
8
657
1202
2048
2575
2841
3029
2554
2276
1911
1476
968
74
-332
-443
-369
-352
-713
-937
-1198
-1492
-1809
-2356
-2794
-3123
-3462
-3265
-2842
-2071
-1095
-343
677
1563
2469
3143
3310
3362
3100
2953
2818
2619
2427
2267
2172
2282
2228
2107
1788
1244
739
25
-506
-954
-1333
-1473
-1538
-1141
-548
-57
483
661
998
1134
1051
886
489
249
94
11
195
386
729
1034
1302
1556
1558
1385
992
428
-66
-685
-1162
-1552
-1853
-1924
-1950
-1771
-1499
-1324
-1105
-1100
-1007
-980
-992
-973
-1087
-993
-890
-828
-723
-776
-815
-1043
-1446
-1949
-2596
-3128
-3666
-3750
-3884
-2946
-2050
-704
487
1392
2489
3268
3757
4210
3873
3677
3039
2296
1919
1433
1315
998
574
427
138
-102
-695
-1687
-2527
-3536
-4211
-4597
-4845
-4494
-4063
-3308
-2174
-1028
396
1426
2108
2637
2814
3101
3223
3240
3285
3220
3378
3688
3905
4199
4117
3871
3425
2592
1747
625
-525
-1625
-2709
-3260
-3425
-3283
-2911
-2588
-2001
-1320
-696
-162
119
362
605
738
1003
1257
1610
1912
2112
2385
2559
2662
2498
2097
1585
1016
399
-174
-773
-1190
-1516
-1723
-1739
-1701
-1576
-1510
-1460
-1395
-1371
-1387
-1360
-1392
-1305
-1297
-1130
-997
-758
-599
-549
-571
-635
-835
-1023
-1401
-1731
-1986
-2453
-2564
-2810
-2710
-2366
-2193
-1325
-291
643
1909
2078
2709
2970
3020
3299
2908
2501
2095
1228
904
470
245
126
-388
-609
-878
-1055
-1244
-1967
-2456
-3060
-3555
-3583
-3713
-3232
-2573
-1969
-865
110
1353
2636
3373
4062
4277
4329
4441
4215
4143
3786
3393
3167
2711
2500
2040
1416
796
-222
-1134
-2058
-2982
-3559
-4167
-4369
-4141
-3622
-2651
-1773
-759
244
1065
1853
2190
2482
2596
2535
2471
2206
2088
2048
1979
2027
1968
1959
1927
1608
1261
728
179
-347
-1061
-1646
-2162
-2523
-2653
-2769
-2720
-2540
-2355
-1981
-1647
-1236
-846
-574
-206
47
372
561
624
610
577
532
469
326
-22
-201
-659
-945
-1272
-1804
-2123
-2769
-3277
-3560
-3850
-3493
-3362
-2675
-1636
-656
881
1383
2162
2587
2744
3208
2972
2604
2491
1665
1494
1060
764
1037
804
640
403
-102
-202
-685
-1261
-1758
-2315
-2407
-2529
-2371
-1946
-1496
-804
-354
153
857
1330
1899
2076
2035
2209
2155
2292
2336
2172
2242
2023
1848
1635
1222
1004
530
-42
-613
-1246
-1536
-1828
-1938
-1885
-1679
-1149
-674
-127
317
708
1180
1410
1599
1675
1639
1746
1687
1584
1517
1273
1197
952
663
472
156
-20
-291
-559
-695
-853
-837
-889
-952
-946
-1015
-916
-889
-797
-636
-547
-336
-162
63
296
424
511
510
362
160
-166
-528
-879
-1239
-1601
-1817
-2128
-2227
-2363
-2522
-2395
-2610
-2488
-2556
-2648
-2399
-2425
-2037
-1645
-1250
-178
488
1689
2353
2740
3176
2962
3199
3143
2927
3013
2328
2041
1464
789
565
-34
-349
-613
-1143
-1283
-1769
-2161
-2344
-2600
-2448
-2393
-2347
-2120
-2002
-1617
-1276
-859
-376
115
629
1098
1477
1818
2140
2414
2622
2756
2801
2839
2794
2701
2567
2350
2052
1657
1154
601
25
-550
-989
-1335
-1537
-1622
-1573
-1421
-1220
-1031
-839
-684
-596
-467
-413
-239
4
273
700
981
1318
1553
1631
1761
1686
1664
1545
1351
1195
999
823
578
335
71
-149
-429
-610
-850
-962
-1101
-1139
-1096
-1109
-1034
-1038
-966
-857
-812
-696
-560
-491
-378
-313
-156
59
277
478
648
691
735
691
652
605
511
496
399
290
141
-42
-207
-523
-890
-1260
-1603
-1797
-1998
-2117
-2156
-2128
-1972
-1796
-1525
-1197
-885
-559
-332
-161
3
28
56
-36
-83
-41
8
104
147
159
222
241
292
312
244
230
144
104
53
-16
6
22
114
296
491
758
934
1082
1193
1223
1222
1102
976
838
686
622
540
513
547
541
604
619
611
571
440
307
163
38
-8
-54
-20
88
228
454
646
782
878
856
792
654
418
217
-36
-201
-298
-375
-346
-313
-239
-183
-185
-163
-173
-198
-219
-275
-284
-250
-250
-194
-164
-86
39
102
185
202
234
282
266
234
130
-8
-136
-303
-458
-583
-727
-861
-994
-1098
-1140
-1191
-1216
-1272
-1312
-1282
-1245
-1144
-1047
-929
-726
-492
-171
163
438
672
809
900
952
918
831
700
555
418
270
146
-13
-155
-306
-472
-594
-724
-814
-906
-986
-989
-936
-812
-649
-508
-301
-110
104
275
376
482
529
581
587
547
518
488
459
418
353
316
286
239
165
51
-61
-172
-289
-358
-438
-426
-381
-299
-152
38
265
516
687
835
959
1064
1208
1269
1329
1352
1383
1434
1404
1330
1216
1048
883
636
434
243
49
-74
-248
-359
-390
-425
-419
-465
-516
-517
-565
-566
-580
-569
-485
-411
-311
-269
-213
-150
-163
-208
-336
-463
-573
-729
-847
-925
-965
-921
-891
-852
-823
-838
-847
-907
-967
-1004
-1026
-983
-904
-762
-553
-287
49
368
622
770
748
681
624
639
755
813
809
690
495
371
292
313
358
350
318
209
127
40
-62
-83
-92
15
153
242
325
318
356
389
454
514
551
590
601
593
536
461
376
263
126
23
-50
-80
-64
-53
13
61
113
127
103
130
173
221
253
285
275
299
287
272
301
310
388
399
368
352
265
181
40
-115
-272
-407
-506
-536
-533
-524
-509
-526
-545
-578
-570
-558
-540
-520
-541
-478
-426
-395
-335
-332
-264
-261
-288
-335
-459
-520
-618
-665
-685
-734
-752
-817
-840
-805
-714
-625
-531
-452
-322
-178
-45
86
173
259
293
311
315
331
362
372
409
479
546
590
591
533
495
436
369
350
290
268
253
233
264
284
346
395
412
376
310
258
206
161
102
57
44
37
84
111
122
144
94
73
45
2
3
-10
-34
-5
-2
17
-2
-51
-63
-74
-74
-111
-152
-181
-191
-191
-150
-159
-130
-161
-175
-175
-172
-135
-132
-152
-148
-190
-195
-232
-264
-267
-254
-219
-169
-137
-66
41
141
316
466
596
691
697
680
596
502
439
392
417
473
476
439
300
136
-54
-250
-429
-588
-730
-840
-931
-940
-891
-801
-721
-632
-552
-462
-396
-329
-268
-178
-85
6
112
203
345
455
572
680
771
889
965
1024
1059
985
954
848
784
754
689
631
529
402
301
227
199
158
87
21
-42
-104
-147
-184
-197
-166
-141
-85
-31
34
98
145
145
145
134
106
106
79
63
44
-5
-67
-152
-231
-325
-453
-588
-704
-801
-834
-848
-839
-797
-781
-735
-694
-667
-610
-583
-501
-414
-292
-195
-84
-38
49
76
110
59
-12
-161
-245
-362
-383
-384
-401
-370
-487
-476
-550
-499
-438
-407
-374
-386
-429
-378
-379
-192
-59
156
246
323
294
313
316
342
361
330
307
266
244
311
376
433
430
382
301
258
180
142
90
61
86
118
189
276
351
432
469
489
498
521
559
597
660
732
809
873
924
939
923
878
761
634
466
347
236
186
127
87
53
5
-7
-73
-124
-191
-262
-290
-332
-346
-362
-411
-403
-405
-344
-268
-207
-185
-173
-181
-160
-188
-224
-259
-302
-303
-302
-283
-262
-238
-207
-159
-108
-60
-18
-8
17
27
45
76
77
73
49
34
31
13
-2
-47
-119
-176
-252
-335
-395
-447
-493
-513
-537
-524
-504
-457
-393
-354
-305
-293
-267
-276
-270
-250
-211
-195
-202
-223
-241
-223
-205
-186
-170
-168
-137
-151
-155
-190
-221
-265
-324
-375
-424
-417
-411
-379
-316
-229
-129
-29
81
148
210
217
201
196
188
236
289
360
457
559
677
753
803
812
800
765
691
583
478
381
291
236
185
173
176
198
205
198
171
129
93
68
32
26
28
44
73
118
151
178
170
144
113
44
-5
-78
-151
-224
-277
-297
-313
-308
-299
-276
-256
-221
-182
-144
-120
-101
-85
-54
-11
36
66
84
113
122
151
168
161
161
148
137
119
92
67
45
12
-14
-29
-42
-19
11
44
66
91
111
140
154
144
126
94
92
111
142
189
222
252
275
305
319
299
244
168
90
24
-43
-104
-164
-200
-213
-221
-213
-218
-208
-201
-197
-180
-160
-137
-133
-123
-112
-100
-93
-80
-68
-59
-26
-2
27
34
51
74
110
130
127
121
98
96
73
46
-2
-67
-134
-233
-309
-387
-459
-529
-585
-614
-616
-585
-555
-516
-458
-390
-299
-229
-172
-122
-83
-49
-25
-25
2
16
30
37
26
39
33
28
2
-12
-15
-21
-8
-4
7
37
46
44
42
52
85
119
166
206
256
298
330
376
413
448
477
497
514
539
561
573
561
539
534
512
488
432
370
308
237
174
110
66
36
10
-20
-50
-80
-102
-105
-88
-57
-27
30
76
103
122
127
136
118
77
43
-9
-47
-91
-146
-182
-238
-282
-324
-380
-420
-458
-465
-455
-431
-388
-345
-291
-223
-167
-110
-79
-72
-70
-85
-101
-123
-136
-141
-146
-133
-130
-125
-146
-182
-242
-303
-359
-408
-441
-461
-436
-402
-321
-239
-153
-62
7
67
104
136
166
185
189
198
219
257
275
276
256
230
200
167
110
34
-30
-75
-95
-91
-81
-77
-56
-45
-23
6
41
81
109
149
194
233
273
295
310
302
305
310
311
324
321
305
285
263
242
214
169
132
92
72
60
40
32
32
30
38
39
32
36
31
39
33
25
25
6
6
12
15
16
9
-8
-14
-38
-52
-64
-93
-114
-138
-170
-215
-259
-314
-369
-414
-436
-436
-428
-405
-378
-348
-313
-278
-258
-255
-271
-308
-347
-365
-371
-348
-322
-289
-254
-211
-163
-124
-104
-102
-94
-91
-68
-33
17
78
134
212
292
365
423
447
444
424
395
359
320
280
250
227
230
254
278
322
359
400
431
461
482
476
458
437
436
441
450
465
453
441
436
415
397
370
337
317
294
261
235
202
190
172
153
147
124
105
78
52
23
-11
-57
-111
-163
-204
-240
-276
-309
-320
-305
-290
-281
-291
-303
-313
-330
-366
-405
-444
-473
-492
-503
-501
-471
-436
-388
-358
-348
-344
-355
-383
-413
-442
-470
-477
-495
-493
-482
-463
-427
-402
-367
-351
-328
-307
-279
-251
-210
-168
-119
-57
-4
55
85
107
119
123
126
109
87
74
60
59
75
89
96
116
136
158
185
210
225
240
271
287
308
313
317
306
290
294
301
308
306
281
260
249
247
248
242
230
224
220
219
214
192
160
126
107
82
66
35
6
-15
-33
-39
-51
-64
-54
-25
19
76
118
158
190
211
225
225
219
203
183
161
138
108
75
44
16
-5
-25
-42
-70
-82
-98
-99
-102
-108
-108
-116
-117
-134
-146
-174
-201
-243
-284
-316
-345
-367
-391
-389
-397
-396
-392
-389
-379
-371
-337
-312
-268
-226
-174
-115
-61
-3
37
71
98
105
100
88
65
49
16
-6
-12
-14
-2
13
34
52
64
82
92
97
101
121
154
198
232
267
309
357
404
435
458
462
462
455
436
413
396
373
353
326
294
272
225
171
114
57
15
-34
-78
-111
-131
-134
-136
-127
-102
-80
-52
-34
-27
-15
-12
-15
-22
-38
-47
-61
-68
-68
-74
-66
-65
-74
-91
-106
-119
-129
-142
-167
-178
-188
-192
-200
-211
-223
-234
-239
-246
-248
-241
-207
-180
-151
-125
-102
-76
-62
-70
-81
-94
-99
-104
-113
-106
-107
-91
-78
-57
-27
-2
19
29
23
19
14
-1
-12
-12
3
30
55
79
89
107
118
117
110
105
101
98
102
112
128
149
179
204
234
261
281
303
308
316
314
308
299
273
249
220
206
190
171
156
132
119
100
64
41
18
-8
-28
-57
-67
-69
-66
-46
-32
-14
6
17
25
15
-8
-36
-84
-126
-163
-193
-215
-237
-245
-244
-238
-228
-225
-231
-225
-220
-207
-205
-209
-214
-219
-214
-204
-198
-185
-169
-163
-149
-142
-130
-127
-132
-136
-130
-118
-109
-87
-67
-42
-8
32
66
95
117
124
124
110
99
80
64
41
27
30
7
-7
-34
-49
-60
-82
-100
-130
-147
-155
-146
-138
-118
-101
-71
-46
-20
22
53
98
127
168
211
246
265
281
292
296
297
276
261
227
198
166
138
120
99
100
99
98
109
110
115
117
108
105
105
111
105
110
125
139
159
155
156
152
153
146
117
87
42
8
-26
-62
-97
-135
-168
-194
-219
-239
-253
-273
-290
-299
-301
-297
-291
-280
-264
-238
-205
-176
-160
-142
-133
-121
-107
-108
-110
-121
-126
-133
-140
-142
-138
-137
-131
-116
-102
-87
-79
-76
-66
-48
-11
26
57
86
112
154
181
201
210
199
183
164
140
111
78
52
31
25
25
28
28
21
12
11
15
26
33
55
80
118
160
200
241
271
301
319
326
317
302
287
268
259
243
241
225
208
195
171
157
124
89
60
47
31
22
12
7
8
16
25
25
30
29
21
2
-19
-33
-54
-71
-94
-117
-143
-174
-213
-250
-275
-297
-316
-336
-345
-347
-347
-335
-334
-323
-306
-283
-266
-256
-240
-230
-213
-195
-174
-170
-165
-154
-151
-149
-140
-129
-120
-113
-109
-108
-100
-95
-97
-97
-95
-80
-69
-57
-34
-8
30
60
87
107
124
145
141
151
154
158
172
174
186
192
197
200
188
177
159
142
120
91
73
55
48
47
42
47
60
70
82
101
119
141
160
173
188
196
208
220
231
234
237
244
240
239
235
222
206
179
151
126
104
79
52
36
24
15
14
0
-7
-12
-26
-35
-56
-71
-84
-98
-109
-118
-116
-116
-112
-113
-105
-97
-98
-102
-109
-110
-113
-124
-142
-160
-177
-194
-201
-211
-221
-239
-252
-257
-266
-261
-258
-244
-231
-209
-177
-153
-130
-110
-95
-85
-82
-89
-93
-105
-107
-113
-113
-105
-102
-100
-89
-78
-75
-70
-68
-69
-65
-63
-55
-43
-25
-8
12
41
62
82
109
125
144
160
167
169
177
186
194
203
212
225
230
231
229
222
209
200
188
182
183
187
189
204
227
251
280
304
321
335
347
343
323
302
273
243
208
173
134
106
82
65
57
43
19
-13
-43
-80
-110
-139
-164
-180
-195
-194
-182
-169
-151
-133
-122
-113
-109
-114
-121
-129
-136
-145
-147
-146
-149
-144
-138
-136
-131
-136
-146
-161
-176
-189
-200
-212
-222
-230
-225
-208
-190
-161
-140
-107
-77
-48
-24
-3
13
24
32
41
47
47
47
44
41
29
17
2
-16
-33
-41
-49
-54
-58
-57
-45
-35
-20
-1
21
41
63
84
100
119
127
132
136
144
139
135
137
130
126
119
111
103
103
104
108
110
111
109
97
88
75
65
52
43
39
42
52
56
66
77
88
97
102
96
83
67
44
24
6
-14
-30
-43
-47
-49
-55
-64
-65
-70
-68
-64
-73
-76
-82
-79
-78
-83
-70
-63
-60
-51
-39
-29
-28
-33
-43
-53
-61
-75
-93
-104
-111
-112
-108
-104
-98
-87
-74
-66
-63
-57
-62
-72
-86
-90
-92
-102
-107
-106
-105
-99
-86
-81
-69
-64
-60
-67
-73
-73
-80
-83
-81
-78
-67
-57
-40
-23
-1
25
44
61
67
74
73
71
72
73
77
92
114
130
146
154
157
160
151
137
116
95
79
65
52
41
40
49
57
70
82
90
90
88
82
81
77
67
60
58
63
63
68
65
69
72
70
64
55
39
25
11
-8
-16
-20
-22
-27
-37
-35
-33
-27
-27
-40
-47
-51
-52
-56
-57
-55
-48
-36
-27
-20
-13
-11
-9
-7
-6
2
9
17
28
36
42
45
46
45
37
21
0
-26
-42
-58
-70
-80
-82
-76
-73
-67
-62
-52
-42
-43
-36
-31
-23
-15
-14
-3
11
25
36
43
50
53
48
44
39
25
11
-3
-22
-34
-41
-46
-42
-40
-27
-9
2
8
12
14
12
13
6
-1
-4
-5
3
7
11
13
16
23
20
15
12
6
-1
-8
-9
-15
-19
-19
-22
-22
-24
-23
-23
-28
-29
-30
-31
-29
-30
-30
-31
-27
-32
-33
-29
-27
-22
-18
-20
-25
-25
-31
-38
-42
-47
-45
-40
-35
-27
-17
-2
12
28
42
55
64
69
69
70
71
66
67
60
55
54
51
40
31
30
23
22
20
14
11
6
5
2
0
0
-3
2
3
5
13
12
15
15
15
11
6
5
0
-3
-5
-10
-14
-16
-19
-25
-29
-34
-41
-45
-48
-48
-54
-58
-59
-61
-59
-57
-52
-43
-37
-32
-24
-14
-2
12
28
38
46
53
55
58
59
54
48
40
35
33
32
30
35
35
34
31
27
24
20
18
12
12
17
16
11
7
6
6
6
4
-6
-15
-25
-38
-46
-57
-60
-66
-71
-69
-71
-70
-68
-75
-81
-79
-78
-78
-81
-83
-80
-75
-69
-68
-58
-49
-45
-41
-42
-38
-32
-24
-17
-14
-3
2
14
25
34
44
51
56
54
55
53
47
46
50
50
56
59
61
66
71
77
83
87
90
89
87
82
76
76
75
72
66
59
57
49
42
36
33
34
34
33
30
26
26
29
29
29
30
29
29
24
21
18
16
12
10
8
4
-2
-8
-8
-10
-7
-1
2
5
5
6
9
7
6
3
-3
-7
-15
-17
-22
-23
-21
-17
-14
-14
-13
-19
-20
-24
-30
-35
-39
-46
-52
-58
-61
-60
-60
-59
-56
-52
-51
-55
-60
-58
-59
-54
-53
-51
-47
-43
-36
-31
-28
-25
-23
-26
-34
-44
-51
-56
-62
-61
-61
-56
-50
-41
-32
-18
-4
8
19
25
29
35
39
38
38
42
45
46
46
42
40
37
34
34
33
31
30
27
24
21
18
20
22
24
27
29
32
35
41
48
53
58
60
62
60
57
54
52
50
49
52
47
46
44
42
40
34
27
16
8
-4
-13
-20
-27
-29
-26
-19
-14
-10
-6
-3
2
4
3
2
0
-4
-7
-10
-12
-10
-9
-8
-12
-18
-23
-32
-39
-47
-53
-56
-61
-65
-65
-63
-60
-53
-45
-38
-32
-28
-27
-29
-29
-29
-30
-32
-35
-36
-36
-38
-38
-37
-32
-25
-20
-19
-19
-19
-21
-19
-21
-18
-19
-17
-15
-15
-14
-9
-4
3
10
16
21
24
26
27
29
33
32
31
28
27
28
27
27
28
32
33
32
29
25
25
27
29
30
34
40
45
53
59
62
70
72
73
72
66
57
49
43
38
36
34
31
28
25
24
23
23
21
20
18
13
7
3
1
3
6
6
8
6
6
5
3
2
-1
-4
-8
-16
-20
-28
-32
-34
-32
-30
-30
-31
-35
-38
-42
-46
-48
-51
-53
-56
-58
-59
-61
-58
-53
-45
-40
-35
-32
-30
-28
-30
-30
-30
-31
-33
-36
-37
-40
-38
-35
-32
-28
-26
-23
-22
-21
-21
-19
-17
-15
-11
-11
-10
-9
-4
2
9
15
16
19
21
22
22
24
26
28
31
31
32
31
31
34
34
36
35
35
33
31
29
28
29
31
35
37
37
36
39
40
43
47
47
48
46
41
40
37
34
32
31
28
25
21
19
17
17
18
19
18
16
12
8
4
2
0
-1
-3
-5
-6
-8
-10
-11
-10
-9
-10
-13
-19
-24
-29
-34
-35
-35
-34
-33
-35
-35
-34
-34
-32
-32
-33
-34
-36
-39
-41
-43
-42
-39
-35
-33
-32
-31
-30
-29
-30
-29
-30
-30
-31
-33
-35
-34
-32
-27
-22
-18
-16
-16
-15
-14
-12
-10
-8
-4
-2
-1
0
2
5
9
12
15
18
17
15
14
13
15
16
17
17
19
18
19
20
22
26
30
32
33
32
33
34
36
38
39
39
39
36
34
33
34
36
36
36
35
34
31
27
26
24
24
23
21
17
13
13
13
15
15
15
15
13
9
6
4
1
1
0
-1
-2
-3
-4
-5
-5
-4
-4
-8
-11
-14
-17
-18
-20
-21
-20
-17
-17
-19
-22
-23
-19
-18
-18
-19
-20
-20
-22
-22
-23
-21
-21
-20
-19
-21
-23
-26
-25
-25
-23
-22
-23
-24
-26
-25
-23
-21
-20
-18
-15
-14
-12
-13
-15
-14
-9
-5
-5
-6
-6
-7
-5
-2
-1
0
1
1
3
2
2
4
6
6
8
10
10
8
9
11
14
16
16
15
15
15
16
17
16
18
20
22
20
18
18
19
20
21
20
19
19
17
15
14
15
15
14
14
13
12
11
9
7
8
9
10
8
5
4
5
7
7
4
3
4
4
2
1
0
2
2
3
1
0
-1
-3
-3
-2
-1
-1
-2
-2
-4
-3
-3
-5
-4
-4
-2
-4
-7
-9
-9
-7
-7
-5
-7
-6
-6
-7
-7
-8
-8
-8
-8
-9
-10
-11
-11
-9
-9
-6
-5
-5
-7
-7
-7
-6
-6
-7
-7
-6
-6
-5
-7
-7
-7
-4
-4
-3
-6
-8
-9
-8
-8
-7
-6
-5
-4
-3
-3
-2
0
-1
1
1
0
-1
-1
-3
-1
2
2
1
1
1
2
1
1
0
0
2
2
2
0
1
1
3
4
5
4
4
4
3
4
5
6
7
9
9
9
9
7
6
9
10
9
7
6
8
9
10
9
9
10
10
10
8
7
7
6
7
7
5
5
5
5
5
6
5
6
4
2
2
2
1
0
-1
1
2
1
-2
-3
-2
-2
-2
-4
-6
-7
-7
-8
-8
-7
-5
-5
-5
-6
-6
-9
-9
-10
-10
-9
-8
-9
-11
-11
-9
-8
-7
-9
-7
-7
-6
-6
-7
-7
-6
-4
-5
-5
-5
-4
-4
-3
-3
-4
-3
-4
-3
-1
-1
0
0
0
0
2
3
1
0
1
3
4
4
1
2
3
3
4
3
3
4
5
5
3
5
6
6
8
9
10
8
8
8
7
9
9
9
8
9
9
8
8
8
9
12
12
11
10
9
8
9
6
6
6
6
7
7
6
4
5
5
4
4
5
4
3
2
1
1
1
0
-1
-1
1
1
0
0
0
-1
-1
-2
-2
-2
0
0
-2
-2
-2
-2
-2
-2
-3
-3
-3
-4
-5
