3
-2
-5
-3
-2
6
16
3
-4
-12
3
11
11
14
3
-7
-4
15
22
11
-3
2
7
10
17
11
0
-2
1
6
0
2
15
8
3
-2
-6
1
4
7
2
-12
-12
-4
14
11
1
-15
-11
-8
0
13
-3
-15
-19
2
10
6
-2
-13
-19
-14
7
11
1
-11
-13
-3
3
17
9
-8
-17
-7
9
12
10
7
-5
-14
0
11
12
4
2
3
2
10
13
12
1
0
-7
-9
2
5
11
3
-5
-1
0
6
4
-5
-10
-12
-12
-1
1
-3
-5
-14
-11
-10
-1
-4
-9
-17
-9
-6
-3
-3
-11
-12
-11
-11
-1
-4
-2
-7
-10
-3
6
8
2
-9
-15
-2
10
20
7
-5
-9
-6
11
18
15
-1
-9
-1
15
16
16
12
1
-4
-9
4
12
15
13
2
-4
1
19
18
8
-2
-11
0
-3
8
8
-2
-3
-3
-5
-2
-1
3
7
-2
-7
-7
-5
0
5
1
-7
-20
-18
7
6
5
-2
-13
-6
-2
10
5
-11
-9
1
6
2
2
-10
-7
-3
11
7
-8
-6
1
15
15
12
4
-7
-7
5
11
11
3
-3
-6
-1
14
19
7
-5
-9
-3
1
10
8
-3
-14
-16
2
0
0
-6
-9
-8
-7
1
1
-11
-11
-4
-1
-7
-12
-11
-9
-5
-1
1
-10
-13
0
-3
-3
1
-2
6
-4
-1
3
-1
2
-2
1
-6
0
0
12
11
4
5
1
5
3
4
6
1
-2
-5
-2
3
6
10
0
-3
-12
2
8
6
5
-5
-11
-8
1
10
-1
-13
-15
-9
7
10
11
-7
-16
-6
5
9
1
-11
-12
-7
4
8
5
-5
-5
-3
2
16
12
6
-4
-12
0
11
16
9
-9
-16
-6
11
27
19
8
-6
-1
7
18
11
-2
-6
-10
-3
3
10
12
5
0
-4
1
8
14
9
-7
-13
-27
-12
-2
5
4
-11
-17
-12
-1
20
13
-8
-25
-24
-5
2
6
0
-13
-12
-5
9
9
7
-1
-10
-17
-15
8
16
9
-10
-18
-5
-3
17
10
-7
-14
-8
12
11
-3
-5
-1
1
8
9
4
-3
-3
-1
3
-7
4
4
3
5
6
8
2
-1
3
1
-2
-11
-11
-10
-4
5
-1
7
1
7
8
-5
-7
-9
-2
1
-12
-9
-3
4
6
-3
-3
-2
6
17
6
-11
-16
-4
1
-1
-8
-11
-6
3
15
6
-5
1
-1
3
-5
-1
-3
-8
-7
-9
-9
-5
2
1
1
-2
-4
0
-5
1
3
-8
-4
-14
-9
1
-1
2
-5
-6
6
9
17
6
1
-5
-3
6
5
18
7
4
-8
-8
15
22
25
14
-2
3
13
25
21
-4
-12
-13
5
23
20
13
1
-1
8
22
25
17
-7
-21
-14
-13
10
9
-2
-5
-12
9
8
12
7
-2
-6
-9
-6
-9
-6
-7
-13
-8
-8
-4
8
9
14
-7
-13
-9
-15
-6
-1
-4
-13
-27
-12
-2
8
-1
-2
-17
-31
-7
2
11
-2
-8
0
-11
8
22
8
-8
-21
-13
8
19
32
24
2
6
18
31
27
1
-9
-7
-4
14
12
8
11
0
25
22
21
20
1
7
-16
-15
-11
-11
-6
-7
-10
-6
1
16
20
17
-2
-11
-11
-10
-12
-16
-13
-15
-19
-4
7
14
4
0
-1
-19
-8
-1
3
-12
-32
-14
-21
-12
3
9
-2
-20
-5
9
6
3
1
-17
-24
-13
-5
6
-1
4
6
9
19
23
25
20
4
0
-2
4
24
16
30
7
6
18
29
49
24
15
6
6
16
23
19
-3
-11
-15
0
5
15
17
4
-10
-9
-2
5
-6
-28
-33
-45
-34
-20
-9
-4
-18
-17
-12
-1
-2
-5
-18
-34
-39
-29
-17
-22
-27
-20
-23
-13
2
9
3
-5
-4
-9
-15
-25
-30
-38
-26
-24
-21
-12
-4
4
8
7
-6
-6
-15
2
-10
-9
-4
-13
-1
-5
18
22
20
16
20
24
34
47
37
22
5
12
19
34
37
30
11
11
34
48
65
40
13
-18
-14
4
16
11
-19
-31
-38
-6
10
-1
-16
-44
-50
-40
-27
-14
-33
-48
-50
-54
-41
-27
-31
-55
-72
-69
-47
-36
-28
-45
-66
-63
-41
-27
-28
-45
-59
-52
-54
-35
-46
-62
-66
-58
-28
-14
-1
1
-8
-7
1
-1
-4
2
4
17
25
45
47
66
83
97
98
98
109
108
127
141
147
135
136
139
147
148
146
153
149
138
133
125
129
134
124
126
101
105
113
114
112
83
71
62
57
52
55
41
33
26
21
17
10
5
-3
-27
-41
-50
-56
-55
-75
-85
-95
-92
-84
-91
-102
-127
-148
-168
-174
-178
-182
-178
-172
-170
-188
-198
-207
-225
-247
-255
-256
-280
-297
-291
-290
-277
-275
-268
-276
-291
-267
-248
-243
-248
-239
-234
-221
-215
-190
-163
-148
-118
-109
-94
-79
-50
-41
-38
-41
-28
15
64
122
152
168
194
235
265
312
333
362
391
429
467
503
523
534
559
555
606
615
607
597
558
568
561
547
535
490
454
435
414
387
339
280
243
218
182
171
132
79
40
1
2
-28
-70
-113
-165
-192
-214
-232
-257
-288
-310
-311
-318
-331
-357
-380
-395
-420
-418
-430
-445
-468
-493
-504
-503
-517
-525
-547
-567
-576
-592
-593
-598
-615
-627
-620
-637
-634
-647
-659
-662
-667
-643
-643
-649
-645
-592
-531
-431
-334
-286
-244
-226
-175
-76
13
134
239
285
357
406
473
552
635
724
805
852
882
927
901
925
899
869
870
839
859
839
790
764
708
635
598
539
504
477
423
392
333
301
309
266
235
214
169
173
149
164
192
171
174
149
132
116
120
117
110
89
61
73
51
53
43
36
36
15
13
20
3
-5
-26
-74
-90
-113
-107
-106
-148
-159
-166
-180
-188
-226
-252
-304
-297
-298
-296
-284
-329
-352
-416
-431
-449
-464
-467
-488
-512
-548
-581
-630
-672
-708
-717
-734
-762
-791
-861
-903
-957
-1003
-1041
-1067
-1050
-971
-898
-753
-642
-627
-637
-672
-567
-384
-195
-33
44
64
100
176
313
459
573
672
744
803
898
957
961
931
852
877
875
872
855
776
734
660
590
571
509
456
421
370
394
367
310
273
244
247
266
246
203
172
158
158
160
148
88
52
15
12
41
58
76
106
101
80
89
111
139
157
154
180
223
245
277
327
351
345
324
321
334
351
355
351
324
282
264
212
171
141
117
98
54
16
-24
-72
-138
-166
-200
-235
-270
-312
-318
-355
-425
-494
-538
-527
-539
-580
-608
-642
-687
-709
-749
-785
-837
-870
-878
-867
-876
-932
-961
-1014
-1021
-1037
-1046
-1058
-1042
-1024
-979
-941
-865
-754
-667
-584
-616
-595
-502
-339
-128
28
60
104
91
142
287
402
549
613
656
727
814
890
924
892
888
887
890
939
912
846
791
708
678
675
639
656
609
586
587
564
583
558
561
554
561
541
500
502
519
486
458
448
401
379
351
380
402
370
363
352
366
378
367
361
334
301
302
307
292
289
275
286
277
249
260
202
183
162
125
115
60
50
14
-73
-153
-223
-254
-255
-279
-326
-350
-398
-411
-425
-451
-444
-480
-506
-509
-549
-563
-611
-697
-706
-713
-720
-723
-732
-771
-821
-863
-885
-900
-924
-946
-978
-1001
-1037
-1068
-1066
-1081
-1128
-1154
-1170
-1133
-1046
-992
-894
-794
-725
-668
-667
-654
-515
-317
-114
52
113
222
241
293
441
601
774
906
945
1034
1114
1136
1197
1154
1123
1154
1160
1162
1161
1088
1057
991
862
815
738
755
755
695
658
638
609
567
515
470
469
416
384
352
316
325
310
260
239
205
203
222
202
204
188
133
133
119
133
149
104
92
67
52
82
90
89
121
118
88
69
3
-9
-18
-59
-99
-176
-226
-217
-235
-268
-360
-425
-458
-484
-516
-546
-551
-605
-639
-687
-666
-618
-648
-696
-729
-732
-729
-774
-792
-784
-823
-823
-831
-846
-839
-879
-903
-917
-920
-905
-894
-887
-903
-927
-976
-1015
-1035
-992
-971
-893
-828
-688
-543
-473
-398
-390
-368
-239
-112
90
321
349
449
461
437
616
715
878
1063
1038
1108
1185
1179
1273
1187
1099
1099
1043
1087
1124
1020
1007
915
825
815
712
718
691
641
622
584
509
527
479
476
488
433
439
431
421
427
437
410
416
389
362
387
389
408
389
380
381
381
371
403
410
371
364
337
309
307
276
292
302
264
242
196
168
126
74
0
-53
-125
-167
-221
-278
-318
-401
-490
-542
-553
-548
-564
-612
-640
-705
-755
-739
-729
-745
-794
-801
-812
-795
-824
-875
-889
-911
-896
-935
-936
-943
-954
-962
-976
-1009
-1024
-1054
-1026
-1020
-1011
-1024
-1101
-1114
-1134
-1089
-999
-941
-776
-646
-586
-472
-544
-443
-248
-107
149
314
347
478
449
477
709
738
938
1043
1010
1158
1162
1170
1262
1126
1112
1153
1057
1120
1026
937
943
809
784
777
683
691
642
587
602
524
499
496
448
485
485
441
457
423
434
481
450
449
460
426
441
458
450
461
418
409
405
389
395
406
416
380
352
331
334
309
295
302
283
232
195
165
149
86
15
-32
-104
-138
-210
-291
-342
-414
-448
-528
-625
-683
-707
-739
-771
-786
-834
-855
-913
-948
-928
-950
-941
-979
-991
-971
-982
-992
-1018
-1060
-1044
-1011
-1002
-995
-1029
-1033
-1055
-1043
-1039
-997
-987
-1001
-1017
-1068
-1075
-1049
-1003
-929
-803
-672
-482
-382
-398
-398
-316
-163
103
331
413
501
474
511
644
760
894
1010
1017
1103
1171
1178
1218
1158
1086
1060
1041
1010
985
870
810
724
659
659
622
610
581
540
532
535
500
493
467
498
529
532
567
555
554
557
567
573
566
573
586
602
619
624
610
612
612
597
603
581
570
588
592
588
551
504
484
454
424
415
345
285
252
176
120
43
-41
-130
-247
-297
-362
-440
-524
-575
-681
-781
-845
-905
-896
-951
-997
-1030
-1062
-1080
-1124
-1127
-1112
-1107
-1089
-1077
-1058
-1062
-1043
-1060
-1062
-1097
-1090
-1031
-1027
-1043
-1064
-1067
-1114
-1086
-1097
-1091
-1060
-1064
-1056
-1010
-960
-864
-664
-535
-382
-364
-407
-369
-200
26
321
482
571
631
619
682
780
941
1100
1198
1202
1295
1310
1342
1306
1197
1133
1097
1099
1124
1100
1000
906
718
657
605
584
591
580
540
520
489
452
449
379
408
416
439
434
459
473
481
462
438
450
416
425
445
470
457
459
453
457
416
403
398
404
399
391
413
364
308
241
196
146
163
128
101
60
-20
-86
-174
-266
-342
-428
-501
-515
-575
-609
-692
-767
-845
-944
-971
-1021
-1038
-1019
-1024
-1042
-1041
-1065
-1054
-1042
-1047
-1017
-979
-953
-900
-917
-938
-942
-981
-955
-967
-940
-944
-940
-908
-912
-954
-980
-981
-991
-952
-939
-884
-757
-586
-432
-308
-300
-333
-313
-189
51
335
545
625
667
612
689
781
897
1058
1174
1223
1283
1266
1238
1243
1109
1080
1004
970
990
971
912
820
682
576
556
490
516
490
472
466
433
439
459
431
429
415
404
450
485
554
584
575
549
551
502
507
499
533
579
533
552
545
522
488
427
399
427
423
435
428
401
391
322
266
234
205
143
113
72
35
-13
-111
-176
-306
-388
-443
-514
-576
-626
-663
-698
-763
-828
-868
-914
-976
-986
-960
-944
-948
-936
-926
-958
-970
-969
-958
-932
-903
-884
-889
-912
-915
-947
-982
-1010
-1035
-1050
-1018
-1022
-1018
-1025
-1089
-1081
-1077
-1038
-884
-710
-536
-394
-447
-536
-505
-354
-31
254
444
510
514
498
593
709
835
974
1038
1126
1239
1278
1261
1213
1050
1009
980
953
976
927
886
820
693
604
582
533
535
479
455
487
453
507
487
486
473
426
466
500
517
557
586
611
619
576
518
527
517
570
609
586
639
663
655
584
506
458
448
498
510
537
512
495
444
391
361
284
239
185
164
135
66
-28
-104
-165
-239
-331
-430
-491
-569
-613
-610
-632
-496
-408
-398
-683
-978
-1128
-1177
-1137
-1117
-1213
-1462
-1598
-1629
-1619
-1667
-1676
-1697
-1667
-1570
-1504
-1529
-1716
-1839
-1945
-1867
-1849
-1835
-1834
-1828
-1701
-1455
-1085
-662
55
642
906
802
413
487
920
1427
1702
1608
1514
1568
1487
1263
961
716
893
1110
1173
1198
1034
884
742
602
644
556
416
511
734
1008
928
406
-8
-151
-77
-79
-372
-528
-395
-182
-85
-233
-418
-432
-401
-203
42
229
368
481
700
958
989
749
649
834
1305
1579
1514
1500
1671
1887
1809
1432
1132
1127
1274
1370
1282
1122
983
805
589
360
221
190
238
264
262
99
-163
-387
-522
-572
-679
-824
-901
-903
-888
-931
-1207
-1421
-1468
-1456
-1419
-1488
-1553
-1589
-1647
-1625
-1695
-1761
-1781
-1760
-1742
-1626
-1504
-1467
-1522
-1635
-1618
-1664
-1663
-1683
-1667
-1707
-1697
-1772
-1744
-1471
-1225
-812
-120
1098
2341
2425
1914
1161
1066
1638
1877
1728
1454
1383
1418
791
18
-222
-207
-138
63
461
1021
1088
622
362
472
826
723
157
250
1067
1557
1169
143
-349
-262
-342
-647
-994
-852
-355
-158
-142
-36
45
5
-27
281
931
1224
1150
1243
1571
1862
1485
671
419
826
1313
1219
863
987
1388
1545
1258
875
737
829
953
993
1082
1033
833
527
275
143
-123
-370
-353
-124
-17
-237
-633
-815
-754
-625
-657
-735
-667
-458
-332
-427
-629
-857
-960
-1080
-1173
-1278
-1392
-1489
-1550
-1583
-1700
-1838
-1935
-1851
-1686
-1461
-1420
-1490
-1474
-1446
-1500
-1649
-1852
-1931
-1999
-1995
-1972
-2046
-2047
-1809
-1257
-628
651
1768
2578
2253
1719
1291
974
1289
1021
1037
894
917
715
-22
-232
-370
-239
-27
404
947
1396
1379
1074
1083
1213
1207
734
456
886
1395
1529
998
250
-35
-200
-529
-847
-929
-508
29
338
577
740
783
725
709
874
1112
1092
1069
1226
1438
1342
662
5
-109
216
477
511
725
1288
1848
1896
1610
1298
1176
1200
1140
1168
1105
968
748
418
124
-231
-614
-781
-579
-236
-68
-155
-191
-62
32
-20
-238
-317
-169
-10
-50
-280
-542
-805
-1082
-1463
-1803
-2022
-2119
-2059
-2000
-1977
-2054
-2155
-2156
-2033
-1791
-1819
-1884
-1912
-1781
-1827
-2202
-2490
-2883
-2754
-2670
-2532
-2479
-2246
-1518
-564
1301
2322
2836
2328
1838
1670
1376
1350
623
773
926
976
441
-294
-270
-186
124
367
766
1365
1748
1757
1710
1763
1563
1071
548
547
1033
1200
791
282
90
105
-368
-1094
-1397
-1140
-536
-213
50
499
1086
1269
980
697
575
586
452
364
541
705
563
84
-239
-183
-61
-119
59
793
1705
2363
2386
2313
2344
2218
1838
1250
1036
1031
952
601
251
92
-125
-420
-682
-606
-281
-50
129
432
702
774
444
112
-69
-185
-370
-615
-764
-887
-1047
-1426
-1813
-2056
-2176
-2263
-2393
-2407
-2213
-2095
-2117
-2156
-2094
-2011
-2017
-2093
-2185
-2298
-2413
-2656
-2841
-2878
-2847
-2790
-2758
-2186
-1450
57
1679
2779
3047
2541
2173
1732
1482
1161
589
544
413
383
-76
-376
-205
55
427
653
1183
1678
1930
1876
1833
1918
1672
1145
525
386
668
635
302
-64
-24
45
-222
-700
-907
-606
-163
140
435
987
1615
1867
1687
1298
935
588
200
-34
-69
47
-25
-234
-234
-24
165
153
271
974
1857
2549
2839
2824
2890
2764
2193
1382
659
311
86
-124
-280
-364
-240
-253
-281
-286
-34
322
500
732
987
1209
1117
825
310
-204
-620
-945
-1190
-1432
-1467
-1468
-1530
-1609
-1796
-1957
-2120
-2120
-1993
-1929
-1869
-1876
-1857
-1962
-2165
-2321
-2545
-2679
-2828
-3130
-3358
-3453
-3432
-3236
-2872
-1974
-296
1599
2920
2899
2344
1838
1544
1203
600
33
24
-51
-216
-751
-1049
-790
-390
153
690
1432
2049
2301
2226
2256
2290
1818
1091
503
602
869
647
145
-252
-105
12
-314
-819
-886
-410
147
415
589
1138
1767
1976
1713
1243
871
456
-23
-418
-602
-685
-856
-1076
-1038
-667
-282
-146
120
859
1834
2570
2766
2851
3060
3148
2578
1567
655
151
-178
-550
-856
-901
-527
-133
152
303
622
1027
1303
1560
1734
1796
1632
1284
886
411
-171
-758
-1192
-1367
-1469
-1585
-1771
-1789
-1626
-1446
-1496
-1711
-1821
-1831
-1776
-1807
-1879
-2103
-2206
-2450
-2638
-3117
-3491
-3666
-3965
-3787
-3916
-3357
-2805
-1375
870
2147
3009
2241
1857
1465
1154
917
-180
-267
-409
-296
-745
-1339
-1290
-970
-218
305
994
1714
2334
2665
2735
2803
2460
1772
985
579
799
789
363
-198
-363
-36
-63
-452
-832
-607
86
584
841
1083
1704
2246
2402
1997
1273
738
227
-210
-687
-987
-1109
-1177
-1008
-673
-325
-170
-17
419
1176
2038
2600
2856
3127
3296
3129
2322
1246
411
-144
-442
-875
-1089
-944
-373
246
504
755
1071
1614
2053
2192
2123
1979
1833
1527
1012
226
-518
-969
-1176
-1241
-1325
-1433
-1477
-1470
-1389
-1428
-1604
-1759
-1735
-1590
-1502
-1676
-2035
-2282
-2436
-2643
-3094
-3496
-3854
-4014
-4078
-4172
-3897
-3275
-1713
455
1987
2741
2181
1679
1144
806
396
-532
-832
-992
-898
-1267
-1732
-1700
-1345
-676
-76
503
1120
1764
2198
2537
2690
2420
1876
1126
684
689
520
111
-389
-470
-172
-150
-438
-735
-567
45
573
848
1202
1794
2418
2634
2305
1708
1092
466
-134
-723
-1163
-1401
-1460
-1213
-845
-380
-122
90
528
1191
1902
2250
2523
2793
3149
3062
2345
1409
484
-77
-670
-1127
-1393
-1259
-586
47
553
816
1281
1770
2122
2304
2292
2246
2085
1817
1283
621
-79
-591
-953
-1158
-1213
-1214
-1107
-827
-672
-752
-1019
-1270
-1346
-1460
-1485
-1670
-1860
-2114
-2157
-2485
-2915
-3525
-4010
-4105
-4241
-4085
-4120
-3370
-1990
470
2198
2568
2076
1289
1143
439
-16
-1071
-1180
-1063
-999
-1427
-2126
-1998
-1694
-947
-353
286
1041
1663
2094
2375
2544
2316
1700
1047
789
832
653
214
-250
-289
-85
-148
-584
-849
-552
132
669
881
1212
1849
2454
2605
2298
1742
1264
780
221
-347
-937
-1292
-1442
-1266
-859
-464
-140
214
702
1406
1966
2213
2375
2653
3120
2942
2246
1316
551
31
-525
-1001
-1434
-1204
-494
241
739
1095
1629
2043
2267
2245
2136
2071
1971
1864
1490
930
294
-182
-572
-802
-1018
-1182
-1117
-775
-497
-547
-795
-1028
-1083
-1208
-1381
-1787
-2073
-2218
-2214
-2580
-2984
-3492
-3886
-3819
-4064
-3918
-3592
-2362
-12
1839
2797
2087
1265
742
185
-272
-1475
-1900
-1810
-1430
-1386
-1951
-2005
-1697
-997
-552
-165
269
921
1528
1915
2224
2001
1620
1025
527
524
391
37
-449
-614
-218
82
-120
-545
-503
7
582
856
1011
1666
2325
2736
2579
1916
1327
784
298
-274
-846
-1201
-1341
-1161
-808
-390
-78
193
531
1151
1854
2091
2220
2245
2570
2592
1985
1181
319
-171
-705
-1073
-1419
-1430
-813
-150
439
752
1218
1702
2049
2221
2225
2068
1839
1599
1257
853
382
-57
-339
-469
-545
-636
-804
-758
-617
-528
-622
-832
-843
-755
-726
-983
-1474
-1932
-2155
-2545
-3049
-3496
-3933
-3837
-3787
-3384
-2724
-1189
1135
2433
2775
1768
1016
429
-81
-656
-1710
-1959
-2038
-1861
-2140
-2447
-2390
-1999
-1270
-713
-71
363
738
1084
1387
1592
1259
775
325
295
566
405
-28
-473
-455
-160
-134
-400
-665
-429
157
690
1047
1380
1976
2575
2917
2685
2041
1361
827
469
-17
-537
-951
-1038
-749
-344
-88
78
406
933
1594
2080
2184
2286
2329
2458
2279
1569
842
159
-348
-958
-1376
-1604
-1581
-1091
-514
110
618
1224
1729
2066
2279
2267
1991
1579
1236
903
654
320
53
-49
-54
-97
-269
-562
-603
-475
-477
-501
-600
-508
-428
-353
-564
-923
-1418
-1807
-2195
-2657
-3102
-3477
-3505
-3438
-2650
-1782
117
1941
2964
2771
1624
896
-83
-346
-1112
-1665
-1849
-1980
-1910
-2410
-2568
-2579
-2101
-1390
-740
-31
478
818
942
1047
876
390
-187
-641
-390
19
92
-170
-470
-399
-211
-307
-647
-840
-489
225
827
1197
1621
2206
2679
2829
2324
1587
930
414
128
-274
-622
-839
-834
-494
-82
180
330
612
1113
1779
2208
2244
2296
2346
2431
2070
1208
335
-391
-813
-1361
-1628
-1798
-1636
-1035
-491
91
461
996
1420
1775
2137
2211
1982
1537
1111
622
187
-193
-356
-215
-24
135
79
-71
-243
-343
-485
-666
-810
-707
-577
-411
-386
-621
-960
-1521
-1995
-2566
-2954
-3135
-3201
-2924
-2142
-597
1593
3185
3565
2537
1326
476
-203
-554
-1223
-1446
-1389
-1398
-1696
-2457
-2737
-2646
-2094
-1355
-572
219
847
1199
1266
1142
564
-271
-1047
-1265
-750
-253
-156
-346
-434
-192
-218
-667
-1198
-1255
-642
169
869
1455
2140
2683
2969
2724
2074
1278
547
189
25
-90
-326
-584
-535
-178
240
331
280
536
1295
2146
2554
2552
2511
2538
2298
1691
803
28
-492
-824
-1311
-1657
-1778
-1697
-1295
-925
-447
106
776
1391
1906
2194
2121
1700
1100
520
-55
-485
-723
-614
-246
61
117
-8
-191
-378
-595
-872
-1076
-994
-677
-459
-515
-685
-993
-1260
-1712
-2366
-2760
-2960
-2838
-2600
-1709
-264
1966
3676
3820
2874
1493
729
14
-314
-939
-1113
-853
-935
-1251
-2014
-2354
-2540
-2198
-1536
-712
290
943
1191
1348
1331
798
-183
-1197
-1517
-956
-376
-323
-584
-575
-289
-319
-828
-1429
-1479
-796
-29
539
1086
1810
2547
2834
2581
1921
1309
751
385
188
28
-106
-358
-449
-267
13
276
351
584
1246
1978
2480
2563
2497
2404
2220
1752
989
401
-28
-339
-724
-1137
-1444
-1612
-1562
-1481
-1116
-627
3
724
1403
2022
2243
1904
1228
536
-5
-438
-870
-1022
-653
-187
61
-89
-397
-548
-595
-775
-1122
-1306
-1063
-696
-582
-774
-1175
-1324
-1612
-1899
-2461
-2835
-2815
-2524
-1501
-210
2086
3800
4337
3276
1632
716
77
90
-498
-682
-505
-468
-789
-1819
-2388
-2547
-1979
-1405
-605
442
1235
1646
1449
1205
601
-255
-1180
-1641
-1052
-212
139
-215
-654
-707
-734
-1158
-1851
-2052
-1321
-184
665
1166
1523
1976
2227
2075
1572
1022
673
549
625
621
363
-181
-616
-679
-417
-76
147
527
1325
2223
2699
2668
2326
2134
1951
1560
1061
545
305
98
-193
-776
-1252
-1556
-1759
-1584
-1199
-576
-7
601
1155
1538
1695
1362
860
424
160
-110
-487
-865
-897
-646
-550
-658
-857
-783
-531
-445
-717
-1145
-1281
-1224
-1229
-1403
-1698
-1754
-1817
-1840
-2161
-2498
-2724
-2477
-1217
586
3041
4209
4071
2762
1566
951
529
440
-213
-159
-124
-289
-1141
-2005
-2382
-2211
-1368
-688
215
939
1373
1403
1229
926
260
-474
-1051
-855
-149
344
150
-506
-899
-1088
-1363
-1810
-2024
-1499
-444
432
923
1160
1347
1479
1446
1260
1160
1131
1122
1082
989
760
156
-603
-1035
-836
-245
282
646
1159
1859
2324
2339
2016
1837
1864
1868
1666
1422
1191
750
103
-592
-1220
-1550
-1528
-1403
-991
-335
68
231
309
508
782
975
985
865
766
556
145
-493
-1085
-1377
-1325
-1070
-964
-805
-616
-523
-556
-901
-1398
-1724
-1731
-1575
-1522
-1625
-1960
-2152
-2433
-2700
-2948
-2935
-1950
-341
2282
3882
4176
2964
1458
826
529
946
587
561
491
166
-574
-1870
-2627
-2872
-2018
-947
286
1227
1594
1439
1027
876
410
-141
-655
-542
419
1103
939
-108
-1058
-1412
-1537
-1746
-2017
-1708
-743
201
659
721
730
735
934
1245
1526
1683
1567
1341
1153
820
97
-788
-1264
-912
-13
681
937
1061
1442
1767
1700
1521
1480
1927
2284
2376
2225
1735
1102
215
-495
-1014
-1169
-998
-922
-752
-396
-230
-452
-509
-165
457
1158
1472
1440
1257
1008
399
-428
-1044
-1326
-1221
-994
-896
-902
-879
-945
-1127
-1189
-1321
-1369
-1302
-1157
-1222
-1420
-1819
-2601
-3005
-3163
-3034
-3011
-2433
-1315
682
3053
3887
3001
1185
296
294
1042
1529
1253
1200
717
-134
-1622
-2698
-3074
-2572
-1312
-49
1052
1480
940
26
-173
101
253
99
41
748
1630
1575
284
-1196
-1635
-1348
-970
-1001
-1162
-821
-322
-192
-336
-349
-20
612
1442
2233
2632
2351
1540
773
401
184
-316
-669
-359
490
1164
1105
548
334
701
1119
1514
1830
2389
2854
2708
2173
1628
1071
369
-242
-312
-107
45
-159
-714
-857
-749
-757
-963
-679
265
1264
1716
1394
921
630
490
158
-209
-382
-340
-337
-655
-1046
-1360
-1556
-1555
-1418
-1153
-899
-896
-1079
-1349
-1528
-1716
-2064
-2414
-2647
-2715
-2746
-2669
-2363
-1054
1134
3155
3461
2140
526
-105
671
1592
1831
1298
720
-7
-926
-2002
-2553
-2339
-1446
-240
656
1039
574
-441
-977
-523
411
974
802
651
1063
1325
626
-750
-1600
-1268
-343
163
-143
-742
-1125
-1258
-1257
-910
-287
526
1378
2146
2646
2432
1542
577
323
782
1028
568
47
118
623
753
173
-233
183
1205
2032
2202
2085
2021
1859
1505
1421
1473
1416
966
396
25
-211
-450
-1164
-1506
-1067
-447
-173
-391
-313
73
500
550
339
363
678
845
629
191
-175
-432
-821
-1193
-1343
-1330
-1421
-1574
-1566
-1447
-1349
-1378
-1449
-1601
-1551
-1785
-2290
-2695
-2718
-2474
-2365
-1802
-920
1109
2689
2846
1422
-30
70
967
2358
2456
1631
586
-705
-1653
-2399
-2059
-1539
-686
147
684
644
-216
-1535
-1921
-628
1011
1739
1038
251
184
349
-28
-919
-1084
-194
683
636
-202
-1382
-1984
-2011
-1621
-553
478
1106
1005
913
1213
1351
1083
813
1265
2165
2512
1406
-93
-699
-367
260
426
696
1370
2065
2205
1632
1193
1063
1169
1380
1859
2569
2558
1633
389
-311
-415
-241
-343
-689
-392
-125
-277
-748
-889
-303
354
742
755
460
283
137
31
219
328
328
53
-417
-853
-1426
-1962
-2145
-1795
-1327
-1182
-1394
-1678
-1887
-2069
-2241
-2410
-2383
-2085
-2027
-2094
-1803
-767
1095
2231
2248
1041
239
599
1614
2667
2395
1406
93
-1076
-1692
-1799
-1185
-744
-369
-187
25
-98
-703
-1490
-1278
292
1649
1661
236
-882
-903
-281
-19
-276
-109
425
571
-234
-1413
-2136
-2085
-1462
-662
348
842
388
-463
-667
253
1338
1817
1845
2025
2455
2049
586
-715
-691
419
1293
1328
1078
1138
1311
1273
1116
1330
1848
1986
1776
1672
1675
1528
992
488
686
1065
933
-49
-1016
-1159
-769
-347
-189
9
304
390
77
-324
-503
-274
186
642
849
576
-73
-738
-900
-763
-750
-1013
-1330
-1421
-1586
-1965
-2365
-2455
-2169
-1809
-1703
-1929
-2299
-2519
-2677
-2431
-1486
167
1919
2354
1430
70
-134
793
2362
3268
2757
1523
-186
-1450
-2022
-1383
-259
271
47
-491
-744
-791
-1128
-1493
-631
1177
2300
1439
-728
-1835
-1226
85
727
554
554
462
-232
-1411
-2178
-1938
-1210
-623
-157
281
197
-766
-1777
-1303
547
2097
2306
1574
1308
1585
1295
423
95
847
1743
1636
717
175
537
1217
1582
1801
2168
2150
1578
924
759
1207
1478
1234
1065
1232
1160
381
-678
-1094
-620
179
530
213
-196
-440
-582
-552
-272
-36
162
200
176
19
-408
-752
-787
-411
-190
-449
-1054
-1583
-1846
-1883
-1951
-2042
-2018
-2133
-2383
-2560
-2560
-2437
-2369
-2131
-1255
287
1778
1720
379
-782
-241
1611
3452
3836
2669
1137
-319
-942
-1003
-200
788
769
-45
-1130
-1577
-1401
-1052
-626
468
1599
1560
116
-1674
-1827
-484
945
1380
903
513
-52
-994
-1679
-1497
-651
-167
-568
-1039
-1114
-1078
-1355
-1510
-712
734
1451
954
202
290
1100
1612
1679
1728
1902
1662
789
153
560
1458
2044
2083
1875
1763
1373
895
771
1279
1886
1814
1197
627
654
725
607
425
490
537
226
-196
-406
-231
-89
-17
39
47
-137
-586
-788
-508
-121
-164
-578
-860
-894
-889
-1124
-1384
-1334
-1261
-1511
-2010
-2513
-2683
-2747
-2752
-2883
-2782
-2676
-2400
-1747
-399
1297
1457
467
-854
-592
1136
3014
3783
2615
1322
82
-94
201
889
1437
770
-232
-1060
-1132
-877
-769
-857
-131
921
932
-189
-1603
-1450
-32
1092
1086
99
-532
-651
-672
-541
-182
13
-224
-923
-1399
-1222
-1057
-1155
-1206
-643
123
-9
-720
-942
-42
1190
1614
1274
1204
1517
1496
1081
963
1682
2413
2303
1621
1228
1432
1662
1508
1439
1661
1711
1267
596
435
859
1189
1019
665
685
685
416
191
357
701
645
214
-208
-287
-310
-489
-640
-442
-152
-362
-954
-1391
-1309
-1151
-1294
-1483
-1464
-1336
-1323
-1533
-1944
-2133
-2390
-2773
-3034
-2889
-2647
-2434
-1844
-380
1006
1102
-13
-1076
-382
1482
3009
2906
1780
718
210
550
1154
2027
1912
703
-755
-1210
-303
657
508
-277
-284
132
-10
-934
-1510
-630
731
1101
175
-985
-1319
-1077
-676
-107
459
323
-830
-1958
-1758
-503
214
-228
-979
-974
-656
-970
-1436
-1174
-19
946
833
350
417
846
1082
1134
1647
2393
2437
1712
1186
1605
2336
2470
1990
1565
1470
1298
948
756
1059
1245
813
153
29
547
744
451
237
368
597
532
327
361
454
197
-432
-954
-923
-716
-682
-749
-754
-1016
-1572
-2191
-2271
-1897
-1508
-1510
-1805
-1961
-2084
-2305
-2663
-2683
-2532
-2151
-1926
-1201
-242
71
-327
-840
-219
1307
2661
2628
1418
400
73
836
1701
2550
2518
1185
-328
-890
54
1449
1869
848
-38
-309
-308
-494
-837
-295
540
810
140
-1013
-1384
-1091
-628
-199
63
-108
-860
-1690
-1627
-623
155
-1
-748
-1063
-691
-510
-604
-691
-500
-337
-642
-828
-289
591
1027
880
935
1466
1893
1814
1622
1873
2362
2496
1971
1554
1566
1808
1936
1749
1589
1084
263
-196
165
919
1144
518
-211
-272
37
336
497
712
983
645
-127
-621
-574
-282
-378
-804
-1053
-1222
-1580
-1934
-2057
-1868
-1823
-2100
-2451
-2460
-2182
-2192
-2448
-2653
-2387
-2070
-1820
-1123
-51
272
-396
-1277
-944
860
2546
2717
1384
314
188
1054
1856
2412
2292
1079
-103
-443
547
1831
2026
1002
245
317
466
48
-600
-362
296
471
-48
-745
-774
-567
-626
-748
-572
-589
-1040
-1513
-1188
-200
83
-716
-1609
-1435
-368
113
-161
-388
-279
-302
-828
-1047
-457
348
366
-121
-65
747
1436
1520
1588
2059
2510
2279
1595
1394
1950
2502
2324
1837
1619
1430
993
549
712
1213
1230
533
-192
-199
217
361
166
118
263
303
133
-5
35
46
-258
-670
-961
-1189
-1428
-1759
-1921
-1998
-2118
-2474
-2811
-2858
-2735
-2704
-2779
-2850
-2645
-2371
-1620
-360
153
-52
-889
-851
292
1659
2279
1369
552
266
939
1866
2456
2576
1472
127
-347
616
1986
2410
1341
201
273
912
1312
911
494
438
59
-370
-549
-205
198
-73
-635
-790
-759
-1065
-1515
-1362
-385
153
-555
-1599
-1775
-863
-137
-332
-743
-736
-495
-467
-497
-24
521
359
-352
-649
-66
672
841
729
992
1513
1791
1645
1562
1868
2160
2081
1745
1776
1908
1634
1133
820
911
924
639
329
276
370
247
-109
-325
-261
-106
-81
-196
-321
-484
-668
-662
-536
-565
-811
-1320
-1769
-1998
-2060
-2188
-2364
-2571
-2869
-3135
-3253
-3280
-3063
-2799
-2132
-959
-554
-789
-1277
-741
586
1816
2069
1182
700
390
1114
1890
2303
2511
1462
247
116
1199
2424
2519
1060
-198
10
932
1648
1443
997
829
375
109
214
559
710
44
-681
-727
-432
-470
-832
-898
-489
-477
-1176
-1666
-1237
-268
118
-449
-978
-929
-584
-407
-282
64
180
-156
-505
-88
745
1080
653
172
298
792
1207
1371
1430
1494
1388
1250
1405
2008
2347
1957
1412
1112
1188
1099
897
789
724
550
153
-82
-7
103
-10
-277
-475
-552
-692
-850
-855
-772
-819
-1124
-1408
-1472
-1512
-1673
-1921
-2166
-2285
-2426
-2736
-2937
-3021
-2962
-2934
-2651
-1640
-1057
-1060
-1562
-1332
-86
1005
1614
853
548
629
1395
2167
2183
2111
1272
511
547
1471
2345
2408
1201
144
416
1203
1667
1328
614
438
311
407
774
1078
989
244
-461
-434
-44
-6
-408
-716
-643
-657
-1061
-1287
-878
-476
-566
-1121
-1272
-754
-256
-198
-276
-163
-148
-434
-561
61
928
1013
392
-53
242
884
1183
1108
1053
1085
944
830
1009
1556
1880
1523
1024
1059
1443
1624
1341
961
818
638
384
193
213
202
-24
-274
-398
-482
-616
-885
-1023
-1042
-1060
-1279
-1518
-1604
-1649
-1764
-2078
-2157
-2282
-2363
-2562
-2764
-2722
-2665
-2608
-2044
-1494
-1358
-1533
-1554
-935
67
685
577
267
265
623
1626
1980
2048
1700
846
756
1467
2340
2393
1514
393
463
1296
1959
1784
918
392
311
440
718
915
845
331
-226
-208
292
552
206
-293
-454
-286
-364
-668
-550
-228
-311
-889
-1325
-1064
-425
-130
-322
-471
-447
-370
-334
-126
463
716
427
171
330
825
1180
1127
932
946
1064
1166
1121
1139
1356
1302
1038
951
1165
1301
1173
1003
1041
1163
1114
874
587
472
332
117
-76
-202
-377
-736
-1010
-1266
-1232
-1265
-1410
-1651
-1885
-1978
-2158
-2279
-2462
-2573
-2647
-2828
-2815
-2734
-2567
-1805
-1513
-1792
-2166
-1814
-736
221
366
-367
-659
-272
644
1685
1549
1153
542
138
736
1817
2419
2089
1040
296
863
1745
2054
1554
590
357
561
848
1177
1128
817
191
-210
-42
545
717
275
-173
-271
-19
0
-129
66
225
-32
-574
-837
-560
-153
-89
-464
-534
-371
-178
-145
-106
200
261
153
193
536
958
1101
889
684
818
1089
1392
1345
955
811
724
919
1147
1254
1078
640
445
542
856
961
782
519
253
303
465
533
306
-227
-633
-813
-820
-878
-1125
-1590
-1908
-2066
-2055
-2063
-2143
-2468
-2796
-2959
-2981
-2581
-2656
-2196
-1578
-1555
-1775
-1961
-1285
-424
147
-98
-682
-448
-102
983
1406
1121
787
83
109
988
1866
1944
1165
1
39
1144
1864
1816
1020
301
412
658
1073
1251
940
399
-134
-21
527
799
406
-103
-233
-11
147
-43
-108
49
-7
-285
-415
-150
203
259
-149
-380
-251
-67
114
147
263
330
111
109
475
868
1023
789
532
594
921
1237
1464
1286
1090
880
730
983
1303
1352
908
451
491
737
830
647
402
188
115
204
320
368
71
-334
-616
-602
-417
-597
-1086
-1559
-1793
-1826
-1968
-2091
-2464
-2769
-2987
-3037
-2804
-2633
-1923
-1620
-1766
-2018
-1727
-984
-304
205
-168
-140
-28
280
1201
1224
1153
680
143
414
1273
1746
1548
697
-18
428
1147
1481
1189
442
101
170
399
871
922
587
-56
-382
76
632
569
-63
-507
-454
-127
80
55
147
42
-386
-596
-417
82
188
-160
-486
-313
68
214
216
209
358
453
388
484
676
813
845
744
771
835
877
892
983
912
921
785
654
853
1023
1055
777
554
640
808
860
682
351
97
42
129
188
94
-245
-580
-809
-817
-699
-828
-1085
-1410
-1692
-1844
-1927
-2028
-2188
-2495
-2742
-2715
-2749
-2310
-1733
-1827
-2172
-2173
-1417
-583
-89
-330
-686
-191
108
1078
1422
1137
1011
539
619
1393
1911
1654
959
228
533
1282
1405
975
273
-26
224
331
532
596
443
67
-401
-238
252
371
-61
-525
-527
-236
-104
-126
-99
14
-194
-571
-627
-165
256
100
-322
-446
-61
225
339
288
315
415
384
550
898
1242
1322
1050
877
921
1242
1395
1264
1076
884
907
878
1029
1191
1132
893
568
623
799
821
684
371
193
193
234
181
-29
-352
-567
-634
-708
-701
-932
-1246
-1418
-1525
-1668
-1826
-2049
-2241
-2390
-2512
-2516
-2570
-2167
-1643
-1631
-1837
-1792
-1239
-658
-396
-577
-712
-226
115
979
1221
998
877
494
774
1444
1895
1832
1212
575
816
1364
1496
1094
469
192
422
535
589
478
161
-176
-480
-301
97
180
-208
-632
-698
-509
-289
-260
-335
-321
-551
-707
-477
-36
133
-125
-482
-484
-72
183
210
158
267
509
678
789
950
985
1076
1150
1171
1302
1371
1313
1315
1261
1255
1275
1100
1056
1150
1093
896
726
749
907
813
614
364
209
177
98
-84
-285
-508
-678
-705
-849
-885
-1109
-1393
-1610
-1632
-1713
-1860
-2076
-2244
-2396
-2517
-2552
-2432
-1813
-1508
-1640
-2017
-1843
-1068
-519
-182
-539
-574
-54
313
1029
1024
745
707
598
1038
1775
1969
1671
1046
637
1058
1599
1509
1041
557
469
666
642
603
378
96
-160
-301
-145
28
-61
-448
-683
-663
-612
-546
-549
-545
-572
-782
-906
-660
-312
-232
-408
-586
-411
-21
149
214
296
365
436
501
734
1107
1307
1233
1046
986
1195
1540
1531
1285
1133
1115
1138
1179
1301
1351
1115
711
714
1029
1180
900
399
58
-11
124
142
-92
-504
-838
-1024
-1098
-1066
-1109
-1393
-1786
-1981
-2041
-2034
-2161
-2421
-2547
-2567
-2484
-2255
-1751
-1716
-1766
-1825
-1493
-915
-528
-269
-535
-205
-64
457
879
680
827
775
872
1304
1684
1716
1602
1105
997
1318
1556
1415
985
698
674
715
693
706
500
272
-70
-193
19
173
19
-421
-661
-684
-592
-459
-500
-575
-656
-899
-948
-713
-534
-468
-635
-765
-482
-165
25
140
121
220
498
672
889
1114
1210
1291
1143
1089
1407
1628
1585
1529
1406
1329
1248
1251
1414
1459
1213
1032
984
991
1080
894
635
368
201
212
125
-135
-417
-659
-833
-936
-1043
-1250
-1558
-1845
-1970
-2064
-2204
-2362
-2461
-2426
-2427
-2391
-2074
-1949
-1941
-1765
-1475
-1155
-760
-582
-592
-192
-179
329
737
584
698
670
760
1177
1430
1464
1494
1152
1137
1363
1509
1345
1038
890
871
870
772
702
516
390
221
94
14
-34
-106
-257
-337
-481
-632
-612
-549
-480
-500
-777
-972
-879
-684
-538
-591
-802
-812
-631
-371
-86
-42
-11
171
408
685
833
818
863
909
1034
1258
1283
1247
1250
1260
1272
1254
1212
1327
1344
1283
1257
1158
1070
918
800
705
494
242
88
-83
-220
-308
-480
-623
-825
-1029
-1155
-1346
-1596
-1807
-1893
-2045
-2166
-2290
-2308
-2243
-2073
-2016
-2059
-1818
-1592
-1332
-1100
-1057
-875
-392
-270
88
327
272
513
599
780
1132
1234
1235
1370
1250
1268
1349
1366
1329
1092
957
920
902
877
786
617
479
405
377
304
251
107
-77
-117
-189
-258
-329
-480
-569
-578
-618
-717
-789
-811
-735
-748
-827
-774
-688
-532
-456
-419
-239
-9
132
180
229
381
521
587
680
867
922
963
965
966
1188
1213
1117
1114
1125
1227
1279
1133
1034
959
844
768
612
452
365
92
-102
-250
-363
-372
-556
-778
-1004
-1220
-1411
-1532
-1653
-1731
-1953
-2172
-2191
-2049
-1842
-1765
-1689
-1683
-1589
-1443
-1154
-934
-627
-415
-397
-130
44
236
540
636
742
1047
1091
1338
1473
1381
1422
1390
1453
1377
1204
1144
1123
981
892
771
689
695
523
425
347
264
166
60
-64
-199
-230
-219
-228
-318
-449
-580
-636
-603
-582
-600
-697
-773
-772
-688
-609
-536
-463
-422
-314
-202
-43
103
248
343
463
628
747
860
894
955
971
982
1043
1188
1269
1218
1158
1047
1099
1092
973
786
614
472
330
165
-63
-186
-255
-373
-515
-686
-876
-1062
-1242
-1390
-1542
-1698
-1860
-1924
-2042
-1973
-1921
-1899
-1764
-1732
-1680
-1469
-1261
-1026
-553
-473
-293
-68
-54
228
496
633
958
1154
1088
1308
1408
1511
1605
1499
1456
1459
1388
1311
1199
1022
977
840
776
697
641
590
476
363
174
113
73
-28
-77
-199
-332
-359
-420
-457
-534
-712
-762
-747
-775
-732
-779
-813
-723
-689
-602
-517
-526
-465
-344
-247
-75
41
134
287
349
408
529
616
714
902
874
849
956
998
1115
1178
1059
943
891
794
711
548
330
83
-169
-249
-338
-484
-669
-911
-1112
-1256
-1386
-1572
-1719
-1840
-1933
-2026
-2011
-1975
-1890
-1757
-1861
-1830
-1700
-1522
-1171
-797
-673
-477
-306
-245
102
399
571
895
1092
1209
1492
1571
1665
1760
1777
1803
1753
1750
1728
1634
1468
1359
1206
1116
1032
895
866
785
686
527
426
352
281
205
69
-50
-121
-172
-269
-395
-539
-556
-571
-668
-743
-814
-817
-747
-724
-738
-718
-680
-617
-572
-522
-435
-295
-113
18
81
168
271
384
513
631
736
806
884
938
1000
1038
949
894
902
868
756
607
402
214
113
-16
-198
-325
-561
-754
-935
-1157
-1272
-1459
-1621
-1750
-1878
-2040
-1991
-1962
-1944
-1841
-1914
-1972
-1786
-1596
-1338
-917
-897
-735
-525
-453
-155
100
235
550
798
897
1196
1276
1423
1557
1542
1588
1625
1652
1745
1727
1614
1586
1433
1377
1288
1186
1151
1037
908
761
683
647
549
445
371
280
182
52
-84
-82
-124
-204
-364
-505
-545
-550
-585
-642
-653
-700
-706
-709
-673
-610
-586
-610
-559
-440
-310
-209
-169
-111
-34
62
168
297
457
550
631
688
718
714
774
810
789
734
606
469
390
350
180
-5
-211
-377
-519
-700
-887
-1084
-1234
-1354
-1567
-1727
-1779
-1751
-1770
-1746
-1739
-1780
-1702
-1605
-1475
-1192
-952
-896
-695
-645
-538
-286
-132
134
411
505
610
822
945
1127
1225
1245
1290
1276
1353
1407
1417
1428
1388
1301
1247
1209
1206
1153
1079
1000
865
830
802
766
744
660
505
382
280
252
167
60
-31
-149
-184
-283
-363
-348
-384
-446
-464
-468
-478
-467
-473
-486
-441
-408
-366
-309
-241
-200
-141
-104
-31
89
128
251
346
420
494
488
527
540
506
485
469
412
315
244
132
81
-3
-160
-339
-567
-695
-844
-974
-1135
-1333
-1500
-1622
-1742
-1683
-1646
-1688
-1657
-1711
-1650
-1495
-1409
-1212
-935
-883
-748
-662
-649
-371
-153
-13
245
331
438
640
677
863
1022
1044
1083
1100
1145
1258
1227
1181
1216
1150
1154
1114
1068
1052
977
894
785
724
727
710
699
638
559
527
493
455
367
298
246
197
194
153
112
88
33
-10
-29
-90
-140
-121
-108
-132
-143
-168
-176
-142
-95
-21
15
63
115
196
269
301
364
352
371
407
393
408
362
302
212
111
68
3
-77
-159
-263
-377
-537
-700
-858
-1020
-1179
-1287
-1406
-1518
-1593
-1739
-1727
-1688
-1647
-1635
-1699
-1646
-1532
-1398
-1179
-997
-915
-777
-754
-642
-401
-192
22
142
181
315
498
571
695
763
822
891
922
961
988
1015
991
963
909
919
926
896
869
808
755
675
643
609
566
528
445
349
311
297
283
254
158
110
114
96
101
130
96
97
104
47
29
58
69
132
148
108
132
162
171
235
264
318
408
425
488
533
543
546
583
593
584
567
520
433
377
339
223
148
18
-64
-119
-245
-402
-580
-785
-939
-1025
-1169
-1280
-1439
-1578
-1661
-1713
-1675
-1646
-1613
-1588
-1598
-1570
-1410
-1222
-1019
-853
-793
-720
-627
-479
-269
-97
45
166
245
393
551
656
730
751
764
834
901
960
994
936
921
868
832
842
795
757
722
664
594
520
506
477
415
364
275
261
252
226
180
92
90
92
73
56
20
-16
-11
-17
-14
79
111
124
162
157
207
308
332
394
445
471
538
577
612
651
680
694
708
717
727
741
689
631
585
476
446
350
217
128
13
-53
-158
-344
-498
-697
-854
-957
-1099
-1191
-1307
-1459
-1586
-1633
-1639
-1561
-1516
-1560
-1581
-1557
-1488
-1302
-1115
-1006
-912
-861
-759
-618
-447
-290
-164
-58
47
190
322
436
492
528
585
653
656
686
697
688
731
712
668
613
579
549
512
462
452
416
372
353
288
257
200
155
120
86
68
45
31
14
-17
-52
-111
-182
-193
-164
-126
-54
-41
-9
-3
13
103
146
227
278
346
460
537
598
659
675
699
752
783
823
877
896
874
828
773
725
624
551
454
340
290
189
69
-84
-278
-466
-590
-702
-767
-865
-1021
-1141
-1280
-1301
-1289
-1261
-1244
-1253
-1322
-1249
-1175
-1085
-909
-888
-739
-642
-597
-467
-339
-253
-90
26
101
221
252
349
409
461
532
577
584
619
608
599
636
584
589
528
517
479
418
355
296
265
228
224
157
95
42
-4
-53
-57
-67
-74
-70
-104
-157
-217
-278
-312
-274
-251
-229
-227
-232
-203
-167
-106
-50
15
47
114
161
241
366
437
500
554
609
666
737
792
867
923
923
901
853
803
790
720
654
604
519
420
267
90
-95
-214
-304
-376
-482
-621
-738
-850
-919
-881
-884
-887
-862
-927
-922
-909
-877
-762
-642
-603
-523
-501
-446
-309
-265
-151
-34
58
179
246
279
352
371
416
471
456
500
509
472
444
398
363
352
325
281
228
166
103
61
52
2
-17
-52
-125
-158
-199
-232
-250
-275
-343
-362
-398
-426
-418
-441
-430
-451
-450
-447
-426
-390
-356
-301
-242
-174
-93
-54
-33
15
88
192
300
397
485
552
620
687
757
823
894
936
926
915
869
826
795
772
738
642
504
371
217
99
28
-89
-176
-271
-394
-522
-647
-733
-760
-735
-731
-710
-763
-780
-748
-715
-613
-554
-486
-383
-321
-279
-191
-134
-62
6
59
149
223
273
315
348
355
385
377
410
425
422
400
386
394
350
317
263
211
152
118
12
-62
-94
-137
-141
-206
-287
-338
-401
-437
-425
-465
-495
-528
-571
-556
-516
-540
-561
-544
-556
-519
-496
-452
-393
-343
-288
-252
-206
-165
-103
-63
-1
76
148
261
354
425
531
609
664
720
724
759
766
755
776
770
761
748
672
580
489
353
255
194
114
62
-44
-205
-299
-419
-489
-513
-573
-557
-548
-547
-531
-545
-537
-506
-463
-375
-272
-204
-124
-65
-21
83
151
201
270
328
401
452
471
482
480
496
513
495
478
453
432
400
369
360
334
291
243
179
111
50
-10
-36
-80
-128
-177
-250
-323
-387
-433
-463
-494
-549
-602
-651
-676
-696
-683
-689
-723
-699
-707
-665
-602
-577
-498
-438
-390
-305
-274
-206
-105
-41
47
123
190
294
365
437
517
549
606
645
639
639
623
622
641
600
555
485
372
323
276
211
166
105
7
-62
-142
-259
-292
-351
-410
-384
-400
-429
-381
-413
-409
-355
-378
-305
-215
-163
-48
6
25
89
140
217
291
364
431
488
557
561
611
626
599
606
565
558
540
525
497
454
395
325
272
236
191
125
46
-46
-82
-87
-151
-216
-278
-368
-417
-441
-512
-534
-573
-638
-653
-703
-716
-712
-737
-749
-744
-745
-721
-673
-630
-575
-526
-492
-419
-337
-275
-186
-122
-54
23
107
199
304
365
402
447
451
471
516
542
560
549
496
471
390
336
326
253
203
165
79
35
-13
-99
-125
-191
-233
-255
-304
-309
-314
-300
-308
-303
-305
-266
-210
-150
-85
-38
30
92
155
197
263
298
359
421
478
534
559
601
607
629
652
653
628
615
565
539
525
490
454
372
310
246
178
130
80
8
-41
-101
-179
-252
-326
-375
-415
-466
-515
-547
-574
-604
-644
-671
-685
-696
-700
-696
-674
-696
-692
-652
-616
-560
-509
-476
-418
-344
-261
-184
-100
-26
39
130
191
271
315
355
396
411
436
469
470
460
446
388
370
340
285
255
205
161
111
43
-2
-39
-95
-125
-178
-215
-217
-271
-255
-262
-281
-232
-244
-227
-156
-125
-88
-1
25
84
175
206
278
325
343
400
447
490
541
565
600
639
644
635
637
641
621
649
621
578
551
452
408
346
298
250
179
99
23
-35
-121
-174
-229
-297
-350
-426
-477
-506
-548
-568
-590
-615
-618
-654
-687
-672
-676
-652
-620
-620
-583
-563
-547
-502
-476
-410
-350
-313
-231
-169
-126
-60
-23
26
88
125
159
203
243
277
295
311
305
282
288
268
260
257
217
167
117
78
38
23
10
-16
-21
-72
-110
-123
-162
-146
-141
-174
-173
-176
-164
-136
-125
-103
-68
-56
-3
23
77
140
154
209
237
261
313
327
347
390
402
445
471
461
461
456
440
432
424
410
420
379
342
301
246
220
167
118
69
16
-41
-97
-125
-195
-263
-303
-358
-386
-406
-432
-462
-484
-509
-524
-527
-523
-496
-497
-491
-465
-456
-436
-389
-359
-326
-284
-231
-190
-138
-93
-61
-6
16
68
96
121
164
167
186
199
198
197
204
194
177
167
161
141
135
120
87
68
43
18
8
14
-6
-7
-42
-72
-63
-95
-98
-85
-90
-74
-56
-58
-28
-5
2
23
50
74
92
135
135
157
191
202
239
247
252
292
299
300
330
315
322
303
288
300
282
277
270
226
185
176
112
74
54
13
-8
-43
-82
-110
-125
-151
-164
-191
-217
-248
-258
-269
-278
-292
-322
-318
-341
-332
-335
-341
-323
-310
-281
-251
-237
-223
-191
-165
-126
-90
-54
-22
12
32
68
103
85
106
117
136
172
179
177
182
174
154
154
136
121
126
112
93
80
46
23
8
-13
-22
-27
-42
-46
-65
-86
-69
-77
-88
-77
-86
-67
-45
-56
-36
-19
-33
-13
5
1
51
56
54
106
109
119
145
153
169
183
186
189
181
172
165
155
141
117
107
71
61
63
25
11
-19
-64
-74
-91
-114
-115
-136
-138
-139
-185
-187
-202
-211
-198
-212
-217
-199
-203
-210
-197
-196
-174
-161
-136
-120
-96
-77
-64
-29
-17
5
32
46
62
91
100
129
141
129
165
151
175
196
179
196
167
165
180
147
132
128
103
100
90
61
47
25
12
16
0
-12
-7
-29
-47
-45
-47
-46
-46
-54
-72
-67
-76
-71
-51
-52
-44
-40
-29
-32
-10
12
23
47
49
57
70
79
108
101
92
94
74
75
67
45
29
29
10
-20
-21
-44
-54
-69
-97
-104
-121
-137
-146
-169
-168
-161
-172
-169
-166
-160
-158
-154
-154
-150
-137
-118
-114
-98
-84
-74
-39
-34
-17
-4
17
39
53
89
101
108
115
133
153
170
188
184
186
199
191
194
191
178
171
156
154
149
140
112
95
89
83
82
67
71
71
51
45
30
10
10
4
-5
-6
-16
-26
-33
-34
-30
-29
-34
-27
-34
-27
-15
-10
-7
-1
1
8
16
5
20
36
27
26
20
15
20
15
-10
-15
-33
-52
-52
-66
-66
-80
-104
-125
-146
-170
-179
-193
-212
-213
-233
-236
-239
-236
-228
-217
-212
-203
-193
-192
-176
-165
-146
-129
-101
-83
-57
-39
-12
12
28
51
75
101
119
143
153
178
182
197
209
214
221
218
224
221
227
213
201
194
186
182
169
151
130
113
95
81
63
50
33
30
20
10
-2
-19
-16
-19
-22
-27
-28
-33
-28
-21
-21
-17
-11
-15
-10
-13
-14
0
-8
-5
5
-1
18
20
20
38
39
45
49
44
35
29
20
9
-4
-11
-28
-45
-58
-75
-94
-111
-129
-146
-161
-169
-178
-196
-194
-203
-211
-209
-211
-203
-196
-195
-190
-176
-171
-158
-147
-129
-109
-94
-73
-58
-33
-9
12
36
55
67
92
98
115
138
146
171
182
189
206
204
200
209
211
218
221
213
200
183
170
155
133
117
109
96
74
58
42
29
17
-2
-4
-7
-14
-7
-23
-31
-34
-47
-43
-43
-47
-40
-37
-36
-30
-32
-27
-12
-1
1
12
16
31
38
39
52
53
61
72
75
72
70
69
71
72
55
55
49
26
17
3
-8
-12
-30
-51
-72
-88
-96
-107
-131
-143
-154
-168
-168
-187
-199
-196
-204
-194
-199
-198
-188
-180
-166
-158
-144
-121
-101
-91
-71
-50
-35
-14
7
19
40
60
81
94
108
121
132
148
155
164
161
171
175
173
175
160
155
143
118
104
88
80
67
51
39
25
5
-2
-15
-38
-36
-42
-44
-47
-61
-63
-66
-75
-80
-84
-86
-84
-75
-75
-73
-72
-68
-54
-41
-25
-12
3
14
28
37
51
62
69
74
75
80
86
82
83
84
78
79
66
55
46
39
29
13
5
-4
-4
-17
-24
-26
-38
-45
-54
-58
-67
-69
-73
-75
-81
-86
-90
-111
-110
-105
-108
-104
-105
-109
-94
-87
-82
-71
-63
-53
-36
-29
-8
15
22
38
42
58
71
80
87
97
94
97
108
112
116
112
105
103
104
93
93
88
77
74
66
69
62
47
42
26
22
18
6
-4
-9
-20
-29
-33
-53
-53
-64
-71
-67
-81
-84
-78
-80
-72
-69
-64
-49
-35
-21
-18
-16
-8
6
22
34
43
40
48
57
64
71
71
69
65
63
69
73
75
70
61
50
42
42
32
26
19
9
4
-3
-11
-21
-30
-37
-45
-54
-62
-63
-71
-84
-90
-103
-99
-100
-108
-111
-111
-104
-97
-92
-89
-84
-77
-66
-58
-48
-40
-31
-22
-10
-1
7
20
23
24
28
39
44
50
62
62
55
56
55
62
64
55
56
49
53
50
41
34
25
18
17
15
3
-6
-16
-21
-23
-32
-37
-44
-49
-46
-45
-49
-56
-55
-48
-46
-45
-46
-46
-40
-35
-26
-22
-20
-17
-12
-9
3
13
9
15
13
17
28
32
37
41
33
39
47
51
49
40
39
41
49
48
40
38
31
21
16
15
9
2
-6
-13
-20
-24
-25
-37
-38
-43
-53
-54
-62
-57
-63
-71
-70
-69
-66
-70
-72
-71
-63
-54
-54
-48
-40
-41
-33
-35
-31
-17
-12
-4
5
14
23
25
28
33
38
39
35
36
43
41
41
42
34
36
32
32
34
28
18
15
10
8
7
-3
-6
-7
-7
-11
-13
-12
-16
-23
-22
-21
-21
-24
-28
-29
-28
-26
-24
-17
-17
-15
-12
-13
-6
-6
-1
12
18
22
26
28
33
43
47
53
52
51
58
60
61
65
58
53
49
52
50
46
40
35
37
35
34
29
20
15
8
1
-2
-6
-5
-13
-22
-23
-28
-29
-29
-35
-38
-39
-38
-34
-30
-28
-29
-26
-25
-18
-15
-9
-8
-5
-2
4
16
19
24
23
29
35
37
41
44
47
48
50
47
48
50
46
41
38
38
34
38
37
34
34
28
29
22
18
18
14
13
9
3
5
1
-2
-3
-9
-12
-14
-18
-22
-22
-22
-18
-19
-23
-23
-24
-19
-14
-15
-16
-17
-18
-15
-8
-4
-6
-8
-9
-6
-2
0
4
2
1
1
0
3
2
1
-3
-5
-5
-7
-5
-8
-13
-15
-18
-17
-19
-17
-18
-19
-23
-23
-21
-21
-23
-27
-26
-24
-19
-13
-16
-17
-14
-11
-10
-11
-12
-10
-6
-2
-1
-3
-5
-3
0
4
5
4
6
8
10
12
9
8
9
10
12
13
14
13
13
14
11
12
11
12
15
12
10
10
10
13
13
14
10
13
16
16
14
12
11
10
11
8
7
3
0
-1
-1
-2
-2
-5
-7
-10
-14
-13
-12
-14
-19
-18
-19
-19
-21
-21
-21
-23
-24
-25
-26
-26
-24
-25
-25
-22
-20
-19
-19
-19
-18
-17
-18
-16
-13
-12
-10
-8
-6
-1
3
3
4
6
9
10
12
12
12
13
11
9
11
10
8
5
3
3
1
-1
-3
-6
-9
-11
-12
-15
-15
-17
-18
-19
-18
-16
-16
-13
-14
-11
-10
-5
-3
-1
1
0
4
7
11
13
14
17
19
21
25
26
27
27
25
26
28
29
28
28
26
26
25
26
23
19
14
11
9
7
2
-6
-11
-15
-18
-21
-23
-30
-33
-37
-39
-39
-42
-46
-48
-50
-49
-48
-46
-45
-43
-40
-37
-35
-32
-28
-25
-20
-18
-15
-12
-9
-5
-3
0
5
7
12
14
17
20
21
20
21
21
20
19
17
15
16
15
14
12
10
8
3
2
0
-2
-4
-8
-11
-16
-17
-18
-19
-19
-20
-18
-18
-17
-15
-12
-7
-6
-4
0
4
8
11
14
20
25
30
36
38
42
46
48
49
52
53
53
53
52
52
50
48
46
44
43
41
37
34
29
23
16
12
7
1
-3
-10
-14
-20
-23
-28
-31
-37
-41
-44
-47
-49
-50
-51
-54
-54
-53
-52
-50
-48
-44
-41
-37
-32
-28
-23
-19
-15
-11
-9
-5
0
4
7
10
12
15
17
18
19
18
19
19
16
13
13
10
9
7
4
1
0
-2
-4
-6
-9
-9
-12
-13
-14
-17
-18
-19
-19
-20
-19
-18
-16
-14
-13
-9
-8
-5
-2
0
4
7
10
13
17
19
23
25
27
30
34
37
40
40
42
42
44
44
41
41
40
40
40
38
36
33
31
29
26
22
18
13
10
5
2
-1
-4
-8
-10
-12
-14
-16
-18
-20
-20
-22
-23
-24
-26
-27
-28
-27
-26
-26
-26
-25
-23
-22
-21
-19
-16
-14
-12
-10
-7
-6
-4
-3
-1
-1
1
2
3
5
2
2
1
0
0
-1
-1
-2
-3
-2
-2
-2
-3
-4
-5
-4
-5
-6
-7
-9
-8
-9
-8
-8
-9
-9
-8
-7
-7
-7
-5
-5
-2
2
3
2
2
3
5
7
7
8
8
11
13
14
15
16
14
14
15
16
17
16
16
15
15
15
13
11
8
7
6
6
4
1
-2
-3
-6
-6
-7
-8
-10
-9
-8
-8
-8
-8
-10
-9
-10
-9
-9
-10
-9
-9
-8
-8
-7
-6
-5
-5
-3
-3
-2
0
2
3
3
3
3
3
5
6
6
6
6
6
7
8
7
6
5
4
4
3
2
1
0
-2
-2
-2
-4
-5
-7
-8
-9
-9
-9
-11
-12
-14
