-5
-5
-6
-5
-5
-4
-3
-4
-5
-4
-4
-4
-3
-3
-2
-2
-3
-2
-4
-3
-3
-3
-2
-1
0
0
-1
-1
0
0
0
2
1
2
2
2
2
3
2
2
2
0
2
2
2
2
0
-2
-1
-2
0
-1
0
0
0
1
1
1
1
1
-1
0
-1
-1
-1
0
1
0
0
-1
0
0
0
0
-1
-1
0
-1
0
-1
0
0
1
1
0
1
0
0
0
-1
-2
0
-2
-1
0
-1
-1
-1
-2
-2
-3
-1
-2
-2
-2
-2
-2
-2
-1
-2
0
-2
-1
-1
0
1
2
2
2
1
2
2
2
2
2
2
3
3
3
3
4
4
4
3
4
3
4
4
5
4
4
5
4
5
5
5
4
3
3
3
3
2
2
3
4
2
2
2
2
2
2
1
1
1
0
-1
-1
0
-1
-1
-1
-1
-1
-2
-3
-2
-2
-2
-2
-3
-2
-2
-2
-3
-4
-5
-4
-3
-3
-3
-4
-4
-3
-4
-4
-3
-2
-2
-2
-2
-2
-2
-3
-3
-3
-4
-4
-4
-3
-4
-3
-3
-4
-3
-4
-3
-2
-1
-1
-1
-1
-2
-3
-2
-3
-2
-3
-3
-3
-3
-2
-1
-1
-1
-1
-2
0
0
0
1
2
3
3
2
2
2
2
3
3
3
4
4
4
5
4
4
4
4
4
3
4
5
4
4
2
3
3
4
5
5
5
5
4
4
4
4
4
4
4
3
4
4
4
4
5
4
3
2
1
2
1
2
2
2
1
0
-1
1
1
0
1
0
0
-2
-1
-2
-2
-1
-1
-1
-1
-2
-1
-1
-1
-1
-2
0
-1
-1
0
0
0
0
0
-1
-2
-1
-1
-1
-1
-2
-1
-2
-1
-3
-2
-3
-4
-3
-4
-4
-4
-2
-4
-4
-4
-4
-3
-4
-3
-2
-2
-2
-1
-1
-1
-1
0
0
-1
0
-1
0
0
0
0
0
1
0
1
1
0
0
0
-1
-1
-1
0
-2
0
1
0
0
0
0
0
2
1
1
1
1
0
0
0
0
0
0
1
1
0
-1
0
0
0
0
1
1
0
0
0
1
-1
0
0
0
0
1
2
1
0
0
0
2
2
4
4
3
3
2
4
4
4
4
5
3
4
3
4
4
5
4
3
2
2
1
1
1
0
1
2
1
4
4
3
4
3
4
3
1
2
3
2
1
1
2
1
2
1
1
1
1
-1
-1
-2
-2
-2
-3
-1
0
-1
-2
-4
-3
0
-3
-2
-1
-1
-2
-2
-1
-2
1
2
2
3
1
0
0
-2
-2
0
1
0
0
2
-2
-4
-2
1
-2
-3
-1
-2
-6
-5
-1
-4
-3
-2
0
2
-2
0
1
0
4
0
4
3
-2
3
1
1
1
2
3
-1
4
0
1
3
-4
1
-2
-1
-3
-4
0
0
-2
0
1
6
0
0
4
1
2
3
2
3
4
-2
4
5
6
7
4
8
8
-2
-2
1
2
-4
-2
4
3
-2
-5
-2
4
0
1
5
7
-2
-5
1
-3
-3
4
10
5
1
8
4
-4
2
6
13
5
5
10
-3
-8
-6
0
8
5
5
9
-9
-16
-4
1
-11
-3
15
-1
-21
-13
-3
-3
-13
0
26
1
-8
-3
-7
-4
-11
4
19
1
-1
-4
-2
-7
-10
12
11
1
3
-5
-11
-12
-7
-8
3
3
-3
-4
-11
-9
-4
-10
4
0
1
-1
-12
-6
-5
3
2
-2
10
5
-3
6
-1
8
-4
-4
7
-4
-4
9
2
-4
-9
-4
7
-14
-10
9
10
-12
-9
-6
1
-14
-15
13
12
-3
9
-10
-15
6
-7
5
20
21
0
-16
-8
-7
-17
6
18
20
2
-3
-9
-21
-16
-4
11
32
-9
-11
2
-28
-33
10
21
26
-1
10
-1
-44
-15
10
7
10
26
4
-12
-32
-15
-9
18
8
35
35
-4
-26
-4
8
-14
6
50
21
-41
-3
2
-21
-31
31
39
7
-19
7
8
-15
-21
26
36
8
-5
3
9
-44
-21
42
9
5
39
15
-24
-43
21
7
-12
40
30
0
-13
-27
-13
-29
-3
4
17
27
-9
10
-20
-13
13
0
31
3
-6
13
-21
-28
27
15
-10
40
44
-3
31
14
-16
-5
-24
3
-3
-2
2
-26
-53
-6
-1
1
31
30
2
-44
-29
-17
-53
-34
47
-38
-28
28
-2
7
-6
52
25
-13
-7
10
-15
-40
-37
6
-23
-39
-27
-14
-1
-75
2
25
1
-44
38
19
-55
-14
26
-4
-2
46
45
6
-4
49
-20
-17
24
20
9
2
-11
4
-28
-4
31
-16
30
13
-30
47
0
19
59
16
0
12
17
-23
16
-11
39
15
-46
52
-3
-62
1
24
25
-37
4
54
-96
-18
-8
-25
39
-39
4
25
-3
10
-2
35
-14
-3
14
17
21
14
63
-3
-32
37
46
-8
5
48
28
-72
-20
-10
-59
-33
-10
48
-49
39
59
-21
40
15
-31
58
-8
-55
61
-47
18
-12
0
4
65
-41
2
36
-83
14
-11
-73
-3
-29
-109
27
-107
-53
31
13
4
50
62
-22
-37
-62
14
19
-29
75
56
-80
21
1
-31
17
37
41
14
-87
22
-8
-59
-44
46
-8
-71
43
43
1
17
4
83
43
-86
131
64
-77
49
-3
-45
-34
-8
42
8
-13
81
-39
-39
10
70
-4
18
48
74
-81
-63
20
-32
-22
-24
80
57
-70
-1
99
-53
-36
52
140
-82
-71
130
-17
-109
60
60
28
-70
1
125
-130
-53
95
-12
-36
-29
60
63
-139
61
33
-15
43
19
92
39
12
-14
30
-23
-26
16
13
-52
2
-44
-66
-48
78
-86
-40
90
-84
-91
-44
99
-90
-84
66
21
-118
-45
-16
29
-71
24
1
3
-35
-24
-38
11
24
-52
77
-1
-60
75
-52
-66
-1
26
-51
-117
112
-22
-176
68
83
-51
-13
105
61
-100
-18
125
-27
-95
86
47
-119
66
41
11
-5
-70
101
-95
-66
45
7
-82
-66
79
-25
-107
64
-46
-27
42
-86
118
-163
23
38
-120
58
38
-39
26
-47
63
30
-90
132
44
-15
34
92
-12
-13
-85
131
30
-49
119
126
-174
-68
24
2
-74
97
41
162
-110
-175
260
-189
-158
279
-75
-32
74
-152
60
-132
-96
138
-130
10
133
-150
6
11
31
-80
8
131
107
-141
125
94
-99
-15
53
136
19
37
23
249
-168
-10
148
-70
-111
133
19
6
-127
10
2
-176
57
-41
40
12
-185
103
-34
-123
-30
20
-74
96
11
-42
44
13
-43
4
71
14
66
-100
60
-4
56
-31
-59
140
-73
-95
214
15
-75
75
-11
-65
12
-29
145
-53
-112
45
96
-152
-104
176
-110
-69
117
-54
-63
179
-168
-55
143
-101
9
66
1
-53
97
-74
29
145
-66
57
102
-90
146
-68
-65
224
-73
-1
150
93
0
24
101
0
19
37
22
70
-37
-4
73
-139
44
2
-93
56
8
20
125
-100
-22
158
-201
-56
101
-19
1
4
3
-20
41
-110
50
69
-137
43
116
-274
-24
25
-109
5
-34
-37
63
-189
-98
158
-138
-101
175
-70
-165
-13
1
-122
-80
101
37
-31
-26
2
147
-235
47
120
-143
19
122
-101
75
-82
-81
181
-37
-121
311
-41
-183
279
-166
31
103
-80
171
-28
-80
257
-45
-30
103
44
-112
104
0
42
-8
32
61
13
-112
97
138
-206
177
99
-98
56
-128
-58
279
-270
130
72
-109
96
-252
143
180
-224
55
182
-300
48
46
-74
54
-109
74
-18
-196
206
-59
-75
200
-71
-43
-19
-89
90
-143
-7
110
-41
-200
150
-82
-125
244
-298
205
58
-352
302
-127
-15
122
-208
195
55
-194
211
-45
72
72
-155
109
-45
-125
89
-10
-24
256
-209
-23
207
-166
-25
239
32
-60
62
-34
64
-153
-143
326
-109
-114
166
1
-154
136
-173
213
-45
-40
24
-69
-91
-78
-42
-23
4
-115
128
-77
-88
70
-4
-162
94
-26
-186
-18
59
-287
-18
-17
-140
81
-76
-61
81
-151
-67
145
-191
64
14
-132
3
-51
-201
132
-36
-104
62
51
-75
-38
62
-94
5
106
-176
73
-36
46
-130
83
148
-219
283
12
-131
195
-91
7
142
-230
92
-13
-61
21
-25
238
-81
9
75
94
-134
131
44
-92
-45
1
51
-125
146
-59
94
-1
-45
99
63
-54
230
-88
19
77
-355
268
-196
72
170
-95
183
-228
205
97
-164
145
120
-277
267
-336
144
106
-351
183
187
-306
160
247
-183
194
-98
85
-51
-4
-99
28
-68
116
-185
114
-7
-16
137
12
-3
126
93
-306
343
-229
-46
216
-161
33
179
-134
17
69
-95
183
-58
133
-16
-46
-50
-51
72
-163
190
157
-133
87
125
-165
-28
85
36
-51
8
84
-184
20
-39
-41
39
-65
104
43
105
-292
264
-74
-170
-41
169
-257
5
55
-104
-2
-159
174
-158
63
11
130
-73
-68
-156
325
-422
72
439
-557
435
-102
-236
437
-192
12
277
-168
199
-146
245
-22
-176
520
-295
1
511
-377
354
16
-137
545
-435
99
436
-288
58
180
86
-117
134
178
-127
341
-137
143
261
-377
422
-9
-296
408
-68
-74
135
107
-61
105
50
-49
225
-153
185
151
-279
258
84
-288
357
1
-139
211
-99
-3
123
18
-77
200
-112
85
-15
81
-33
-80
147
-137
81
-18
82
-64
-45
-83
188
-196
-22
150
-24
-213
97
58
-249
155
-146
156
-62
-131
303
-265
-69
200
-392
163
91
-401
347
-206
-220
186
-250
89
-125
80
64
-243
201
-268
-86
137
-431
300
-45
-395
539
-574
36
398
-495
308
57
-238
187
-133
-109
125
-73
-259
209
-58
-305
341
-60
-183
237
-198
45
-112
40
39
-175
65
59
-292
22
47
-95
38
-15
55
-41
-15
-256
302
-140
-100
247
-158
-60
3
-21
15
1
-101
324
-163
-110
276
-126
-99
278
-218
232
-187
67
167
-322
294
-24
-75
213
-32
12
-2
46
27
-61
230
-272
292
-125
25
141
-75
76
-15
54
61
-157
433
-229
-137
467
-613
395
-110
-213
600
-416
-88
780
-737
280
147
-198
296
-220
72
374
-386
-9
159
59
-283
138
170
-21
-202
317
-173
41
-91
43
301
-635
587
-289
-186
369
-222
-176
476
-581
354
-34
-420
492
-239
-132
197
25
-366
417
-425
143
14
-154
115
-28
76
-52
-111
45
101
-584
518
-235
-161
7
76
-131
-175
111
22
-266
214
-149
124
-275
172
-38
-342
131
225
-804
733
-356
-94
271
-259
175
-156
-142
435
-407
143
50
-31
55
-333
444
-357
45
217
-219
104
108
-424
578
-385
-166
627
-379
-280
694
-595
34
377
-477
209
160
-419
426
-128
-230
291
-102
-170
424
-322
81
155
-167
-41
260
-231
230
15
-138
190
19
-16
17
95
-153
281
-182
37
201
-152
-49
329
-271
168
207
-175
31
229
-334
192
122
-260
266
-146
87
212
-484
419
147
-511
495
6
-371
637
-761
347
252
-577
240
123
-329
155
98
-130
59
153
-262
187
-43
-164
362
-487
185
187
-450
201
90
-43
-23
-47
229
-246
-74
210
-298
370
-378
39
438
-590
7
487
-662
582
-416
347
39
-415
298
-121
-231
130
-18
-55
164
-306
344
-235
-284
580
-495
-23
603
-864
597
-92
-527
707
-543
-256
866
-840
208
172
54
-446
361
-54
-245
318
-446
271
143
-540
234
528
-1108
773
-218
-137
205
-179
98
202
-449
150
526
-995
835
-259
-212
243
-32
-201
188
-165
5
235
-461
405
-111
-24
-131
421
-485
259
-110
-80
220
-218
45
102
12
-86
-62
149
107
-260
210
126
-253
18
125
-171
178
-49
-162
508
-606
405
279
-690
589
158
-792
861
-360
-92
290
-228
3
435
-659
584
57
-494
450
188
-687
477
322
-791
568
41
-461
504
-265
-226
641
-587
370
169
-354
346
-74
-298
471
-270
116
65
-86
98
-37
68
51
-6
139
-102
95
-66
-41
238
-469
449
-301
-78
454
-450
230
298
-483
486
-285
59
397
-515
252
204
-486
354
-135
75
254
-301
355
-59
-317
460
-258
-38
137
82
-409
353
-220
37
-57
236
-286
236
34
-423
521
-261
-236
468
-448
65
363
-700
708
-461
2
362
-406
133
81
-154
-109
211
-180
-129
161
-152
-53
-29
173
-275
196
-23
-216
274
-187
-371
586
-707
96
493
-893
755
-180
-343
386
-202
-65
88
-77
108
-71
-116
102
-241
135
-264
289
-199
138
53
-85
-60
38
115
-289
433
-296
149
-83
-56
174
-58
-221
624
-623
231
302
-442
317
-93
9
67
-137
348
-265
191
-31
-40
136
-111
218
-234
253
-54
-149
250
-181
98
-19
-219
487
-482
315
112
-378
452
-594
321
77
-628
650
-287
-177
293
-320
40
237
-548
648
-227
-222
360
-163
-189
205
-43
-20
112
-198
185
-72
92
-418
667
-635
316
30
-163
433
-524
240
44
-222
197
50
-154
219
-214
403
-535
536
-325
168
99
-355
576
-266
-288
752
-591
174
314
-444
314
-194
-88
282
-322
290
-168
343
-379
62
459
-557
235
319
-546
377
24
-464
776
-795
636
-270
63
-91
208
-272
267
-134
63
-221
322
-279
-164
557
-550
74
354
-623
575
-150
-464
873
-958
374
194
-395
242
45
-72
5
-54
366
-675
771
-194
-426
822
-710
246
390
-704
645
114
-454
564
-157
-72
265
21
-130
20
526
-694
468
84
-419
527
-279
-190
698
-596
185
357
-646
550
-257
-90
230
-181
52
-252
288
-56
-713
899
-636
5
317
-377
-22
223
-427
138
5
-80
88
-165
242
-430
301
-319
63
179
-265
-145
532
-858
345
174
-616
453
-143
-60
102
-378
322
-64
-374
324
-67
-251
258
-397
166
7
-395
261
48
-177
-16
240
-602
364
-208
-304
347
-131
-267
519
-629
367
111
-460
474
-34
-156
109
140
-395
732
-837
401
268
-498
56
597
-696
744
-389
184
41
-204
305
-301
333
-152
113
-95
-51
261
-159
-55
685
-1014
1159
-744
-38
761
-737
421
52
-170
184
-331
337
-154
-70
128
23
121
-323
494
-458
81
410
-900
794
-143
-540
593
-255
-147
298
-354
222
-61
5
47
-91
117
82
-485
533
-400
-16
202
-379
262
-189
-350
653
-786
268
276
-691
514
-293
-133
136
-244
-62
330
-451
306
1
-267
350
-148
-428
777
-690
268
345
-413
-11
595
-959
496
356
-620
460
35
-244
325
-386
1
754
-1181
838
-58
-264
256
87
-164
286
-92
81
93
62
-88
40
227
-221
128
151
14
159
-321
782
-540
195
380
-263
237
245
-274
437
-91
-169
579
-378
128
269
10
32
-7
212
43
-390
715
-411
-12
448
-419
388
-285
341
-4
-569
917
-846
420
382
-783
690
-381
-184
762
-1014
849
-20
-584
565
-296
65
160
-57
18
74
-184
168
-48
-11
-117
244
-385
433
-619
478
-75
-403
299
-96
-275
57
169
-242
82
70
-132
-167
-47
111
-185
85
-245
262
-163
-204
57
196
-346
8
324
-434
77
146
-359
309
-136
-398
645
-341
-546
814
-539
60
-78
376
-510
343
-258
102
213
-586
426
-19
-515
325
315
-860
810
-553
66
60
-355
384
-242
-153
135
59
-383
330
-28
-183
156
87
-265
358
-74
-252
301
-287
152
-182
364
-596
501
-114
-274
613
-419
-9
532
-783
819
-284
-551
1353
-1073
220
606
-610
156
371
-579
663
-137
-245
268
199
-555
572
-44
-47
-92
236
-36
-286
597
-159
-181
398
-183
-93
274
-477
539
-273
-218
361
-224
-45
119
-68
228
-292
416
-372
263
-78
-150
535
-633
318
272
-653
296
101
-506
537
-332
244
-192
-36
-105
41
-245
140
-139
265
-372
90
-83
18
-267
174
103
-361
146
134
-232
-128
274
-327
96
-108
-94
474
-569
169
450
-501
-213
787
-567
-24
165
-280
192
-451
340
-37
28
-338
280
277
-709
505
182
-598
228
8
-232
271
-531
620
-513
150
-215
200
37
-213
95
338
-541
291
-54
-188
113
-234
306
-248
33
189
-221
320
-582
513
66
-585
590
-160
-259
83
229
-367
105
338
-252
271
-103
-24
287
-242
-164
503
-297
-256
603
-352
-10
67
250
-641
1049
-903
495
276
-550
177
417
-341
-285
947
-926
649
5
-293
498
23
-529
706
-353
-23
615
-410
153
411
-401
50
407
-508
535
-13
-502
1042
-1038
526
40
-169
139
120
-52
202
-265
226
109
0
-257
481
-130
-375
730
-838
532
-238
-116
540
-780
544
317
-1043
1046
-823
320
363
-955
868
-256
-472
560
-408
211
2
-530
1039
-1299
716
-178
-289
481
-653
341
326
-1029
775
83
-1000
1114
-655
135
-285
119
177
-609
430
-361
96
441
-1096
922
-196
-797
932
-441
-352
836
-810
324
133
-510
581
-230
-150
97
232
-448
216
-28
-210
16
348
-694
821
-440
-119
322
-62
-315
337
194
-415
27
524
-876
482
91
-644
993
-683
23
630
-638
-204
772
-617
-96
521
-236
-329
715
-684
301
36
-349
537
-333
-140
580
-431
49
48
-10
-52
-69
417
-211
351
-79
-21
-22
178
-714
1224
-983
374
405
-767
435
-176
-253
545
-288
215
527
-900
849
-443
-125
265
146
-287
419
2
-504
736
-220
-502
905
-547
242
-60
368
-584
550
-520
358
-55
-162
483
-201
-179
350
-36
-294
601
-441
153
224
-142
-333
940
-902
330
650
-1059
729
-155
-165
175
-181
58
-59
53
-360
60
186
-695
740
-109
-813
1370
-1079
7
927
-1358
1049
-85
-670
916
-822
171
140
-552
422
-92
-287
150
113
-560
439
-376
243
-209
-175
736
-888
344
274
-488
-24
612
-888
668
-71
-346
317
-331
269
-332
292
-411
410
-436
-118
133
60
-514
717
-445
-68
573
-908
709
-336
35
14
50
-135
197
87
-169
512
-266
-34
392
-311
200
219
-493
763
-571
81
220
-648
791
-671
331
270
-480
361
-182
105
-93
-185
494
-134
-451
654
-326
-100
366
-335
411
96
-510
577
-102
-508
827
-519
-139
462
-551
250
130
-231
185
194
-294
105
168
-98
-56
66
-272
78
97
-132
-88
349
-476
408
-9
-559
808
-501
63
318
-206
38
124
-229
521
-471
281
-8
-164
108
-312
457
-305
-39
227
-115
43
-32
-196
537
-721
284
300
-667
282
437
-680
597
-461
8
240
-410
271
-22
-256
71
198
-354
-186
439
-395
-255
669
-529
42
281
-623
328
-29
-354
430
-208
-306
439
-657
144
531
-911
567
465
-970
764
-135
-214
388
-158
-68
710
-642
143
564
-655
28
506
-413
122
350
-430
285
-420
246
-131
250
-81
58
114
-597
450
-124
-302
554
-487
133
494
-548
311
125
-207
263
-71
356
84
-294
191
-61
-223
-21
361
-443
242
-71
169
-502
183
-223
13
40
20
316
-627
320
-181
-298
457
-324
307
304
-314
232
36
-180
37
-31
124
398
-360
83
75
-300
-99
136
-248
133
54
-75
154
-288
-53
-40
-76
-19
27
353
-194
-78
84
218
-361
387
106
-256
352
-27
-109
26
-99
-118
175
-83
61
-81
132
-298
148
11
57
35
-35
86
87
-184
40
165
-233
258
164
-130
207
-147
77
78
89
51
202
33
-231
263
-234
-59
157
-167
236
-18
-264
380
-472
-125
468
-512
389
2
-269
454
-530
263
72
-356
341
-4
17
201
-127
257
-3
-151
438
-288
238
-151
-26
243
-338
-152
284
-603
137
35
-279
210
-389
24
73
-391
-17
55
-183
24
50
-68
74
-150
-11
339
-225
173
68
-35
-155
161
85
26
-83
-13
190
-235
94
113
49
-88
105
46
-126
91
-102
50
20
101
-63
151
28
-233
283
-157
-30
123
98
-150
138
-48
-85
13
-210
296
-74
77
230
-61
-117
-62
99
-121
-61
259
-161
-65
116
-223
72
-135
-190
108
-76
-205
43
-202
-279
68
-450
-77
-52
-438
-130
-58
-275
-329
-51
-209
-330
-93
-72
-171
-197
-37
-159
-239
-131
-142
-161
-75
-122
-64
-8
-178
-128
-16
47
-101
168
105
101
171
153
251
325
323
295
608
402
461
612
492
521
505
660
499
630
551
437
664
337
539
417
596
261
414
583
-75
322
248
-67
234
110
-10
206
-313
-56
-196
-404
59
-249
-268
-167
-251
-634
-272
-653
-449
-322
-572
-380
-506
-666
-992
-648
-899
-742
-772
-989
-912
-856
-1355
-940
-1047
-1169
-939
-591
-253
-121
-379
-363
-382
-461
172
561
547
637
817
440
651
616
586
825
1044
973
1354
1186
740
512
57
427
267
367
639
121
-22
-51
-313
-517
-339
-520
-182
46
-35
-41
-218
-450
-355
111
497
741
781
814
767
940
884
1171
1056
1201
1398
1451
1357
1151
887
626
877
790
963
722
370
110
-194
-171
-391
-272
-651
-544
-537
-996
-839
-1274
-1149
-1157
-1009
-896
-989
-1117
-1311
-1127
-1144
-989
-1189
-862
-976
-907
-1116
-1183
-1167
-1565
-1345
-1034
-1095
-1109
-944
-621
-274
-403
-462
-459
-271
-138
500
1095
731
834
518
598
912
1083
1432
1448
1540
1439
1620
1347
933
621
681
824
967
901
390
154
-436
-478
-367
-448
-337
-466
-425
-508
-501
-669
-815
-808
-552
-24
304
424
189
168
205
430
797
934
1254
1364
1399
1375
1242
1057
927
1127
1481
1512
1473
1049
620
245
197
406
154
343
72
-182
-224
-559
-792
-733
-716
-516
-275
-431
-520
-832
-925
-752
-583
-386
-241
-287
-524
-421
-711
-684
-680
-942
-368
-745
-702
-1130
-1402
-1597
-1804
-1692
-1791
-1946
-1805
-1975
-1776
-1270
-1202
-1092
-1079
-1351
-598
-197
188
1098
464
886
949
708
1404
1611
1774
2519
2137
2156
2220
1490
1431
1230
1026
1535
1174
806
338
-365
-566
-784
-829
-796
-958
-980
-1115
-1473
-1565
-1662
-1673
-1200
-942
-495
-157
-332
-270
-217
133
699
1110
1548
1758
1696
1774
1780
1633
1984
2080
2454
2404
2171
1834
1375
1070
941
965
941
704
310
11
-446
-661
-675
-747
-731
-666
-825
-1004
-1023
-1353
-1105
-1032
-883
-632
-694
-636
-719
-727
-658
-573
-557
-349
-522
-564
-630
-868
-947
-1305
-1290
-1637
-1657
-1893
-1902
-1863
-1829
-1603
-1219
-961
-1124
-1187
-1224
-583
-147
465
875
782
753
719
820
1408
1895
2333
2457
2172
2247
1943
1646
1533
1331
1375
1486
1193
644
-55
-474
-769
-751
-778
-713
-955
-1342
-1754
-1938
-1856
-1655
-1450
-1319
-1040
-814
-658
-791
-460
-291
266
913
1148
1458
1324
1355
1389
1551
1983
2312
2411
2355
1976
1703
1540
1488
1394
1330
1260
846
551
125
-45
-184
-193
-125
-319
-398
-658
-793
-895
-821
-673
-671
-620
-872
-895
-896
-839
-612
-544
-623
-641
-760
-968
-845
-838
-851
-1006
-1118
-1549
-1735
-1933
-2063
-1897
-1680
-1667
-1424
-1184
-894
-1001
-1089
-1189
-377
42
761
1214
911
829
704
821
1470
2256
2758
2697
2238
2015
1969
1783
1906
1678
1668
1611
1186
609
-126
-600
-520
-518
-427
-583
-1057
-1716
-2172
-2257
-1845
-1464
-1417
-1609
-1728
-1571
-1312
-1244
-815
-610
-111
364
359
439
465
568
970
1422
1778
2012
1881
1747
1751
1764
1840
1944
1853
1622
1469
1213
955
668
614
571
587
347
45
-255
-422
-406
-355
-353
-453
-625
-972
-910
-973
-903
-739
-856
-768
-884
-944
-1061
-1031
-1047
-875
-825
-983
-1153
-1642
-1789
-1752
-1614
-1429
-1778
-1665
-1724
-1486
-626
-449
-602
-1021
-1007
-418
456
885
1266
787
565
613
937
1726
2280
2354
2216
1836
1831
1998
1641
1607
1430
1344
1394
909
276
-269
-490
-372
-343
-451
-757
-1388
-1890
-2030
-1931
-1384
-1395
-1585
-1820
-1800
-1583
-1170
-1063
-725
-336
-187
144
167
309
521
925
1299
1655
1784
1760
1714
1889
2215
2315
2486
2214
1945
1778
1720
1708
1615
1255
1157
890
743
503
335
171
-1
21
-76
-365
-556
-840
-1059
-997
-903
-961
-1115
-1319
-1363
-1281
-1198
-1156
-1230
-1337
-1460
-1196
-1273
-1395
-1586
-1759
-1801
-1656
-1663
-1536
-1672
-1580
-1423
-747
-273
-266
-793
-990
-468
219
1021
1278
1056
734
385
748
1500
2269
2559
2230
1667
1568
1694
1900
1776
1578
1435
1166
749
490
-11
-127
-81
-197
-366
-668
-1247
-1654
-1914
-1711
-1291
-1176
-1540
-1958
-2127
-1780
-1240
-826
-657
-531
-520
-583
-300
61
484
871
1052
1240
1269
1228
1369
1753
2184
2527
2486
2035
1763
1484
1678
2086
2109
1822
1264
730
626
695
815
801
508
96
-328
-464
-490
-569
-664
-811
-950
-1191
-1365
-1480
-1432
-1270
-1079
-1164
-1207
-1488
-1668
-1458
-1170
-1061
-1211
-1417
-1686
-1637
-1550
-1250
-1198
-1113
-1262
-1160
-484
-79
-185
-583
-827
-329
276
756
1146
805
371
74
402
1311
2104
2146
1720
999
1037
1320
1588
1746
1495
1084
692
459
426
412
327
169
-200
-508
-688
-833
-1053
-1257
-1349
-1115
-1212
-1485
-1709
-1699
-1404
-1106
-863
-758
-807
-928
-958
-620
-27
385
365
447
548
741
984
1314
1723
1998
1866
1928
1872
1807
1842
1922
2170
2168
1853
1491
1165
1157
1256
1366
1304
856
328
-84
-209
-28
-9
-291
-687
-1155
-1402
-1447
-1182
-1110
-1175
-1364
-1548
-1600
-1501
-1345
-1292
-1172
-1270
-1235
-1258
-1225
-1177
-1067
-1072
-847
-769
-792
-831
-723
-283
55
-26
-398
-558
-462
35
347
712
479
78
-327
-84
552
1271
1506
1102
408
106
373
932
1318
1253
832
298
-67
123
438
618
482
-4
-554
-706
-571
-530
-493
-672
-797
-918
-1095
-1196
-968
-756
-625
-608
-608
-697
-702
-633
-300
61
324
306
314
319
561
942
1214
1401
1378
1360
1367
1497
1752
1784
1773
1751
1583
1563
1573
1612
1568
1403
1217
1091
977
730
514
382
208
4
-140
-350
-550
-690
-900
-870
-841
-909
-1010
-1120
-1213
-1149
-1123
-971
-939
-876
-921
-911
-858
-792
-575
-492
-503
-510
-584
-608
-516
-483
-373
-449
-516
-408
-332
-567
-549
-642
-573
-596
-325
-251
-454
-653
-728
-735
-477
-79
89
-152
-501
-491
-317
103
516
542
326
-135
-252
-15
345
652
671
315
-153
-212
1
345
530
314
-9
-248
-393
-235
118
215
167
-91
-250
-160
105
360
544
473
342
238
319
547
850
963
897
874
824
797
964
1054
1207
1202
1065
1053
1001
881
820
877
826
828
717
522
315
249
238
288
309
75
-119
-308
-409
-325
-262
-327
-487
-684
-832
-777
-557
-431
-470
-602
-686
-657
-495
-321
-254
-225
-355
-457
-284
-106
-33
-59
-176
-332
-331
-356
-237
-199
-395
-495
-687
-749
-678
-605
-740
-855
-1044
-1157
-1128
-1078
-981
-942
-1007
-1123
-1128
-1087
-874
-638
-484
-487
-426
-422
-317
-105
120
272
321
241
142
210
360
587
626
558
407
333
398
563
734
766
648
481
406
549
764
832
824
734
615
616
722
832
925
924
748
731
744
782
847
889
807
771
661
632
665
606
578
515
463
383
293
314
271
246
200
92
-5
12
-32
-39
3
-125
-202
-190
-184
-194
-156
-217
-255
-180
-264
-251
-210
-223
-209
-158
-119
-98
-147
-225
-189
-163
-76
-65
-120
-252
-348
-347
-337
-337
-421
-552
-655
-747
-759
-775
-759
-830
-956
-1013
-1082
-993
-908
-962
-979
-1001
-966
-875
-749
-700
-672
-620
-618
-505
-396
-296
-204
-181
-128
-41
76
167
255
325
353
447
481
490
557
555
574
604
579
609
647
635
617
582
611
660
703
718
652
605
584
572
617
645
589
557
501
437
439
441
443
437
368
359
328
269
231
214
172
150
98
7
-11
-12
-5
-4
-19
-73
-87
-73
-48
32
75
4
6
-13
59
212
226
235
201
181
176
292
322
358
354
207
181
148
144
108
38
-80
-149
-197
-263
-282
-303
-376
-431
-527
-619
-597
-590
-593
-592
-656
-670
-628
-591
-498
-425
-432
-465
-461
-434
-355
-236
-252
-255
-260
-313
-249
-216
-157
-112
-109
-157
-200
-206
-219
-208
-177
-140
-143
-131
-220
-229
-217
-187
-60
0
49
0
-29
-30
53
172
207
250
190
177
210
209
293
298
272
245
263
281
261
227
190
126
118
129
102
71
17
-45
-44
4
-24
10
-3
-25
23
71
132
153
146
113
148
204
268
306
289
290
310
332
426
482
464
457
414
398
384
351
329
279
269
223
172
145
113
60
31
11
-8
-40
-64
-98
-104
-50
-75
-26
-44
-59
-78
-57
-44
-24
-9
-46
-35
-69
-69
-93
-91
-109
-113
-64
-118
-130
-204
-209
-234
-214
-222
-249
-215
-268
-262
-272
-267
-246
-228
-157
-221
-164
-232
-232
-214
-157
-84
-61
-41
-92
-27
-38
22
-21
-52
-51
-46
-16
43
19
-50
-82
-155
-155
-121
-118
-123
-143
-164
-197
-172
-164
-146
-115
-100
-127
-99
-65
-46
-5
33
9
28
60
58
132
146
189
202
188
210
233
262
263
238
179
159
127
92
117
114
98
88
32
13
1
-7
13
32
88
112
130
115
95
147
218
291
336
297
271
284
335
377
410
395
356
313
331
336
349
336
245
197
141
120
53
23
-21
-68
-53
-101
-137
-155
-213
-204
-160
-161
-155
-164
-256
-247
-243
-191
-144
-189
-211
-245
-229
-226
-224
-279
-323
-345
-369
-356
-369
-394
-439
-468
-479
-472
-459
-475
-450
-439
-391
-375
-399
-375
-340
-248
-183
-106
-107
-97
-61
-8
98
182
244
298
282
319
367
400
469
498
526
519
510
473
437
439
431
404
400
367
306
294
216
177
161
100
75
24
32
8
24
9
-46
-47
-56
-18
-14
7
8
10
37
89
138
144
147
119
119
167
203
223
199
140
127
119
119
141
139
112
115
89
93
153
145
145
126
104
104
141
147
135
158
80
77
93
66
75
56
-23
-73
-95
-166
-180
-232
-300
-344
-397
-465
-534
-590
-641
-657
-672
-691
-745
-764
-818
-826
-771
-715
-657
-673
-641
-638
-575
-504
-438
-391
-351
-286
-224
-129
-44
48
124
179
215
294
346
405
451
458
485
492
483
461
469
484
488
490
448
412
388
362
329
350
342
322
295
245
212
163
149
116
100
69
42
38
50
33
31
3
-31
-40
-27
-47
-70
-89
-129
-152
-138
-116
-99
-74
-81
-78
-41
-15
53
83
113
150
176
220
254
286
318
324
366
401
401
436
416
415
406
395
369
338
281
206
163
104
56
-1
-51
-140
-202
-248
-276
-328
-349
-408
-477
-500
-527
-587
-604
-479
-486
-642
-783
-780
-749
-734
-567
-265
-382
-499
-567
-596
-563
-307
-85
5
-20
-91
-160
-263
-188
-2
129
237
304
273
208
157
175
207
309
407
425
402
348
322
332
356
403
422
436
431
415
401
344
312
248
262
255
282
197
165
15
-92
49
39
-21
-81
-135
-237
-287
-245
-101
-179
-216
-237
-241
-274
-195
-125
-144
-99
-49
-44
-42
1
19
39
108
177
206
216
220
202
211
212
221
211
200
223
218
206
159
139
66
19
45
86
75
7
-68
-158
-191
-155
-144
-161
-218
-231
-293
-291
-285
-289
-298
-342
-331
-294
-270
-287
-247
-290
-328
-286
-262
-237
-202
-152
-121
-79
-130
-155
-193
-155
6
9
38
84
-2
-77
-26
101
166
178
252
225
176
209
265
221
270
349
326
327
368
331
275
267
333
277
317
334
320
106
174
500
353
154
98
-6
-174
-291
13
211
8
-8
-13
-202
-246
4
-45
-94
-36
-52
-151
-147
-65
-104
-177
-131
-83
-119
-43
67
53
-18
1
128
130
113
182
196
79
-79
-125
-20
1
48
209
98
-61
-144
-109
-126
-111
85
147
30
-63
-114
-120
-209
-69
33
20
26
40
-46
-198
-287
-240
-265
-206
-144
-47
-3
-71
-144
-221
-238
-210
-181
-79
-69
-189
-220
-317
-430
-367
-194
-190
-168
-113
-138
-153
-91
-37
-17
3
96
77
78
132
209
308
215
267
268
131
112
209
326
360
320
306
101
62
101
269
386
383
376
265
184
183
97
186
236
113
96
133
26
-56
-5
-20
64
89
121
17
-161
-226
-226
-214
-101
-107
-195
-236
-361
-326
-248
-182
-229
-223
-221
-288
-360
-266
-297
-213
-256
-212
-142
-183
-144
-76
-92
5
-66
-105
-85
-172
-2
33
108
27
-12
21
53
70
232
220
162
155
152
162
191
197
173
179
133
175
105
72
58
76
98
124
160
91
73
14
5
83
2
77
219
118
45
33
61
39
-87
-32
162
-28
-23
196
-10
-55
203
96
-150
-39
43
-17
-120
147
240
-182
-169
140
-255
-108
332
46
-51
136
-11
-140
-80
25
69
-102
34
-24
-167
35
106
-92
-64
23
-95
-281
-166
-99
-178
-239
-169
-265
-328
-343
-223
-354
-224
-334
-344
-284
-240
-332
-450
-272
-175
-458
-182
9
-361
-257
4
-16
-281
28
180
-108
-173
361
-52
-2
118
303
-4
273
469
197
134
201
183
57
381
550
328
31
381
111
8
478
472
324
223
197
187
88
392
463
110
319
76
261
148
207
365
21
352
47
-11
415
84
-11
145
-140
32
124
30
167
-108
-110
-50
-266
-279
451
-63
-34
-153
-64
-277
-383
31
114
-211
-4
84
-354
-85
-36
-24
-290
32
53
-141
9
49
-431
75
32
-83
-93
-67
199
-427
-238
72
16
-287
-61
-47
-356
-302
-124
-46
-207
-172
-70
-244
-494
-77
-353
-170
167
-271
-289
93
-270
-621
-178
324
-2
-199
233
-136
-346
9
151
183
324
249
82
148
144
87
186
334
83
497
204
143
489
117
-372
456
275
156
479
60
75
-49
133
374
102
497
300
-123
310
175
206
527
303
89
25
454
182
-112
708
119
-248
703
-341
-85
483
-281
202
-55
-267
701
-767
18
95
-663
146
-293
99
-63
-754
30
-161
-668
-62
-186
322
-913
-59
-157
-865
227
-312
-629
593
-939
-268
364
-1124
201
207
-1242
410
-205
-710
417
-794
50
-131
-678
303
-219
-600
532
-480
-434
333
-251
-386
470
-547
317
-111
110
163
-301
542
-439
153
610
-637
1030
-25
-335
633
-188
324
44
655
381
-16
240
17
293
122
248
813
141
231
432
-498
840
141
136
809
562
-100
641
-333
672
424
-19
918
90
79
286
284
-90
576
101
-25
319
146
-85
-2
219
274
-343
337
33
-475
351
-522
496
-98
-154
439
-905
-118
23
-636
449
119
-432
-113
-139
-771
-58
-33
-534
349
-373
-770
90
-663
-635
220
-622
-116
187
-946
-135
-27
-1068
97
-247
-267
-385
-248
-82
-478
-506
-72
-527
-495
253
-247
-104
-114
-272
-462
-47
9
55
131
262
-37
-231
-166
634
-532
376
896
-465
488
415
-631
588
-80
520
386
276
-10
523
-415
594
321
-187
1046
167
-206
703
-12
141
635
-342
1189
-2
90
330
752
-851
773
912
-395
425
300
163
77
-92
837
-115
-163
780
-228
222
39
375
43
-122
494
-63
-34
215
418
-419
-338
793
-585
-318
255
509
-381
-332
453
-513
-298
51
33
-134
-293
295
-720
-937
634
-1086
79
6
-227
-616
-642
270
-1140
-571
1014
-1267
327
-315
-1195
50
-667
-160
71
-692
565
-605
-1040
571
-706
-137
605
-618
-199
485
-642
107
-13
-52
249
387
-662
785
396
-1141
1547
-589
-171
1202
-643
644
707
-837
944
402
-533
1173
-18
167
782
-154
-159
1292
-524
207
688
-266
382
570
-326
449
125
-437
1322
-1037
694
643
-1017
1002
-682
399
520
-825
651
37
-564
889
-904
451
51
-410
386
-91
-209
73
236
-850
576
-261
110
-512
482
145
-893
-58
713
-982
-101
605
-438
-855
930
-633
-642
568
-447
65
-539
-99
314
-1115
701
-475
-1033
1050
-1248
170
-255
-224
-25
-997
682
-578
-902
1095
-676
-924
765
-279
-759
288
-87
-115
-320
-117
453
-480
-478
1475
-1161
-96
1022
-554
-270
784
-96
-180
414
177
147
213
-269
942
-70
-134
1284
-656
709
427
-348
444
605
-139
192
509
87
-66
273
119
252
149
346
23
-381
628
69
-527
550
131
-718
650
-90
-466
803
-838
381
240
-940
815
220
-795
457
-38
-766
573
-341
41
484
-633
547
48
-1174
1126
26
-1010
1169
-307
-619
857
-982
153
183
-21
32
-170
228
-195
-96
-25
-216
577
-708
261
346
-1070
961
-1036
70
584
-1171
659
418
-1286
317
116
-987
597
-231
-742
383
-472
-106
-61
-356
347
-354
-701
676
-232
-176
297
-287
-163
-240
157
249
-315
370
302
-357
68
204
136
24
205
320
-21
245
-42
98
-88
343
111
415
-46
-13
802
-841
320
1270
-1010
504
837
-759
660
-301
244
450
-176
210
685
-645
542
231
-721
847
7
-533
1012
-1067
500
407
-1184
765
45
-822
478
154
-706
637
-722
-3
-89
-647
340
-271
-52
-198
-308
127
-721
221
96
-726
618
-669
59
213
-566
-109
37
-400
75
72
-244
641
-618
-339
458
-581
316
353
-551
682
-644
51
431
-509
349
240
-97
221
-148
140
604
-1068
962
-92
-489
1020
-580
-20
786
-814
661
4
-178
612
-332
216
-21
480
-518
226
724
-905
522
402
-373
331
116
66
256
-543
965
-313
-68
480
94
-166
-324
916
-334
-123
781
-35
-1017
1265
-432
-175
482
165
-173
-241
236
-200
197
-120
-53
188
-352
-118
398
-1097
623
-53
-654
480
-492
-280
-81
-341
184
-411
-407
673
-1133
-210
339
-1032
484
-471
-254
44
-469
-480
321
-1047
301
264
-921
125
247
-826
-137
435
-769
-4
182
-35
-659
848
-666
42
296
-531
879
-360
100
708
-561
299
197
-139
725
-626
853
511
-654
1022
-572
692
167
-338
1016
396
-617
1095
-466
77
521
48
382
-98
684
-339
111
153
-68
143
484
-404
86
911
-808
5
676
-345
-83
489
-180
705
-761
638
-98
-379
451
-151
438
-291
742
-393
44
68
51
-46
353
-234
417
83
-358
-269
409
-432
56
16
-344
584
-747
-287
216
-509
49
-294
-78
-31
-460
-153
-379
-81
-589
198
-496
-308
-2
-481
-480
353
-1078
290
-363
-357
178
-764
122
-377
-159
-269
-151
-143
-82
42
-351
-82
166
-501
159
254
-360
155
527
-590
269
208
-350
996
-610
385
1170
-1414
1151
325
-1200
2074
-767
76
1078
-602
221
926
-676
434
1160
-1199
1082
160
-450
847
-374
512
65
142
35
383
-291
233
374
-57
65
649
-852
804
32
-361
655
97
79
-13
366
-160
248
216
-49
553
-581
721
68
-372
578
-382
465
-151
-75
253
67
-520
574
-750
681
-807
417
-316
-456
225
-554
32
-485
-93
-297
-342
-321
289
-1234
316
-206
-799
-90
-201
-304
-297
-488
110
-633
-356
94
-368
-473
573
-810
217
-473
-48
40
-354
-57
559
-513
-126
516
-494
184
250
67
-106
347
-243
221
277
-188
-87
929
-981
686
169
-527
1046
-513
210
663
-986
1151
-548
-41
1130
-1007
854
333
-810
905
74
-139
728
-185
543
158
43
117
277
119
61
519
383
-736
1419
-689
-227
1459
-681
298
824
-819
628
316
-766
1075
-161
-637
1249
-596
-385
1155
-800
-54
756
-850
501
161
-1066
918
-331
-930
1074
-651
-872
1283
-1632
396
332
-951
206
-76
-811
64
104
-1157
1015
-954
-126
195
-878
18
159
-851
244
266
-732
-59
64
-405
-527
588
-856
646
-443
-202
318
-707
199
137
-407
553
-373
403
-408
-15
388
-700
769
-79
-382
1094
-950
149
720
-760
544
64
-182
381
34
-158
490
-480
311
104
-329
491
367
-772
1050
-616
1
958
-994
774
507
-745
675
425
-810
1084
-290
56
646
-45
-186
1087
-857
408
868
-1011
1121
313
-853
1115
-151
-451
816
-41
-303
1035
-510
-147
724
-713
99
728
-998
775
93
-1036
1253
-1040
-69
619
-889
148
458
-1158
230
275
-1103
390
192
-919
413
-318
-549
445
-825
335
-25
-1065
854
-345
-746
580
-131
-758
691
-511
-48
120
-188
-81
48
-551
672
-878
254
335
-837
511
36
-587
611
-470
-150
657
-1012
690
-26
-761
732
-170
-784
1023
-625
-323
894
-773
199
528
-1098
766
113
-1194
1526
-815
-551
1512
-1375
44
1411
-1879
1262
69
-841
1128
-395
-615
1668
-1143
-148
1520
-1006
64
1075
-545
289
413
-510
777
-198
148
526
67
-315
706
-108
-535
1191
-377
-69
672
-539
403
255
-758
807
-149
-418
510
-6
-187
230
3
-474
497
-329
-38
242
-52
-200
163
-224
-562
791
-678
130
590
-777
419
195
-1251
1394
-972
270
499
-768
403
-64
-402
-62
410
-441
391
-386
273
-163
-226
15
209
-452
186
239
-471
336
-222
-212
315
-147
-600
927
-537
-248
503
-702
143
279
-632
279
398
-957
473
-34
-679
659
-286
-336
704
-778
-73
483
-923
574
339
-1086
1093
-515
-348
924
-1005
476
727
-1615
1626
-382
-736
1310
-954
190
733
-737
693
234
-612
670
-81
-221
290
258
-149
194
-74
533
-704
591
30
-226
429
-132
43
225
-248
388
-515
683
-258
-387
855
-1031
750
352
-1156
1020
-73
-921
1121
-660
-54
764
-794
-46
719
-1028
226
510
-717
293
139
-293
8
-340
53
-62
63
-325
409
-351
-190
1
-185
-312
206
-71
-523
544
-396
-221
-189
313
-970
643
-64
-346
295
-117
-440
459
-473
-35
488
-631
560
-228
-66
4
-28
-182
323
-101
452
-272
67
204
-250
-44
653
-576
661
-236
-176
506
-392
-186
795
-529
104
724
-921
707
44
-549
559
100
-199
398
-184
75
160
-99
138
213
-57
-65
356
-232
-8
278
-405
364
-107
-59
388
-318
-56
191
-39
108
-4
61
393
-474
-105
578
-416
25
519
-296
42
67
87
-45
65
-145
521
-78
-465
653
-225
-171
253
-153
21
266
-283
107
-137
290
-548
251
176
-180
-390
598
-761
218
84
-460
249
-201
-144
-38
-121
-226
386
-493
-251
395
-428
-285
521
-549
397
-378
199
72
-377
304
195
-433
476
-157
158
-27
-309
489
-348
163
113
15
-44
116
-106
64
-28
0
148
-109
-87
10
106
-232
-98
212
-194
176
-121
-3
53
-256
67
307
-730
529
-72
-275
184
22
-95
138
59
-364
574
-427
279
206
-447
641
-138
-396
707
-414
136
684
-831
1012
-438
-208
945
-1017
552
372
-629
569
45
-650
812
-433
-55
472
-76
-338
675
-769
326
400
-850
801
-1
-926
1018
-377
-573
1157
-980
429
92
-437
203
416
-1011
1084
-410
-730
1063
-749
-434
1110
-1221
627
191
-1051
1124
-895
207
441
-836
600
18
-771
804
-629
216
-87
-118
279
-229
-72
383
-382
-15
352
-368
-91
472
-493
43
370
-618
503
-304
-115
641
-991
922
-92
-1024
1229
-738
-380
960
-956
259
154
-500
475
-480
154
111
-159
-214
268
-58
-328
374
-148
-263
90
316
-576
527
-238
145
88
-12
-23
-18
176
-44
59
185
-176
339
225
-915
1503
-1087
394
568
-858
872
-114
-775
1299
-891
73
702
-846
775
-241
-127
295
-182
-249
707
-514
26
440
-585
224
-167
25
12
-305
467
-291
-221
713
-667
173
187
-326
440
-349
-52
393
-345
-63
228
44
-270
354
-35
-224
599
-348
-47
350
-322
72
227
-374
487
-309
-144
432
-260
43
174
-295
110
151
-456
631
-247
-347
375
-291
-441
811
-713
255
233
-393
16
45
-163
30
82
-176
173
-146
-284
108
38
-255
366
-257
-139
409
-570
285
32
-304
368
-267
-185
739
-724
404
158
-567
589
-218
78
266
151
-554
796
-558
4
697
-420
-47
869
-934
545
18
-343
733
-534
457
8
-132
380
-461
257
-215
199
-86
-76
202
-199
69
76
-134
-71
238
-123
1
-176
476
-721
247
-58
-327
261
-157
50
16
-259
22
467
-1034
732
-9
-888
870
-314
-675
775
-458
-448
690
-675
313
204
-460
428
6
-490
453
-70
-542
784
-310
-291
521
21
-577
825
-416
-6
544
-799
648
135
-785
959
-262
-542
740
-319
-46
204
-79
-153
558
-639
49
593
-939
116
828
-1095
1049
-432
-381
835
-780
151
566
-312
43
623
-689
263
-39
-112
154
310
-400
370
-68
-407
484
235
-494
742
-228
-569
709
-409
-25
692
-905
547
149
-781
647
58
-247
289
-24
-84
224
-455
267
69
-336
237
218
-257
-84
140
-133
-201
39
365
-664
479
-259
-281
481
-722
170
256
-690
484
103
-722
942
-661
-26
593
-660
363
28
-354
244
180
-521
454
-165
-157
26
122
-203
300
-217
63
353
-675
492
-40
-491
850
-586
143
559
-725
373
99
-504
508
-466
132
305
-423
260
-71
-225
145
-391
469
-233
27
364
-515
256
-176
-157
187
-133
187
5
-132
145
-255
187
-238
474
-131
-84
634
-405
-15
369
-294
144
242
-331
704
-566
362
-151
194
-437
612
-209
-168
471
0
-709
498
152
-773
765
-624
287
151
-644
460
329
-975
315
144
-442
305
-86
36
-24
-294
-37
-42
-239
334
119
-427
412
-117
-445
192
115
-301
362
-73
137
-92
-311
564
-599
244
36
-19
36
214
-133
-177
237
-202
-195
484
-73
-148
648
-721
328
125
-316
349
-82
209
148
-284
184
95
-604
419
51
-43
-12
150
-177
-136
121
-256
96
140
-411
671
-396
-240
933
-1164
363
642
-880
633
260
-546
456
-372
38
298
-135
-57
486
-120
-230
357
-188
-157
507
-368
81
642
-619
-28
391
-359
-55
185
-335
375
-299
43
69
-324
136
-21
-160
186
-41
15
-237
-29
33
-37
-136
64
213
-513
184
-107
-154
251
-215
6
179
-385
-49
270
-363
116
319
-254
20
310
-405
151
208
-356
247
103
23
-41
157
-153
280
-230
46
525
-254
61
419
-275
164
-105
-4
239
-201
261
3
-68
-54
-90
110
-199
130
269
-516
173
125
-341
-63
45
34
-225
124
11
-311
258
-200
-217
411
-187
-121
139
-180
445
-660
539
199
-471
393
21
-379
421
-253
-72
389
-434
463
-280
-260
377
-235
-96
368
-380
124
2
-257
-126
363
-463
69
137
-170
-45
161
-263
-78
179
-55
-147
304
-160
75
5
-41
192
-286
189
138
-136
8
306
-380
183
-68
169
6
48
84
109
-251
246
-34
-11
105
111
-141
137
157
-160
-78
123
153
-199
256
49
64
-156
69
274
-333
264
203
-261
256
145
-202
129
9
46
-73
-3
163
-58
-106
133
161
-190
9
137
-320
131
75
-167
112
-237
-138
46
-316
100
89
-78
103
-164
157
-169
134
-56
-21
261
-124
27
58
-275
260
-378
126
186
-240
226
-159
-259
188
-433
64
69
-34
-214
-43
-129
-206
-224
207
-234
92
-65
-29
-83
-43
216
-89
67
187
-85
-154
203
-105
-15
97
36
-134
154
-48
42
53
-109
33
32
-71
175
-167
61
245
-191
64
105
121
23
-1
212
17
-174
176
157
-10
111
95
161
-172
46
302
-93
70
216
-128
35
53
-19
56
-45
110
99
-175
242
52
-209
224
113
-32
-9
236
-47
-168
215
-133
-55
113
24
37
67
-54
-45
-120
-89
136
-189
26
118
-234
-49
-93
-17
-93
-129
65
-48
-135
-64
33
-91
-176
60
-69
-19
-41
-110
65
-82
-7
-87
-37
2
-213
-17
-55
-151
13
-66
-108
-130
38
-115
-234
104
2
-280
-21
-32
-141
-119
14
78
-67
-2
44
-40
66
45
108
-7
115
89
-101
178
81
-155
178
131
67
65
-12
149
-123
-147
152
41
-210
180
89
-239
107
50
-214
178
122
0
168
94
182
33
-100
204
138
-49
189
265
-7
121
152
110
48
126
171
-57
200
120
-74
149
1
-192
-71
5
140
-106
60
269
-313
-125
-15
-99
-11
15
210
-7
8
-59
-155
-40
153
-8
61
114
104
-175
-224
196
-170
-133
70
-51
84
-69
-136
-49
-258
-157
-173
-34
39
-50
-183
-126
-125
-313
-155
5
50
-60
31
49
-120
-152
0
-16
109
136
48
36
-29
-98
-126
29
74
-22
17
150
-113
-110
1
-98
-75
11
-44
-24
4
-83
-75
-10
-27
-20
-116
92
144
-59
62
155
-41
-25
45
82
146
96
111
145
-4
-31
89
-80
200
120
69
134
97
-61
-53
103
35
55
-6
159
89
-88
-26
107
-51
11
125
47
115
129
-151
119
-9
26
107
68
183
87
-83
-32
121
-75
-63
128
175
16
-64
38
21
-202
-40
156
-50
50
4
-141
-130
-103
-161
-100
20
0
-44
-142
-25
-110
-267
-90
39
-39
-96
58
-63
-178
-59
-121
14
23
8
-29
-20
-39
-223
-70
5
-26
10
40
15
-137
-80
-38
-101
23
71
-36
12
59
-153
9
-44
-15
-42
45
17
3
21
-7
-6
-16
-57
29
-38
51
107
-20
100
-53
13
-72
55
54
96
25
179
55
-140
96
-72
-111
82
120
26
148
41
-33
-54
37
17
28
188
50
136
5
-7
63
-75
65
124
11
155
88
-39
17
65
-23
16
96
52
73
-8
5
-5
-51
11
16
13
39
81
-72
-18
-43
-74
-35
-44
28
-53
-2
-51
-60
-46
-116
-70
-57
-16
27
-50
16
-17
-175
7
-44
-67
53
-56
-9
67
-70
13
-1
-27
37
-28
110
92
76
22
69
-6
-43
80
-61
70
42
2
-55
-42
-114
-73
-36
-63
45
-34
-84
-28
-62
-137
-61
31
-36
-1
57
-12
0
-30
-12
-57
64
53
29
99
77
34
-36
55
27
-44
149
42
92
59
26
75
-15
45
6
48
56
109
77
10
71
17
-11
36
74
72
74
57
46
-9
12
-46
7
74
-8
88
27
-54
-26
-73
-91
28
-65
4
-13
-68
-20
-128
-38
-36
-49
-34
8
1
-64
-86
-2
-39
-29
42
13
30
-17
-17
-61
-31
15
-29
5
13
-12
-39
-35
-48
4
-21
-37
45
12
-30
-31
13
-41
-38
6
-9
3
38
-25
3
46
-34
9
-17
39
-9
30
62
-29
34
-41
-3
-44
49
-9
-1
57
-19
-36
-31
-30
-47
-46
-13
-10
-14
-25
-86
-5
-23
-5
36
44
43
-4
10
-3
19
1
20
23
27
3
-40
17
41
-39
29
89
6
45
29
33
18
9
6
20
63
-18
4
12
-36
-8
4
-10
29
28
-29
54
-24
1
-12
27
51
12
28
16
42
-35
18
-6
9
13
10
40
16
20
-24
20
-19
10
33
24
29
-2
11
-12
-1
-12
-4
-3
48
12
-15
21
-10
-41
-6
37
-31
73
38
-3
60
-41
-12
35
5
19
43
-1
-4
-17
-41
-91
5
-46
-19
-15
-12
-27
-93
-21
-55
-34
-27
0
-50
-16
-59
-65
-12
-60
-1
1
5
12
7
-17
-13
12
7
23
70
22
30
26
-8
-4
-19
1
32
1
-16
-3
-44
-42
-32
-7
8
11
37
-36
-2
-17
-42
6
12
29
-3
-5
-38
-34
-15
-74
34
7
-39
80
-22
2
21
-18
31
44
16
28
30
-21
18
-7
-12
20
1
31
38
8
27
12
31
11
6
45
31
8
37
26
-34
33
-22
-23
52
-3
-13
51
1
-19
4
-22
-19
57
2
20
43
-5
1
16
-5
-4
46
10
0
43
-10
-26
29
-6
-14
51
27
-3
58
-14
-25
50
-11
10
50
16
22
23
7
4
20
5
43
55
22
25
32
-13
36
-2
11
21
53
-9
-9
41
-41
-29
8
-12
-27
17
-20
-16
-6
-9
-41
32
-9
8
28
-5
19
-18
2
3
19
-25
-14
-17
-42
-36
-32
-42
-17
8
-40
9
-23
-29
-24
-17
-7
-22
-21
-17
-17
-37
-38
-47
-21
-44
-17
-25
-35
-32
-69
-12
-52
-23
-11
-41
24
-37
-29
8
-50
-8
-6
-45
1
-17
-5
-15
-18
16
-8
-8
25
14
-8
38
16
4
31
11
12
29
-6
20
21
8
16
19
29
6
35
8
16
15
8
20
17
23
-2
19
17
-4
16
16
-10
21
14
-23
14
-16
-12
11
-18
18
-10
-1
-28
2
-5
-19
20
-3
1
12
-7
15
16
28
42
10
61
4
29
65
4
49
49
20
49
38
39
46
24
49
45
33
40
39
26
20
51
15
29
46
6
24
26
8
17
1
14
17
-10
-1
-9
-40
-2
-36
-35
-6
-29
-42
-16
-28
-59
4
-34
-12
-10
-17
-11
-42
-13
-40
-38
-26
-32
-51
-30
-28
-57
-34
-29
-52
-29
-13
-41
-7
-12
-29
-7
-4
-19
-11
6
-24
-9
-6
-37
-10
-22
-30
-28
-11
-35
-24
-4
-47
-17
-13
-58
-10
-14
-61
6
-45
-44
-7
-38
-48
-8
-25
-30
-25
3
-16
-31
4
-17
-26
-9
4
-20
-6
1
-5
-19
10
3
2
0
-2
21
-20
18
6
-12
22
-1
-1
33
-1
3
44
-13
20
31
5
8
42
16
11
32
23
25
30
21
33
22
12
53
14
14
52
5
28
36
13
25
33
26
39
40
23
44
24
39
43
28
34
21
31
26
24
30
25
26
30
8
28
24
14
32
22
31
20
22
29
25
20
21
40
5
27
28
9
21
32
-5
9
33
-23
22
18
5
13
17
13
18
11
11
23
-12
21
3
-10
19
0
-16
1
9
-29
6
3
-24
-8
-14
-3
-19
-10
-10
-20
-28
-5
-29
-38
-1
-35
-43
-14
-26
-36
-23
-12
-21
-24
-21
-21
-19
-36
1
-45
-32
-10
-49
-29
-28
-39
-25
-45
-13
-20
-36
-18
-18
-32
-25
-17
-25
-22
-18
-23
-32
-23
-23
-29
-33
-10
-43
-27
-17
-28
-15
-22
-15
-5
-10
-14
9
-14
-17
4
-19
11
-4
-13
7
-7
-4
6
-6
-2
2
3
3
11
5
-6
27
-12
21
13
5
35
0
25
19
12
21
29
7
38
22
5
39
19
12
37
34
18
58
31
28
46
34
38
47
41
45
30
41
51
13
41
46
12
34
34
7
33
5
12
25
7
12
36
-11
20
36
-6
30
33
6
15
31
-2
18
9
5
2
1
2
1
-12
-1
-15
-3
-9
-15
5
-17
-16
-1
-12
-22
8
-21
-14
-1
-21
-14
-17
-23
-19
-25
-25
-25
-35
-28
-27
-42
-28
-22
-52
-8
-29
-44
1
-32
-27
-8
-27
-15
-7
-25
-6
-8
-33
4
-29
-20
4
-30
-17
-2
-20
-17
-5
-8
-3
-5
2
3
-12
15
4
-3
16
14
-11
22
13
-9
18
3
10
4
15
11
9
4
14
7
9
16
-1
22
5
14
4
1
17
2
4
21
0
7
6
-2
8
-6
-7
1
-5
-17
-1
-8
-30
-2
-19
-22
-1
-16
-8
-10
-15
-11
-14
-18
5
-15
-21
-4
-15
-30
-4
-22
-23
-2
-22
-20
-2
-17
-32
9
-16
-14
11
-20
-5
-4
-6
-18
2
2
-19
5
-4
-4
-4
-10
5
0
-18
21
-3
-11
13
1
10
8
9
16
-4
25
11
6
19
14
10
7
33
3
20
17
4
27
10
10
30
13
7
29
19
4
33
20
15
28
18
19
15
24
7
9
20
5
-3
17
-6
-3
14
-19
6
9
-21
1
6
-22
5
-1
-15
6
-8
-14
-3
-14
-21
-4
-20
-21
-11
-19
-29
-17
-20
-34
-18
-17
-34
-20
-17
-41
-19
-22
-40
-13
-27
-37
-17
-23
-41
-19
-28
-44
-16
-38
-39
-17
-44
-33
-23
-35
-30
-28
-22
-25
-23
-21
-15
-21
-22
-5
-17
-17
-7
-14
-17
-15
-6
-19
-15
0
-19
-17
8
-12
-19
13
-11
-1
6
-3
4
5
7
-6
14
8
1
12
6
5
12
1
15
13
6
16
12
15
11
17
22
19
20
16
27
27
11
32
26
21
31
19
31
17
28
25
16
33
15
21
28
15
22
21
16
30
13
26
24
13
28
11
18
27
8
14
22
9
10
9
10
-1
8
3
-7
6
1
-11
3
-3
-5
-8
-1
-2
-19
-5
-6
-23
-10
-10
-30
-3
-27
-26
-11
-35
-18
-27
-28
-22
-31
-27
-32
-27
-26
-32
-29
-19
-34
-30
-22
-31
-31
-24
-28
-29
-22
-35
-23
-19
-39
-16
-25
-31
-12
-30
-23
-12
-23
-21
-9
-16
-13
-9
-12
-5
-9
-10
1
-5
-4
4
-6
8
1
-4
17
-1
6
18
3
16
13
8
20
20
15
24
20
28
22
19
34
19
20
33
24
22
33
24
25
34
21
29
35
22
30
29
25
30
27
22
33
20
29
20
19
28
15
18
19
18
11
16
13
10
5
8
7
1
7
1
-2
7
-6
-3
-1
-1
-10
0
-6
-14
2
-17
-11
-5
-15
-14
-9
-16
-11
-17
-16
-11
-22
-13
-17
-16
-18
-20
-13
-23
-12
-14
-25
