4
5
4
5
5
7
5
5
5
6
5
6
6
6
6
4
5
4
6
6
6
5
5
4
5
3
3
3
3
2
2
2
3
3
4
4
3
3
3
3
4
3
3
3
2
3
2
3
3
3
2
3
3
3
3
3
4
3
4
5
4
5
6
6
6
7
6
5
4
5
5
5
4
5
4
4
5
4
4
4
2
2
1
1
0
0
-1
-3
-3
-4
-4
-4
-5
-5
-5
-4
-6
-4
-2
-3
-2
-3
-2
-2
-3
-3
-2
-3
-4
-5
-5
-5
-5
-4
-5
-5
-5
-4
-5
-4
-5
-3
-4
-3
-2
-4
-2
-4
-5
-4
-4
-3
-3
-3
-4
-5
-4
-5
-4
-3
-3
-4
-3
-3
-3
-3
-3
-4
-4
-5
-4
-3
-3
-3
-3
-3
-3
-3
-3
-2
-3
-3
-2
-2
-1
-1
-1
-2
-2
-2
-1
-2
-1
-1
-1
-1
-1
1
0
0
-1
-2
-3
-1
-1
0
-3
-3
-4
-2
-1
-2
-2
-3
-4
-4
-3
-4
-3
-4
-5
-5
-4
-4
-3
-4
-4
-4
-4
-5
-4
-3
-4
-5
-5
-5
-4
-3
-2
-3
-3
-3
-2
-2
-1
-1
-2
-2
-2
1
0
2
2
4
4
5
5
7
5
7
8
6
6
4
4
4
3
3
3
2
3
2
6
6
6
6
6
8
9
10
9
8
11
9
7
6
7
4
4
4
3
3
-1
1
1
1
3
3
4
6
5
7
6
5
7
6
4
5
3
2
3
-1
3
3
3
4
7
11
9
4
3
-1
-3
-4
1
-4
-6
-6
-6
-4
3
4
4
9
11
13
14
17
19
19
24
22
22
23
21
22
25
20
16
16
9
8
4
4
0
-5
-2
2
-6
-1
-3
-4
-2
-8
-5
-1
-5
0
-2
-2
1
0
5
7
10
14
15
13
9
-2
-16
-15
-26
-31
-33
-41
-44
-54
-45
-47
-43
-37
-37
-30
-34
-25
-25
-20
-14
-16
-15
-8
-1
7
13
13
17
18
19
21
15
13
18
18
23
23
18
18
2
11
20
11
13
7
5
-3
-15
-12
-23
-25
-21
-28
-23
-28
-21
-23
-31
-21
-20
-24
-21
-25
-20
-24
-29
-20
-29
-21
-16
-20
-8
-17
-16
-21
-25
-15
-22
-17
-22
-20
-16
-15
-15
-7
5
10
8
13
6
-2
7
8
24
23
24
22
17
33
32
35
36
28
25
17
14
8
7
8
4
0
10
13
17
23
30
35
33
38
33
27
27
17
11
12
8
7
7
13
15
10
17
19
17
19
17
7
-8
-7
-10
-13
-15
-17
-21
-20
-19
-7
-11
-8
-4
-8
-2
-4
8
12
12
13
19
10
13
13
10
3
-9
4
6
2
1
-2
-11
-14
-16
-16
-19
-31
-29
-36
-40
-43
-49
-44
-44
-45
-46
-44
-36
-26
-29
-23
-31
-39
-32
-36
-24
-24
-22
-16
-9
-2
9
8
17
21
36
197
293
272
230
114
72
91
298
584
489
363
187
-30
58
217
438
417
170
35
-180
-218
-92
-112
-94
-187
-263
-228
-328
-340
-436
-489
-373
-376
-283
-316
-508
-566
-653
-574
-446
-440
-400
-456
-415
-248
-200
-82
-67
-124
18
132
329
457
372
265
102
115
238
251
319
253
82
-10
-141
-177
-162
-153
-103
-100
-55
-26
-108
-90
-44
68
282
404
493
484
424
406
371
455
533
528
511
406
294
217
123
91
104
121
134
93
51
2
-53
-13
54
160
306
360
340
292
259
273
318
423
497
446
361
238
142
127
126
151
157
134
84
-5
-51
-75
-102
-52
-24
-31
-63
-162
-278
-402
-454
-450
-446
-446
-507
-630
-798
-997
-1132
-1209
-1282
-1292
-1335
-1468
-1570
-1427
-906
-347
103
499
560
457
438
585
1066
1499
1617
1314
659
206
-108
-302
-180
-96
-125
-388
-877
-1239
-1466
-1456
-1321
-1119
-628
-264
-157
-130
-128
141
543
959
1365
1579
1582
1273
870
726
690
621
517
285
57
-252
-651
-950
-1041
-922
-794
-714
-565
-508
-574
-614
-540
-197
231
547
718
770
779
693
575
626
734
750
653
421
195
-38
-312
-504
-536
-439
-365
-376
-317
-198
-92
47
183
425
693
861
966
1017
1009
969
829
746
740
710
630
438
247
88
-70
-180
-242
-267
-267
-344
-400
-398
-389
-354
-333
-272
-197
-148
-121
-151
-140
-104
-131
-126
-122
-170
-223
-299
-384
-440
-530
-683
-740
-695
-616
-602
-700
-774
-808
-750
-531
-126
630
1081
899
406
8
93
503
1018
1353
1136
569
-237
-930
-832
-409
-184
-292
-632
-827
-988
-1164
-1280
-1209
-686
-139
164
432
502
394
246
321
833
1402
1669
1407
855
521
293
122
170
247
216
-16
-365
-557
-629
-648
-667
-542
-110
226
233
106
-21
2
141
375
708
941
946
673
362
347
493
577
617
579
429
183
-67
-159
-56
70
76
30
54
105
105
115
218
365
474
489
462
465
391
248
125
119
207
184
69
-69
-201
-305
-416
-457
-440
-445
-535
-693
-796
-871
-939
-989
-993
-1031
-1138
-1314
-1499
-1504
-1388
-1180
-937
-549
-23
521
948
989
755
640
811
1278
1771
1943
1536
610
-263
-716
-638
-228
-81
-408
-972
-1497
-1803
-1904
-1777
-1499
-1124
-678
-335
-129
-3
54
199
597
1203
1765
1986
1787
1343
893
719
714
749
735
488
84
-331
-645
-813
-898
-859
-725
-540
-352
-398
-558
-611
-527
-233
241
680
959
959
791
664
687
865
996
1034
1029
927
737
446
137
-69
-145
-72
47
108
25
-251
-472
-476
-268
90
351
442
391
292
253
293
401
500
535
507
450
346
209
27
-142
-211
-254
-308
-436
-667
-943
-1188
-1326
-1370
-1403
-1465
-1619
-1844
-1961
-2044
-1951
-1743
-1671
-1521
-1272
-804
-76
652
1354
1539
1288
1146
1216
1771
2443
2610
2214
1265
332
-193
-321
-14
99
-260
-836
-1532
-1900
-2010
-2064
-1944
-1669
-1143
-625
-361
-172
-111
49
492
1125
1888
2343
2239
1757
1252
1128
1264
1363
1358
1063
583
32
-477
-693
-746
-763
-757
-756
-652
-668
-810
-879
-789
-387
146
600
969
1128
1106
1023
1001
1219
1523
1711
1685
1465
1091
592
170
-28
-26
46
47
-101
-435
-768
-910
-823
-494
-100
130
178
130
120
146
255
444
647
793
789
641
453
240
52
-61
-101
-118
-283
-608
-994
-1384
-1609
-1692
-1745
-1769
-1882
-2021
-2193
-2178
-1998
-1834
-1605
-1371
-882
-14
926
1754
1863
1451
1119
1156
1883
2732
3050
2619
1399
197
-495
-540
-100
64
-307
-995
-1748
-2184
-2422
-2505
-2300
-1938
-1343
-840
-571
-426
-477
-344
133
928
1850
2270
2096
1579
1040
884
979
1152
1278
1032
575
-8
-519
-772
-947
-960
-805
-623
-477
-640
-961
-1145
-1079
-657
-77
477
837
845
688
603
713
1106
1474
1750
1901
1625
1154
665
364
411
540
685
596
167
-217
-534
-605
-321
-41
129
109
16
11
-31
51
145
257
479
565
592
550
367
235
141
176
250
170
-23
-458
-924
-1209
-1468
-1611
-1706
-1866
-2082
-2345
-2569
-2729
-2678
-2430
-2093
-1522
-644
313
1117
1289
975
728
1081
2006
2924
3392
3065
1853
528
-314
-364
202
507
79
-864
-1763
-2323
-2725
-2810
-2574
-2156
-1614
-1246
-1104
-971
-854
-615
-21
963
1991
2435
2310
1845
1429
1418
1620
1885
2022
1794
1224
511
11
-242
-430
-519
-516
-479
-506
-806
-1212
-1452
-1370
-1017
-500
16
339
349
282
355
741
1350
1862
2280
2324
2019
1602
1252
1172
1237
1294
1199
745
281
-181
-576
-616
-483
-340
-279
-340
-433
-632
-748
-685
-448
28
418
554
512
314
193
196
385
641
723
544
122
-412
-807
-1081
-1267
-1393
-1590
-1863
-2308
-2796
-3230
-3331
-3019
-2488
-1800
-936
-27
765
967
746
693
1277
2414
3449
3926
3603
2400
988
-3
-66
644
1041
486
-752
-1964
-2690
-3178
-3384
-3245
-2833
-2321
-2048
-1906
-1644
-1343
-951
-265
863
2144
2799
2692
2190
1893
2051
2396
2672
2740
2363
1577
685
130
-46
-172
-405
-674
-846
-976
-1312
-1750
-1964
-1878
-1491
-970
-429
-50
37
-20
123
698
1512
2301
2554
2294
1898
1575
1549
1726
1945
1853
1158
420
-169
-472
-434
-285
-208
-358
-567
-714
-847
-831
-691
-527
-251
14
191
213
80
-7
43
242
522
663
562
210
-246
-537
-706
-754
-844
-1093
-1501
-1956
-2398
-2836
-3070
-3107
-2914
-2467
-1836
-1075
-185
573
646
355
461
1321
2642
3683
3938
3205
1881
651
17
361
1225
1347
296
-1236
-2406
-2973
-3273
-3443
-3417
-3116
-2823
-2819
-2848
-2574
-2124
-1545
-549
838
2133
2675
2411
2004
2147
2783
3349
3621
3556
3019
2078
1182
733
648
494
75
-415
-738
-1058
-1617
-2184
-2346
-2060
-1557
-1054
-662
-457
-446
-364
178
1230
2213
2651
2570
2315
2125
2198
2462
2570
2312
1688
932
351
117
27
-239
-516
-643
-688
-737
-803
-891
-947
-895
-662
-323
-53
3
-119
-179
-47
212
461
590
490
328
145
-107
-274
-390
-712
-1063
-1330
-1487
-1888
-2317
-2696
-3140
-3138
-2812
-2127
-1384
-417
410
391
157
170
752
2140
3475
4096
3698
2539
1282
383
530
1414
1728
1091
-381
-1872
-2772
-3285
-3552
-3613
-3375
-3047
-3114
-3270
-3220
-3020
-2448
-1514
-131
1427
2320
2306
1886
1886
2587
3388
4002
4163
3721
2926
1991
1363
1210
1085
705
61
-491
-935
-1564
-2193
-2602
-2635
-2250
-1776
-1393
-1120
-1031
-894
-319
685
1802
2476
2650
2536
2410
2657
2957
3005
2773
2153
1417
840
576
351
-146
-581
-902
-1078
-1105
-1209
-1356
-1445
-1358
-1076
-775
-509
-442
-505
-380
-93
255
515
609
531
484
457
384
250
-6
-446
-850
-1107
-1339
-1667
-2173
-2636
-3103
-3137
-2674
-1997
-1181
-153
444
228
-185
-75
960
2505
3817
4186
3378
2261
1175
736
1393
2289
2319
1073
-658
-1974
-2747
-3109
-3400
-3591
-3421
-3445
-3818
-4070
-4001
-3570
-2882
-1793
-262
1010
1597
1415
1221
1812
2885
3840
4401
4377
3824
2936
2250
2011
2046
1912
1288
430
-287
-1022
-1778
-2378
-2632
-2545
-2292
-1991
-1839
-1791
-1717
-1449
-630
694
1964
2686
2769
2544
2444
2738
3323
3775
3733
3043
1970
1096
636
402
181
-158
-590
-1028
-1391
-1750
-2098
-2228
-2036
-1660
-1225
-924
-940
-1093
-1078
-703
-129
422
742
704
517
419
381
399
326
37
-395
-828
-1202
-1556
-1999
-2569
-3044
-3063
-2574
-1935
-1135
-154
233
-121
-543
-176
1177
2856
4014
4020
3106
2022
1113
1074
2089
3001
2703
1184
-557
-1709
-2337
-2667
-2948
-3032
-2956
-3252
-3845
-4168
-4098
-3678
-2927
-1665
-161
822
1013
698
784
1659
2824
3788
4264
4086
3376
2551
2184
2267
2416
2205
1506
658
-129
-955
-1661
-2135
-2305
-2281
-2179
-2059
-2134
-2230
-2136
-1645
-639
551
1574
2186
2320
2254
2362
2833
3448
3813
3695
3066
2228
1549
1101
805
637
413
-56
-626
-1087
-1487
-1814
-1922
-1756
-1529
-1408
-1428
-1545
-1611
-1402
-1028
-578
-123
107
138
82
121
215
284
240
102
-189
-490
-953
-1416
-1840
-2242
-2324
-2174
-1827
-1546
-817
-71
1
-370
-658
-63
1263
2603
3376
2989
2111
1144
564
1281
2588
3133
2252
482
-820
-1482
-1794
-2010
-2310
-2407
-2677
-3352
-3847
-3942
-3805
-3478
-2816
-1492
-267
251
85
-84
560
1744
2869
3645
3810
3448
2735
2294
2436
2724
2784
2272
1401
649
-109
-810
-1382
-1782
-1947
-2005
-1973
-2062
-2363
-2458
-2182
-1550
-496
556
1373
1834
1918
2019
2388
3031
3712
3909
3699
3125
2343
1767
1343
1120
980
582
39
-535
-984
-1383
-1710
-1731
-1585
-1484
-1489
-1613
-1719
-1732
-1517
-1113
-706
-357
-237
-291
-191
-51
98
217
86
-39
-368
-661
-924
-1265
-1609
-2015
-2153
-1882
-1748
-1357
-438
238
194
-419
-669
72
1344
2678
3145
2615
1826
765
422
1376
2688
3008
1834
280
-641
-1120
-1339
-1732
-2023
-2031
-2366
-2987
-3427
-3494
-3439
-3316
-2571
-1286
-234
81
-290
-352
436
1637
2737
3329
3416
3058
2518
2416
2663
2934
2813
2129
1314
614
17
-562
-1182
-1663
-1911
-1989
-2009
-2307
-2629
-2655
-2309
-1587
-748
123
858
1192
1400
1784
2435
3191
3550
3624
3382
2871
2436
2013
1696
1544
1202
665
-16
-483
-776
-1211
-1442
-1470
-1502
-1631
-1794
-1899
-1927
-1783
-1513
-1194
-899
-698
-680
-556
-261
-35
83
100
-52
-246
-494
-670
-834
-1046
-1324
-1773
-1868
-1574
-1412
-797
84
483
171
-489
-346
585
1813
2887
2777
2031
1210
410
709
1806
2753
2406
985
-182
-773
-1038
-1153
-1558
-1774
-1968
-2399
-2858
-3083
-2990
-2918
-2694
-1802
-840
-234
-226
-459
-27
942
2059
2811
2945
2789
2413
2244
2527
2857
3013
2604
1794
1001
384
6
-397
-894
-1282
-1581
-1732
-1999
-2434
-2504
-2186
-1564
-874
-358
95
372
666
1189
1928
2776
3275
3207
2909
2618
2465
2282
2141
1971
1666
1135
449
-150
-537
-806
-966
-1088
-1197
-1438
-1821
-2086
-2152
-1999
-1747
-1532
-1385
-1331
-1258
-1130
-927
-656
-482
-416
-374
-418
-516
-788
-1053
-1204
-1448
-1413
-1383
-1249
-1039
-404
332
286
-202
-558
-118
1006
2097
2712
2309
1289
331
-29
859
2269
2679
1741
209
-751
-952
-970
-947
-1070
-1366
-1847
-2531
-2890
-2820
-2674
-2500
-2029
-1081
-349
-319
-630
-691
91
1339
2371
2929
2798
2311
1868
1900
2535
3087
3078
2538
1725
1041
465
10
-323
-579
-729
-1014
-1416
-1935
-2398
-2369
-1889
-1136
-421
-53
-38
-13
271
1024
1917
2629
2988
2812
2503
2300
2149
2154
2179
2144
1815
1196
518
-73
-426
-521
-555
-603
-923
-1409
-1884
-2080
-1966
-1820
-1703
-1604
-1613
-1547
-1423
-1293
-999
-802
-628
-583
-551
-520
-631
-896
-1066
-1112
-1084
-779
-730
-574
180
698
745
68
-407
231
1135
2199
2679
2133
1298
274
-107
744
1984
2524
1583
216
-565
-908
-948
-954
-901
-954
-1470
-2146
-2719
-2776
-2460
-2355
-1865
-1076
-599
-629
-995
-932
-178
830
1820
2299
2287
1947
1535
1632
2168
2743
2815
2361
1849
1206
594
193
-191
-372
-623
-981
-1351
-1888
-2265
-2261
-1940
-1281
-785
-623
-533
-461
-36
651
1471
2194
2462
2436
2268
2146
2239
2338
2401
2370
2049
1472
759
235
-48
-205
-220
-314
-691
-1331
-1894
-2098
-1957
-1715
-1619
-1769
-1932
-1952
-1921
-1569
-1200
-906
-783
-907
-850
-752
-818
-711
-942
-921
-721
-798
-555
-396
636
1340
935
322
-318
272
1410
2228
2752
2008
933
-49
-377
839
1986
1987
948
-393
-716
-851
-1009
-1049
-1149
-1086
-1469
-2081
-2316
-2483
-2398
-2234
-1653
-609
-377
-727
-1130
-1004
28
1015
1712
2034
1751
1518
1313
1672
2435
2695
2552
2017
1622
1376
910
590
189
-107
-238
-682
-1108
-1643
-1975
-1746
-1363
-803
-471
-609
-714
-687
-135
778
1539
2082
2098
1931
1935
2016
2217
2340
2482
2488
2050
1473
888
458
202
7
-37
-259
-650
-1260
-1888
-2122
-2033
-1880
-1857
-1912
-1965
-2075
-2144
-1891
-1608
-1289
-1109
-972
-959
-980
-999
-1079
-1185
-971
-696
-553
-472
-257
620
1076
897
335
-98
548
1447
2183
2388
1694
824
-72
-53
1042
1956
1806
624
-511
-752
-796
-772
-922
-1044
-1143
-1609
-2031
-2172
-2143
-2015
-1911
-1322
-530
-366
-675
-1040
-723
169
1036
1661
1770
1530
1291
1194
1704
2293
2551
2348
1874
1561
1229
898
650
357
93
-165
-528
-925
-1481
-1749
-1593
-1228
-794
-644
-561
-503
-430
-59
467
1173
1721
1947
2031
2001
2073
2069
2123
2398
2579
2395
1795
1199
949
734
558
324
0
-436
-949
-1313
-1535
-1668
-1794
-2005
-2114
-2094
-2099
-2097
-2120
-1922
-1714
-1618
-1363
-1341
-1275
-1121
-1065
-918
-970
-882
-634
-515
145
1145
1426
1042
144
-72
785
1845
2728
2454
1471
515
-191
235
1306
2036
1634
238
-697
-876
-802
-694
-908
-1029
-1287
-1784
-2177
-2430
-2347
-2161
-1883
-1231
-725
-766
-1186
-1352
-707
318
1226
1675
1544
1254
1044
1280
2010
2578
2741
2282
1750
1473
1228
1067
857
520
112
-349
-800
-1231
-1632
-1749
-1556
-1297
-1092
-1118
-1081
-818
-542
-52
422
906
1293
1460
1714
1909
1968
2012
2094
2314
2502
2303
1795
1333
1232
1170
986
715
275
-253
-739
-943
-983
-1173
-1546
-1958
-2207
-2220
-2083
-2051
-2047
-2009
-2093
-2053
-1947
-1698
-1413
-1425
-1390
-1291
-1247
-959
-727
-491
120
1110
1595
1304
470
205
862
1864
2772
2744
1864
688
-192
76
1223
2163
1821
378
-749
-1043
-845
-697
-726
-819
-1178
-1770
-2235
-2412
-2170
-1916
-1679
-1176
-723
-716
-1119
-1274
-629
402
1294
1681
1509
1186
1005
1334
2013
2655
2889
2419
1786
1437
1274
1303
1168
834
340
-274
-806
-1310
-1666
-1567
-1309
-1167
-1186
-1413
-1386
-1244
-853
-164
360
834
983
975
1199
1505
1868
2032
2132
2331
2302
2051
1687
1472
1489
1339
1150
836
378
-49
-512
-729
-746
-908
-1240
-1766
-2112
-2224
-2104
-1962
-1949
-2072
-2290
-2381
-2324
-2032
-1732
-1623
-1675
-1761
-1623
-1160
-759
-394
171
1135
1527
1270
665
612
1465
2407
3015
2882
1989
940
104
431
1607
2312
1689
157
-974
-1132
-952
-821
-789
-922
-1383
-2108
-2540
-2483
-2115
-1783
-1506
-1068
-752
-944
-1228
-1122
-274
761
1409
1619
1403
1096
1085
1553
2338
2849
2777
2271
1707
1514
1436
1432
1299
925
374
-236
-801
-1196
-1503
-1398
-1185
-1122
-1264
-1599
-1621
-1493
-1017
-349
143
503
511
510
794
1232
1737
1906
2021
2150
2115
1949
1770
1764
1830
1617
1321
901
478
148
-122
-260
-456
-811
-1295
-1779
-2017
-2026
-1997
-1908
-2017
-2153
-2446
-2640
-2397
-2210
-1812
-1679
-1754
-1870
-2003
-1610
-1092
-477
273
1138
1277
878
263
333
1499
2598
3244
2829
1759
805
178
713
1855
2465
1825
171
-1000
-1146
-919
-688
-804
-978
-1534
-2321
-2807
-2811
-2286
-1804
-1529
-1191
-1025
-1216
-1468
-1255
-218
900
1522
1512
1135
944
1168
1831
2741
3190
3043
2360
1766
1741
1889
2064
1870
1324
650
-48
-535
-862
-997
-881
-918
-976
-1407
-1701
-1698
-1533
-931
-461
-89
53
-97
45
369
1005
1563
1660
1762
1758
1815
1832
1813
2014
2016
1779
1423
1003
736
443
249
91
-251
-661
-1236
-1724
-1879
-1856
-1856
-1997
-2338
-2593
-2807
-2789
-2418
-2228
-2071
-2272
-2408
-2391
-2078
-1422
-894
-521
43
798
1006
849
541
824
1837
2727
3222
2765
1774
871
538
1311
2421
2695
1632
-63
-991
-863
-481
-282
-635
-1193
-2022
-2704
-2827
-2516
-2104
-1935
-1934
-1694
-1505
-1527
-1508
-1164
-230
678
1168
1192
982
968
1347
2096
2969
3260
3009
2366
2013
2147
2422
2515
2095
1379
656
93
-212
-396
-515
-635
-908
-1157
-1526
-1624
-1620
-1411
-1023
-731
-482
-450
-484
-245
199
875
1277
1323
1402
1441
1653
1843
2037
2194
2062
1775
1483
1262
1175
991
737
366
-89
-486
-966
-1318
-1469
-1609
-1731
-2077
-2452
-2788
-2920
-2845
-2601
-2425
-2438
-2639
-2849
-2660
-2303
-1595
-1078
-872
-263
571
927
906
538
894
1921
2823
3354
2892
2053
1212
744
1578
2625
2885
1810
53
-765
-637
-259
-202
-689
-1235
-2074
-2748
-2821
-2573
-2157
-2149
-2247
-2002
-1834
-1794
-1758
-1393
-448
336
780
799
672
872
1329
2151
2929
3114
2870
2333
2219
2554
2861
2906
2364
1595
924
458
275
54
-156
-411
-852
-823
-1257
-1496
-1616
-1701
-1187
-879
-522
-495
-887
-739
-433
409
1076
1131
1158
917
1083
1557
1910
2277
2085
1779
1454
1250
1440
1346
1145
754
191
-209
-703
-1027
-1141
-1343
-1436
-1872
-2346
-2775
-3144
-3066
-2828
-2612
-2647
-3073
-3338
-3325
-2830
-1986
-1427
-1138
-434
220
422
474
359
1066
2213
3086
3421
2809
1995
1279
1307
2412
3283
3117
1689
33
-453
-103
314
153
-596
-1473
-2446
-2912
-2774
-2401
-2107
-2349
-2598
-2445
-2281
-2104
-1881
-1322
-458
138
408
381
476
952
1662
2551
3131
3069
2700
2326
2593
3157
3459
3293
2541
1771
1233
962
884
745
453
-15
-602
-959
-1234
-1372
-1307
-1226
-1135
-1128
-1261
-1298
-1224
-788
-156
305
454
360
437
756
1269
1749
1976
1940
1794
1616
1656
1757
1804
1671
1292
843
412
27
-311
-581
-697
-870
-1333
-1834
-2413
-2780
-2805
-2843
-2753
-2904
-3325
-3576
-3740
-3377
-2833
-2333
-2028
-1732
-683
-108
65
63
143
1250
2367
3143
3248
2496
1878
1438
2047
3346
3713
2979
1288
146
248
634
806
251
-673
-1608
-2529
-2690
-2517
-2341
-2386
-2886
-2920
-2747
-2726
-2574
-2325
-1593
-810
-452
-290
-247
160
905
1718
2582
2832
2694
2448
2463
3154
3666
3740
3269
2485
2004
1745
1626
1524
1191
716
112
-425
-671
-904
-1001
-1061
-1172
-1210
-1349
-1472
-1474
-1320
-838
-387
-142
-148
-175
96
583
1150
1532
1610
1582
1543
1585
1790
1981
2030
1794
1423
1098
800
513
193
-37
-218
-664
-1109
-1690
-2191
-2414
-2551
-2604
-2750
-3084
-3555
-3854
-3778
-3316
-2962
-2482
-2438
-1860
-818
-541
-323
-396
74
1324
2303
3066
2774
2114
1727
1646
2841
3910
3797
2698
1049
576
955
1314
1252
237
-702
-1772
-2369
-2190
-2130
-2159
-2647
-3232
-3098
-2977
-2875
-2793
-2530
-1848
-1410
-1114
-941
-745
-52
670
1493
2206
2237
2216
2133
2641
3476
3861
3774
3143
2530
2347
2265
2347
2053
1499
910
177
9
-224
-71
-340
-1027
-1278
-1684
-1518
-1215
-1165
-1002
-1266
-1170
-1046
-816
-98
201
476
569
634
1030
1201
1522
1695
1648
1736
1543
1585
1482
1162
1044
609
402
248
-175
-527
-1080
-1410
-1771
-2141
-2331
-2659
-2965
-3239
-3598
-3623
-3474
-3380
-3058
-2968
-1914
-1048
-974
-1047
-1246
-488
825
1980
2749
2345
1770
1276
1486
3069
4127
4029
2761
1302
1117
1504
1923
1867
978
-21
-1268
-1744
-1517
-1426
-1557
-2260
-2877
-2918
-2981
-2931
-2815
-2451
-1997
-1877
-1748
-1692
-1343
-580
167
1052
1575
1563
1569
1732
2452
3351
3771
3692
3104
2677
2593
2705
2958
2718
2277
1628
936
737
517
410
166
-315
-672
-1071
-1208
-1282
-1411
-1268
-1264
-1230
-1176
-1162
-920
-697
-273
116
284
418
448
709
1100
1365
1596
1453
1295
1283
1182
1148
1036
785
585
188
-215
-575
-942
-1288
-1748
-1974
-2241
-2568
-2983
-3535
-3705
-3560
-3233
-3048
-2960
-2116
-1797
-1753
-1706
-1526
-495
465
1289
1678
1418
1300
1080
1644
3060
3769
3503
2307
1433
1616
1999
2290
1981
1175
197
-925
-1107
-876
-825
-1154
-2115
-2667
-2722
-2761
-2668
-2603
-2297
-2188
-2289
-2234
-2079
-1507
-808
-249
408
680
757
985
1407
2321
2985
3219
3063
2697
2689
2853
3049
3177
2812
2343
1846
1459
1468
1319
1057
603
7
-283
-484
-517
-606
-895
-1016
-1243
-1295
-1137
-968
-747
-695
-619
-452
-268
13
230
499
785
924
990
925
938
1095
1182
1111
1018
772
537
284
63
-185
-489
-777
-1271
-1638
-1976
-2169
-2530
-2889
-3059
-3218
-3076
-3013
-2277
-1654
-1821
-2071
-2314
-1481
-172
805
1294
885
556
475
841
2313
3441
3398
2387
1333
1507
2095
2493
2365
1623
949
66
-475
-331
-321
-554
-1314
-2058
-2201
-2296
-2402
-2508
-2371
-2038
-2187
-2326
-2356
-2125
-1393
-846
-307
-2
-10
142
565
1398
2259
2557
2472
2140
2154
2587
2909
3177
2983
2515
2139
1797
1826
1894
1668
1306
716
286
74
31
-12
-326
-550
-749
-1066
-1074
-943
-773
-640
-652
-660
-656
-493
-269
-2
330
509
589
503
428
651
851
933
893
680
482
285
229
81
-152
-390
-843
-1127
-1434
-1584
-1984
-2205
-2561
-2740
-2626
-2701
-1911
-1648
-1973
-2248
-2395
-1389
-316
407
653
47
-20
158
834
2254
2835
2505
1597
1040
1711
2354
2631
2182
1373
874
252
168
372
142
-238
-1086
-1680
-1757
-1888
-1908
-2088
-2017
-1955
-2273
-2347
-2343
-2023
-1345
-995
-611
-565
-586
-292
260
1147
1724
1870
1799
1559
1798
2319
2698
2926
2581
2204
1973
1900
2034
2030
1857
1413
812
426
281
427
471
142
-315
-701
-909
-869
-589
-409
-512
-734
-881
-855
-555
-270
-113
-44
-33
8
118
240
421
528
485
419
415
338
201
111
-72
-285
-503
-707
-1007
-1335
-1541
-1812
-2006
-2154
-2333
-2439
-2315
-1546
-1486
-1816
-2168
-2120
-1214
-255
420
431
-168
-346
-152
847
2238
2543
1929
935
764
1542
2206
2385
1854
1124
552
72
304
495
265
-267
-1049
-1427
-1478
-1613
-1726
-1817
-1684
-1787
-2086
-2177
-2152
-1652
-1092
-795
-551
-610
-623
-270
419
1252
1560
1566
1393
1349
1850
2315
2575
2619
2265
2007
1914
1991
2149
2048
1825
1384
932
717
588
655
603
348
37
-409
-605
-483
-231
-8
-158
-429
-621
-541
-168
67
167
111
-7
34
183
467
651
534
301
205
343
420
400
236
-115
-357
-542
-693
-803
-1033
-1275
-1727
-1916
-2026
-2182
-2157
-2266
-1568
-1266
-1710
-2054
-2223
-1415
-387
331
599
-146
-441
-352
319
1916
2624
2112
1063
433
1179
2056
2488
2110
1185
629
54
179
618
436
-3
-782
-1391
-1382
-1484
-1536
-1798
-1780
-1723
-2036
-2167
-2226
-2010
-1371
-1061
-798
-728
-840
-545
-34
807
1313
1365
1244
1074
1435
2102
2399
2503
2172
1859
1796
1895
2130
2110
1833
1430
924
736
773
784
705
302
-14
-276
-496
-420
-348
-293
-357
-538
-651
-695
-439
-237
-212
-152
-172
-139
-42
117
358
384
197
43
89
202
278
291
-38
-361
-526
-690
-698
-829
-988
-1434
-1832
-1981
-2045
-1939
-1882
-1335
-1178
-1677
-2065
-2064
-1347
-418
286
431
-182
-528
-485
211
1665
2395
1936
956
459
1052
1968
2407
2097
1349
666
158
325
801
685
132
-608
-1162
-1189
-1175
-1288
-1522
-1612
-1717
-1955
-1998
-2029
-1862
-1427
-1165
-933
-810
-870
-650
-96
634
1043
1115
1064
1032
1381
1932
2246
2384
2161
1845
1800
2021
2264
2218
1852
1375
1024
922
1011
972
778
373
-16
-232
-337
-212
-131
-283
-451
-545
-524
-453
-293
-191
-223
-210
-134
-49
81
205
291
282
104
61
121
138
129
106
-100
-428
-646
-703
-867
-970
-1076
-1477
-1673
-1893
-1987
-2045
-1506
-931
-1294
-1712
-2114
-1794
-756
-33
409
9
-470
-596
-342
983
2069
2009
1217
372
631
1550
2126
2193
1468
865
321
253
741
805
396
-351
-1076
-1107
-1003
-1061
-1298
-1649
-1752
-1976
-1979
-1910
-1907
-1602
-1438
-1306
-1030
-963
-729
-369
217
679
842
935
908
1110
1728
2081
2233
2153
1886
1853
1907
2229
2333
2134
1765
1213
1034
1147
1151
1115
667
265
-1
-185
-94
-56
-31
-313
-636
-611
-501
-252
-38
-122
-201
-257
-132
66
226
464
393
209
72
86
328
310
255
119
-235
-490
-611
-678
-780
-907
-1201
-1574
-1820
-1771
-1905
-1650
-1022
-1204
-1548
-1986
-1954
-1083
-359
227
20
-554
-680
-627
435
1608
1853
1295
370
327
1163
1889
2250
1716
999
390
163
749
1059
819
53
-853
-1076
-923
-821
-877
-1298
-1591
-1958
-2120
-1968
-1910
-1700
-1530
-1550
-1426
-1391
-1152
-751
-207
333
378
432
494
692
1307
1811
2023
1992
1709
1694
1803
2173
2415
2243
1942
1430
1163
1262
1305
1294
961
489
159
-111
-104
-39
-19
-229
-583
-676
-642
-507
-279
-273
-283
-337
-337
-200
-39
239
337
207
61
-2
137
263
342
337
17
-310
-612
-639
-531
-579
-830
-1219
-1620
-1668
-1753
-1434
-762
-971
-1337
-1915
-1910
-1051
-326
261
79
-515
-625
-589
388
1516
1839
1363
409
319
1072
1793
2237
1796
1110
500
159
788
1216
1076
333
-631
-923
-798
-594
-566
-1045
-1411
-1866
-2028
-1791
-1714
-1556
-1542
-1626
-1491
-1430
-1222
-881
-460
76
145
247
284
406
961
1481
1824
1846
1527
1511
1674
2060
2422
2309
2049
1548
1283
1408
1573
1626
1161
593
299
103
210
252
144
-185
-634
-762
-686
-463
-271
-407
-605
-707
-582
-346
-224
-17
97
6
-122
-128
62
155
173
261
59
-170
-398
-521
-537
-543
-621
-920
-1313
-1444
-1511
-1357
-730
-705
-1126
-1651
-1800
-1127
-370
195
108
-590
-800
-739
129
1317
1642
1123
246
82
850
1689
2106
1699
956
401
116
720
1291
1174
424
-529
-913
-662
-356
-323
-785
-1301
-1773
-1987
-1716
-1517
-1413
-1490
-1712
-1729
-1600
-1341
-994
-614
-195
-141
-99
27
218
719
1225
1517
1587
1387
1317
1496
1908
2303
2288
2058
1650
1395
1479
1691
1794
1548
956
512
257
300
442
438
149
-383
-657
-714
-576
-314
-264
-499
-722
-784
-613
-448
-189
-9
-56
-170
-264
-92
113
185
301
223
-42
-266
-354
-311
-347
-354
-556
-1006
-1206
-1235
-1227
-568
-422
-802
-1397
-1747
-1203
-472
204
279
-460
-843
-840
-182
1131
1618
1228
250
-135
535
1461
2085
1780
941
387
60
575
1303
1265
627
-356
-820
-670
-352
-207
-631
-1144
-1543
-1884
-1696
-1555
-1482
-1447
-1622
-1680
-1658
-1505
-1192
-851
-337
-175
-278
-210
-104
370
984
1346
1413
1174
1055
1239
1646
2158
2206
1955
1618
1365
1491
1710
1800
1651
1224
805
523
506
589
570
385
-74
-353
-419
-427
-352
-304
-443
-647
-751
-663
-574
-442
-293
-294
-375
-422
-287
-126
-25
44
45
-70
-284
-298
-277
-336
-329
-512
-745
-956
-1020
-1019
-636
-282
-555
-1125
-1457
-1177
-500
134
286
-283
-802
-810
-337
731
1493
1228
316
-216
201
1183
1894
1778
985
316
47
426
1214
1411
762
-174
-717
-639
-211
11
-331
-937
-1385
-1667
-1544
-1280
-1254
-1351
-1509
-1648
-1600
-1381
-1144
-934
-587
-364
-377
-321
-209
72
611
1022
1143
1026
929
1038
1379
1827
1990
1857
1569
1315
1372
1664
1827
1695
1298
899
680
688
777
763
586
152
-241
-322
-226
-139
-143
-362
-647
-799
-723
-584
-471
-389
-445
-620
-709
-578
-334
-203
-223
-326
-435
-492
-440
-314
-257
-407
-665
-836
-853
-767
-706
-352
-265
-673
-1021
-1146
-755
-160
237
264
-346
-716
-607
-116
800
1303
978
214
-214
272
1134
1682
1534
801
219
1
411
1129
1240
606
-224
-663
-462
-135
56
-254
-858
-1289
-1509
-1325
-1074
-1115
-1242
-1410
-1512
-1449
-1291
-1017
-828
-578
-428
-459
-361
-181
73
520
848
968
865
792
964
1291
1663
1751
1614
1468
1303
1341
1594
1685
1552
1258
972
784
756
812
763
609
315
10
-87
-47
-44
-62
-187
-390
-536
-556
-520
-468
-350
-338
-504
-615
-550
-406
-265
-219
-270
-399
-534
-550
-437
-294
-335
-572
-765
-834
-775
-699
-288
-88
-430
-870
-1076
-708
-86
350
422
-121
-573
-549
-109
774
1311
1036
281
-205
173
978
1544
1463
776
211
-50
255
969
1175
616
-229
-692
-502
-122
70
-212
-801
-1233
-1447
-1257
-983
-1046
-1247
-1464
-1527
-1434
-1298
-1089
-983
-809
-650
-604
-483
-366
-192
187
529
703
621
548
721
1018
1399
1542
1440
1278
1124
1194
1489
1677
1603
1226
917
782
808
936
899
722
388
54
-66
34
144
86
-154
-414
-570
-514
-409
-400
-372
-437
-617
-725
-631
-410
-281
-305
-425
-593
-655
-590
-442
-269
-342
-614
-806
-822
-651
-485
-108
22
-356
-736
-855
-439
164
502
478
-56
-451
-323
154
940
1340
964
285
-66
362
1099
1515
1348
649
169
47
343
930
1068
539
-245
-672
-457
-69
103
-143
-750
-1162
-1347
-1175
-860
-871
-1104
-1347
-1469
-1396
-1249
-981
-799
-737
-704
-748
-595
-375
-164
148
391
486
439
407
627
931
1225
1333
1212
1104
1027
1091
1342
1492
1427
1158
918
797
756
876
880
733
473
163
18
46
131
137
-51
-288
-465
-489
-406
-385
-363
-386
-550
-712
-681
-489
-335
-332
-426
-569
-693
-676
-553
-366
-339
-554
-770
-776
-621
-473
-79
111
-206
-623
-798
-390
274
602
525
-18
-351
-234
222
986
1352
1001
290
-73
364
1095
1492
1291
585
156
101
435
916
996
543
-165
-566
-401
-80
95
-94
-634
-1028
-1203
-1070
-786
-739
-900
-1125
-1239
-1244
-1168
-888
-654
-548
-578
-688
-593
-366
-145
106
289
379
291
219
456
764
999
1019
876
783
826
979
1150
1217
1122
880
730
828
930
924
798
595
369
237
261
281
199
40
-170
-312
-344
-323
-274
-329
-445
-493
-478
-502
-496
-425
-376
-383
-358
-347
-362
-356
-302
-217
-132
-116
-231
-297
-236
-132
-97
59
182
8
-313
-477
-218
296
537
370
-131
-414
-249
120
577
763
453
-82
-323
13
595
896
703
121
-216
-97
270
614
570
138
-297
-409
-240
-48
16
-130
-459
-697
-788
-705
-537
-526
-670
-795
-829
-840
-846
-704
-513
-414
-428
-554
-592
-452
-216
3
112
88
-40
-85
120
388
547
546
377
208
215
378
566
638
527
319
198
259
352
434
415
257
83
-21
-8
47
83
12
-155
-261
-276
-227
-128
-55
-39
-55
-95
-79
46
219
363
405
392
360
386
528
689
769
754
668
607
628
681
724
681
578
442
299
217
200
225
199
81
-120
-311
-374
-292
-233
-275
-418
-638
-781
-731
-558
-437
-463
-667
-839
-779
-529
-323
-305
-477
-637
-594
-425
-248
-206
-295
-445
-464
-335
-206
-161
-234
-345
-346
-254
-183
-162
-169
-169
-145
-90
-37
-21
-18
1
48
127
161
134
117
162
251
322
363
326
238
224
288
387
451
394
256
164
181
254
318
304
190
53
-37
-53
-2
46
-26
-185
-302
-299
-210
-130
-136
-187
-203
-161
-89
-19
66
117
168
241
306
350
426
533
612
685
724
735
740
786
843
869
867
797
694
637
643
666
631
519
351
196
138
144
134
29
-152
-345
-460
-458
-433
-475
-606
-798
-955
-958
-826
-711
-736
-901
-1042
-996
-797
-595
-516
-571
-658
-631
-472
-261
-133
-105
-165
-182
-114
-9
68
112
115
72
42
28
11
22
61
70
60
13
-56
-108
-69
-9
16
15
-48
-127
-124
-39
45
77
22
-55
-86
2
103
152
141
35
-34
-32
44
125
138
56
-71
-105
-59
12
61
46
1
-2
47
125
188
227
241
244
296
373
430
461
482
521
578
630
641
610
602
641
665
649
599
533
479
448
457
459
394
289
164
115
131
136
88
-22
-150
-259
-298
-267
-270
-304
-411
-540
-589
-553
-461
-431
-493
-597
-627
-571
-424
-338
-353
-425
-450
-367
-251
-144
-116
-128
-133
-86
-8
46
96
118
123
131
122
90
71
87
116
134
103
8
-101
-133
-91
-50
-73
-190
-333
-389
-342
-247
-223
-292
-416
-523
-494
-385
-292
-303
-409
-499
-514
-421
-315
-278
-332
-413
-433
-384
-294
-236
-249
-281
-285
-235
-162
-124
-104
-89
-42
47
105
133
130
133
209
320
396
416
389
375
424
512
593
612
557
493
477
530
614
634
565
473
446
490
548
540
453
356
305
303
345
350
299
200
107
82
112
162
142
71
-13
-43
8
93
130
105
13
-18
28
95
163
156
134
108
97
116
132
138
115
89
60
22
-16
-84
-114
-107
-114
-142
-229
-341
-410
-412
-371
-367
-424
-536
-627
-620
-533
-461
-458
-514
-566
-544
-456
-340
-280
-303
-340
-335
-255
-142
-71
-38
-40
-32
7
70
145
174
177
190
218
283
324
331
339
337
382
404
436
428
391
387
395
440
462
439
404
398
388
407
404
374
328
303
319
350
367
319
244
212
238
292
304
243
159
93
92
144
185
169
78
-32
-46
15
89
86
-10
-112
-163
-133
-51
-14
-59
-160
-226
-207
-134
-74
-80
-127
-159
-153
-137
-126
-113
-114
-130
-152
-189
-224
-275
-311
-311
-318
-356
-449
-558
-624
-624
-607
-604
-653
-765
-846
-836
-754
-683
-679
-747
-803
-743
-622
-511
-455
-482
-491
-459
-338
-182
-95
-75
-82
-49
45
148
245
276
273
292
350
438
503
524
509
514
526
555
580
572
573
577
570
568
575
561
532
517
497
500
506
471
418
360
346
358
362
321
227
155
145
161
173
139
73
3
-41
-34
-2
16
-19
-98
-165
-157
-96
-60
-85
-159
-217
-213
-150
-90
-82
-107
-143
-147
-92
-21
24
22
24
38
67
104
139
178
191
190
186
186
162
141
127
131
129
90
10
-74
-104
-114
-113
-157
-248
-344
-403
-398
-367
-368
-430
-523
-549
-514
-460
-426
-466
-531
-549
-510
-418
-340
-323
-342
-357
-314
-233
-156
-109
-110
-119
-85
-9
72
96
87
97
125
175
220
228
237
237
253
293
331
347
345
354
360
388
419
433
420
404
407
409
422
411
374
329
312
310
302
257
192
128
76
63
54
28
-27
-95
-161
-182
-163
-138
-166
-237
-305
-317
-275
-227
-216
-246
-287
-297
-257
-187
-119
-106
-107
-98
-60
4
73
137
165
151
154
170
201
231
237
221
202
184
158
126
98
79
62
31
-26
-78
-126
-138
-144
-157
-206
-270
-300
-287
-254
-246
-271
-332
-363
-353
-302
-248
-248
-291
-332
-319
-258
-194
-146
-168
-201
-196
-153
-83
-44
-32
-58
-54
-27
27
69
92
104
112
141
172
209
248
290
332
348
354
390
406
439
459
470
472
473
449
438
450
450
441
410
360
317
283
275
268
230
184
117
57
22
3
-16
-52
-119
-189
-244
-249
-229
-231
-274
-333
-370
-373
-329
-279
-263
-270
-277
-269
-238
-176
-108
-85
-94
-103
-103
-70
-29
0
-3
-18
-35
-51
-49
-40
-33
-45
-70
-111
-144
-157
-143
-130
-156
-199
-247
-260
-236
-212
-196
-236
-278
-314
-296
-243
-203
-191
-236
-272
-284
-237
-186
-158
-173
-216
-242
-231
-189
-160
-154
-159
-165
-160
-138
-120
-87
-63
-38
-13
2
33
68
118
164
208
227
232
253
286
345
404
426
431
430
444
483
537
556
550
522
492
490
491
490
470
435
390
355
332
310
289
249
193
132
78
54
53
45
12
-51
-106
-135
-126
-100
-104
-135
-176
-199
-191
-166
-126
-107
-122
-156
-173
-158
-128
-98
-100
-137
-164
-179
-169
-148
-151
-168
-188
-217
-233
-229
-214
-187
-196
-216
-225
-228
-176
-121
-100
-107
-117
-97
-63
-19
18
34
32
26
33
66
106
141
140
121
102
104
110
119
112
96
84
65
69
48
23
15
6
-7
-17
-35
-48
-37
-6
10
15
9
14
32
64
96
116
130
112
129
162
205
225
215
197
184
199
214
230
229
203
189
178
180
189
186
172
134
106
81
74
75
82
60
13
-39
-73
-62
-45
-45
-84
-124
-160
-174
-160
-133
-132
-159
-208
-253
-253
-229
-209
-212
-248
-300
-331
-333
-312
-301
-312
-351
-375
-387
-383
-354
-329
-330
-345
-356
-346
-301
-248
-217
-217
-222
-206
-151
-84
-26
3
13
39
73
124
193
239
250
255
253
274
300
322
332
325
322
304
297
296
302
299
273
248
226
220
215
215
224
218
206
183
171
176
194
206
188
177
153
141
144
160
171
159
129
105
99
95
104
97
81
46
8
-5
1
9
6
-21
-55
-78
-80
-72
-53
-44
-61
-76
-97
-79
-51
-19
-25
-51
-76
-81
-60
-39
-37
-56
-76
-105
-108
-102
-86
-83
-106
-143
-185
-203
-195
-188
-191
-219
-254
-295
-308
-296
-290
-292
-325
-347
-364
-342
-309
-285
-284
-302
-300
-286
-241
-196
-174
-168
-154
-130
-98
-56
-19
-4
5
9
18
59
99
109
113
115
123
138
156
168
176
191
188
188
184
189
203
215
217
213
205
208
229
244
270
281
272
260
258
274
287
301
298
275
255
247
252
249
237
216
192
172
156
142
133
129
106
73
51
35
43
48
35
13
-15
-33
-28
-15
4
-6
-35
-58
-68
-57
-32
-17
-29
-62
-87
-85
-71
-48
-44
-66
-87
-108
-125
-122
-122
-132
-153
-185
-207
-219
-220
-222
-225
-240
-256
-262
-247
-237
-230
-233
-247
-247
-234
-222
-197
-190
-181
-172
-153
-118
-88
-66
-59
-50
-49
-27
-2
32
56
57
56
56
62
82
95
102
109
108
109
111
129
140
154
172
182
198
203
218
235
257
264
265
259
261
273
282
288
286
270
246
231
226
227
217
204
182
166
133
103
91
81
60
26
-13
-56
-79
-83
-96
-117
-146
-171
-186
-174
-161
-168
-186
-212
-218
-214
-196
-183
-192
-214
-229
-227
-204
-186
-174
-178
-188
-193
-186
-165
-150
-142
-149
-161
-182
-189
-181
-171
-172
-187
-218
-224
-214
-191
-184
-195
-203
-211
-186
-160
-127
-110
-97
-88
-75
-43
-17
10
27
40
47
57
79
95
114
120
117
113
105
104
118
129
137
133
116
120
140
167
190
186
175
178
178
193
208
224
229
229
230
235
247
271
288
286
283
276
283
284
291
287
280
271
267
242
217
220
211
208
190
153
120
90
77
73
57
14
-20
-47
-77
-75
-90
-116
-155
-189
-202
-202
-183
-194
-214
-233
-241
-233
-240
-234
-231
-248
-248
-251
-251
-242
-232
-232
-224
-225
-226
-226
-217
-210
-222
-234
-233
-219
-203
-195
-202
-202
-195
-176
-153
-122
-104
-112
-112
-94
-73
-55
-33
-27
-13
-7
8
21
40
54
53
58
62
57
60
61
67
68
52
51
55
62
70
71
71
73
70
64
64
74
102
109
108
103
98
110
121
125
139
149
154
161
170
180
202
218
214
211
190
180
188
199
203
206
198
175
161
139
125
123
111
99
56
26
5
-1
0
-8
-30
-54
-47
-46
-56
-74
-98
-90
-80
-73
-85
-118
-120
-128
-113
-127
-131
-135
-151
-152
-151
-149
-150
-158
-165
-162
-167
-157
-142
-145
-159
-174
-193
-178
-157
-128
-108
-104
-123
-137
-125
-99
-67
-62
-65
-77
-77
-62
-38
-26
-19
5
19
13
-1
-3
8
31
55
36
7
-14
9
33
52
56
24
5
-10
7
31
50
48
25
21
40
68
90
95
94
84
74
78
93
117
136
137
161
153
139
130
124
134
142
123
93
78
65
72
74
85
68
32
6
-8
-9
-7
-5
-5
-18
-35
-50
-42
-14
-5
-3
-13
11
49
99
208
506
588
171
-292
-231
286
946
1065
346
-664
-885
-273
689
707
293
-229
-731
-330
-217
224
682
364
-196
-859
-999
-225
135
175
-274
-355
-484
-563
-749
-598
47
401
208
-378
-1012
-766
-74
228
200
144
-208
-312
-310
-24
379
627
473
144
-198
-240
83
528
464
374
119
131
57
41
70
400
649
474
35
-321
-144
107
285
355
299
-109
-321
-331
166
329
475
268
-14
-209
-172
86
367
392
208
88
-174
-204
-118
202
395
365
-14
-202
-319
-128
62
190
311
61
-274
-487
-359
84
236
112
-52
-208
-240
-313
-135
-40
45
176
-85
-359
-369
-249
-78
135
165
-43
-285
-437
-239
6
187
147
-232
-328
-324
-147
17
103
5
-268
-231
-59
-59
-10
-193
-115
38
22
4
-175
-247
-122
-19
192
254
59
-200
-337
-98
220
308
221
11
-173
-79
105
173
132
123
111
51
50
135
139
58
53
125
177
163
98
13
57
164
251
174
29
-72
24
195
207
139
85
-20
-89
-70
46
189
172
85
-127
-236
-117
67
84
-46
-71
-38
-60
-136
-223
-212
-79
79
101
-39
-191
-246
-169
-9
107
103
-60
-197
-189
-76
63
82
40
-55
-87
-75
-16
38
103
50
-21
-79
-36
9
-10
-41
-51
19
56
54
13
-35
-7
84
158
156
65
-5
0
42
97
121
107
40
-46
-38
23
117
128
56
8
3
32
34
14
-10
5
46
38
-1
-46
-81
-59
-14
1
16
-5
-49
-105
-104
-22
68
89
21
-46
-47
-4
52
70
93
122
135
96
30
46
103
199
228
185
134
100
102
101
138
183
171
102
22
-25
11
61
71
34
-37
-97
-136
-133
-89
-64
-106
-166
-206
-189
-143
-133
-175
-193
-144
-118
-134
-183
-197
-140
-69
-68
-140
-182
-140
-73
-54
-104
-148
-149
-111
-81
-49
-55
-88
-126
-139
-52
31
38
-36
-116
-81
39
105
50
-23
-36
56
133
146
98
53
79
107
128
119
102
119
133
132
120
91
92
74
81
108
98
59
6
-11
48
69
12
-62
-82
-30
28
23
-13
-49
-44
-33
-24
1
10
14
-18
-42
5
72
120
88
29
48
100
160
149
129
113
147
189
156
130
110
129
145
172
124
46
-5
5
45
48
-15
-118
-174
-152
-75
-65
-123
-208
-227
-190
-143
-144
-194
-219
-201
-187
-181
-165
-180
-169
-174
-150
-110
-116
-129
-141
-128
-74
-37
-81
-132
-109
-32
41
20
-84
-118
-36
87
116
66
-14
-36
43
101
154
126
102
110
92
116
120
117
105
85
88
92
51
18
-14
0
54
37
1
-73
-84
-54
-21
21
-5
-54
-112
-129
-92
-33
-5
-41
-92
-105
-53
5
37
31
4
17
78
107
86
75
62
79
124
130
104
83
80
143
178
195
173
120
94
99
133
129
130
92
51
24
14
30
54
52
22
-40
-89
-77
-53
-40
-52
-69
-93
-96
-115
-98
-71
-26
6
-18
-54
-76
-58
3
52
46
-2
-67
-74
-30
34
72
61
19
-42
-43
-19
49
74
56
24
-16
-29
1
27
47
61
41
16
8
-22
-18
20
46
49
0
-58
-103
-80
-18
16
3
-43
-78
-95
-73
-40
-28
-33
-68
-118
-134
-106
-81
-38
-39
-65
-89
-97
-61
-21
9
24
13
2
-13
0
22
58
67
59
56
39
55
74
59
79
109
109
69
21
5
20
75
80
55
3
-32
-37
-21
-18
-12
-33
-70
-109
-135
-109
-64
-36
-84
-154
-150
-85
-48
-57
-96
-88
-29
7
0
-25
-31
3
41
41
27
16
18
17
30
35
68
70
35
16
-11
29
59
62
21
-14
11
26
17
-25
-32
-7
15
12
-50
-89
-90
-37
4
-13
-55
-87
-80
-59
-30
-36
-48
-63
-83
-87
-81
-77
-60
-62
-63
-61
-63
-67
-60
-50
-41
-39
-44
-44
-39
-35
-23
5
15
27
25
12
17
44
82
93
85
69
52
43
75
102
121
103
84
68
64
66
69
75
75
64
27
-1
-14
7
27
22
-11
-49
-60
-80
-61
-47
-36
-47
-72
-81
-81
-68
-49
-27
-23
-22
-18
-35
-29
7
42
59
36
2
-2
23
66
91
73
54
51
44
52
67
81
85
64
41
38
39
37
34
14
15
31
30
8
-20
-18
0
8
-16
-34
-52
-49
-41
-60
-61
-48
-47
-48
-76
-80
-58
-43
-48
-74
-62
-44
-27
-23
-54
-55
-32
4
18
11
-2
-16
8
39
64
60
36
23
41
71
100
111
95
86
93
111
130
139
129
113
94
70
77
82
87
84
68
45
25
4
2
13
24
25
-10
-56
-79
-56
-27
-22
-52
-87
-92
-79
-68
-67
-64
-55
-42
-60
-69
-64
-44
-7
-12
-24
-17
0
21
20
12
24
55
63
51
31
24
51
72
71
53
36
29
29
39
52
64
46
23
8
17
20
24
14
-3
-3
-3
-15
-23
-27
-28
-26
-22
-29
-38
-52
-58
-50
-47
-41
-53
-64
-71
-60
-51
-48
-48
-47
-40
-36
-40
-40
-33
-16
-7
-17
-26
-21
-7
6
19
15
18
19
13
33
44
47
42
26
28
28
34
36
38
34
23
17
2
-2
-1
-6
-9
-19
-27
-37
-43
-38
-41
-38
-40
-44
-46
-55
-49
-42
-33
-24
-29
-28
-31
-24
-12
-4
12
5
2
-6
3
24
34
35
26
23
33
42
45
28
19
34
50
53
26
5
9
35
58
47
8
-10
2
25
26
7
-15
-19
-12
-7
-7
-13
-12
-8
-9
-5
-8
-11
-7
-10
-12
-7
-2
-3
-16
-21
-22
-8
-4
-11
-30
-40
-26
-12
-6
-23
-41
-44
-33
-12
-10
-19
-24
-22
-19
-14
-10
1
-1
-8
-10
4
18
16
-4
-13
11
34
42
6
-15
-9
16
33
22
-5
-17
-12
-2
-6
-10
-8
-6
-7
-23
-28
-16
-4
-9
-15
-19
-7
7
5
-1
2
12
32
35
25
17
25
37
46
41
25
23
27
34
29
17
14
25
24
6
-15
-17
-3
16
6
-19
-38
-34
-20
-22
-20
-23
-23
-31
-46
-49
-33
-7
-1
-23
-40
-39
-17
-2
-10
-12
-11
4
3
-14
-23
-6
24
38
17
-11
-16
11
37
46
34
20
12
17
24
41
46
37
19
7
9
23
33
26
14
6
7
8
7
-3
-1
1
6
1
-15
-28
-31
-18
-6
-4
-20
-39
-42
-31
-15
-4
-17
-31
-38
-27
-9
-10
-15
-24
-19
-1
4
5
-6
-5
4
18
23
22
16
6
10
19
31
33
21
6
5
15
31
32
23
10
6
9
18
16
2
-6
-12
-4
-2
-8
-21
-34
-28
-11
-1
-9
-33
-46
-39
-15
1
-6
-25
-39
-31
-13
1
5
2
-7
-10
-11
-1
11
16
7
-3
-9
0
14
19
10
4
5
13
19
14
10
9
9
12
8
6
7
0
-1
-4
5
19
19
-2
-22
-22
0
20
14
-12
-31
-29
-19
-10
-12
-10
-11
-11
-23
-29
-20
-8
6
1
-12
-21
-22
-15
-1
13
14
5
-8
-10
8
30
37
27
11
3
12
23
26
25
25
22
15
5
4
16
27
27
7
-2
-8
0
0
-8
-11
-5
-1
-8
-25
-34
-22
-1
8
-6
-25
-32
-19
0
-3
-11
-18
-17
-7
-6
-10
-10
0
4
3
-3
-1
8
12
2
-6
-4
8
20
10
-6
-12
4
23
25
9
-7
-7
4
12
10
4
2
0
-6
-13
-11
7
20
13
-6
-22
-16
3
11
5
-6
-5
-4
-5
-16
-14
2
16
13
-4
-16
-15
2
11
11
7
2
-7
-10
-9
4
18
18
3
-12
-11
-2
13
15
10
4
-7
-17
-14
4
23
23
2
-20
-16
0
17
18
10
1
