-3
-3
-2
-3
-2
-3
-3
-4
-4
-4
-5
-5
-5
-5
-4
-3
-3
-3
-3
-3
-5
-6
-5
-4
-6
-5
-6
-4
-4
-3
-2
-2
-1
-1
1
0
1
0
-1
-1
-2
-1
-2
-2
-2
-2
-2
-3
-2
-1
-1
0
1
1
2
3
3
2
3
2
2
2
0
0
0
-1
0
-1
-1
-1
-1
0
1
1
1
1
1
1
1
1
1
0
0
-1
0
-1
-1
-1
-2
-2
-1
-1
1
1
3
2
2
3
2
1
1
0
-1
0
0
-1
-1
-1
-2
-2
-2
-2
-2
-2
-1
0
-1
0
0
-1
-2
0
0
0
0
-1
-3
-3
-3
-3
-3
-3
-2
-4
-4
-4
-3
-1
-1
-2
-2
-3
-3
-3
-5
-5
-4
-5
-6
-6
-5
-5
-4
-3
-2
-2
-1
0
1
1
0
1
1
1
1
1
2
1
1
0
1
-1
-2
-1
-1
0
0
1
1
1
2
2
2
2
2
2
1
0
2
1
2
3
2
2
2
3
4
2
3
4
4
4
5
5
3
3
3
5
2
2
3
2
1
1
2
1
0
1
3
3
2
3
4
4
3
4
3
2
2
2
1
0
0
1
1
0
1
2
0
0
0
-1
-2
-1
0
-1
-1
-1
0
-1
-1
-1
-1
0
-3
-1
-2
-2
-2
-1
-1
-3
-2
-1
2
-2
0
2
0
-2
-3
-1
-2
-3
-1
2
0
-1
1
3
3
2
4
3
0
2
4
2
1
5
4
3
4
7
6
3
5
8
5
3
4
6
3
0
4
7
4
4
7
5
2
3
6
4
0
2
3
1
-1
2
3
2
1
5
6
0
2
6
2
0
1
3
3
0
4
6
1
4
7
3
1
2
2
-1
-2
1
2
-3
-1
1
0
-1
-1
2
-2
-4
-2
-2
-6
-8
-6
-3
-6
-7
-2
0
-4
-3
-1
-1
-4
-4
-1
-4
-6
-2
-2
-4
-1
1
-1
-1
-1
-1
-6
-7
-4
-7
-9
-7
-6
-6
-5
-5
0
-3
-4
-1
-1
-3
-3
-3
-3
-6
-6
-2
-2
-3
1
2
0
1
4
2
-3
-3
1
-5
-5
0
-3
-1
-1
0
0
0
1
3
-1
-1
0
-4
-1
1
2
2
-2
0
6
3
0
5
6
3
1
6
5
-2
2
5
1
1
7
7
3
4
5
4
-4
0
0
-5
-1
-1
0
-1
-4
3
2
-4
-1
4
-1
-5
-2
4
0
-9
6
8
-5
-3
8
-1
-10
3
8
-7
-9
6
-3
-13
-1
10
1
0
10
16
5
-2
12
5
-4
3
7
5
-6
3
15
-2
-2
12
12
0
-7
12
16
-8
-8
24
14
-7
9
26
8
-4
15
16
1
-1
12
1
-5
5
0
1
1
4
9
-1
-13
-2
6
-16
-17
6
0
-19
-9
7
-10
-20
3
-6
-22
-7
2
-21
-19
-12
-3
-19
-14
7
-10
-10
-4
-7
-2
2
-10
-1
-2
2
-7
-5
12
4
-13
7
7
-6
-10
6
1
-12
1
4
1
3
-6
6
3
-3
-4
10
11
1
2
8
12
-1
15
10
10
7
15
21
-7
10
15
-3
-5
5
22
-9
-14
7
2
-17
-13
13
-24
-14
-10
5
-18
-24
33
-24
-21
17
15
-19
-18
5
10
-37
-13
30
-12
-34
8
9
-29
-17
23
4
-38
-1
23
-12
-42
15
12
-19
-3
-20
34
8
-49
8
4
-12
-28
-12
36
-26
-20
24
3
-18
44
5
-17
40
9
8
5
23
28
1
17
28
27
17
-3
6
24
-6
-10
22
-3
-17
8
0
-18
8
-3
1
-3
0
20
-29
-18
6
-41
-13
1
-9
12
-54
10
24
-66
-13
25
-21
-65
-4
3
-39
-74
-7
7
-78
-43
11
-33
-44
-64
-25
-21
-85
-50
25
-32
-76
-13
-5
-21
-56
35
18
-53
21
-5
-16
31
-11
3
13
27
6
3
9
9
-3
-37
42
1
-11
32
-7
15
26
23
48
16
16
77
34
-9
102
55
-12
42
95
48
15
85
99
14
22
90
52
24
57
64
85
40
17
97
60
5
-5
47
85
-79
20
100
-34
-6
67
63
41
-2
62
66
-38
17
88
30
-28
71
37
-31
8
20
-15
-6
1
-9
10
-35
-10
-18
-36
-2
10
-21
21
-21
-11
-41
-19
-6
-3
-35
-23
-1
-74
-69
-9
-35
-78
-20
-15
-93
0
-47
-42
31
-87
20
-3
-33
30
-127
-12
-51
-103
47
-124
-27
-11
-64
-81
-10
22
-40
-34
14
-19
-17
-110
-25
-49
-64
-1
-55
11
-19
-78
-33
-71
1
-71
-25
24
-33
-15
-71
35
-16
-38
63
50
41
-30
8
58
-53
-9
58
37
-52
27
21
-10
-1
-49
100
67
-23
52
98
-10
14
60
94
45
89
77
28
54
23
39
28
48
143
17
72
94
-7
132
27
79
105
31
92
-6
38
9
-3
113
-46
52
85
47
-27
11
124
-26
1
102
35
41
-20
134
11
22
81
-24
92
-17
-37
123
-96
20
65
-75
20
4
-65
-59
-48
-7
-22
-79
27
30
-68
-53
54
-23
-39
-29
-21
16
-136
-44
44
-59
-39
-30
6
11
-161
77
14
-133
-40
6
-69
-101
-63
-23
-69
-40
-115
63
-43
-137
104
-120
108
-52
-90
172
-222
7
59
-157
52
-65
22
-25
-105
66
-81
-126
55
1
-68
9
38
-83
-93
77
-51
-80
126
-54
-23
39
-65
87
-21
12
97
0
-67
68
-91
-42
14
-92
41
43
-142
27
31
-57
-86
44
116
-152
67
64
-84
17
-64
106
53
-75
186
79
-23
16
41
106
-72
129
31
-2
13
-118
70
-26
-78
125
-30
19
5
-20
34
-30
-31
-59
69
-57
-85
108
-10
-31
27
-4
54
-92
108
-44
-53
119
11
-115
167
46
-114
106
14
46
-24
102
119
-58
83
83
-79
-6
-68
-6
-119
-57
70
-66
20
78
-91
27
-63
-102
114
-114
21
62
-139
46
-110
26
110
-59
112
68
-107
104
-66
-37
13
-78
40
-33
-147
103
-96
-75
27
-80
81
-39
-143
162
-92
-104
129
-93
55
-36
-33
91
-60
74
23
94
53
-101
45
-75
-72
-43
-18
62
-99
-23
90
-137
-85
192
-100
-104
132
-92
-45
-19
-3
97
-142
-30
26
-139
2
-54
89
82
-57
66
23
-61
-27
28
-61
-10
-25
-8
-81
-77
34
-82
-15
-17
-29
79
-156
-39
28
-85
-40
-15
102
-17
-147
59
-43
-117
18
35
-46
-28
-62
-54
-23
-19
-45
117
-43
-33
2
-97
37
-136
18
-23
-100
48
-135
-7
-19
-56
21
-63
9
15
-30
14
-23
40
-14
36
61
42
103
28
46
63
-12
105
133
55
54
188
67
-80
154
91
29
-23
164
85
-78
140
-40
-9
-3
-29
91
-63
89
43
-19
54
-35
30
12
-48
59
-78
43
82
-216
164
38
-148
154
-56
-39
-26
18
62
-96
65
50
-149
-83
88
-101
-45
39
-87
26
-93
-29
-134
-128
-33
-235
-88
-69
-93
-140
-125
35
-107
-51
-79
-7
-35
-257
61
-73
-133
-46
-12
-70
-85
71
-116
-6
13
-89
83
41
-51
35
-114
183
-244
24
200
-104
-89
143
-11
-42
122
4
73
-34
113
-5
48
30
135
21
9
106
65
-73
225
76
29
227
40
109
52
117
33
213
-20
187
136
-51
258
-100
75
195
-6
37
160
32
22
-47
219
-14
10
132
9
57
-70
166
-81
95
23
36
70
-58
79
60
-22
205
22
69
131
-102
66
75
-112
39
135
-210
243
-115
57
53
-293
263
-314
95
59
-256
196
-222
-37
-116
-138
207
-317
130
68
-291
181
-256
12
125
-340
258
-28
-251
289
-286
-65
187
-227
112
14
0
52
-113
21
-22
-15
-32
117
-36
-40
2
-6
39
-56
47
84
-70
-58
45
-12
-18
-80
165
-90
-36
18
2
26
-102
87
-31
20
18
-33
26
63
-116
122
-101
164
-36
24
155
-105
106
-45
-16
16
-32
82
-48
46
-36
-36
34
-107
75
-69
-4
142
-77
30
-30
79
-29
-102
232
-152
202
-16
-39
247
-302
210
-14
-128
113
-197
170
-127
-149
270
-252
134
-81
-152
244
-255
20
96
-188
90
-47
7
36
-192
185
-73
-126
269
-173
16
52
-192
171
-223
113
51
-105
-61
94
-57
-80
35
192
-198
144
-62
124
-147
-67
193
24
-202
180
109
-244
70
-17
46
-50
1
163
-185
61
102
-237
282
-205
58
119
-279
264
-139
-77
280
-323
203
88
-363
315
-12
-277
287
-103
124
-97
-53
192
-135
-189
292
-59
-163
300
-98
-33
64
-66
157
-201
74
322
-225
-50
373
-235
-24
37
64
-3
-137
259
-18
-192
204
-142
-69
68
14
45
-19
-11
42
-182
219
-47
-29
178
-86
-14
-1
-6
58
-108
104
96
-323
253
-160
-49
65
-112
126
-27
-157
274
-353
198
-93
-179
229
-245
90
135
-264
276
-176
-16
272
-351
273
52
-98
137
-151
132
-60
-156
196
-54
56
-11
67
85
-84
-91
144
-18
-125
75
42
-33
-107
66
15
-2
43
-51
198
-145
13
207
-100
178
-38
57
90
-70
-50
267
-98
-146
262
-139
-23
97
-83
72
28
-121
172
15
-92
130
116
-194
248
85
-165
248
-246
125
-8
-242
378
-196
-119
198
-211
77
-59
7
100
-76
51
-28
69
41
-109
93
22
-120
89
15
-202
199
-96
-84
-40
-56
-40
-165
123
-161
25
59
-165
40
23
-11
52
-52
-66
58
-44
-280
365
-209
-289
340
-375
214
-173
-6
256
-242
-121
222
-209
118
-152
-44
238
-261
61
1
33
45
-340
506
-238
-154
467
-314
60
-52
52
-64
-225
275
-414
366
-248
-125
348
-425
96
79
-247
126
-197
-21
70
-309
115
219
-584
382
-7
-438
281
45
-354
233
7
-200
-19
-54
78
-184
-195
526
-570
126
126
-388
456
-495
244
170
-512
431
-367
85
150
-435
401
-98
-152
0
63
-34
-143
1
238
-329
197
-162
0
344
-602
262
471
-896
677
-94
-315
487
-397
176
117
-213
182
91
-266
187
79
-308
313
-167
7
155
-34
-173
283
-19
-204
302
-79
6
318
-333
267
-62
67
-104
72
47
-185
274
-217
-54
223
-279
102
61
-47
-39
146
-212
95
-141
146
89
-280
333
-173
-49
194
-289
445
-392
226
314
-559
643
-314
-140
468
-333
86
386
-276
95
127
-110
27
251
-178
261
60
-179
386
-209
-101
459
-235
113
298
-268
336
-162
-84
439
-260
11
580
-455
218
209
-241
154
203
-194
295
111
-219
442
-427
275
216
-333
430
-246
189
-106
-96
91
-8
-30
41
17
12
27
-50
-45
261
-303
192
119
-363
313
-208
-120
309
-470
305
-38
-372
475
-300
-135
491
-555
382
-65
-297
545
-618
293
-43
-315
534
-523
187
158
-294
215
-119
82
-239
273
-92
-249
309
-215
18
-102
-26
290
-381
325
-188
61
15
-259
204
69
-589
594
-289
-209
211
-104
174
-258
115
385
-432
29
253
-323
140
-56
-73
138
-129
-96
241
-187
98
-15
-259
439
-450
312
145
-454
390
-150
-165
130
-127
346
-324
191
210
-354
135
1
68
-107
124
-36
45
65
-146
196
126
-351
639
-466
69
385
-355
125
212
-141
41
123
-59
-109
122
17
-63
76
220
-323
113
212
-613
623
-365
-41
485
-775
748
-240
-467
863
-747
38
429
-579
662
-507
126
408
-526
112
38
151
-235
187
-74
44
13
-256
368
-207
-52
131
-270
354
-426
52
194
-394
287
-381
402
-469
122
256
-495
26
497
-553
95
165
-49
-117
-75
61
-87
122
-415
609
-405
-161
484
-418
-35
327
-404
310
-74
-69
335
-426
151
192
-512
366
44
-373
373
-182
-67
41
-98
227
-397
219
52
-232
317
-249
28
145
-412
351
-181
76
194
-206
227
-102
64
21
5
79
-39
145
-236
363
-301
255
5
36
188
-237
233
-153
40
150
-237
455
-395
109
359
-625
515
-250
201
-200
210
56
-147
7
49
6
-114
119
8
-70
75
-48
5
25
27
-10
-65
203
-93
33
-27
110
-102
180
-243
139
202
-464
391
-74
-150
298
-168
127
-128
285
-333
270
-165
273
-223
-16
244
-246
6
109
-28
22
-13
240
-482
657
-265
-287
624
-534
153
81
-198
480
-555
261
188
-347
168
-155
290
-410
406
-398
-56
278
-415
157
-57
-176
102
-303
137
-245
109
-230
-60
197
-697
541
-140
-538
555
-452
-136
510
-910
507
-47
-400
242
-279
157
-278
63
20
-454
572
-568
10
602
-1093
1114
-897
148
675
-1367
1053
-186
-537
524
-426
417
-569
239
140
-181
241
-498
687
-675
256
128
-316
516
-538
226
243
-636
711
-511
248
33
-346
422
-421
260
-198
64
106
-500
743
-620
26
629
-897
872
-840
595
61
-840
1099
-667
-181
664
-753
386
80
-349
718
-540
79
527
-846
609
-34
-590
1001
-1011
542
-35
-287
320
-203
223
-206
182
43
-115
100
-210
420
-643
489
56
-526
493
-355
244
-238
67
451
-422
196
16
46
-250
149
19
-111
185
-34
-117
127
-98
-72
207
-76
115
143
-328
403
-462
254
80
-434
518
-260
-84
293
-466
548
-320
-174
510
-671
507
-311
-15
128
-297
-14
173
-334
-71
246
-361
-23
413
-521
170
168
-433
335
-248
-14
253
-455
-127
386
-301
-388
487
-216
-308
361
-341
-12
351
-638
386
73
-244
77
-44
134
-335
62
213
-92
-89
184
-78
69
-225
185
323
-341
73
401
-574
308
258
-613
994
-450
-199
594
-518
170
221
-150
84
-60
90
-178
253
-187
39
337
-565
516
-148
-74
324
-187
68
162
-265
347
-394
499
-170
11
317
-433
275
-42
-15
176
196
-88
61
-60
70
-211
514
-491
557
-352
90
425
-617
650
-243
-40
667
-817
559
293
-570
539
-206
207
150
-547
947
-550
261
201
-81
-60
126
96
-12
88
231
-252
78
211
-365
553
-313
104
218
-151
-39
110
249
-306
-58
291
-157
10
145
-179
491
-557
345
-30
99
-331
336
-117
44
-341
549
-442
20
199
-224
325
-365
258
-70
-215
101
240
-600
416
44
-714
783
-344
-455
1062
-852
180
401
-640
568
-599
418
-130
-329
396
-315
263
-343
67
164
-393
278
15
-199
30
105
-181
-277
370
-268
72
-39
-54
247
-367
42
160
-100
-187
403
-333
155
-53
-367
630
-391
-310
833
-564
90
37
-66
56
-244
115
11
7
-451
476
-135
-517
613
-139
-228
246
-69
-32
212
-460
360
-110
-527
740
-585
-25
753
-1091
609
-153
-47
81
-99
250
-242
-48
244
-429
263
-131
-90
222
-333
368
17
-708
781
-355
-225
742
-767
660
-326
-357
857
-710
156
651
-945
823
-433
-8
494
-638
702
-456
-97
575
-620
347
-73
87
-64
-121
414
-461
256
113
-373
298
93
-354
167
97
94
-426
476
-101
-182
30
121
120
-24
-161
447
-453
85
219
-463
546
-171
-89
72
-83
-154
-38
329
-457
267
246
-498
508
-443
345
193
-643
786
-399
-63
415
-424
494
-41
-267
581
-566
315
312
-491
547
-199
-15
77
-113
492
-560
397
-163
219
-413
314
291
-475
333
79
-260
339
-395
544
-442
282
79
-208
498
-505
491
-265
93
97
-360
848
-672
225
418
-639
611
-450
204
242
-151
244
-133
148
-190
140
227
-586
738
-448
-36
78
59
-130
-61
117
-17
-155
-60
407
-409
35
443
-407
118
-57
92
-99
-19
204
-161
-73
279
-308
184
247
-493
626
-239
-323
659
-418
253
120
-405
483
-459
226
20
13
106
-177
100
-66
-105
257
-426
413
-184
-302
486
-360
23
-7
-97
-194
403
-452
27
395
-713
302
-44
-324
647
-478
71
488
-536
74
330
-582
647
-297
-159
301
-332
-128
250
-144
-14
69
-146
21
8
-426
513
-153
-270
154
2
-239
98
-88
176
-72
-341
407
-101
-426
544
-531
347
-138
-176
329
-161
170
-485
582
-235
-259
663
-562
398
-26
-567
904
-645
174
193
-397
484
-546
358
127
-675
727
-433
-114
289
-544
472
-403
261
-237
259
26
-171
82
-147
389
-541
-75
670
-820
410
-96
-210
174
-213
-187
448
-564
688
-399
-199
514
-868
313
-6
-479
587
-417
43
20
-373
171
-337
75
-11
169
-119
-396
694
-739
-99
607
-736
414
-72
-504
757
-966
386
186
-522
541
-470
454
-14
-293
415
-436
453
-698
359
259
-546
734
-637
190
281
-1011
1222
-314
-517
1329
-891
25
136
-63
99
-135
286
225
-370
-82
305
-158
-238
702
-629
659
-284
-189
456
-416
366
-424
495
-115
-250
275
180
-437
260
233
-426
268
172
-279
143
-41
173
-309
9
572
-753
556
230
-634
552
-4
-304
202
-65
275
-343
276
284
-471
426
-158
-58
154
172
127
-221
289
18
-366
478
-279
371
-106
-118
570
-542
472
-210
38
153
-130
347
-423
572
-140
-330
578
-435
402
-242
123
305
-544
375
33
-472
291
12
-73
-110
245
184
-828
772
-145
-352
408
-116
22
-291
275
-162
-187
102
-118
249
-669
786
-440
-381
832
-966
482
23
-306
349
-532
429
-57
-422
385
87
-518
401
100
-424
497
-265
76
20
-172
238
-315
468
-243
-46
319
-628
882
-765
375
440
-1109
1317
-815
155
478
-603
681
-679
433
146
-529
830
-637
464
-165
-19
550
-810
615
47
-497
720
-368
-39
551
-601
346
-109
-2
230
-271
385
58
-243
294
-254
-29
200
-127
291
-281
317
-239
-236
369
-363
376
-289
471
-278
-12
197
-267
270
-212
148
177
-355
303
-249
-289
193
-273
35
38
166
-254
115
9
-356
137
101
-151
47
-32
5
-327
-104
104
138
-219
264
40
-294
164
-273
348
-164
-101
246
-250
81
52
-235
234
192
-397
538
-121
-255
338
-426
312
13
-374
795
-527
111
203
-276
74
-57
-7
261
-591
425
-274
-336
362
-347
66
-22
-126
-88
56
-324
128
-103
-437
196
109
-511
572
-539
141
51
-257
186
218
-518
294
-51
-278
187
-589
92
309
-595
381
408
-722
587
-350
-115
328
-154
3
62
23
-200
41
-259
-115
342
-338
418
185
-565
500
-266
-315
374
144
-590
743
-248
-322
148
-240
233
-30
87
613
-320
-214
189
-340
1
223
-126
227
-74
123
27
-25
39
-17
-62
465
-71
101
82
-227
-283
-162
198
-9
134
445
22
-253
258
-199
-59
241
184
102
362
-470
297
-432
106
139
-24
541
-29
-132
267
-179
163
-94
198
255
-164
268
26
80
-200
101
226
-161
283
15
43
168
-197
284
-27
-127
48
171
-14
66
204
-43
-119
105
53
236
60
22
231
-26
-22
205
-39
15
-78
-8
235
-113
10
145
-96
-42
37
-8
27
-90
215
-180
46
-180
-296
-25
-226
-72
143
-173
168
-340
-84
113
-315
181
-7
-133
217
-143
-141
16
-228
363
-225
8
582
-420
96
1
-247
87
-307
-55
55
-88
-104
-364
-48
-85
-410
261
222
-269
171
-111
73
16
-349
402
-171
162
150
-83
372
-556
46
419
-370
118
190
25
-355
-162
101
-251
-64
-24
-85
265
-330
-162
232
24
-417
254
267
-385
164
7
115
-113
-53
209
-152
46
4
-67
279
-24
-96
85
53
-328
130
97
38
31
-132
230
-97
-131
4
152
166
-70
152
113
-10
-122
65
151
-16
237
-96
-60
-3
-105
0
18
18
-109
-85
-178
-113
-100
-122
-234
-3
33
-94
-283
-85
-105
-341
-27
68
-148
-322
-118
-65
-136
-106
-238
22
-133
-197
-8
-17
-84
-273
-300
56
-127
-219
-45
-70
-126
-154
-10
-128
-138
-180
-24
24
133
-197
-84
-222
-110
61
-96
298
-2
-56
75
89
51
44
115
111
279
122
77
-45
25
103
166
235
264
-14
10
145
-97
280
43
18
123
137
59
1
52
-47
25
20
126
198
-96
-115
70
-39
-12
1
-58
12
-116
-17
25
-143
-119
-170
-31
62
5
-165
36
-117
-221
72
-59
-84
-57
-245
-40
-237
-203
-229
-314
-211
-428
-316
-346
-305
-466
-398
-385
-322
-416
-409
-330
-414
-277
-370
-102
-116
-225
-108
-195
-98
61
-64
104
375
284
289
554
294
391
484
864
1071
1100
1122
1022
956
890
1191
1235
1339
1327
1080
1186
977
744
865
818
777
909
884
600
429
92
78
227
138
197
131
-178
-237
-315
-385
-177
-346
-230
-248
-191
-132
-564
-290
-421
-411
-26
-132
-132
-405
-620
-508
-615
-557
-381
-636
-829
-881
-1105
-1333
-1408
-1363
-1481
-1180
-1353
-1506
-1829
-1968
-1865
-2139
-1516
-1865
-1510
-1521
-1189
-155
-564
-352
-908
-783
164
670
1989
1520
1130
839
562
1309
1869
2309
2414
2263
1650
2112
1694
1559
1064
910
1413
1283
1619
665
-317
-600
-869
-302
299
172
-23
-553
-1136
-925
-633
-274
14
157
433
679
578
384
452
733
1507
1942
2282
1918
1458
1205
1130
1474
1638
1828
1484
1026
680
180
1
-235
-336
-398
-493
-757
-1191
-1711
-2028
-1936
-1837
-1549
-1479
-1806
-1827
-1970
-1941
-1624
-1587
-1492
-1185
-1259
-1210
-1064
-1250
-1243
-1328
-997
-1107
-869
-1285
-1466
-1383
-1762
-1330
-1660
-781
178
37
-79
-1055
-1358
-755
399
1691
2100
1411
615
274
176
1494
2294
3063
2500
2142
2035
1881
1836
1412
1118
1678
1932
2011
1411
42
-699
-1147
-712
137
280
37
-840
-1943
-2030
-1675
-1144
-771
-894
-845
-482
-301
-343
-523
-471
264
1040
1689
2030
1623
1200
733
1176
1895
2579
2705
2117
1540
1001
1228
1235
1264
956
696
630
250
-119
-515
-865
-880
-715
-693
-576
-1117
-1539
-1665
-1532
-958
-859
-757
-980
-1249
-1018
-785
-446
-323
-458
-505
-394
-443
-489
-439
-691
-649
-793
-917
-1023
-1630
-1854
-2373
-2018
-1915
-2227
-1667
-1321
-886
-1208
-2121
-1972
-1591
-312
1081
1310
885
289
-363
394
1518
2917
3789
3091
2776
2084
2242
2715
2635
2396
2577
2425
2474
1486
358
-116
-494
-70
266
100
-216
-1606
-2659
-2785
-2459
-1372
-1145
-1580
-1812
-2088
-1919
-1364
-1189
-588
161
794
972
945
690
750
1168
1964
2836
3179
3175
2268
1646
1673
2321
2847
2605
2190
1476
928
604
374
354
326
158
-147
-457
-943
-1332
-1572
-1293
-1058
-931
-1103
-1734
-1971
-2023
-1604
-921
-777
-865
-1118
-1250
-1133
-902
-676
-490
-498
-636
-892
-1253
-1191
-1369
-1545
-1574
-1833
-1527
-1638
-1908
-1503
-938
-560
-787
-1395
-1636
-820
-33
1138
1153
521
314
-82
742
1815
2610
3335
2423
2011
1922
2071
2660
2543
1911
2057
1733
1735
1163
36
30
-376
-182
-48
-489
-923
-1833
-2548
-2418
-1905
-1383
-1371
-1974
-2241
-2115
-1726
-1098
-919
-716
-265
-23
329
440
408
687
1079
1489
2039
2402
2311
1798
1500
1745
2280
2574
2302
1839
1302
1211
1120
1119
1102
896
588
348
138
16
-74
-285
-274
-370
-509
-775
-1014
-1118
-1128
-981
-794
-878
-1097
-1249
-1340
-1035
-913
-914
-940
-1104
-1385
-1509
-1483
-1365
-1524
-1707
-1937
-2183
-1988
-1911
-1657
-1386
-622
-414
-725
-1470
-1657
-629
206
1454
1587
680
372
-281
620
1696
2886
3526
2651
1793
1436
1473
2143
2567
2045
2174
1451
1096
366
-391
-167
-207
-114
-305
-910
-1430
-2120
-2755
-2602
-2145
-1562
-1571
-2264
-2754
-2901
-2356
-1584
-1032
-745
-673
-830
-862
-609
18
818
1311
1437
1382
1542
1838
2075
2327
2690
2974
2991
2588
2255
2229
2277
2423
2316
2185
1893
1355
933
912
1002
1149
871
472
12
-538
-639
-565
-520
-543
-908
-1261
-1601
-1677
-1495
-1231
-1089
-1292
-1449
-1598
-1578
-1579
-1476
-1355
-1258
-1359
-1670
-1715
-1902
-1850
-1728
-1436
-1156
-1103
-420
-498
-863
-1364
-1430
-464
404
1262
1169
306
-283
-565
370
1819
2854
2999
1910
639
621
1216
2243
2847
2272
1618
683
413
436
480
723
588
47
-450
-1056
-1282
-1463
-1835
-1636
-1433
-1250
-1566
-2467
-2737
-2324
-1422
-665
-555
-881
-1304
-1407
-1040
-130
729
1215
1054
735
819
1205
1935
2453
2591
2797
2552
2586
2573
2204
2647
2624
2735
2582
2000
1890
1404
1304
1463
1448
1333
800
151
-141
-373
-313
-286
-640
-945
-1437
-1719
-1673
-1653
-1568
-1663
-1921
-1953
-2162
-1920
-1736
-1532
-1477
-1645
-1511
-1797
-1586
-1334
-1134
-979
-1312
-1575
-1449
-1172
-885
-28
119
-172
-870
-1544
-568
0
1180
1434
527
-71
-652
-171
1240
1834
2421
1725
656
462
694
1497
2412
1869
1636
664
438
653
415
774
626
172
-180
-720
-818
-770
-1144
-974
-1208
-1181
-1429
-1928
-1760
-1544
-1184
-910
-1058
-1123
-1179
-1148
-574
-151
297
526
192
161
166
650
1495
1849
1877
1506
1271
1457
1561
2017
2472
2333
2048
1482
1266
1466
1546
1728
1695
1344
1128
601
404
306
292
389
148
-147
-582
-1091
-1111
-1094
-1034
-974
-1222
-1403
-1678
-1791
-1597
-1301
-1011
-1091
-1261
-1295
-1207
-923
-629
-594
-562
-737
-806
-741
-710
-599
-481
-466
-377
-211
-302
-446
-898
-905
-449
30
530
134
-618
-1053
-1097
-181
684
1206
1058
-39
-689
-392
467
1711
1969
1351
475
-318
-60
642
1364
1542
911
-47
-775
-799
-211
164
213
-160
-885
-1236
-1457
-1207
-685
-444
-290
-584
-1002
-1024
-686
-179
244
413
415
253
169
316
597
1087
1394
1433
1410
1146
1137
1237
1500
1866
1951
1911
1516
1173
1088
1331
1709
1817
1514
964
488
382
755
1010
1057
511
-242
-750
-752
-379
-20
-103
-580
-1265
-1549
-1345
-861
-432
-444
-767
-1141
-1270
-1029
-547
-59
7
-185
-356
-554
-380
-125
173
148
27
-245
-549
-648
-690
-414
-478
-518
-641
-1010
-1384
-1582
-1283
-1096
-934
-827
-1194
-1676
-1830
-1455
-833
-386
-207
-354
-710
-743
-171
362
986
1032
698
285
40
373
872
1291
1357
875
249
-35
43
650
954
999
509
-125
-542
-474
141
690
806
390
-123
-457
-267
229
813
1056
825
465
43
98
461
889
1232
1043
675
322
262
542
828
1022
879
613
363
220
311
568
557
404
116
-84
-77
-74
49
30
-16
-277
-446
-443
-372
-229
-178
-275
-425
-596
-662
-488
-244
-67
-57
-156
-343
-382
-141
83
302
310
161
-12
-91
-65
8
57
19
-155
-399
-477
-505
-551
-608
-646
-742
-902
-1017
-1033
-1030
-901
-853
-926
-1140
-1248
-1154
-893
-585
-483
-560
-850
-1032
-840
-362
63
264
134
-196
-370
-229
225
709
861
682
300
9
35
299
692
857
730
379
65
-75
102
339
539
624
408
155
0
126
399
626
654
548
381
228
295
427
481
550
415
308
254
264
273
234
160
62
0
-42
-75
-102
-74
-158
-186
-263
-347
-298
-197
-97
-46
-38
-178
-236
-232
-105
117
274
262
151
-24
38
205
397
572
544
443
294
272
317
403
392
332
173
101
69
11
44
-33
-96
-117
-160
-261
-315
-398
-400
-408
-452
-495
-534
-546
-548
-481
-543
-537
-586
-593
-578
-521
-450
-406
-417
-450
-442
-412
-363
-345
-323
-293
-249
-257
-244
-259
-239
-113
-8
109
162
107
102
58
155
364
515
602
528
489
416
485
637
695
775
783
659
480
421
444
525
569
528
407
268
135
115
114
160
133
7
-37
-115
-118
-99
-132
-98
-122
-122
-114
-111
-44
-36
35
48
33
80
78
150
138
238
301
298
243
222
245
400
483
494
435
286
235
264
341
406
444
336
225
82
113
190
256
272
206
144
62
16
3
-16
75
105
91
45
-72
-177
-184
-130
-91
-36
-101
-165
-270
-336
-321
-326
-256
-298
-339
-422
-518
-505
-518
-476
-464
-527
-536
-611
-656
-603
-593
-529
-519
-580
-587
-600
-563
-433
-377
-334
-368
-400
-374
-314
-153
-68
-43
-68
-165
-162
-69
31
95
81
-22
-69
-38
-14
36
110
102
74
29
-12
-17
81
154
175
247
183
171
193
207
349
452
498
501
454
455
502
560
673
697
736
680
594
599
564
609
616
597
547
476
386
319
271
293
360
305
264
170
102
160
212
265
288
227
133
78
124
226
290
307
157
71
29
71
173
179
161
37
-86
-205
-234
-176
-101
-113
-205
-369
-550
-535
-506
-384
-303
-419
-519
-647
-696
-575
-434
-330
-337
-428
-543
-578
-500
-410
-274
-278
-361
-455
-535
-538
-472
-405
-436
-457
-520
-605
-612
-636
-600
-533
-468
-481
-524
-556
-535
-436
-322
-237
-215
-180
-217
-118
-4
120
206
153
149
182
334
471
559
565
535
519
529
622
730
791
754
666
574
581
612
623
624
558
512
460
347
262
257
239
258
258
165
98
10
-22
8
50
86
70
-4
-62
-46
1
48
59
71
109
129
162
195
232
247
303
323
383
426
422
415
394
400
425
444
434
436
400
391
357
330
303
271
259
238
219
234
185
109
50
16
-1
-3
-12
-91
-179
-274
-375
-407
-458
-495
-521
-637
-697
-795
-862
-887
-908
-923
-920
-942
-987
-984
-1006
-1019
-962
-889
-826
-733
-690
-682
-633
-583
-456
-267
-146
-77
-47
-19
63
216
336
447
514
525
535
557
609
719
736
745
693
661
669
700
676
638
589
532
490
473
472
444
424
356
267
211
172
122
145
119
97
20
-87
-191
-220
-162
-125
-140
-211
-294
-361
-331
-296
-245
-216
-230
-239
-266
-229
-187
-132
-60
12
93
120
120
112
144
238
340
403
442
411
363
392
441
491
539
486
431
391
347
347
316
240
163
106
19
-34
-106
-213
-288
-396
-462
-523
-571
-646
-728
-775
-819
-864
-886
-942
-944
-898
-875
-858
-870
-876
-873
-781
-693
-607
-544
-542
-512
-433
-359
-231
-127
-103
-53
-50
8
104
185
261
326
344
364
389
415
473
515
540
553
542
555
540
593
589
595
590
558
539
499
499
498
456
382
294
204
186
139
77
-7
-98
-194
-290
-357
-393
-410
-476
-514
-573
-611
-599
-566
-540
-496
-455
-437
-403
-377
-308
-235
-132
-70
8
49
93
142
185
269
346
375
382
396
403
456
467
462
460
434
423
406
374
347
267
216
182
159
165
110
20
-75
-145
-150
-146
-173
-210
-283
-346
-394
-392
-375
-355
-369
-428
-465
-483
-464
-441
-431
-412
-408
-408
-441
-465
-446
-372
-311
-268
-259
-270
-264
-250
-158
-71
-4
17
2
-29
38
145
238
291
271
274
324
416
491
550
561
579
556
565
569
623
646
615
589
505
480
406
397
358
315
290
198
104
34
-19
-18
16
-5
-43
-74
-118
-123
-99
-63
-12
33
30
44
49
76
111
114
184
170
179
150
100
112
121
143
147
139
116
104
96
88
88
101
100
99
101
111
93
86
48
64
117
113
96
37
24
31
63
45
23
1
-35
-27
-46
-64
-71
-111
-133
-130
-123
-94
-146
-207
-261
-273
-256
-249
-267
-312
-336
-369
-372
-361
-344
-323
-326
-321
-296
-266
-228
-191
-155
-108
-72
-28
6
21
80
133
174
197
193
203
229
265
282
282
266
213
192
188
208
209
166
158
118
117
101
94
74
54
65
57
55
17
-17
-38
-56
-21
-10
-10
-32
-89
-118
-107
-88
-63
-78
-156
-215
-261
-239
-222
-209
-230
-284
-330
-365
-361
-362
-344
-334
-347
-335
-337
-332
-312
-304
-245
-185
-136
-100
-101
-89
-54
-3
63
127
143
158
148
168
195
245
283
303
297
285
282
294
309
316
312
265
217
207
197
210
204
137
88
12
2
23
24
20
-31
-98
-124
-140
-121
-93
-100
-120
-138
-173
-188
-168
-151
-125
-102
-97
-92
-85
-85
-81
-62
-30
8
24
18
16
10
47
83
119
134
134
117
127
140
149
181
179
180
176
164
174
172
174
162
146
133
134
119
127
80
52
31
0
0
-19
-33
-83
-121
-180
-201
-201
-219
-241
-265
-296
-304
-305
-328
-326
-322
-311
-299
-316
-324
-329
-310
-274
-220
-176
-143
-123
-118
-99
-50
25
82
124
140
160
189
215
240
268
320
366
387
375
368
376
382
408
410
415
423
412
384
363
348
350
342
319
300
280
270
248
207
176
165
159
135
105
88
78
57
2
-43
-66
-76
-71
-86
-129
-161
-197
-235
-220
-199
-197
-192
-245
-283
-293
-272
-236
-205
-204
-226
-228
-245
-224
-187
-155
-129
-111
-118
-110
-100
-94
-53
-10
4
20
-9
-37
-40
-35
-3
21
14
-27
-71
-101
-115
-116
-91
-85
-105
-121
-160
-182
-202
-193
-182
-161
-165
-174
-184
-184
-172
-155
-139
-132
-94
-73
-48
-27
-10
10
41
77
98
129
173
176
186
214
246
286
299
288
294
315
340
351
339
324
331
340
346
351
353
349
324
305
294
317
329
323
291
240
230
234
221
203
182
163
143
106
72
35
3
-24
-47
-71
-108
-145
-186
-221
-245
-269
-278
-309
-358
-396
-417
-418
-416
-426
-434
-456
-480
-489
-480
-481
-458
-446
-435
-420
-414
-406
-406
-383
-374
-341
-317
-277
-253
-254
-263
-280
-272
-210
-165
-139
-133
-161
-167
-157
-112
-90
-71
-68
-95
-100
-113
-106
-78
-49
-39
-26
-5
-1
9
23
41
80
107
128
140
145
142
149
171
195
212
218
213
212
232
252
258
251
225
225
236
227
241
239
224
217
199
210
234
237
249
241
230
240
256
267
272
277
276
279
279
267
273
274
277
268
240
214
198
179
170
160
124
113
87
59
24
-2
-32
-45
-67
-74
-100
-130
-143
-176
-196
-214
-213
-227
-248
-261
-257
-263
-278
-300
-317
-303
-302
-290
-294
-301
-300
-320
-320
-313
-304
-282
-293
-307
-310
-318
-292
-263
-257
-245
-247
-266
-250
-245
-234
-198
-179
-151
-131
-120
-107
-76
-47
-7
34
60
99
125
141
171
199
250
291
307
308
308
325
349
377
398
418
419
404
387
375
388
390
395
397
380
384
373
365
336
328
328
321
302
293
293
293
305
302
289
260
234
234
219
228
229
203
175
148
120
113
100
82
57
21
5
-23
-52
-57
-79
-93
-110
-156
-187
-222
-233
-251
-259
-271
-284
-295
-326
-354
-364
-367
-367
-365
-392
-401
-414
-415
-421
-431
-413
-410
-414
-434
-426
-400
-373
-367
-379
-381
-383
-361
-333
-291
-265
-257
-246
-242
-208
-164
-139
-114
-108
-97
-71
-30
20
54
73
87
113
138
168
210
242
260
273
284
285
304
326
348
368
387
411
408
401
392
397
408
429
413
388
355
343
335
358
338
314
266
249
324
338
456
363
141
21
-71
-98
-16
82
221
56
-33
-131
-210
-190
-83
-3
1
40
-21
-83
-182
-196
-213
-170
-133
-67
-79
-25
-50
45
-32
70
121
18
-298
-396
-576
-655
-137
-11
98
97
-182
-441
-740
-556
-146
-236
333
291
-53
-456
-610
-907
-813
-459
-10
84
140
-68
-331
-397
-376
-309
-222
-125
-181
-214
-258
-191
-208
-154
-156
-158
-145
-58
-38
28
127
132
63
-5
-90
-124
-138
1
198
292
399
407
350
218
163
155
233
346
395
423
442
392
287
283
314
372
439
484
465
430
355
287
261
258
199
167
154
160
143
108
199
169
109
28
33
-9
-35
-75
-10
20
-30
-15
42
-17
-28
-24
-14
-1
-28
54
36
46
-26
31
81
-11
-45
1
-30
55
75
157
136
74
39
11
36
128
154
42
127
46
-36
-28
27
-1
-4
10
35
-69
-107
-94
-137
-172
-170
-168
-154
-158
-169
-125
-147
-190
-177
-257
-175
-91
-161
-102
-126
-213
-189
-270
-192
-132
-67
35
21
4
-5
-19
-28
-54
89
61
18
44
23
69
56
67
102
151
183
230
195
195
134
98
109
192
100
140
216
239
153
221
199
140
70
116
142
179
188
99
30
-129
-9
-236
-36
82
-157
57
-32
-289
-86
-293
-206
-279
-254
-101
-331
-216
-174
-325
-313
-189
-188
-160
-178
2
-215
-185
-111
-176
-196
-166
-71
-82
-73
86
-124
-109
-10
-87
39
-5
145
-19
-87
26
-52
-5
51
-106
6
37
21
-73
38
76
-81
20
85
98
-89
3
-119
-136
32
65
-76
122
47
18
0
5
64
-52
21
197
139
-23
148
-74
-118
151
102
-27
61
98
23
-217
242
6
-189
104
-93
44
78
-9
165
-142
164
17
93
480
23
321
154
-28
202
-2
347
384
26
288
173
-37
120
-91
50
457
17
-12
237
-332
-248
-268
-101
272
-170
-319
179
-478
-627
-40
-304
-147
50
-175
-396
-268
-299
-668
-62
-117
-129
239
-593
-73
-385
-771
520
-456
265
240
-778
-15
-273
-207
-19
111
61
-143
37
-210
11
91
-235
314
37
91
443
-128
-196
19
-84
108
69
700
186
239
-156
-335
326
-128
136
760
16
275
-96
-269
318
-224
504
199
150
284
-147
-93
203
59
188
133
168
-28
-69
264
-67
357
263
-176
516
-200
101
527
-313
893
-137
-282
845
-785
402
545
259
180
292
-110
-376
153
40
846
325
-534
1206
-1024
-480
911
-753
533
354
-350
-9
-343
-301
-398
-313
259
-447
-104
-315
-33
-659
-390
183
-573
-409
466
-864
154
-167
-748
549
-798
-13
115
-801
531
-338
-720
968
-886
1
124
-406
567
-593
409
96
-789
843
-586
24
1006
-874
421
-157
-79
531
-496
980
68
-658
966
-392
272
690
-353
683
12
17
367
-363
669
23
-359
1290
-342
-400
524
-239
-4
747
87
288
38
-508
449
156
-144
818
166
-709
700
-561
305
613
-478
472
308
-584
544
289
-339
417
-312
203
38
283
312
-81
-421
292
-664
781
-424
407
13
-994
597
-795
-218
552
-518
14
-154
-560
78
-390
25
-508
198
-643
-194
-228
-309
-212
-2
-601
-105
-39
-492
352
-492
-119
98
-659
256
-236
-218
569
-940
241
124
-747
470
532
-744
264
175
-509
433
-79
248
96
174
-171
191
261
-230
570
18
-205
888
-937
718
474
-767
1050
-333
-264
693
-694
767
301
-493
850
-851
660
38
-363
955
-333
48
640
-881
854
120
-831
1108
-137
-286
1069
-578
58
334
-229
372
586
-280
747
-530
-115
567
-645
761
265
-668
1073
-845
156
299
-613
766
-250
16
524
-653
116
-214
-426
138
58
195
-550
561
-778
-326
64
-585
479
-364
-285
533
-1203
299
-98
-844
547
-309
-172
-110
239
-603
48
-396
-210
27
-109
51
550
-959
412
-80
-770
719
161
-229
206
-171
-139
458
-622
410
687
-1112
1055
-214
-609
1041
-938
555
146
-299
840
-837
506
116
-462
473
-172
-50
623
-360
96
-13
-73
145
-331
882
-206
-81
153
-185
533
-565
612
493
-844
1122
-308
-73
913
-754
368
396
-246
644
244
-313
474
104
-590
640
279
114
519
-372
421
-188
-357
458
105
46
338
48
-319
67
47
-621
1022
-595
113
399
-461
-131
23
-723
740
-867
178
420
-753
162
-179
-896
618
-517
-274
512
-815
237
-362
-650
288
-242
-365
787
-877
121
-131
-428
91
202
-351
218
88
-233
197
-569
175
240
-861
871
-187
-128
81
-456
-97
449
-889
594
553
-1019
379
135
-1090
869
-895
343
558
-689
539
-419
-465
589
-831
350
876
-904
492
-757
-344
1190
-1823
1729
-341
-754
1380
-1148
242
521
-1000
1125
-215
126
523
-502
278
-9
-230
814
198
-297
999
-724
675
-37
-466
988
-386
371
469
-480
560
-69
-603
661
-41
201
104
101
-437
206
-233
-276
959
-968
423
-65
-405
-79
43
-470
289
-151
-478
380
-517
-284
256
-632
139
-114
-589
601
-655
-65
-131
-70
-597
571
-457
196
-198
-349
214
-486
86
226
-601
434
-140
-545
627
-676
361
-362
-141
441
-533
319
-474
-144
218
-560
535
-438
273
-117
-791
987
-790
237
193
-569
528
-527
209
103
-528
395
-378
384
-301
206
324
-821
822
-511
0
581
-697
757
-42
-508
843
-351
5
817
-634
704
128
-324
784
-60
-204
827
-199
273
-6
703
22
-373
1005
-423
477
143
108
547
-447
787
-371
164
740
-1080
1406
-858
27
1159
-1589
1311
-130
-943
1561
-1222
404
467
-944
694
-498
8
297
-778
793
-680
132
151
-639
834
-1129
745
-424
-194
114
-311
177
-306
-227
545
-1000
571
-198
-240
359
-584
265
-254
-163
221
-588
332
-348
71
-12
-384
746
-1191
647
189
-936
1183
-751
-156
573
-997
610
95
-456
680
-430
-16
355
-466
44
508
-431
163
278
-574
898
-806
187
900
-1135
888
47
-290
417
-273
297
6
-57
124
64
190
-47
-111
601
-482
578
-101
-202
977
-936
506
81
-289
598
-771
414
226
-302
634
-509
533
39
-824
1001
-235
51
607
-862
932
-565
-302
1078
-954
884
9
-314
814
-853
728
-363
-51
812
-756
464
65
-216
-28
-5
98
114
-214
351
13
-141
-251
6
-84
-195
212
-110
-129
-55
-224
-121
-220
162
118
-698
968
-794
-113
450
-1159
1190
-801
-37
1087
-1599
891
-135
-721
988
-454
-282
930
-1402
785
-150
-459
656
-566
333
88
-584
759
-490
123
210
-244
368
-396
78
181
-401
544
-373
110
474
-1123
1359
-799
-25
1127
-1332
715
176
-1017
1144
-988
394
361
-749
516
-69
-302
2
162
-257
-231
622
-1109
965
-332
-753
1227
-1430
531
249
-792
997
-311
-365
480
-500
152
260
-417
921
-256
-300
767
-700
457
236
-106
318
237
-404
492
-365
247
111
-134
415
161
-522
705
-450
-130
438
-406
299
-42
-123
161
-497
491
-282
-435
677
-462
-89
51
-163
-119
-23
-80
44
-204
-94
306
-436
193
233
-639
630
-406
-12
383
-436
224
204
-591
562
-119
-262
857
-924
947
-175
-572
1161
-1070
736
163
-794
1447
-1087
390
617
-770
714
-9
-134
367
-205
271
-57
10
159
-111
-72
294
-259
270
-257
311
-396
59
257
-677
860
-730
14
646
-1160
1035
-713
139
607
-1057
1101
-695
-103
662
-810
687
-389
72
173
-234
149
-54
-30
121
-139
158
-261
406
-249
30
244
-262
107
168
-426
583
-387
-147
500
-566
267
-224
-208
353
-653
159
190
-381
-59
113
-331
221
-402
-12
141
-417
56
-73
-259
37
61
-439
214
29
-600
682
-538
123
142
-740
810
-496
-269
634
-788
583
-402
118
227
-300
267
-163
96
80
-266
425
-243
148
91
-249
566
-480
244
169
-16
-30
151
-3
120
90
-144
346
-143
-136
413
-214
264
3
-146
281
-113
21
367
-148
214
-7
-241
585
-560
213
451
-663
894
-668
559
-98
-202
749
-424
393
180
-367
625
-636
669
-259
-14
689
-913
855
-310
-112
268
-4
79
137
-332
181
-16
-443
358
-284
-29
234
-608
388
-309
-192
211
-719
721
-709
0
28
-405
240
-798
349
-90
-599
164
-241
26
-209
-202
77
-506
-68
-141
-345
335
-431
58
-60
-407
223
-313
-70
186
-378
187
-350
24
-51
-391
300
-474
276
-228
9
134
-523
499
-307
-176
337
-409
329
-147
-43
49
-131
97
30
-146
437
-497
103
225
-629
735
-684
411
-131
-373
512
-502
451
-105
-166
393
-465
436
-393
627
-248
-3
380
-373
437
-410
419
39
-100
369
-291
183
-199
114
335
-317
528
-127
27
241
-182
234
-166
118
121
-244
462
-496
412
-279
-39
272
-210
189
48
-274
336
-322
-43
259
-440
270
206
-663
641
-407
-93
485
-547
493
-52
-393
466
-346
0
349
-628
599
-129
-255
489
-270
-53
325
-15
-144
512
-485
366
-18
-47
425
-405
294
56
-528
1107
-753
425
400
-716
861
-568
239
302
-328
330
172
-301
451
-334
-63
396
-419
442
102
-333
521
-392
166
143
-501
560
-323
152
93
-55
74
-108
129
-12
220
-35
145
-82
228
-356
315
-67
-68
186
-84
55
348
-420
261
39
-136
383
-180
178
128
-510
472
-231
51
279
-322
405
-203
-28
301
-220
80
106
-309
287
-296
120
-128
-186
357
-482
393
-126
-102
-139
48
33
2
136
-249
230
-38
-601
677
-601
399
-158
-261
542
-705
273
-136
-157
256
-138
-169
463
-596
307
-289
141
-43
-203
235
149
-378
347
-176
-58
90
195
-143
319
32
-81
108
-116
280
-213
263
296
-430
566
-258
199
-152
229
15
77
127
143
110
-163
175
-14
0
-22
616
-577
579
0
-431
653
-372
331
143
-299
836
-750
489
296
-734
654
-260
-126
362
-19
-287
406
-434
169
37
-391
332
-208
-574
799
-1043
182
154
-932
916
-978
14
357
-1050
593
-293
-652
780
-1052
324
-193
-386
261
-524
35
76
-586
264
-202
-604
385
-636
-20
158
-459
-37
-51
-445
120
-118
-286
327
-510
94
88
-752
352
16
-772
914
-609
303
34
-409
416
-190
-173
569
-134
20
428
-592
506
-333
28
491
-244
450
-92
-51
262
-135
85
21
438
-289
479
-36
-163
445
-316
224
151
74
59
416
-432
558
-224
-139
734
-537
364
442
-488
636
-465
510
-203
96
167
-115
511
-555
572
-253
34
215
-206
339
-100
-75
352
-262
44
-265
266
-293
142
177
-150
249
-300
4
31
134
-89
202
-50
-98
239
-380
426
-227
-33
276
-334
795
-493
-200
894
-1274
932
-21
-563
979
-726
311
604
-732
945
-505
230
303
-247
294
277
-177
270
283
-257
256
178
-399
701
-54
201
238
-260
226
-234
59
392
-226
131
-5
-208
408
-276
114
-49
118
-281
63
189
-131
-249
466
-693
363
-309
-279
400
-140
-207
257
-459
203
-247
-409
574
-374
37
94
-351
-4
30
-204
153
75
-320
76
-140
-398
143
-408
35
52
-472
442
-172
-309
226
-541
455
-531
-80
471
-639
279
-328
-225
62
-409
151
242
-346
157
295
-601
400
-266
-100
478
-586
523
15
-345
114
-193
-45
267
-243
419
-312
-127
250
-589
141
328
-595
750
-448
-51
348
-667
559
-268
240
33
-21
375
-702
743
-447
-28
439
-733
883
-449
-121
694
-999
585
-160
-375
648
-218
-257
354
-383
-87
196
-362
434
-403
162
220
-576
319
-14
-435
503
-269
32
-112
-103
-91
-184
-38
-181
435
-285
182
121
-296
5
-107
-249
499
-565
349
-9
-176
-134
0
-72
-26
236
-299
499
-263
-125
250
-546
252
-106
-159
518
-757
806
-778
68
413
-763
435
-271
-209
65
-294
44
-176
24
-187
503
-347
-67
424
-544
161
-241
298
-110
-80
-150
226
-235
71
195
-66
208
22
-198
514
-619
501
-171
-124
186
-375
472
-478
340
53
-115
252
-95
5
101
-261
445
-382
371
-114
225
-37
1
179
-38
39
278
219
-310
438
-129
93
-14
-106
446
-487
142
446
-704
856
-578
362
11
-387
825
-828
466
-11
-369
322
-92
-64
84
287
-408
369
-216
206
138
-255
597
-384
19
387
-524
565
-425
425
-169
-163
581
-443
323
94
-36
109
40
106
-51
152
-63
190
149
-458
772
-673
350
129
-523
705
-645
140
294
-413
281
-251
112
96
-302
37
343
-478
197
-57
-117
267
-331
256
-147
-42
261
-344
244
-33
16
-143
147
-68
-260
290
-261
203
-93
-53
172
-310
58
74
-211
19
274
-426
209
190
-473
500
-250
207
246
-364
556
-217
-153
612
-642
648
-18
-298
741
-639
289
183
-543
657
-654
420
68
-498
643
-531
209
149
-525
1067
-875
242
508
-893
909
-330
-119
528
-475
411
63
-202
718
-533
262
123
-125
128
-23
96
3
-349
303
-354
79
-112
-164
180
-136
222
-374
236
-142
-295
299
-334
142
145
-582
563
-558
139
3
-347
558
-539
271
190
-571
393
-149
-58
142
-269
214
-428
-71
127
-179
-31
5
-61
-174
91
77
-232
116
-29
-158
46
58
-69
-161
243
-204
99
63
25
214
-271
365
-133
-151
264
-262
284
-145
-15
298
-480
434
-288
114
-21
-197
1
-174
199
-402
387
-173
-138
311
-657
845
-516
75
614
-999
919
-595
38
621
-707
599
-7
-358
671
-491
107
370
-262
90
242
-457
329
-380
14
391
-552
338
3
-218
59
15
-130
101
54
-224
537
-551
189
115
-401
470
-314
159
169
-408
502
-499
373
-94
-263
328
-307
107
-80
24
-179
138
-95
11
120
-148
181
-24
54
54
-127
325
-313
342
-212
342
-76
54
288
-171
310
-187
347
13
-200
429
-367
205
-258
-72
295
-191
352
-354
332
-233
-190
312
-260
303
-171
63
60
-357
213
-224
182
-175
173
27
-209
308
-433
178
268
-545
562
-309
-98
418
-650
442
-101
-207
268
-196
208
-62
-179
274
-209
2
170
-95
-18
141
-99
19
378
-334
380
-100
-217
386
-369
217
99
-233
203
-348
123
-87
-141
278
-265
296
-184
-124
128
-294
152
4
-121
128
-145
-299
191
-238
-313
243
-31
-228
216
-96
-114
141
-246
219
-45
164
65
43
60
39
7
60
276
-72
151
378
-178
215
174
-199
424
-283
473
54
10
435
-246
417
-145
-94
166
-271
422
-410
213
106
-450
270
-418
216
-149
-64
255
-289
216
-134
-134
157
-307
130
-31
-90
225
-315
56
99
-496
92
200
-335
120
37
-161
-39
-81
-194
51
-240
87
-23
-114
7
-205
-210
207
-530
75
284
-583
376
-451
39
187
-619
361
-127
-178
218
-361
278
-281
-389
216
-543
-31
85
-466
253
-137
-347
192
-459
150
-165
-137
227
-113
-28
-310
178
-149
-150
236
-273
195
-136
-133
217
-331
-80
50
-91
-102
279
-199
114
125
-241
125
-82
49
-68
237
107
-172
214
-121
48
99
54
277
-7
332
-118
163
309
-202
178
32
120
102
-132
261
-129
-74
50
-66
-18
19
-82
-32
140
-212
-1
-21
-50
83
-165
145
59
-43
154
107
6
210
-12
101
105
171
33
171
133
-10
154
71
22
116
225
-166
299
-93
53
76
-60
95
-111
144
77
-99
436
-271
99
175
-37
178
111
201
98
-32
160
-53
44
258
-86
155
212
-12
-80
273
8
-77
121
139
-55
4
156
-138
85
11
-126
164
-103
-9
28
-77
40
-114
-21
-51
155
-306
215
-116
-268
247
-186
-142
255
-353
55
61
-303
195
-152
5
31
-161
201
-101
-22
85
-22
144
-219
231
-134
43
36
-116
298
-214
-42
106
-167
166
-91
-8
52
-41
-135
126
2
-52
-24
16
-99
103
-180
25
18
-135
29
-20
-80
139
-127
31
196
55
-27
193
-5
89
86
-13
376
-175
-9
230
-211
76
58
-33
30
50
-70
23
43
-101
30
-164
62
-77
-140
41
38
18
-92
4
102
-244
88
23
-59
121
-54
14
78
-205
19
7
-59
66
-39
-31
11
-120
-84
96
-69
-120
62
11
-151
101
-137
84
96
-230
375
-167
77
67
-190
298
-67
40
237
-119
163
-134
-77
127
-64
103
23
108
-27
-114
-69
-83
-87
130
-149
133
-66
-154
-120
-91
-47
-106
29
-29
-50
-85
-37
-130
-141
28
92
-99
209
-78
-75
69
-367
107
-51
-149
104
-101
-64
9
-256
39
10
-132
126
94
-2
-33
165
-136
61
92
9
173
48
95
20
-112
56
-99
1
109
-94
3
-57
-34
-28
-146
25
-20
-123
-4
102
25
-129
-35
-39
-107
64
-97
287
40
-211
153
-143
-63
34
5
140
24
-93
102
-121
-151
38
-99
103
42
-62
73
21
-47
-47
85
94
-7
148
145
109
-58
171
91
21
309
-40
187
159
-105
177
37
52
18
41
133
-77
61
-3
-42
31
-93
-32
35
-11
-53
47
59
-81
-57
33
119
4
94
125
128
19
25
219
7
58
149
30
160
84
-60
120
-20
-18
104
109
28
53
-35
-63
56
-81
-16
128
70
24
78
114
-36
-105
112
-31
13
132
-79
-39
111
-308
-43
77
-85
-106
44
47
-195
-4
-120
-116
-99
-106
53
-104
-19
7
-171
19
-80
20
32
22
-5
-16
86
-142
-15
-53
-101
54
-86
43
5
-126
16
-52
-22
-9
-33
46
34
-48
-10
-20
-86
-15
-42
122
102
-30
18
81
-1
-76
94
70
-30
9
39
1
-96
-14
-89
9
10
-27
-59
12
-46
-157
46
30
-48
4
6
40
-1
-43
74
-27
62
62
34
142
-58
-30
44
-28
90
-70
37
123
-81
-20
-9
-59
-47
-24
5
61
-39
8
-128
-12
3
-117
25
0
7
-92
-48
-6
-179
-122
28
-99
-42
-12
-107
-103
-119
-82
-96
-33
40
-109
-85
-9
-139
-114
-24
-38
-30
-25
-37
-76
-100
-73
-23
-100
-17
-56
-32
-60
-40
-92
-124
-17
-106
-12
-33
-26
-74
-79
-10
-125
-41
-85
-57
-152
-82
-30
-195
-20
-59
-98
-65
-61
-118
-60
-44
14
-14
-24
-29
-38
-50
-15
39
-19
26
80
-39
36
48
-120
67
11
69
56
57
123
-15
12
59
-13
56
87
87
94
99
14
2
91
-56
93
37
66
102
-14
65
85
-21
11
89
22
19
102
22
61
11
17
56
-31
118
-10
59
109
-39
-5
3
33
-46
32
82
-2
6
22
7
-6
-33
63
16
25
97
-16
43
74
-26
-4
82
40
-46
108
25
-22
41
-64
62
-9
-9
96
16
4
58
0
-14
67
50
40
83
117
8
22
92
-19
25
63
61
63
37
97
1
75
61
18
134
64
112
132
43
70
50
45
75
55
107
89
37
60
42
-2
48
24
69
85
81
27
61
30
-23
58
53
102
44
70
96
16
-2
-3
26
42
53
65
53
26
-18
-57
27
3
-2
61
53
30
-12
11
28
16
18
41
95
39
14
48
3
11
22
8
42
55
-6
-11
39
-62
-9
-36
7
16
-88
30
-31
-105
-67
-57
-78
-56
-28
-102
-103
-71
-132
-53
-59
-92
-96
-53
-42
-122
-42
-60
-73
-46
-48
-60
-26
-115
-40
-37
-66
-13
-63
-70
-41
-83
-66
-44
-58
-80
-85
-44
-108
-59
-84
-34
-85
-21
-27
-58
-22
-65
0
-15
-74
26
-47
-35
-1
-32
17
-62
9
-70
-11
-21
-69
8
-10
-15
2
19
45
-13
11
25
9
26
4
31
20
34
7
57
4
31
21
29
67
6
60
52
18
34
5
8
17
-31
12
17
1
-25
-19
-21
-36
-30
-6
-23
-45
-6
-56
-34
-2
-82
-39
0
-65
-16
-11
-73
-41
-15
-53
21
-34
-14
22
-40
-16
-34
12
10
0
50
20
26
7
16
27
19
63
14
95
48
31
56
22
37
35
48
52
44
21
44
34
11
30
28
8
50
4
47
52
19
48
47
88
52
54
72
40
35
75
69
34
87
36
47
87
10
59
64
49
81
58
78
26
46
45
41
74
44
69
67
105
57
97
113
58
107
86
94
105
86
79
82
89
61
92
91
58
63
65
69
46
62
66
74
57
75
81
70
67
62
71
63
61
59
47
89
52
26
96
42
75
77
74
79
57
83
49
80
66
32
76
34
46
44
72
49
42
25
6
30
-8
6
15
-30
-13
-33
-23
-37
-54
-31
-46
-63
-46
-56
-79
-43
-63
-77
-54
-85
-94
-81
-77
-95
-74
-82
-95
-82
-88
-69
-84
-61
-81
-63
-70
-91
-58
-53
-70
-50
-48
-74
-33
-67
-67
-39
-41
-41
-34
-28
-47
-55
-31
-28
-46
-2
-27
-37
-31
-34
-63
-15
-25
-36
2
-36
-41
-25
-31
-12
-22
-3
-15
-29
-35
-53
-20
-33
-39
-29
-48
-41
-38
-56
-33
-35
-62
-27
-30
-32
-32
-30
-64
-45
-38
-48
-19
-18
-36
-41
-22
-52
-35
-14
-50
-17
-47
-45
-27
-53
-24
-56
-36
-69
-46
-64
-70
-48
-97
-63
-76
-95
-59
-75
-76
-74
-74
-92
-97
-54
-106
-62
-89
-103
-59
-83
-100
-82
-77
-106
-59
-91
-86
-54
-106
-70
-67
-77
-49
-71
-43
-48
-68
-39
-45
-34
-21
-39
-36
-9
-54
-2
-7
-12
17
-24
8
9
-9
21
4
19
29
-11
43
-10
22
18
14
17
28
29
17
35
7
27
39
49
40
72
52
39
69
38
69
76
54
86
55
63
68
77
79
80
87
87
86
96
80
84
105
65
103
92
98
87
78
109
75
82
96
100
79
85
93
54
99
63
61
85
62
52
64
61
31
54
38
19
23
15
4
7
11
-30
11
-17
-37
9
-39
-16
-24
-39
-10
-41
-24
-26
-32
-9
-40
-18
-31
-45
-34
-33
-33
-8
-38
-39
2
-41
-22
1
-17
-13
10
-31
-8
1
-25
2
6
-12
2
3
4
4
2
14
-1
31
4
20
14
2
13
-2
34
7
5
24
8
9
2
7
11
12
17
13
25
2
18
21
10
39
9
10
34
-1
14
28
11
19
20
18
16
19
21
17
26
27
19
40
21
10
33
14
22
14
31
14
14
13
2
35
7
6
23
-7
-1
12
1
8
-8
-19
2
-16
-14
-17
-17
-29
-25
-20
-34
-10
-34
-36
-12
-33
-43
-11
-30
-38
-19
-38
-15
-21
-27
-24
-24
-16
-36
4
-20
-22
-12
-16
-13
-10
-13
-3
-2
-4
7
-12
5
-13
-10
10
-6
-12
-4
-10
-14
-9
1
-17
3
-21
-29
6
-26
-16
-10
-27
-20
-15
-21
-17
-17
-29
-28
-15
-31
-18
-6
-32
-21
-31
-8
-20
-18
-12
-8
-16
-13
-11
2
-2
-8
3
7
14
0
9
28
6
8
40
10
29
22
21
29
24
22
28
28
24
25
27
18
10
20
23
29
14
10
24
37
-17
6
56
-10
-1
12
8
11
-40
22
10
-27
-5
-16
2
-24
0
-46
-9
-8
-43
-23
-19
-10
-57
-25
-13
-40
-32
-30
-10
-33
-50
-21
-13
-46
-29
-20
-31
-11
-33
-15
-15
-30
-20
-29
-14
-22
-20
-21
-11
0
-28
-2
6
-5
10
5
17
4
12
25
6
30
27
20
31
31
37
41
39
52
45
37
62
47
58
53
55
58
60
71
62
70
62
70
62
59
85
57
53
82
41
61
59
42
52
45
32
35
40
29
19
29
17
8
6
2
4
-1
-9
-20
-5
-26
-23
-22
-31
-29
-29
-51
-32
-40
-58
-32
-50
-54
-39
-59
-53
-38
-51
-51
-36
-51
-50
-33
-40
-47
-41
-27
-47
-30
-29
-37
-22
-34
-38
-12
-30
-30
2
-38
-12
-7
-33
-8
-2
-16
-16
2
-19
-2
3
-12
6
-6
-6
4
0
1
1
14
-8
17
10
3
19
9
13
19
20
10
22
33
8
30
35
8
41
24
23
39
36
25
39
45
22
38
46
14
45
34
26
36
34
32
23
33
14
24
32
11
20
23
-5
22
12
-3
22
-6
-5
5
-2
-7
-3
-7
-12
-7
-11
-23
-14
-22
-24
-18
-24
-23
-24
-20
-33
-29
-24
-30
-22
-26
-29
-22
-26
-23
-24
-21
-31
-16
-25
-20
-13
-23
-20
-21
-13
-20
-18
-20
-29
-10
-18
-25
-8
-27
-23
-12
-28
-13
-23
-29
-21
-18
-20
-19
-14
-30
-14
-25
-24
-12
-18
-20
-18
-11
-18
-20
-6
-15
-14
-15
-3
-10
8
-11
-4
4
-7
6
1
11
2
13
14
22
19
19
13
33
25
23
32
30
22
37
26
37
36
25
35
34
32
35
34
26
37
29
28
33
26
19
27
19
26
23
22
17
13
14
9
18
12
1
9
3
0
10
4
0
1
-2
-13
11
-4
-12
5
-10
-2
-2
-10
-9
-5
-4
-9
1
-9
-11
-2
-15
-7
-6
-14
-15
-11
-17
-11
-8
-15
-20
-12
-21
-18
-5
-24
-10
-19
-20
-9
-17
-16
-15
-18
-17
-16
-7
-14
-9
-10
-19
1
-13
-10
5
-16
-3
0
-3
2
-4
4
-3
9
4
1
6
5
1
14
7
8
14
3
13
12
12
14
17
15
13
22
16
18
20
13
23
13
22
22
14
21
18
20
26
16
23
18
19
26
16
22
21
8
19
16
10
23
6
12
12
7
14
10
5
7
3
0
1
2
6
-7
-2
-4
-12
-6
-8
-12
-7
-8
-16
-15
-8
-21
-14
-11
-21
-9
-18
-20
-11
-18
-13
-13
-15
-18
-23
-6
-21
-11
-12
-20
-9
-23
-15
-11
-13
-12
-15
-7
-17
-9
-10
-15
-5
-16
-9
-5
-13
-8
-5
-11
3
-8
-6
-3
-1
-6
-2
8
-6
3
3
-3
4
6
2
8
9
-1
9
16
0
17
12
8
8
10
5
8
22
2
15
16
-1
6
13
4
10
11
6
1
9
2
-1
19
0
-1
12
-11
-2
9
-2
1
8
-2
-9
7
-7
-3
11
-4
-6
6
-7
-2
5
-4
2
