-5
-4
-5
-5
-5
-5
-5
-6
-6
-7
-5
-4
-4
-4
-4
-4
-3
-3
-3
-4
-7
-6
-5
-3
-3
-2
-4
-4
-4
-4
-3
-3
-3
-4
-4
-4
-3
-3
-3
-5
-5
-2
-1
0
0
0
0
-3
-2
-2
-2
-2
-1
-2
-2
0
2
2
1
-1
0
-1
0
0
0
-1
-1
0
0
0
2
3
3
3
3
3
4
2
1
-1
-1
-1
0
0
1
2
1
2
2
3
2
0
2
2
2
2
3
2
1
0
1
1
1
3
3
2
2
2
2
2
1
1
1
2
2
3
2
1
-1
0
0
1
0
-1
0
-1
0
1
1
0
0
-1
-3
-3
-3
-3
-4
-4
-3
-4
-3
-2
-3
-5
-4
-3
0
-2
-1
0
-4
-5
-3
-4
-6
-3
-2
-4
-5
-2
-1
-3
-4
-3
-5
-4
0
0
-1
-3
-2
-1
-5
-2
1
-1
-4
-2
-1
-2
-3
-3
-1
-2
-2
1
3
-1
0
2
2
0
1
5
1
-1
1
1
-1
1
3
3
1
3
5
4
3
5
3
1
2
3
2
2
2
3
2
2
4
3
2
1
1
2
2
2
3
2
2
1
1
4
4
0
3
3
1
2
2
2
0
1
2
1
2
2
4
-1
1
2
1
2
1
3
2
-1
5
4
1
3
3
4
-1
0
8
-1
-4
4
2
-4
-2
6
-1
-6
1
5
-3
-4
5
4
-5
-1
3
-2
-5
-2
1
-4
-4
0
-4
-4
-2
-6
-3
-3
-4
-1
-3
-3
-5
-6
-2
-7
-7
-4
-6
-9
-6
-3
-8
-5
-2
-4
-6
-3
3
-6
-6
2
-3
-4
1
-2
-3
-3
-3
-3
-5
0
-2
-5
2
-1
-3
1
4
-1
-2
4
3
-3
3
6
-1
-1
4
3
-4
2
5
-3
0
3
3
0
1
10
1
-2
10
1
0
5
3
3
0
4
2
-3
3
2
-2
3
3
0
1
6
3
-1
5
7
2
1
8
7
-4
4
7
-2
0
3
4
1
-3
6
2
-2
3
2
4
1
3
5
2
2
4
3
1
4
2
1
3
1
0
1
-1
3
2
-2
8
3
-3
7
7
-1
-1
5
9
-7
1
10
-4
-7
2
0
-10
-4
7
-7
-9
9
2
-11
3
15
-4
-10
8
10
-13
-5
11
2
-9
-1
10
-9
-5
6
-5
2
0
3
-1
-5
9
-6
-4
7
-3
-3
3
-2
0
-5
1
3
-4
3
2
-1
0
3
-2
3
10
-5
-5
8
-4
-9
-11
9
-2
-21
5
-5
-2
-18
-3
12
-11
-8
7
4
-2
-16
16
6
-8
-2
13
10
-15
-12
18
2
-25
4
11
-1
-24
-7
31
-28
-22
23
0
-14
-11
8
2
-22
-4
10
-10
-3
-10
3
-3
2
-7
0
17
-4
-10
19
10
-16
-6
29
2
-27
19
11
-26
-7
8
6
-23
-13
26
-5
-20
10
12
-11
0
15
6
-2
8
8
2
6
18
-3
-8
10
21
-19
-8
35
-8
-25
23
26
-16
-19
28
16
-38
1
42
-28
-26
22
17
-20
-22
26
-6
-15
7
-11
13
3
-25
12
8
11
-38
-6
45
-39
-24
17
-8
-29
-10
11
-28
-28
28
-33
-30
17
13
-47
-29
53
-17
-48
21
24
-37
-18
33
2
-36
13
21
-26
-2
31
-17
-11
16
0
-6
7
4
-12
8
-3
11
-19
3
17
-29
23
-3
-13
28
2
-6
21
26
5
-5
33
31
-20
28
6
5
24
-29
14
15
-7
-16
-11
44
-31
-48
37
14
-34
-20
61
-55
-10
33
-5
-9
2
20
-14
-21
39
-8
-34
43
11
-25
21
37
-34
5
16
25
-32
29
24
-20
-9
34
-21
-2
25
-10
12
11
-3
-1
3
43
2
-25
61
4
2
12
29
15
-10
0
49
5
-17
41
13
-32
8
12
9
-34
-2
16
-17
-33
30
-15
-21
8
-46
-3
26
-56
-40
61
-7
-64
-7
68
-38
-78
53
73
-105
-27
92
-50
-30
-25
39
-14
-70
34
-44
-9
13
-98
41
1
-80
-36
34
18
-131
24
136
-105
-69
117
39
-88
-4
99
31
-111
91
65
-75
65
16
29
7
38
3
12
67
5
-16
52
10
-14
34
23
-15
21
66
-43
-14
98
-29
-47
108
14
-23
8
95
3
-71
138
-18
-60
79
22
-24
-17
16
-4
-76
40
28
-68
11
39
-88
10
6
-81
2
-45
-12
-21
-50
68
-119
-55
138
-90
-52
23
22
-3
-151
113
-8
-78
6
34
9
-79
44
15
-38
-9
-16
26
21
-72
43
19
-13
12
-49
116
-32
-83
141
-37
-24
54
-27
42
25
-40
42
28
21
40
-20
43
129
-62
17
130
16
-20
56
52
38
-47
57
109
-120
112
32
-35
77
-15
55
20
-31
122
-101
68
25
-57
84
-84
44
42
-78
88
-29
-11
17
-63
87
-97
55
-3
-63
62
20
-61
-4
53
34
-154
132
23
-210
162
-100
13
-16
-62
102
-51
-59
99
-3
0
-47
57
45
-21
-80
151
-33
-105
55
88
-63
-94
169
50
-155
67
108
-59
-90
-10
181
-206
-2
81
3
-71
-60
130
-25
-217
225
-5
-172
39
109
-45
-207
152
140
-212
8
113
32
-168
-10
235
-233
-43
166
8
-183
95
122
-131
-126
273
-103
-75
7
137
19
-265
256
68
-229
96
154
-111
-48
20
118
-149
-7
110
53
-179
60
186
-175
6
187
-78
-109
51
152
-172
-126
285
-120
-152
100
120
-131
-154
213
-13
-232
104
109
-107
-150
233
-87
-156
166
-75
-21
-3
-20
100
-213
136
39
-162
144
55
-106
34
50
68
-170
88
121
-106
-86
124
60
-189
95
79
-20
-91
35
185
-180
-39
154
-61
-43
-45
196
-110
-78
177
-75
-23
98
-20
-19
-66
151
-112
-102
210
-44
-179
240
-38
-158
172
-29
-163
47
56
-63
-204
244
-48
-255
253
-41
-170
176
4
-108
23
118
-51
-194
334
-96
-300
291
40
-270
69
209
-147
-102
138
-17
-83
-5
34
13
-136
194
-219
74
150
-337
250
-96
-85
125
-189
227
-155
-68
249
-207
58
22
53
-48
-62
131
-95
-43
99
-65
113
-179
125
107
-183
32
127
-80
19
-15
24
125
-142
106
110
-131
112
41
-122
177
-167
139
-19
-66
147
-163
75
43
-107
79
-3
-1
-39
44
-30
16
-6
3
-20
-46
150
-150
-24
99
-69
-11
-23
-3
106
-215
75
106
-173
32
85
-89
20
21
-19
32
-58
-21
56
50
-132
201
-88
5
110
-90
108
13
-41
85
0
-83
14
138
-166
42
111
-59
46
29
-52
187
-102
-41
262
-242
134
24
-85
174
-228
215
-18
-134
227
-155
187
-175
59
146
-226
153
-104
92
-44
-99
157
-120
106
-191
194
-102
-84
159
-200
108
-39
-164
220
-221
142
-75
-157
283
-213
-44
193
-163
76
-99
-51
176
-279
86
118
-240
163
-80
-9
58
-209
144
-60
-186
163
-184
7
-1
-67
18
-12
-48
7
10
-86
16
3
-125
66
-40
-104
60
-88
-11
29
-43
-27
92
36
-202
137
87
-230
104
8
63
-155
-23
164
-115
-257
375
-212
-31
11
50
-169
59
-26
-98
38
34
-196
124
-126
60
-53
-73
251
-359
161
101
-311
78
113
-110
-15
-76
261
-243
44
57
80
-180
144
57
-134
9
62
-4
-88
-34
91
-24
-139
109
14
-95
-35
79
-91
-86
45
82
-241
128
125
-220
272
-100
11
225
-240
244
39
-172
329
-105
-23
264
-138
62
76
57
-7
-61
289
-177
-12
196
-62
-4
-37
37
108
-207
27
218
-200
-24
69
46
-67
-148
210
-75
-150
138
-29
61
-154
109
143
-188
17
259
-215
-19
220
-168
3
39
63
-50
-115
265
-98
-221
278
-92
-77
-182
422
-321
-251
516
-343
-74
67
18
17
-413
383
38
-467
361
12
-140
30
38
153
-136
-110
260
-70
-246
244
32
-193
46
50
117
-250
157
301
-335
37
309
-110
-172
101
293
-434
72
314
-310
41
94
214
-377
86
421
-423
94
290
-235
100
-52
120
-113
-21
294
-151
-97
329
28
-316
380
7
-142
197
24
37
18
41
60
28
69
-23
61
110
-81
11
76
139
-196
76
232
-119
-123
269
-89
-103
131
-69
104
-118
92
-29
-107
275
-209
-21
346
-244
74
63
-19
22
-77
146
3
-84
92
70
-115
-76
206
-238
11
208
-229
43
211
-195
41
99
-47
-28
-56
132
41
-444
485
-111
-382
483
-241
12
43
-1
-40
-31
-80
33
-81
-184
168
-96
-245
278
-381
132
14
-327
223
-25
-277
223
-163
-48
-41
-23
42
-279
104
54
-326
225
-140
54
42
-244
335
-324
-40
243
-440
157
76
-359
303
-215
-12
132
-300
144
85
-314
109
183
-319
76
105
-190
34
-1
-71
13
-77
5
24
-184
121
3
-191
78
119
-230
-18
197
-199
-170
396
-384
83
138
-119
65
-25
-76
166
-337
355
-258
101
78
-61
178
-128
140
91
-259
335
-107
-157
365
-232
132
7
-11
162
-85
4
244
-178
192
-207
141
162
-429
411
-118
-221
352
-292
106
228
-406
393
-197
2
68
-61
58
-121
67
-72
-85
114
-201
59
81
-147
93
-44
62
-64
6
76
-115
152
-135
100
4
-106
209
-142
52
43
-65
17
33
-51
11
208
-213
101
143
-226
219
-142
80
11
14
77
-294
423
-285
-66
250
-170
63
-98
151
-33
-108
136
142
-286
121
380
-443
147
421
-453
112
251
-213
99
-37
158
-25
-201
410
-163
-158
334
-197
62
-31
142
-16
-195
410
-336
28
339
-531
515
-288
43
226
-391
416
-191
-180
377
-245
-16
142
-101
94
-186
127
-93
-45
-36
45
-78
17
-12
-115
111
-105
-105
196
-138
-49
141
-97
55
-112
111
47
-112
27
109
25
-301
312
2
-432
460
-129
-335
490
-413
137
185
-525
535
-392
-78
390
-517
202
78
-391
192
-61
-45
-204
162
-18
-246
87
67
-147
-142
30
187
-479
187
135
-285
-42
57
36
-242
31
141
-196
-176
337
-311
-5
108
-61
-113
86
-112
133
-134
-22
131
-99
5
-25
66
-66
86
-43
-43
238
-210
-10
285
-385
316
-91
-52
272
-241
217
-99
77
94
-194
435
-357
299
135
-279
445
-136
16
354
-317
371
165
-391
507
56
-203
311
127
-93
218
65
110
124
21
216
65
51
182
3
145
56
243
-199
243
281
-519
473
96
-175
132
65
220
-386
294
69
-357
306
-273
121
-65
-394
580
-598
-80
337
-538
99
-79
-279
167
-325
-33
-34
-204
-227
-5
3
-561
332
-318
-333
151
-365
-116
32
-428
66
-195
-311
85
-229
-336
177
-257
-211
-64
-141
-96
-261
41
-175
-160
-5
-226
-8
-172
-37
-38
-228
113
-113
-157
120
-178
11
-6
-65
109
-118
147
-8
-63
248
-77
57
213
3
107
136
169
83
123
318
108
116
415
171
157
314
296
231
358
338
365
350
212
556
83
419
498
40
533
368
8
679
54
284
435
26
431
74
178
309
37
188
240
28
205
26
149
-132
227
-143
9
162
-279
128
-179
-115
-112
-285
-16
-144
-264
-167
-58
-258
-509
-50
-287
-475
-61
-487
-98
-341
-577
-98
-342
-650
-21
-381
-434
-163
-409
-319
-357
-397
-352
-208
-485
-257
-151
-503
-304
-154
-555
-301
-198
-435
-268
-331
-279
-295
-377
-165
-269
-244
-115
-108
-161
-19
-64
-38
-8
163
53
170
234
234
275
318
416
296
451
443
462
448
516
433
452
501
328
488
418
347
371
361
364
322
266
251
309
153
126
315
98
180
240
92
333
190
144
202
266
137
159
275
280
52
246
207
137
151
87
368
3
170
277
2
79
163
-73
102
-54
74
-95
-149
-35
16
-326
-74
98
-466
94
-322
-309
-105
-268
-459
-27
-386
-278
-380
-305
-205
-394
-395
-46
-380
-436
-242
-286
-469
-404
-68
-619
-252
-358
-483
-470
-377
-395
-617
-461
-425
-686
-467
-600
-545
-507
-681
-414
-643
-466
-515
-394
-316
-297
-248
-384
-219
-168
-253
92
32
87
142
218
272
370
449
382
567
649
612
761
726
615
600
579
693
540
651
617
550
434
489
368
272
349
217
179
342
348
41
348
199
71
317
113
301
266
242
291
163
405
115
120
404
261
321
425
400
303
297
411
244
369
324
256
313
279
266
151
179
222
21
129
206
78
171
-23
-30
28
-72
-230
-44
-121
-245
-154
-246
-90
-460
-339
-115
-498
-391
-183
-373
-506
-275
-270
-472
-283
-357
-478
-332
-291
-264
-628
-168
-375
-748
-378
-349
-567
-619
-413
-460
-927
-383
-530
-1013
-407
-673
-689
-752
-563
-613
-986
-420
-616
-814
-255
-445
-363
-330
-416
-306
-283
-127
72
117
212
265
209
272
543
537
538
893
708
853
948
770
813
801
783
820
908
899
782
696
657
511
446
544
454
338
440
381
226
260
187
60
191
263
286
293
334
296
228
238
320
325
380
468
588
600
542
623
429
401
579
482
514
674
447
362
299
196
227
128
223
239
91
140
77
-195
-175
-291
-174
-321
-229
-111
-554
-405
-521
-658
-283
-713
-237
-393
-652
-383
-717
-502
-582
-645
-344
-382
-514
-428
-720
-329
-676
-608
-238
-636
-417
-472
-818
-468
-817
-742
-653
-765
-570
-683
-722
-899
-906
-902
-926
-730
-805
-784
-837
-912
-827
-721
-573
-356
-256
-343
-343
-71
-116
50
374
333
500
520
618
747
841
943
1064
1033
1220
1342
1159
1211
1149
1013
1124
1162
1059
1094
885
693
667
536
529
527
417
346
291
197
96
7
-14
-29
40
68
93
126
-2
-1
13
66
126
220
252
288
371
436
389
418
427
472
540
597
625
401
465
364
252
392
392
291
262
240
84
81
-11
-160
-137
-283
-256
-326
-516
-569
-657
-694
-716
-644
-720
-640
-777
-886
-704
-736
-806
-585
-659
-596
-593
-721
-483
-570
-471
-332
-504
-513
-346
-632
-649
-548
-475
-638
-773
-576
-640
-959
-867
-780
-919
-1008
-833
-932
-1101
-1007
-987
-1012
-985
-718
-531
-531
-373
-442
-430
-279
-93
291
515
425
634
462
449
833
977
1227
1378
1253
1245
1326
1241
1231
1241
1281
1284
1340
1141
1099
842
655
634
599
781
643
455
292
37
74
1
55
101
33
50
-11
-48
-58
-10
-56
151
205
208
265
244
219
334
427
577
629
664
598
622
595
590
688
608
628
646
533
470
481
361
268
344
222
117
77
-83
-208
-230
-316
-488
-456
-606
-702
-775
-815
-843
-894
-908
-919
-906
-912
-918
-854
-899
-822
-792
-807
-661
-718
-664
-701
-641
-545
-694
-622
-580
-682
-659
-705
-653
-709
-980
-794
-854
-1026
-858
-1132
-1063
-1166
-1201
-906
-1113
-959
-712
-715
-677
-532
-598
-657
-239
-46
357
451
333
478
254
617
1062
1293
1457
1438
1204
1227
1426
1500
1552
1562
1498
1466
1300
1206
1089
903
901
763
802
754
512
200
70
43
132
174
161
17
-72
-150
-96
10
170
123
100
153
68
227
366
372
528
596
620
704
752
728
721
815
856
955
862
834
725
598
612
656
666
603
439
276
141
95
30
-70
-174
-275
-490
-581
-611
-790
-802
-899
-956
-975
-1042
-1118
-1184
-1168
-1144
-1159
-1125
-1087
-1119
-1060
-993
-958
-913
-936
-826
-825
-848
-743
-861
-839
-856
-823
-679
-864
-949
-817
-1029
-1037
-955
-1054
-1013
-1292
-1070
-931
-1190
-958
-706
-757
-620
-563
-668
-393
-206
1
431
237
448
430
419
937
1255
1479
1474
1330
1285
1542
1642
1790
1757
1683
1577
1390
1394
1382
1172
1160
1024
798
818
747
371
309
196
141
248
106
-15
-155
-160
-146
-29
62
138
-34
-47
28
79
265
408
390
430
514
605
656
698
773
863
907
977
967
829
804
795
834
922
914
673
537
397
317
336
301
131
-54
-281
-387
-525
-517
-634
-757
-879
-1007
-1061
-1145
-1200
-1226
-1257
-1267
-1232
-1353
-1322
-1284
-1286
-1233
-1062
-1123
-1114
-1048
-1071
-1004
-984
-919
-933
-937
-937
-880
-863
-1004
-964
-1046
-1058
-940
-1070
-990
-1149
-1114
-1004
-985
-662
-507
-544
-614
-690
-509
-121
222
458
412
369
414
489
947
1456
1638
1550
1511
1379
1573
1832
1920
1979
1847
1738
1629
1483
1421
1396
1250
1218
1028
886
730
470
271
279
251
249
82
-122
-225
-266
-179
-63
-55
-48
-110
-158
-82
41
230
339
381
413
373
433
611
692
909
988
917
861
810
799
982
1053
1042
1000
786
647
605
587
625
493
276
135
-54
-185
-255
-394
-501
-609
-824
-937
-1097
-1188
-1252
-1268
-1325
-1384
-1502
-1546
-1555
-1523
-1443
-1465
-1424
-1452
-1437
-1335
-1286
-1191
-1152
-1217
-1064
-1153
-1059
-966
-1044
-919
-1002
-1022
-999
-1160
-976
-1028
-1089
-955
-919
-982
-830
-479
-519
-473
-672
-553
-241
36
432
425
215
356
376
731
1348
1619
1516
1434
1281
1476
1878
2047
2090
1819
1716
1607
1562
1562
1578
1384
1229
1050
878
770
609
371
288
230
233
53
-112
-233
-316
-222
-142
-98
-138
-145
-272
-186
-28
137
268
356
370
330
330
555
725
883
1019
967
805
785
905
1024
1217
1228
1013
828
807
737
875
852
730
455
251
178
75
27
-57
-287
-425
-600
-765
-903
-982
-1081
-1177
-1184
-1303
-1421
-1611
-1570
-1572
-1508
-1513
-1571
-1666
-1657
-1621
-1473
-1423
-1429
-1462
-1512
-1358
-1292
-1237
-1204
-1278
-1273
-1213
-1137
-1072
-1082
-1157
-1135
-1112
-953
-848
-920
-560
-497
-593
-588
-679
-339
-97
258
407
307
274
307
531
1059
1633
1558
1469
1300
1306
1743
2008
2087
1987
1794
1731
1639
1611
1716
1634
1439
1298
1082
973
869
621
478
381
379
213
17
-158
-153
-151
-119
-106
-163
-170
-192
-227
-93
103
179
280
282
266
288
450
634
777
897
938
780
711
835
982
1161
1246
1088
879
807
837
928
995
950
647
389
327
285
206
134
-38
-271
-390
-516
-670
-786
-914
-993
-1095
-1172
-1288
-1441
-1476
-1485
-1560
-1577
-1610
-1749
-1712
-1584
-1579
-1641
-1698
-1724
-1761
-1585
-1407
-1377
-1488
-1514
-1531
-1515
-1393
-1217
-1174
-1208
-1227
-1226
-1049
-946
-880
-565
-397
-391
-601
-607
-299
-41
374
448
411
385
452
730
1164
1655
1660
1559
1410
1543
1853
2168
2216
1999
1849
1841
1800
1756
1758
1689
1482
1337
1143
1049
949
724
523
420
467
308
61
-120
-133
-106
-71
-106
-195
-219
-283
-248
-173
-62
74
86
122
173
203
329
488
615
740
829
731
682
719
918
1092
1158
1105
915
842
841
930
1028
982
755
526
431
407
403
277
71
-119
-288
-414
-505
-658
-772
-920
-1063
-1186
-1289
-1446
-1481
-1522
-1593
-1655
-1737
-1880
-1910
-1787
-1809
-1778
-1900
-1911
-1925
-1970
-1701
-1717
-1649
-1641
-1819
-1705
-1730
-1460
-1427
-1408
-1314
-1306
-1302
-1048
-616
-636
-591
-603
-743
-339
-63
396
424
210
355
443
755
1339
1709
1555
1524
1466
1603
2031
2248
2259
2048
1878
1903
1845
1903
1954
1708
1561
1442
1224
1141
1059
842
688
556
522
344
104
-6
-70
-63
-18
-90
-239
-267
-276
-280
-98
-25
-39
-25
33
160
281
360
425
434
589
786
777
819
779
802
929
1101
1162
1156
1007
956
982
1017
1114
989
788
654
569
506
459
302
95
-102
-235
-354
-457
-602
-743
-979
-1081
-1188
-1310
-1414
-1525
-1625
-1703
-1722
-1886
-1908
-1924
-1970
-2007
-2048
-1976
-2051
-2077
-1995
-1996
-1976
-1921
-2005
-1906
-1885
-1846
-1789
-1713
-1621
-1547
-1519
-1290
-944
-796
-758
-902
-897
-570
-86
252
436
236
224
319
654
1341
1808
1824
1528
1396
1590
2069
2398
2440
2208
1995
1961
1956
1988
2111
1968
1755
1474
1314
1274
1238
1016
790
678
587
446
142
22
23
62
-18
-116
-266
-312
-334
-343
-216
-73
-85
-152
-208
9
245
379
359
304
405
574
753
766
851
850
832
905
1051
1208
1217
1090
1010
1022
1161
1135
992
845
764
637
561
461
287
150
-36
-204
-304
-380
-560
-733
-908
-980
-1035
-1203
-1370
-1481
-1536
-1558
-1628
-1732
-1786
-1853
-1903
-1930
-1951
-1932
-2011
-2064
-2039
-2025
-1962
-2022
-2067
-2069
-2011
-1898
-1855
-1879
-1762
-1674
-1626
-1299
-1033
-952
-1001
-1090
-808
-415
54
326
184
154
363
576
1063
1640
1833
1674
1525
1561
1970
2345
2555
2375
2097
2063
2110
2071
2114
2119
1901
1688
1413
1286
1277
1155
933
715
605
539
298
76
23
39
23
-68
-229
-287
-306
-332
-297
-217
-73
-115
-221
-202
31
252
400
321
221
335
491
684
808
858
867
729
758
974
1186
1283
1146
993
952
1097
1100
1046
942
851
676
498
408
335
243
53
-141
-292
-414
-535
-704
-840
-906
-1004
-1179
-1354
-1413
-1462
-1518
-1634
-1706
-1781
-1816
-1900
-1955
-1948
-2024
-1988
-2115
-2009
-2049
-2135
-2054
-2267
-2114
-2006
-2056
-2037
-2075
-1893
-1740
-1713
-1232
-1173
-1222
-1264
-1157
-867
-266
109
199
-2
48
334
669
1296
1839
1847
1607
1573
1638
2172
2604
2671
2364
2136
2129
2169
2139
2214
2152
1899
1665
1414
1286
1241
1104
772
642
567
493
155
-26
-62
-28
-16
-58
-255
-325
-357
-393
-311
-108
-15
-76
-215
-194
65
310
496
455
314
376
481
612
886
965
966
816
728
917
1192
1289
1224
1091
1012
1061
1029
1025
1001
893
704
528
354
360
223
31
-161
-279
-354
-506
-730
-828
-924
-1059
-1130
-1279
-1353
-1462
-1592
-1679
-1640
-1693
-1767
-1888
-2007
-2027
-2035
-1953
-1982
-2065
-2068
-2121
-2195
-2177
-2141
-2113
-2115
-2135
-2110
-1911
-1904
-1689
-1418
-1337
-1192
-1302
-1147
-763
-378
54
119
3
174
399
750
1419
1830
1823
1718
1611
1879
2286
2591
2664
2411
2176
2203
2144
2126
2182
2037
1847
1610
1377
1271
1117
901
663
481
467
322
17
-130
-202
-195
-161
-208
-296
-325
-429
-448
-372
-186
-59
-88
-157
-102
31
275
447
497
631
615
583
643
835
1084
1151
1120
1078
952
1095
1237
1252
1324
1328
1115
954
909
900
871
728
577
356
206
108
-78
-305
-299
-380
-495
-690
-881
-1007
-1117
-1218
-1209
-1262
-1360
-1555
-1724
-1667
-1667
-1615
-1789
-1861
-2058
-1980
-1943
-1972
-1924
-2077
-2167
-2206
-2275
-2088
-2057
-2138
-2097
-2172
-1952
-1955
-1693
-1395
-1272
-1345
-1245
-1148
-784
-355
57
105
63
285
444
838
1401
1887
1835
1794
1765
1947
2241
2542
2497
2342
2201
2229
2060
1966
1949
1836
1667
1490
1289
1076
913
647
435
361
385
189
-101
-352
-356
-374
-278
-321
-336
-398
-435
-488
-417
-219
-16
-18
-30
22
114
315
432
543
760
955
846
837
872
1100
1196
1309
1423
1328
1190
1269
1220
1308
1505
1464
1166
977
898
826
727
644
573
294
128
-34
-265
-342
-302
-476
-619
-798
-904
-1024
-1133
-1170
-1169
-1259
-1370
-1510
-1635
-1519
-1633
-1693
-1718
-1836
-1849
-1941
-1905
-1957
-2049
-1982
-2204
-2179
-2232
-2189
-2142
-2301
-1998
-2096
-2040
-1703
-1506
-1397
-1413
-1438
-1252
-842
-342
102
66
-24
238
370
890
1622
1951
1936
1791
1713
1992
2344
2609
2603
2302
2244
2200
1995
1988
1898
1742
1602
1396
1212
1028
742
443
255
180
318
73
-253
-441
-574
-466
-357
-338
-347
-437
-549
-577
-444
-219
28
28
8
149
167
436
542
627
812
1045
1125
963
956
1085
1144
1280
1488
1594
1342
1173
1148
1116
1348
1506
1369
983
817
671
597
550
555
392
85
-85
-218
-344
-378
-489
-628
-724
-813
-878
-1038
-1160
-1226
-1218
-1251
-1240
-1372
-1490
-1587
-1694
-1697
-1657
-1630
-1695
-1885
-2010
-2122
-2137
-2137
-2150
-2056
-2281
-2339
-2411
-2370
-2168
-2035
-1587
-1481
-1607
-1652
-1758
-1349
-799
-189
93
-51
-119
-24
276
946
1654
1974
1906
1758
1661
1929
2312
2523
2562
2378
2375
2214
1950
1815
1707
1668
1618
1436
1251
919
559
180
32
135
266
91
-296
-618
-727
-642
-494
-383
-326
-380
-551
-626
-592
-303
-49
52
88
169
262
422
464
579
802
1054
1288
1205
1104
1075
1068
1240
1437
1689
1726
1398
1196
1045
1245
1465
1524
1322
1020
802
637
565
497
454
278
54
-47
-177
-299
-471
-658
-707
-714
-646
-766
-994
-1235
-1345
-1324
-1238
-1159
-1229
-1462
-1620
-1817
-1758
-1626
-1542
-1633
-1890
-1955
-2058
-2133
-2109
-2043
-2115
-2205
-2204
-2110
-2050
-2099
-1946
-1699
-1564
-1261
-1427
-1380
-1164
-822
-285
-70
80
196
212
488
916
1383
1799
1839
1676
1648
1824
2134
2297
2183
2109
2064
2013
1898
1738
1591
1514
1359
1218
1095
958
728
368
84
28
116
123
-40
-276
-414
-427
-395
-356
-279
-245
-284
-340
-302
-161
0
23
13
90
277
422
522
533
558
594
615
716
802
864
911
854
799
795
837
854
811
827
828
850
740
613
547
503
544
469
402
499
463
481
434
283
253
235
237
298
275
233
54
-136
-206
-190
-255
-351
-459
-624
-734
-855
-1020
-1134
-1190
-1234
-1303
-1438
-1527
-1625
-1653
-1640
-1617
-1615
-1589
-1603
-1621
-1550
-1444
-1351
-1296
-1239
-1177
-1093
-998
-918
-835
-716
-572
-476
-388
-325
-260
-162
-70
43
91
143
177
230
283
339
400
421
468
481
523
578
622
653
663
651
621
581
542
538
526
490
427
364
307
244
205
183
156
170
174
101
59
75
135
209
252
252
255
315
398
463
541
594
625
662
722
834
896
952
972
1001
1073
1160
1207
1193
1204
1209
1192
1174
1156
1124
1107
1034
934
845
803
772
696
598
485
376
270
140
19
-68
-170
-295
-456
-600
-703
-793
-890
-1006
-1133
-1233
-1325
-1371
-1415
-1412
-1447
-1502
-1538
-1571
-1555
-1546
-1523
-1494
-1437
-1367
-1340
-1327
-1267
-1192
-1104
-1030
-924
-865
-821
-755
-677
-561
-429
-315
-252
-183
-61
60
172
244
314
369
417
497
542
591
617
603
599
611
643
653
647
633
580
554
526
508
455
391
338
283
226
173
109
23
-20
-77
-133
-159
-171
-214
-277
-345
-329
-288
-234
-205
-236
-254
-181
-69
38
109
157
217
279
417
546
681
769
829
904
1039
1179
1274
1318
1350
1389
1423
1460
1469
1438
1380
1315
1224
1157
1146
1067
949
802
650
537
408
287
161
39
-109
-260
-430
-574
-687
-810
-901
-1003
-1099
-1176
-1309
-1377
-1412
-1394
-1367
-1388
-1439
-1465
-1438
-1391
-1328
-1259
-1164
-1092
-1055
-1038
-967
-870
-761
-675
-606
-529
-479
-413
-338
-245
-116
-31
57
126
191
292
344
419
487
549
584
604
639
642
645
622
614
631
628
577
499
440
402
382
318
234
143
56
-20
-100
-174
-230
-302
-398
-500
-605
-656
-691
-722
-761
-765
-789
-786
-767
-735
-664
-620
-549
-460
-358
-247
-152
-61
23
161
290
442
563
696
801
952
1223
1505
1570
1407
1289
1343
1514
1708
1785
1664
1422
1165
1099
1112
1166
1128
974
820
775
717
446
154
-96
-125
-11
32
25
-376
-584
-739
-745
-581
-649
-729
-796
-932
-736
-819
-922
-980
-1048
-946
-856
-803
-743
-777
-799
-705
-742
-764
-749
-656
-510
-424
-347
-348
-404
-299
-208
-131
-10
52
98
216
259
238
120
197
262
411
468
397
497
279
413
428
383
411
102
119
403
283
388
229
-2
-147
-290
-99
-69
-34
-91
-254
-595
-776
-893
-902
-913
-796
-935
-1009
-1152
-1333
-1353
-1367
-1265
-1154
-937
-709
-642
-730
-830
-772
-501
-132
254
461
600
649
741
893
1111
1316
1478
1599
1759
1906
1994
1842
1670
1537
1531
1601
1661
1638
1527
1306
1045
838
700
649
577
494
330
232
88
-26
-115
-222
-309
-390
-450
-418
-357
-330
-458
-629
-694
-636
-544
-500
-478
-461
-414
-396
-355
-347
-347
-351
-372
-326
-225
-129
-66
-139
-241
-299
-254
-167
-70
-21
-34
-46
-104
-97
-86
-117
-134
-176
-177
-105
-86
-74
-139
-181
-242
-275
-221
-161
-43
14
11
-55
-186
-279
-208
-207
-144
-88
-69
-80
-217
-403
-637
-777
-789
-715
-690
-749
-885
-1093
-1363
-1463
-1537
-1463
-1387
-1267
-1166
-1029
-836
-697
-661
-745
-724
-504
-43
491
840
988
996
972
1052
1261
1634
1929
2134
2147
2123
2114
2103
2005
1777
1529
1430
1410
1412
1292
1118
831
491
172
-24
-91
-114
-192
-351
-518
-601
-634
-682
-724
-767
-721
-639
-453
-293
-166
-139
-172
-183
-100
43
185
315
444
523
548
527
534
570
613
595
528
473
474
497
468
346
182
-5
-115
-140
-149
-139
-217
-324
-424
-487
-484
-511
-548
-590
-610
-581
-530
-431
-389
-377
-371
-373
-283
-184
-90
-51
-64
-41
-41
-43
-59
-91
-188
-241
-328
-362
-501
-627
-795
-1030
-1119
-1332
-1362
-1504
-1650
-1743
-1941
-1966
-2034
-2018
-1965
-1924
-1776
-1612
-1256
-947
-567
-470
-421
-326
-128
440
810
1226
1457
1552
1750
1752
2016
2183
2306
2305
2155
2181
2220
2244
2011
1632
1313
1080
937
765
601
467
241
-58
-364
-584
-623
-663
-840
-954
-1045
-907
-792
-705
-557
-470
-333
-282
-164
89
379
616
687
714
798
950
1124
1216
1257
1244
1235
1260
1283
1297
1230
1074
854
659
502
397
279
140
-21
-184
-315
-440
-534
-644
-717
-784
-824
-828
-807
-762
-742
-714
-703
-656
-557
-437
-335
-271
-164
-52
22
89
80
81
64
58
26
-58
-120
-218
-261
-448
-584
-831
-1036
-1179
-1425
-1498
-1743
-1851
-1986
-2137
-2221
-2275
-2390
-2366
-2409
-2278
-2042
-1778
-1261
-900
-612
-424
-296
-22
334
731
1162
1427
1834
1993
2169
2277
2484
2664
2599
2509
2385
2375
2329
2116
1748
1412
1146
855
519
207
9
-223
-526
-818
-994
-1012
-1050
-1169
-1347
-1377
-1271
-1115
-985
-789
-517
-247
-39
186
485
821
1063
1160
1244
1401
1620
1749
1802
1818
1874
1840
1784
1692
1580
1484
1308
1071
820
615
441
209
-76
-264
-412
-569
-706
-839
-900
-935
-988
-1010
-1015
-910
-825
-779
-724
-653
-520
-399
-289
-208
-104
38
179
268
303
304
276
218
137
30
-104
-254
-407
-555
-689
-893
-1112
-1408
-1607
-1828
-2000
-2149
-2404
-2514
-2680
-2734
-2719
-2793
-2716
-2741
-2574
-2358
-2047
-1429
-967
-468
-248
-47
272
567
1065
1461
1730
2056
2234
2407
2641
2842
2984
2944
2715
2566
2418
2239
1993
1503
1095
792
463
208
-44
-301
-541
-901
-1176
-1285
-1313
-1291
-1383
-1490
-1401
-1202
-906
-647
-382
-68
217
479
769
1144
1499
1784
1894
1985
2119
2252
2333
2319
2243
2185
2047
1930
1824
1661
1452
1140
730
406
145
-84
-335
-668
-870
-1046
-1155
-1257
-1339
-1376
-1372
-1362
-1322
-1217
-1106
-960
-845
-698
-508
-341
-189
-42
108
240
359
424
489
563
565
542
407
248
117
-78
-299
-562
-761
-980
-1127
-1428
-1605
-1849
-2029
-2155
-2412
-2500
-2664
-2706
-2728
-2678
-2612
-2504
-2368
-2138
-1909
-1541
-990
-492
-81
312
540
926
1242
1600
1872
1977
2233
2368
2480
2632
2777
2764
2639
2399
2108
1952
1706
1420
938
493
171
-198
-474
-710
-880
-1051
-1212
-1374
-1417
-1357
-1318
-1322
-1375
-1201
-922
-629
-298
26
425
801
1115
1410
1711
1989
2144
2207
2226
2334
2412
2397
2287
2113
2008
1867
1663
1434
1165
929
630
294
-16
-283
-518
-789
-1037
-1195
-1237
-1267
-1298
-1287
-1262
-1180
-1090
-975
-854
-709
-551
-402
-211
-39
150
260
362
460
543
579
533
452
395
321
215
35
-181
-410
-680
-962
-1231
-1444
-1700
-1869
-2149
-2296
-2485
-2558
-2631
-2789
-2794
-2958
-2876
-2884
-2749
-2559
-2412
-2031
-1783
-1305
-690
-187
369
665
996
1291
1585
1907
2108
2223
2311
2462
2417
2631
2734
2775
2670
2390
2187
1926
1641
1238
709
237
-119
-429
-710
-849
-1018
-1112
-1229
-1323
-1290
-1243
-1181
-1218
-1201
-1005
-718
-437
-96
237
625
1036
1384
1704
2037
2236
2359
2343
2336
2310
2236
2128
1997
1874
1758
1626
1398
1208
975
712
365
19
-273
-518
-746
-872
-941
-987
-934
-961
-934
-845
-738
-568
-461
-345
-185
-77
75
253
411
544
665
759
860
902
890
844
684
517
304
73
-128
-356
-580
-857
-1172
-1432
-1692
-1873
-2114
-2317
-2550
-2732
-2890
-3008
-3014
-3062
-3037
-3017
-2938
-2804
-2599
-2423
-2190
-1948
-1602
-1268
-781
-265
207
657
956
1294
1541
1826
2079
2155
2183
2241
2176
2167
2199
2231
2143
1958
1731
1544
1326
1049
650
191
-134
-452
-740
-965
-1097
-1160
-1169
-1172
-1112
-919
-744
-603
-563
-432
-194
1
245
493
817
1157
1473
1752
2021
2285
2437
2470
2416
2312
2171
1950
1707
1459
1260
1090
890
729
630
516
342
111
-104
-310
-508
-703
-870
-961
-941
-871
-769
-608
-410
-210
-13
177
348
472
550
618
648
724
750
747
752
763
796
754
656
505
305
73
-205
-507
-803
-1114
-1450
-1738
-1979
-2172
-2283
-2449
-2568
-2698
-2811
-2840
-2909
-2935
-2900
-2922
-2860
-2774
-2648
-2428
-2269
-1989
-1689
-1345
-903
-326
118
586
939
1210
1521
1756
1958
2072
2018
2066
2021
1951
2011
2014
1953
1851
1694
1560
1439
1185
839
377
1
-294
-618
-858
-1026
-1160
-1159
-1139
-1056
-849
-612
-470
-373
-264
-60
144
294
490
664
929
1213
1478
1771
2069
2252
2305
2300
2252
2122
1901
1585
1273
999
792
561
337
237
153
81
-44
-137
-244
-377
-568
-749
-886
-894
-822
-799
-639
-419
-120
184
462
721
885
964
980
938
920
929
857
719
693
686
689
637
484
333
91
-156
-462
-813
-1142
-1538
-1927
-2266
-2475
-2577
-2639
-2698
-2796
-2766
-2774
-2730
-2761
-2765
-2857
-2812
-2851
-2704
-2536
-2390
-2082
-1918
-1491
-1088
-510
44
460
817
1051
1310
1575
1727
1909
1854
1889
1797
1782
1776
1836
1872
1743
1669
1513
1481
1301
1001
568
134
-181
-505
-740
-944
-1040
-1075
-1059
-940
-777
-472
-320
-190
-93
125
341
506
649
787
1005
1232
1491
1739
2037
2277
2367
2377
2334
2253
2051
1718
1372
1052
810
554
323
129
43
-29
-118
-175
-211
-242
-330
-446
-526
-560
-563
-583
-554
-431
-210
58
294
553
774
979
1080
1148
1174
1142
1038
832
667
535
436
312
169
23
-113
-282
-498
-739
-1012
-1321
-1655
-1992
-2263
-2477
-2617
-2785
-2857
-2894
-2882
-2834
-2794
-2688
-2627
-2536
-2502
-2379
-2341
-2253
-2108
-2006
-1682
-1391
-1032
-464
-43
483
867
1127
1462
1662
1822
1899
1855
1793
1749
1589
1538
1565
1521
1516
1425
1364
1377
1241
1001
649
269
-51
-389
-727
-937
-1091
-1140
-1099
-1014
-760
-460
-243
-44
149
382
586
675
750
874
1019
1185
1337
1516
1760
1945
2059
2137
2170
2147
1988
1712
1407
1119
812
506
216
13
-66
-150
-180
-181
-170
-168
-202
-249
-223
-200
-218
-233
-242
-131
55
249
491
679
887
1053
1169
1267
1339
1279
1114
952
781
638
445
241
52
-129
-281
-479
-704
-918
-1159
-1444
-1723
-1985
-2201
-2367
-2595
-2717
-2817
-2848
-2835
-2859
-2780
-2698
-2620
-2518
-2430
-2344
-2195
-2096
-2031
-1867
-1684
-1392
-926
-566
-112
253
602
1009
1296
1564
1730
1714
1647
1566
1388
1334
1303
1202
1123
1063
1067
1130
1058
910
690
417
188
-145
-485
-748
-1013
-1198
-1262
-1218
-1020
-764
-551
-327
-42
299
575
725
828
963
1080
1201
1322
1467
1664
1816
1929
2035
2149
2203
2126
1930
1706
1489
1222
915
591
319
144
-10
-91
-104
-96
-60
-78
-77
-39
-4
1
-29
-45
2
76
172
307
453
652
819
949
1066
1166
1211
1164
1045
908
745
556
323
91
-139
-333
-537
-750
-938
-1129
-1336
-1590
-1828
-2031
-2204
-2350
-2518
-2653
-2754
-2801
-2825
-2800
-2709
-2646
-2487
-2415
-2267
-2157
-1999
-1859
-1738
-1548
-1333
-945
-540
-196
187
480
877
1220
1520
1751
1835
1857
1793
1654
1525
1495
1384
1218
1089
1009
1062
1039
910
716
495
295
46
-274
-577
-820
-1094
-1259
-1344
-1261
-1071
-898
-709
-426
-73
256
493
655
824
987
1107
1190
1298
1439
1575
1657
1755
1876
1960
1952
1845
1698
1556
1369
1111
810
550
330
147
-2
-74
-88
-81
-80
-68
-30
17
48
27
42
85
159
225
306
418
572
728
847
973
1085
1143
1145
1075
970
853
680
466
245
35
-163
-369
-570
-774
-971
-1179
-1391
-1617
-1790
-1987
-2150
-2316
-2486
-2576
-2698
-2722
-2766
-2710
-2683
-2621
-2531
-2445
-2292
-2222
-2047
-1941
-1782
-1501
-1171
-728
-343
23
381
728
1120
1385
1606
1666
1724
1683
1544
1471
1359
1308
1140
1045
995
1056
1067
915
743
532
377
95
-241
-550
-823
-1031
-1244
-1324
-1283
-1115
-941
-785
-509
-162
195
433
620
808
1007
1159
1238
1341
1471
1598
1667
1724
1832
1919
1942
1854
1742
1622
1478
1262
964
703
465
271
79
-48
-90
-129
-137
-149
-105
-44
19
39
58
107
152
207
274
363
509
650
774
886
1005
1088
1112
1074
987
882
723
556
359
159
-50
-256
-465
-657
-828
-1028
-1231
-1464
-1649
-1832
-2019
-2171
-2343
-2455
-2548
-2597
-2619
-2577
-2527
-2492
-2406
-2354
-2234
-2120
-2021
-1876
-1756
-1499
-1105
-746
-336
-3
327
717
1076
1354
1539
1599
1613
1544
1381
1302
1238
1096
951
832
833
917
893
760
600
458
289
21
-321
-585
-845
-1090
-1281
-1378
-1306
-1174
-1053
-879
-592
-232
88
324
529
769
978
1107
1192
1267
1386
1481
1535
1582
1665
1729
1731
1654
1564
1498
1366
1169
932
714
531
346
157
17
-62
-98
-113
-141
-96
-17
39
104
142
214
293
357
431
520
655
790
904
986
1086
1159
1193
1179
1125
1023
896
743
568
378
159
-39
-243
-441
-624
-830
-1039
-1248
-1451
-1613
-1776
-1911
-2053
-2190
-2273
-2350
-2371
-2374
-2352
-2338
-2277
-2204
-2158
-2069
-1991
-1851
-1707
-1499
-1146
-824
-461
-170
155
554
904
1195
1358
1443
1506
1479
1339
1205
1112
962
828
701
677
754
737
646
518
447
346
122
-191
-463
-713
-961
-1181
-1346
-1352
-1268
-1156
-988
-719
-364
-34
231
462
732
966
1117
1194
1245
1351
1412
1448
1454
1482
1525
1508
1463
1394
1341
1245
1092
908
725
556
357
155
-14
-137
-224
-285
-329
-316
-262
-208
-129
-47
49
136
234
335
443
549
653
735
819
910
984
1038
1042
1003
937
837
713
581
420
247
54
-120
-299
-462
-648
-835
-1034
-1225
-1397
-1558
-1696
-1838
-1954
-2076
-2125
-2193
-2182
-2170
-2168
-2083
-2044
-1972
-1919
-1861
-1772
-1668
-1532
-1264
-941
-628
-319
-32
295
671
971
1221
1351
1442
1492
1403
1307
1208
1104
932
802
709
729
753
666
571
469
423
257
20
-246
-492
-737
-1005
-1195
-1320
-1297
-1266
-1194
-1003
-710
-368
-96
166
434
696
907
1045
1135
1224
1318
1339
1355
1380
1414
1413
1363
1320
1284
1244
1144
995
849
707
549
382
215
83
-9
-106
-186
-214
-204
-166
-152
-111
-25
63
157
263
367
490
621
713
798
877
942
975
968
921
862
789
676
564
434
296
157
3
-135
-292
-456
-651
-856
-1063
-1263
-1451
-1659
-1815
-1966
-2065
-2150
-2204
-2201
-2212
-2186
-2137
-2069
-1995
-1938
-1899
-1816
-1709
-1595
-1431
-1175
-878
-562
-269
32
392
737
1022
1219
1339
1456
1502
1419
1353
1284
1198
1078
965
901
905
885
775
655
564
476
293
42
-182
-392
-612
-835
-999
-1079
-1061
-1041
-973
-791
-540
-284
-60
170
416
670
869
1022
1125
1234
1307
1327
1339
1361
1354
1316
1271
1213
1159
1103
1008
886
791
691
582
444
322
214
96
-16
-127
-203
-232
-239
-260
-237
-172
-96
-9
92
227
382
523
648
740
808
857
852
804
743
671
578
487
371
263
165
70
-21
-118
-238
-393
-573
-773
-961
-1157
-1350
-1545
-1720
-1849
-1937
-1994
-2031
-2035
-2031
-1989
-1932
-1880
-1829
-1779
-1748
-1702
-1609
-1502
-1388
-1262
-1054
-777
-508
-221
36
321
635
895
1080
1228
1353
1414
1411
1375
1374
1352
1261
1162
1071
1042
997
853
681
550
441
272
63
-154
-318
-489
-664
-796
-871
-881
-889
-875
-788
-615
-415
-243
-66
145
374
581
741
873
1006
1112
1179
1209
1221
1246
1239
1198
1135
1081
1044
982
884
773
679
583
480
349
211
106
-6
-129
-219
-295
-334
-358
-352
-292
-205
-99
28
150
287
419
511
589
643
667
656
610
551
504
460
409
349
278
212
146
53
-55
-179
-326
-502
-694
-879
-1078
-1257
-1435
-1595
-1706
-1779
-1822
-1850
-1850
-1826
-1773
-1718
-1657
-1599
-1541
-1471
-1390
-1315
-1196
-1090
-971
-814
-645
-422
-196
19
230
433
633
832
989
1123
1235
1288
1318
1341
1320
1277
1194
1079
986
880
764
638
486
347
226
111
-3
-120
-242
-332
-402
-470
-510
-545
-556
-525
-471
-390
-279
-161
-35
110
256
401
553
681
779
858
927
981
1013
1019
1012
992
954
914
838
762
711
644
562
482
404
335
260
186
109
54
17
-15
-48
-58
-32
-21
8
27
77
136
183
221
248
285
306
320
314
311
293
270
227
194
161
115
42
-53
-148
-268
-407
-553
-695
-837
-960
-1098
-1218
-1315
-1378
-1424
-1464
-1478
-1483
-1492
-1493
-1477
-1468
-1443
-1412
-1365
-1308
-1232
-1136
-1027
-891
-757
-629
-482
-328
-162
0
154
305
452
597
748
903
1026
1139
1205
1261
1286
1268
1236
1152
1052
931
811
675
542
429
307
226
136
58
-20
-90
-147
-211
-255
-294
-309
-345
-360
-333
-294
-220
-140
-47
70
191
314
434
553
661
754
808
869
914
932
948
942
930
897
853
795
750
690
634
574
495
447
394
351
296
243
187
141
106
62
23
-19
-46
-70
-106
-120
-115
-103
-92
-71
-49
-35
-35
-54
-61
-86
-113
-170
-241
-289
-355
-429
-513
-582
-661
-741
-827
-902
-965
-1028
-1078
-1127
-1167
-1203
-1233
-1252
-1247
-1258
-1255
-1246
-1226
-1203
-1170
-1113
-1058
-956
-855
-765
-644
-523
-387
-250
-121
7
157
307
444
577
710
844
958
1047
1133
1185
1211
1212
1166
1092
1011
911
786
658
525
402
290
185
106
45
-20
-85
-146
-202
-241
-289
-325
-355
-370
-354
-311
-269
-217
-145
-51
60
165
262
369
473
548
626
693
752
807
842
870
894
898
909
904
874
843
778
717
655
593
539
485
419
357
286
215
148
86
48
0
-50
-96
-129
-166
-170
-163
-160
-148
-136
-118
-116
-109
-117
-127
-141
-167
-207
-254
-293
-356
-409
-461
-529
-606
-674
-723
-774
-825
-867
-914
-959
-983
-1015
-1023
-1020
-1013
-1002
-992
-966
-914
-858
-802
-748
-659
-562
-473
-392
-309
-212
-117
-9
86
192
305
422
523
621
708
775
829
858
880
887
865
813
732
651
582
505
409
334
253
173
110
45
-13
-61
-115
-169
-211
-257
-294
-315
-331
-352
-353
-321
-278
-229
-174
-109
-33
52
142
215
303
395
483
553
620
690
732
773
796
824
834
831
819
793
781
737
671
603
549
502
446
376
283
194
117
36
-33
-80
-123
-165
-193
-222
-234
-241
-242
-246
-239
-240
-248
-274
-305
-324
-356
-374
-397
-430
-457
-478
-500
-517
-549
-572
-591
-618
-653
-680
-714
-739
-780
-820
-836
-856
-858
-858
-848
-814
-765
-718
-662
-583
-502
-418
-339
-262
-173
-79
2
69
150
238
321
398
471
550
603
645
687
716
735
727
719
683
632
582
524
452
380
324
250
180
115
62
7
-36
-76
-106
-128
-161
-177
-188
-200
-202
-196
-186
-167
-135
-98
-38
25
82
150
225
301
376
455
516
564
601
637
669
682
704
698
706
696
677
664
637
603
565
530
475
406
342
280
204
122
53
4
-45
-83
-112
-127
-152
-170
-203
-220
-245
-284
-327
-369
-415
-466
-513
-535
-557
-591
-588
-580
-586
-591
-552
-547
-571
-584
-577
-606
-637
-652
-693
-741
-754
-761
-771
-768
-732
-690
-661
-594
-519
-445
-376
-300
-220
-145
-68
-11
32
89
148
203
251
312
356
405
456
506
533
555
574
564
559
551
522
471
415
360
303
247
192
138
91
49
15
-16
-38
-46
-52
-64
-62
-45
-40
-40
-19
4
9
32
58
82
104
139
179
208
266
316
361
390
428
473
494
518
539
562
564
567
564
561
552
527
503
482
452
432
388
349
306
259
206
156
116
69
25
-14
-48
-91
-115
-137
-175
-215
-242
-272
-304
-329
-337
-365
-381
-388
-407
-417
-424
-445
-459
-476
-481
-512
-532
-553
-579
-606
-620
-624
-626
-615
-602
-582
-566
-540
-506
-471
-436
-385
-338
-287
-238
-183
-126
-56
6
57
103
152
197
229
265
287
300
305
314
312
303
296
284
253
230
209
193
163
132
116
93
68
63
46
41
47
55
53
52
63
65
72
91
115
127
143
150
159
160
157
146
147
133
128
128
137
138
139
153
168
185
210
239
256
264
267
279
281
289
295
285
278
290
295
292
278
267
249
234
221
199
167
136
107
60
32
13
-16
-60
-100
-133
-160
-205
-246
-280
-310
-337
-365
-393
-431
-444
-456
-470
-474
-467
-469
-468
-468
-461
-462
-450
-447
-447
-433
-408
-396
-378
-352
-329
-306
-283
-245
-213
-175
-132
-96
-62
-14
32
70
102
154
196
218
254
278
290
290
295
292
287
290
281
267
258
245
221
211
197
170
148
119
101
85
79
78
60
74
82
77
79
72
74
73
71
66
60
60
52
28
15
11
0
-15
-22
-26
-24
-1
10
12
38
68
72
74
96
101
106
101
106
111
104
94
96
89
102
109
115
130
144
154
148
157
163
160
149
134
99
71
52
15
-26
-51
-68
-107
-127
-149
-159
-171
-189
-192
-204
-207
-225
-248
-256
-272
-285
-305
-316
-339
-345
-351
-362
-342
-331
-329
-314
-287
-271
-231
-210
-192
-173
-144
-113
-85
-54
-17
35
77
116
153
184
215
234
246
264
267
274
269
251
253
251
248
245
237
222
218
195
167
135
110
93
62
44
28
20
15
22
21
17
35
39
31
26
28
21
22
6
-12
-16
-16
-16
-20
-13
-5
1
8
13
11
9
13
15
5
6
9
18
25
42
62
92
106
108
127
129
133
145
158
155
158
164
157
156
158
154
152
161
158
142
118
111
102
75
54
40
16
-12
-37
-53
-78
-96
-117
-141
-163
-181
-191
-217
-236
-248
-259
-271
-278
-294
-303
-301
-300
-301
-296
-287
-271
-257
-242
-224
-208
-189
-170
-148
-123
-102
-70
-41
-15
9
31
58
77
86
95
103
113
122
112
108
112
109
100
98
89
84
71
50
44
21
18
-1
-20
-27
-35
-40
-41
-39
-37
-25
-23
-22
-7
4
6
5
10
6
4
5
7
-11
-22
-18
-18
-23
-22
-19
-21
-23
-24
-12
-9
6
13
22
21
19
28
23
29
33
38
50
62
67
89
111
140
158
179
209
231
248
256
262
260
252
234
219
194
166
144
120
93
67
48
38
22
11
-10
-28
-47
-63
-86
-101
-124
-153
-174
-201
-217
-234
-243
-252
-259
-261
-249
-233
-219
-199
-185
-160
-147
-127
-102
-75
-53
-29
-2
20
42
62
78
97
108
122
139
143
143
145
141
136
137
120
110
100
80
66
40
23
-4
-25
-49
-64
-91
-105
-100
-117
-112
-120
-109
-109
-111
-94
-86
-90
-94
-95
-112
-110
-116
-127
-123
-122
-127
-143
-139
-136
-144
-135
-131
-129
-134
-126
-118
-111
-108
-97
-77
-66
-49
-34
-2
16
30
50
68
94
110
127
144
158
164
168
168
156
165
167
168
166
167
170
155
165
168
161
153
164
165
158
160
151
135
113
87
55
31
3
-35
-63
-92
-111
-128
-136
-122
-124
-116
-102
-91
-89
-81
-60
-50
-31
-11
5
17
36
66
71
90
107
128
143
158
180
176
183
182
172
157
150
137
125
113
88
96
61
29
7
-15
-39
-49
-64
-71
-78
-118
-111
-128
-137
-119
-99
-93
-79
-62
-55
-46
-56
-41
-43
-58
-64
-63
-63
-85
-90
-110
-117
-123
-133
-119
-116
-115
-117
-100
-90
-85
-75
-60
-38
-40
-32
-12
-5
0
2
10
13
21
24
34
41
47
51
62
77
85
102
108
111
117
118
119
127
126
130
137
134
128
120
114
102
87
72
64
45
20
-5
-28
-47
-72
-88
-105
-127
-147
-163
-168
-171
-162
-156
-142
-131
-115
-98
-83
-60
-43
-16
4
24
48
72
97
108
122
131
138
141
143
139
131
120
102
91
79
69
61
48
36
27
8
-5
-15
-40
-40
-41
-49
-46
-57
-63
-70
-75
-79
-78
-83
-88
-79
-84
-85
-89
-90
-95
-99
-100
-100
-89
-77
-66
-48
-42
-24
-25
-23
-13
-19
-12
-12
-20
-19
-14
-22
-20
-20
-12
4
7
20
35
41
48
53
65
70
84
90
97
108
110
116
118
127
136
140
142
150
152
154
161
158
153
146
134
117
108
91
71
55
26
3
-21
-45
-71
-92
-104
-103
-111
-129
-117
-117
-125
-119
-121
-115
-101
-91
-78
-66
-55
-52
-40
-30
-25
-9
-5
15
29
28
37
43
31
27
32
35
40
33
29
27
13
9
7
0
-2
-7
-19
-27
-41
-51
-54
-66
-69
-66
-70
-75
-75
-75
-84
-77
-66
-68
-54
-46
-43
-34
-33
-21
-8
-2
8
21
24
28
29
26
21
12
11
7
5
8
11
6
4
-5
-8
-5
-4
-1
10
14
20
25
18
29
41
46
56
73
81
87
94
99
106
116
121
124
123
121
128
126
120
129
129
124
124
121
115
101
87
75
65
48
35
22
7
-1
-13
-28
-38
-40
-45
-48
-50
-56
-53
-51
-57
-46
-49
-49
-33
-29
-17
-6
-7
6
13
17
36
42
52
55
58
61
56
58
50
40
34
28
19
1
-12
-22
-30
-36
-50
-61
-61
-69
-76
-73
-72
-69
-70
-72
-77
-82
-84
-83
-80
-80
-83
-82
-76
-79
-76
-75
-80
-77
-80
-77
-73
-77
-82
-79
-85
-86
-91
-95
-94
-95
-90
-88
-88
-81
-78
-79
-68
-60
-44
-29
-17
2
13
23
42
53
53
65
77
77
81
86
89
95
97
98
109
121
125
136
142
156
163
165
169
164
162
154
144
129
116
109
97
86
66
45
35
11
13
7
-7
-8
-19
-28
-33
-35
-45
-45
-43
-38
-40
-35
-34
-37
-27
-32
-29
-23
-22
-21
-20
-18
-13
-9
-6
0
-2
-2
-6
-11
-17
-33
-37
-40
-36
-37
-42
-45
-53
-60
-62
-60
-64
-58
-58
-61
-65
-65
-66
-72
-84
-85
-82
-85
-86
-88
-92
-100
-106
-111
-115
-120
-116
-117
-126
-125
-122
-125
-126
-125
-120
-117
-113
-98
-84
-71
-55
-51
-43
-35
-23
-6
3
11
22
30
33
41
49
54
62
72
90
104
118
128
133
137
144
154
157
161
157
155
149
143
139
137
129
120
112
107
105
98
94
89
79
67
57
49
38
31
26
20
16
17
17
14
17
12
11
16
18
27
24
22
18
7
0
-8
-14
-17
-24
-24
-27
-32
-28
-23
-26
-16
-11
-13
-11
-17
-22
-23
-32
-41
-50
-57
-58
-67
-70
-72
-73
-69
-69
-63
-63
-65
-67
-72
-76
-80
-85
-91
-103
-114
-123
-131
-139
-145
-148
-145
-144
-149
-147
-145
-146
-136
-130
-118
-106
-94
-80
-69
-59
-47
-39
-27
-12
1
15
29
38
49
59
69
80
89
95
101
114
122
133
148
157
163
165
172
179
174
176
175
165
161
154
150
151
140
136
136
129
130
121
119
111
103
96
88
80
73
69
59
55
45
38
35
27
25
22
17
7
4
3
-6
-5
-9
-15
-16
-17
-24
-25
-29
-34
-34
-37
-34
-36
-41
-45
-48
-49
-51
-48
-46
-42
-46
-47
-53
-53
-49
-56
-49
-51
-50
-46
-50
-48
-45
-49
-53
-60
-70
-73
-79
-83
-88
-89
-90
-94
-96
-100
-100
-104
-111
-117
-116
-117
-112
-105
-111
-106
-99
-96
-87
-84
-80
-71
-63
-56
-45
-33
-23
-14
-11
7
21
29
41
55
69
76
82
94
107
115
127
132
136
142
146
154
154
158
151
143
139
131
126
118
116
109
106
105
106
104
101
106
96
89
84
77
76
74
62
56
57
42
39
39
36
42
39
39
39
30
26
26
20
17
12
3
0
-14
-22
-32
-39
-40
-43
-47
-52
-59
-61
-60
-57
-54
-53
-51
-49
-49
-48
-47
-43
-40
-40
-44
-47
-49
-51
-56
-58
-60
-65
-67
-73
-77
-78
-85
-93
-98
-97
-99
-105
-116
-118
-118
-121
-127
-127
-126
-128
-126
-119
-120
-118
-111
-102
-95
-85
-76
-64
-53
-42
-33
-24
-14
-5
10
23
34
41
48
58
69
81
87
103
116
120
120
122
131
138
144
140
137
137
133
128
130
126
121
117
116
115
110
107
106
108
105
103
99
99
94
88
81
77
75
70
64
60
58
49
40
41
38
31
30
27
25
17
7
-2
-12
-23
-30
-45
-55
-60
-65
-65
-68
-62
-57
-55
-51
-48
-46
-50
-50
-49
-48
-50
-51
-55
-56
-58
-60
-56
-47
-48
-51
-47
-43
-44
-46
-46
-47
-56
-64
-81
-89
-91
-100
-107
-113
-124
-132
-131
-132
-131
-133
-131
-137
-133
-130
-132
-128
-127
-124
-116
-117
-114
-108
-100
-90
-82
-74
-67
-56
-41
-30
-19
-8
5
17
30
38
41
45
45
47
51
60
65
69
73
80
87
92
99
101
105
108
108
112
114
114
115
114
116
114
111
108
114
115
110
110
113
112
107
102
99
96
86
77
65
58
53
41
35
24
13
3
-2
-7
-8
-10
-10
-9
-12
-18
-21
-18
-21
-31
-42
-47
-45
-51
-48
-45
-49
-49
-49
-43
-36
-32
-31
-22
-22
-24
-23
-27
-25
-26
-37
-45
-58
-70
-75
-83
-84
-81
-83
-87
-87
-86
-87
-93
-93
-91
-97
-95
-89
-92
-99
-98
-98
-94
-87
-82
-76
-72
-59
-54
-42
-36
-29
-22
-16
-8
-4
1
2
8
20
31
41
51
60
64
69
80
87
94
102
102
110
116
119
117
116
115
109
111
112
116
119
117
120
118
121
121
119
124
121
113
109
103
103
96
86
81
73
61
47
38
32
21
14
4
0
-5
-8
-12
-14
-16
-23
-20
-15
-12
-14
-16
-20
-24
-28
-32
-27
-32
-38
-39
-45
-43
-45
-49
-46
-48
-46
-41
-40
-39
-38
-35
-38
-35
-31
-34
-36
-41
-41
-49
-52
-56
-66
-67
-68
-73
-73
-75
-77
-72
-68
-66
-65
-67
-65
-62
-68
-65
-64
-62
-63
-64
-61
-62
-56
-53
-47
-36
-30
-17
-10
1
9
20
30
36
43
46
53
55
60
64
70
80
85
92
98
97
103
103
107
114
118
124
127
126
128
129
126
127
128
125
122
126
121
115
114
113
111
107
101
93
89
83
74
65
54
48
44
40
37
30
28
21
19
18
17
16
10
12
6
2
-1
-12
-17
-25
-36
-42
-47
-48
-54
-54
-55
-59
-61
-64
-61
-60
-59
-62
-63
-61
-62
-68
-75
-87
-99
-102
-110
-119
-122
-128
-132
-131
-126
-131
-136
-135
-136
-131
-130
-132
-127
-125
-122
-124
-126
-125
-121
-120
-117
-107
-103
-98
-96
-92
-83
-78
-70
-61
-50
-42
-33
-31
-26
-18
-6
6
10
19
24
26
26
30
38
42
48
53
61
67
70
75
76
85
95
98
105
109
112
114
116
119
119
118
119
117
113
113
112
107
107
103
94
85
83
80
77
80
71
68
57
51
44
42
36
29
25
16
19
12
8
7
0
-1
-8
-14
-21
-20
-27
-38
-34
-32
-34
-31
-33
-41
-43
-51
-52
-50
-58
-61
-64
-69
-70
-68
-78
-83
-84
-90
-94
-100
-104
-106
-106
-102
-101
-104
-104
-107
-105
-103
-98
-89
-87
-83
-81
-80
-74
-69
-66
-61
-57
-53
-48
-41
-35
-29
-22
-14
-10
-2
6
11
14
18
20
19
28
36
38
41
49
48
53
54
50
53
56
60
66
70
73
78
82
87
92
97
102
101
103
102
103
101
99
101
102
102
97
93
90
86
86
83
79
77
67
59
62
57
50
49
45
37
30
23
23
18
15
14
14
11
7
-1
-10
-14
-19
-16
-19
-18
-22
-26
-34
-38
-34
-40
-43
-45
-44
-48
-58
-63
-63
-65
-59
-58
-63
-68
-70
-79
-79
-76
-79
-78
-79
-80
-84
-83
-81
-79
-78
-70
-65
-69
-67
-60
-60
-62
-60
-54
-53
-51
-48
-46
-41
-37
-30
-25
-21
-19
-16
-11
-7
-2
-3
2
7
9
14
21
26
31
32
35
46
49
51
49
52
56
52
53
50
48
46
46
47
48
48
52
49
50
51
43
43
49
48
47
52
52
51
48
43
40
40
35
34
31
32
22
16
11
2
-4
-10
-15
-19
-22
-32
-34
-38
-38
-37
-42
-42
-43
-47
-51
-53
-54
-56
-56
-52
-50
-50
-50
-46
-47
-44
-43
-46
-42
-40
-37
-42
-40
-40
-41
-37
-40
-38
-37
-39
-42
-41
-39
-37
-34
-38
-43
-46
-40
-39
-35
-34
-38
-32
-27
-25
-18
-13
-12
-13
-10
-3
0
3
8
10
17
19
19
23
29
32
37
41
42
45
49
53
55
59
59
60
57
59
61
59
63
67
61
56
58
54
52
50
43
41
44
47
50
51
55
54
51
49
49
48
47
48
47
46
43
43
38
35
29
26
23
18
16
7
4
0
-3
-7
-8
-10
-16
-19
-23
-26
-28
-36
-40
-41
-38
-40
-46
-47
-52
-54
-57
-60
-62
-62
-63
-60
-57
-59
-57
-57
-55
-55
-55
-56
-61
-61
-58
-58
-56
-52
-49
-48
-49
-51
-49
-44
-40
-39
-37
-34
-31
-29
-26
-25
-24
-18
-13
-11
-4
2
4
9
15
21
28
31
35
43
50
54
60
64
66
66
68
70
74
74
74
72
73
76
74
73
69
67
67
65
62
58
58
54
51
48
45
46
43
42
42
40
39
37
36
32
31
31
29
28
22
21
18
12
12
14
12
9
5
-1
-3
-8
-13
-17
-19
-23
-24
-27
-28
-33
-39
-44
-45
-47
-55
-58
-62
-65
-69
-71
-70
-73
-75
-74
-72
-69
-70
-66
-61
-56
-51
-48
-50
-48
-48
-47
-46
-43
-40
-42
-41
-39
-39
-39
-42
-42
-40
-38
-33
-32
-30
-28
-22
-20
-20
-15
-9
-8
-7
-6
-5
-1
2
7
9
13
15
17
21
23
28
34
33
37
39
41
42
45
47
43
43
43
43
41
40
40
40
45
44
40
41
39
39
37
37
36
36
31
28
25
21
20
18
18
18
18
21
18
16
14
16
17
21
24
24
24
26
23
17
17
18
18
16
13
11
7
4
3
2
-1
-4
-9
-16
-18
-20
-24
-28
-28
-27
-30
-32
-34
-33
-31
-30
-30
-28
-28
-28
-25
-25
-26
-23
-19
-18
-18
-14
-15
-15
-17
-16
-16
-15
-15
-19
-17
-15
-14
-14
-14
-13
-14
-17
-20
-20
-18
-17
-17
-19
-16
-17
-18
-22
-22
-15
-12
-11
-12
-9
-8
-9
-11
-11
-7
-3
4
9
11
15
14
14
16
22
24
21
24
24
24
26
27
23
23
23
23
21
20
21
20
20
19
22
21
23
24
25
29
30
30
30
27
31
34
35
33
35
33
31
34
35
34
31
29
26
25
24
21
23
22
20
14
10
9
10
12
10
8
2
0
-3
-4
-4
-5
-5
-10
-14
-16
-17
-15
-15
-16
-17
-19
-20
-22
-22
-21
-17
-17
-19
-21
-21
-19
-19
-16
-16
-18
-20
-19
-20
-20
-17
-17
-19
-20
-21
-18
-17
-17
-15
-17
-20
-22
-24
-24
-23
-20
-18
-23
-25
-23
-23
-19
-13
-11
-13
-12
-10
-6
-5
-2
1
2
2
3
3
4
7
8
6
9
8
8
8
11
13
13
13
10
10
11
13
15
15
14
13
11
9
10
13
13
12
11
10
11
11
10
13
11
13
13
11
13
16
17
17
17
16
16
15
16
16
17
16
13
9
9
10
9
7
5
5
2
-1
-3
-2
-2
-3
-4
-8
-10
-9
-9
-11
-10
-12
-16
-17
-20
-18
-15
-14
-14
-15
-16
-15
-13
-15
-15
-14
-15
-16
-17
-16
-15
-14
-14
-15
-17
-18
-17
-17
-15
-14
-15
-16
-15
-16
-16
-16
-14
-14
-13
-14
-13
-13
-11
-9
-8
-9
-8
-8
-8
-7
-3
0
1
2
1
2
5
6
9
10
12
13
14
14
15
18
18
17
18
17
16
15
17
19
20
20
17
16
16
17
18
16
15
13
11
9
8
10
9
7
7
5
4
3
3
3
4
6
5
4
4
5
5
6
6
4
4
4
4
5
5
4
2
-1
-1
-1
-3
-4
-5
-6
-9
-12
-13
-14
-13
-13
-16
-17
-19
-20
-19
-19
-16
-15
-16
-17
-17
-17
-15
-12
-11
-11
-12
-12
-12
-13
-10
-7
-8
-10
-11
-10
-9
-7
-6
-5
-6
-7
-7
-7
-5
-3
-4
-6
-6
-7
-8
-7
-5
-4
-4
-5
-5
-4
-1
1
3
4
4
5
5
6
10
12
14
13
14
13
14
17
19
20
21
20
19
18
19
22
22
21
20
17
16
15
16
16
16
13
11
8
5
8
9
8
8
6
6
6
7
8
9
9
7
5
3
4
5
6
6
5
2
0
1
2
4
4
3
-1
-3
-3
-3
-2
-2
-3
-5
-9
-11
-11
-10
-10
-11
-13
-17
-18
-20
-18
-16
-14
-14
-17
-17
-16
-13
-12
-10
-10
-11
-13
-13
-13
-8
-6
-5
-5
-6
-5
-3
-1
3
3
3
2
-1
-2
-2
-1
1
-1
-3
-5
-6
-5
-3
-1
-1
-2
-4
-4
-2
-2
1
1
0
-1
-1
0
2
5
