0
2
2
0
3
3
4
0
0
3
2
2
0
6
5
3
2
2
4
0
0
1
1
-1
-1
-1
-4
-3
-8
-5
-6
-5
-6
-7
-5
-6
-5
-8
-6
-7
-6
-5
-4
-3
-6
-1
-2
-2
-3
0
2
0
0
0
4
-1
-1
-1
-1
-1
-5
-2
-4
-3
-3
-4
-5
-5
-5
-9
-5
-6
-5
-7
-7
-5
-5
-7
-8
-4
-5
-5
-3
-2
-1
-3
-2
-3
-1
-2
-2
-4
-2
-1
-6
-5
-3
-4
-7
-5
-4
-6
-6
-8
-5
-8
-8
-5
-4
-5
-7
-2
-4
-4
-6
-4
-2
-3
-1
-1
2
0
3
2
3
4
3
3
3
6
3
2
2
5
1
-2
3
-1
0
-3
1
1
-1
1
0
1
-2
2
1
1
2
4
6
1
5
3
6
4
3
9
5
6
5
8
7
6
5
5
8
6
8
3
7
5
3
4
5
6
2
7
5
6
1
7
9
2
4
8
12
1
6
13
6
4
2
11
3
4
5
7
7
2
3
4
8
1
0
4
7
3
-2
3
3
3
-6
0
6
0
-3
-2
5
-3
-7
0
-1
-4
-5
1
-3
-7
-2
-2
-9
-6
-3
-7
-4
-7
-7
-11
-5
-6
-12
-14
-6
-4
-18
-11
-6
-5
-13
-18
-5
-6
-15
-13
-6
-5
-11
-14
-5
-7
-6
-8
-6
-5
-6
-3
-4
-5
-6
2
-7
-7
2
1
-4
-7
6
1
-8
-3
11
1
-10
8
13
-5
1
9
6
2
1
5
11
6
6
5
5
16
1
-2
14
14
-3
4
14
6
2
-1
10
7
-5
3
9
7
-6
-1
9
6
-10
-1
5
9
-17
1
15
-11
0
2
-2
-1
-5
3
-1
-13
7
-1
-7
-11
6
-1
-10
-9
1
1
-9
-5
1
-7
-4
-3
2
-11
-2
7
-10
-9
6
4
-9
-7
6
3
-8
-1
8
3
-6
4
5
3
0
-1
6
10
-9
-3
13
4
-12
-7
20
1
-14
-3
26
1
-19
9
15
0
-10
16
11
-2
8
15
1
8
8
11
7
1
34
-2
0
30
4
8
10
15
18
2
13
17
12
6
11
5
7
15
-1
-5
18
7
-6
-16
13
20
-18
-27
20
20
-36
-32
31
2
-51
-19
23
-4
-50
-6
20
-25
-42
3
-3
-31
-26
-5
-15
-24
-22
-22
-12
-13
-27
-26
-14
9
-23
-40
4
10
-36
-46
4
14
-43
-38
21
-11
-33
-13
20
-11
-28
14
15
-28
-3
27
-19
-5
9
-13
3
8
6
0
3
46
-8
-19
43
34
-29
8
34
23
-9
28
41
-2
13
46
20
8
44
61
11
23
68
38
-16
43
72
16
0
64
63
11
14
76
36
-5
39
56
16
18
36
19
17
37
-4
19
28
18
-4
-38
48
-3
-60
3
8
-36
-37
-42
11
-35
-65
-3
9
-58
-57
7
-6
-87
-78
3
-27
-98
-32
4
-45
-70
-21
-11
-51
-30
-19
-30
-36
-12
-15
-49
-8
-6
-39
-38
1
7
-35
1
25
-14
-39
-13
31
-42
-34
9
12
-27
-15
34
17
-16
15
36
19
9
23
53
-18
16
37
7
-3
26
49
28
7
31
55
41
8
55
68
6
10
49
69
-28
7
95
4
-23
83
24
20
26
46
2
-1
70
31
-67
61
107
-84
-21
121
21
-95
11
124
-63
-104
70
40
-109
-66
66
-42
-124
10
34
-134
-26
37
-98
-63
5
-30
-144
-26
43
-104
-160
100
-1
-182
-54
115
-83
-149
46
109
-147
-92
115
6
-132
4
128
-41
-91
106
87
-74
-13
115
35
-54
36
80
20
-48
53
56
-30
6
66
31
12
36
94
10
15
105
44
20
44
111
42
6
84
119
-29
22
132
13
-6
84
90
-1
-15
113
66
-43
92
31
85
60
28
37
92
62
-24
-12
137
-2
-123
122
64
-84
-18
28
-5
-93
-27
63
-107
-21
26
-51
-114
24
-52
-115
-25
-87
-40
-140
-128
-21
-184
-97
-69
-158
-122
-115
-67
-173
-222
6
-133
-225
-90
-71
-166
-159
-158
-101
-172
-168
-40
-172
-142
-3
-148
-186
-9
-48
-96
-59
-6
37
-60
-15
58
33
10
13
99
85
32
80
123
113
63
100
182
144
115
167
187
171
124
188
172
194
170
165
208
187
152
223
204
173
218
195
185
186
178
200
131
176
191
128
131
211
119
100
186
99
126
53
186
95
-38
176
160
-45
36
117
113
-124
8
113
-91
-68
-74
3
-78
-202
69
-175
-201
73
-243
-157
-35
-193
-73
-280
-76
-142
-356
-145
-102
-375
-218
-148
-194
-393
-250
-65
-322
-453
-84
-182
-444
-276
-186
-249
-394
-316
-147
-342
-342
-193
-291
-277
-183
-269
-264
-201
-163
-221
-149
-94
-67
-65
-45
18
12
50
111
126
178
199
232
270
272
313
334
353
374
372
398
404
375
347
328
324
296
236
256
262
238
166
174
187
116
81
132
119
84
60
164
139
48
81
181
79
73
101
202
254
-4
181
280
68
44
189
275
87
-9
341
189
-47
109
123
57
-54
-14
11
59
-152
-11
-102
-82
-172
-95
-164
-98
5
-279
-18
-199
-228
-127
-354
-169
-122
-357
-78
-385
-131
-322
-324
-249
-221
-263
-361
-269
-153
-405
-332
-307
-215
-440
-297
-305
-304
-304
-472
-277
-279
-452
-371
-269
-309
-397
-342
-163
-355
-268
-165
-107
-185
-148
-58
-107
-119
19
30
22
94
121
130
190
261
232
292
314
375
395
405
382
428
360
350
341
353
296
294
310
319
257
218
233
188
174
160
167
138
178
134
148
221
166
107
182
214
165
195
183
309
135
138
290
158
192
250
199
283
260
238
203
234
170
156
134
143
202
22
169
93
8
126
7
-23
102
33
98
-56
88
47
-113
-16
-49
-74
-114
-158
-5
-101
-264
-100
-97
-267
-217
-228
-128
-178
-419
-85
-173
-463
-128
-309
-240
-368
-280
-211
-451
-343
-204
-449
-403
-403
-299
-403
-480
-363
-307
-478
-410
-268
-496
-297
-371
-386
-380
-265
-375
-308
-315
-215
-356
-315
-210
-188
-324
-67
-33
-155
-158
-64
-49
-128
1
15
94
84
122
172
221
234
259
275
345
415
431
397
486
441
439
418
476
448
423
446
487
466
389
458
396
379
384
339
405
323
360
421
326
276
382
295
255
337
279
316
209
300
242
131
179
238
179
38
139
382
-101
126
82
165
-83
-115
216
-43
-160
35
8
-110
-36
-137
-29
-82
-6
-160
-145
149
-72
-461
111
-16
-329
-309
10
4
-480
-195
-74
-215
-370
-278
-86
-253
-365
-201
-227
-222
-302
-322
-243
-175
-345
-353
-219
-178
-365
-308
-293
-212
-334
-474
-153
-305
-316
-223
-540
-17
-364
-504
-145
-252
-135
-407
-298
41
-456
-341
-82
-165
-286
-190
-25
-205
-201
-56
-48
-31
-124
-14
66
-25
33
31
133
147
48
195
221
265
185
268
343
320
307
378
385
316
415
383
389
377
366
412
361
335
392
330
335
318
298
347
229
323
228
267
323
183
194
435
149
177
224
372
171
-58
395
220
0
32
316
106
3
39
244
-57
-36
34
55
-145
9
-8
-190
-41
-128
-85
-197
-161
-7
-226
-183
25
-167
-216
-36
-236
-52
-194
-206
65
-341
-84
-10
-301
-126
-82
-377
75
-304
-168
-42
-315
-255
-201
-187
-53
-438
-88
-137
-214
-263
-343
227
-366
-357
105
-121
-206
-258
-119
131
-398
-210
148
-153
-349
-59
37
-218
-249
-13
-88
-171
-253
-55
-21
-433
4
-123
-274
-75
-108
-131
-95
-23
24
-190
-56
145
-45
-62
138
215
113
73
266
309
129
233
359
295
330
354
365
318
385
363
348
339
391
370
296
480
332
305
396
310
301
305
144
543
125
115
428
261
39
172
308
220
17
211
287
82
-75
151
217
-183
24
61
65
-64
-137
-22
12
-211
-290
80
-201
-107
-194
-176
3
-322
-68
-133
-243
125
-334
53
100
-523
322
-360
-68
-61
-255
298
-416
-28
105
-176
-271
-53
95
-177
-447
531
-284
-393
-36
20
-162
-602
234
218
-536
-174
259
-316
-323
-224
244
-315
-339
227
-114
-326
-52
-173
-59
-280
-167
78
-357
-184
-72
-404
-165
-162
-190
-289
-152
-91
-267
-320
-151
4
-405
-182
27
9
-269
-100
161
-184
-97
107
74
60
78
248
137
166
308
234
214
348
402
337
294
480
342
239
373
381
327
268
345
373
284
281
316
235
218
231
297
227
176
233
193
168
103
100
178
42
24
109
113
-52
-43
175
-301
24
92
-214
45
-161
96
-65
-364
227
-211
-511
229
-293
-236
-121
-84
-166
-360
-35
-99
-241
-122
75
-100
-252
60
122
-473
303
-139
-178
73
-151
86
-134
-183
274
-302
-236
235
-315
202
-440
226
-84
-423
158
-169
-156
-55
-254
110
-274
-224
207
-423
-207
124
-226
-428
124
-117
-260
-308
11
-68
-414
-233
10
-71
-480
-41
-52
-367
-50
-347
-214
98
-424
-193
-69
-124
-249
-217
120
-49
-305
61
67
-80
-82
133
200
-86
223
239
104
207
268
277
235
324
373
352
294
432
336
334
291
362
405
162
331
309
274
185
77
240
319
-62
143
339
93
19
128
263
41
-50
321
133
-75
198
170
30
-97
216
106
-142
35
200
-170
-72
242
-138
6
7
-116
81
-213
-104
125
-189
-59
-4
-47
5
-82
-57
28
53
-141
103
98
-63
34
-92
7
54
-210
11
8
91
-204
-23
101
-229
-69
-222
158
-250
-221
246
-403
-162
-206
-116
-88
-400
154
-179
-278
-53
-315
-99
-122
-279
-97
-228
-137
-257
-93
-290
-245
-135
-273
-301
-161
-136
-286
-338
-191
-207
-524
-134
-188
-293
-405
-49
-199
-354
-88
-29
-320
-83
-131
-6
-29
-72
186
4
-23
213
215
168
261
272
279
345
365
302
378
307
351
300
366
363
323
345
323
379
257
288
268
288
134
313
299
196
212
175
345
157
197
360
153
210
292
180
268
67
260
95
106
141
153
101
44
162
175
64
-13
135
2
-38
-62
117
-29
-58
-105
70
-48
-301
113
-18
-222
-90
182
-93
-281
-9
61
-351
-184
85
-141
-330
35
-23
-380
-128
-58
-152
-401
59
-186
-271
-130
-65
-198
-409
-11
-130
-369
-183
80
-193
-251
-424
64
-237
-541
24
-102
-609
62
-331
-481
-158
-195
-317
-637
-112
90
-946
-345
76
-606
-654
-203
-168
-672
-462
44
-273
-430
-84
-76
-357
-282
86
12
-145
111
212
16
50
342
263
108
355
497
459
354
477
552
327
323
524
483
397
429
478
437
362
414
309
293
366
292
267
389
344
275
179
312
311
160
316
380
283
329
304
269
187
158
273
203
156
245
242
124
111
196
174
69
64
167
-5
-15
97
-10
-73
-13
-85
-81
-65
-128
20
-87
-16
47
-66
-47
39
-64
-19
-43
-22
69
25
-191
3
133
-278
9
-32
-48
-45
-204
-33
-15
-397
11
-126
-330
-127
-181
-139
-267
-205
-116
-195
-445
-241
-136
-313
-484
-160
-261
-425
-564
-295
-275
-646
-362
-283
-587
-544
-495
-542
-536
-590
-476
-530
-441
-443
-246
-288
-452
-295
-236
-197
-95
-38
150
22
-21
179
267
248
335
511
470
528
598
592
519
366
495
594
397
505
512
387
308
277
329
235
208
314
197
288
263
91
230
160
82
354
187
263
390
119
320
408
131
303
325
295
370
145
338
340
-48
316
377
168
249
202
195
-18
11
106
13
-45
-16
-59
-124
-179
-64
-277
-158
-15
-100
-45
-153
-31
-125
-209
-111
-176
-57
-82
-287
-18
-40
-75
-343
-217
110
-212
-280
-2
118
-256
-469
37
-214
-400
-278
-28
-145
-529
-83
-376
-613
-322
-235
-414
-509
-281
-420
-693
-495
-452
-536
-682
-481
-497
-638
-668
-568
-534
-765
-576
-535
-533
-391
-317
-361
-388
-404
-246
-179
-153
112
245
32
28
268
318
301
459
574
599
640
663
717
605
505
664
657
576
702
606
463
373
323
362
316
288
244
214
219
184
135
97
94
236
238
260
357
390
343
233
467
485
325
437
528
435
400
404
488
406
333
390
510
322
303
239
181
134
82
144
56
-38
-39
-53
-121
-275
-91
-160
-296
-99
-151
-144
-395
-366
-101
-379
-427
44
-144
-441
-251
-146
-294
-507
-219
10
-455
-308
41
-333
-619
-155
-106
-397
-462
-203
-95
-567
-494
-144
-477
-702
-554
-324
-434
-681
-568
-421
-831
-750
-426
-604
-772
-848
-512
-569
-994
-562
-428
-832
-700
-269
-148
-329
-429
-274
-200
-222
133
374
225
255
291
343
457
616
778
795
791
935
992
852
743
746
870
873
839
896
738
570
462
406
510
511
401
380
288
183
113
67
31
64
178
260
283
284
211
156
229
324
454
552
535
542
443
423
541
580
559
649
778
608
486
491
400
291
307
405
316
166
120
-23
-173
-161
-111
-134
-186
-249
-271
-411
-571
-590
-516
-428
-528
-625
-389
-483
-780
-599
-328
-488
-625
-389
-227
-461
-670
-405
-288
-654
-447
-232
-303
-439
-611
-386
-495
-648
-499
-506
-601
-685
-800
-754
-804
-847
-908
-853
-852
-843
-1051
-892
-900
-1061
-895
-722
-722
-772
-557
-196
-412
-593
-220
105
13
152
506
551
326
213
620
827
843
1044
1136
978
944
1120
1142
929
998
1177
1045
812
809
741
570
418
484
582
488
309
123
58
-29
-71
56
63
23
44
48
14
30
134
240
329
412
488
502
456
502
613
712
813
890
943
892
859
844
865
884
885
789
768
686
555
453
381
352
254
219
136
-17
-150
-257
-334
-401
-492
-526
-600
-726
-705
-789
-808
-738
-755
-736
-775
-681
-712
-713
-582
-559
-593
-511
-476
-437
-401
-481
-380
-373
-499
-527
-513
-535
-592
-697
-737
-784
-797
-1048
-823
-1055
-1168
-974
-1257
-1295
-1256
-1217
-1091
-1073
-1111
-833
-700
-762
-507
-550
-516
-204
63
267
278
418
579
408
607
1048
1280
1286
1182
1200
1303
1259
1314
1279
1219
1319
1133
969
914
767
657
538
461
539
428
214
17
-111
-11
66
-53
-68
-30
-48
-114
-97
92
145
104
217
323
393
432
455
550
684
778
908
944
902
913
914
1034
1025
1051
965
821
830
743
760
680
546
441
380
297
163
106
-31
-238
-329
-327
-417
-618
-742
-818
-826
-895
-888
-904
-1020
-1010
-988
-997
-901
-828
-884
-912
-854
-633
-611
-828
-606
-486
-483
-557
-599
-572
-693
-684
-631
-605
-688
-787
-1006
-1213
-1109
-1041
-1147
-1181
-1333
-1199
-1332
-1354
-1302
-1204
-811
-634
-698
-768
-772
-528
-281
77
412
530
428
304
444
921
1343
1496
1384
1289
1342
1446
1481
1490
1479
1493
1360
1120
1037
914
792
646
549
574
521
239
-129
-244
-135
-51
-145
-195
-270
-368
-370
-266
-117
19
42
0
34
150
338
399
491
600
796
870
811
843
873
967
1074
1212
1359
1249
928
730
778
964
1144
1033
803
505
233
184
204
321
259
-37
-357
-535
-588
-621
-666
-747
-837
-919
-1043
-1160
-1178
-1095
-1088
-996
-956
-983
-1061
-1080
-967
-785
-568
-590
-714
-835
-833
-658
-564
-497
-460
-651
-800
-1057
-892
-759
-898
-989
-935
-1121
-1308
-1359
-1175
-1143
-1068
-740
-645
-855
-980
-1064
-799
-316
144
397
216
5
98
334
893
1483
1653
1584
1233
1100
1461
1759
1898
1801
1624
1542
1321
1120
1139
1099
1064
909
629
559
320
3
-105
-70
80
-28
-303
-465
-569
-439
-249
-156
-80
-105
-260
-226
-58
246
436
462
542
587
675
837
882
979
1117
1153
1162
1232
1314
1235
1187
1020
1024
1084
1101
1045
840
643
527
347
345
342
242
15
-292
-464
-518
-537
-609
-768
-975
-1089
-1201
-1206
-1227
-1227
-1245
-1324
-1347
-1217
-1209
-1243
-1121
-995
-1035
-1011
-986
-1004
-1004
-845
-763
-814
-883
-877
-946
-1109
-1007
-1013
-981
-1176
-1192
-1227
-1210
-1243
-1275
-1038
-766
-865
-953
-1074
-985
-551
-174
-1
-78
-34
45
143
491
1107
1398
1302
1084
1016
1420
1805
1837
1643
1577
1592
1420
1238
1266
1338
1245
1023
722
661
588
340
111
39
137
64
-239
-488
-495
-357
-246
-280
-283
-216
-237
-301
-178
79
285
288
247
413
616
815
814
846
992
1112
1188
1208
1219
1287
1349
1252
1235
1241
1255
1198
1067
1038
1020
840
665
490
466
488
337
48
-175
-293
-375
-460
-557
-695
-899
-1030
-1130
-1145
-1154
-1182
-1275
-1366
-1283
-1245
-1257
-1275
-1204
-1171
-1169
-1104
-1096
-1146
-1015
-1055
-955
-971
-1060
-1086
-1172
-1067
-1025
-994
-1072
-1219
-1236
-1089
-1225
-968
-748
-669
-941
-1190
-1169
-715
-379
-33
-203
-299
-221
-164
184
814
1181
1171
851
701
1124
1577
1837
1611
1368
1403
1373
1232
1299
1345
1299
999
693
611
670
584
317
65
123
111
-198
-417
-443
-286
-171
-307
-451
-426
-402
-359
-286
-46
122
81
43
109
357
706
802
717
758
965
1071
1078
1165
1363
1335
1216
1167
1205
1325
1391
1276
1157
1076
1051
841
720
789
788
570
226
26
-31
-70
-167
-305
-533
-683
-833
-988
-1046
-1006
-1059
-1260
-1431
-1368
-1268
-1350
-1391
-1407
-1391
-1378
-1398
-1354
-1330
-1305
-1273
-1210
-1262
-1290
-1294
-1311
-1247
-1214
-1120
-1175
-1303
-1283
-1145
-965
-618
-639
-718
-990
-1098
-675
-133
224
134
-240
-243
-73
314
896
1297
1329
1020
759
986
1601
2018
1962
1541
1433
1459
1439
1446
1480
1484
1372
968
679
668
726
635
340
197
204
-10
-299
-402
-256
-31
-100
-399
-548
-485
-334
-221
-190
1
-16
-105
-154
38
425
690
600
501
604
767
959
955
1121
1235
1134
1022
929
1048
1323
1301
1175
1021
938
912
755
750
878
783
474
119
-25
73
20
-142
-394
-566
-697
-850
-973
-952
-995
-1119
-1362
-1523
-1395
-1324
-1351
-1480
-1588
-1566
-1600
-1625
-1556
-1448
-1445
-1487
-1634
-1631
-1565
-1542
-1465
-1412
-1460
-1428
-1476
-1455
-1314
-1208
-728
-630
-780
-1001
-1004
-688
-123
210
326
-41
-121
23
413
1020
1492
1471
1199
972
1165
1793
2203
2177
1750
1557
1616
1691
1659
1714
1608
1443
1084
860
851
916
797
511
275
252
121
-140
-256
-163
-1
-35
-344
-567
-519
-348
-175
-187
-127
-128
-173
-213
-48
322
611
517
343
408
596
865
995
990
993
932
937
968
1039
1298
1268
1043
919
934
1014
999
887
831
724
576
450
293
235
168
-38
-224
-365
-423
-573
-777
-847
-844
-960
-1135
-1286
-1298
-1221
-1279
-1330
-1537
-1607
-1555
-1574
-1586
-1572
-1620
-1681
-1892
-1832
-1689
-1751
-1751
-1941
-1973
-1838
-1654
-1519
-1602
-1521
-1257
-1187
-1199
-1186
-1057
-709
-380
-216
-286
-275
-107
111
425
1001
1287
1234
1013
986
1409
2040
2260
1998
1649
1609
1742
1810
1865
1846
1699
1413
1048
902
1062
1151
879
463
308
331
203
5
-59
15
111
-38
-318
-400
-253
-135
-122
-118
-50
-29
-97
-64
78
426
559
400
324
462
699
804
871
923
888
883
884
882
1079
1231
1119
867
851
956
940
928
911
823
681
589
437
390
418
319
39
-131
-135
-199
-364
-506
-636
-701
-765
-887
-994
-993
-996
-1073
-1270
-1324
-1407
-1403
-1464
-1493
-1503
-1574
-1769
-1940
-1942
-1911
-1784
-1968
-2025
-2199
-2057
-1963
-1893
-1754
-1421
-1505
-1576
-1709
-1424
-1007
-647
-472
-547
-603
-435
-159
180
768
1068
1070
806
829
1261
1806
2025
1882
1628
1651
1729
1728
1745
1793
1760
1508
1142
1008
1097
1090
880
558
479
487
297
57
-29
80
221
95
-91
-195
-161
-89
-57
4
106
103
18
3
124
419
549
408
318
463
700
776
845
798
710
717
766
838
936
1019
858
574
594
788
850
766
658
559
473
437
421
355
321
256
40
-125
-94
-103
-186
-391
-487
-510
-522
-697
-788
-804
-718
-847
-981
-1092
-1161
-1202
-1211
-1325
-1344
-1471
-1602
-1771
-1935
-1780
-1874
-1873
-2009
-2158
-2227
-2065
-2120
-1665
-1583
-1424
-1811
-1950
-1753
-1062
-655
-342
-670
-760
-694
-367
249
877
1111
909
569
650
1287
1803
2082
1753
1530
1557
1669
1685
1776
1764
1740
1410
1129
1057
1099
1097
855
577
577
529
319
156
71
261
363
267
41
-46
18
163
158
278
359
319
225
201
408
766
803
629
507
608
879
987
1029
942
799
750
744
804
982
1025
800
482
408
550
612
586
489
334
196
157
102
102
144
56
-105
-259
-266
-274
-347
-428
-447
-509
-529
-657
-691
-685
-658
-630
-789
-913
-1009
-1036
-1048
-1108
-1258
-1302
-1595
-1719
-1831
-1821
-1788
-1947
-2142
-2170
-2241
-2246
-2037
-1709
-1621
-1799
-2034
-2039
-1634
-1023
-585
-723
-941
-920
-694
-227
415
877
875
551
434
746
1412
1848
1707
1360
1355
1470
1549
1537
1549
1558
1431
1197
987
938
986
830
528
469
504
429
184
-10
80
342
394
234
78
140
231
280
377
530
594
580
457
515
815
1049
1019
861
855
1054
1186
1238
1205
1033
1014
956
947
1013
1046
920
591
388
527
583
501
370
154
99
68
39
-35
-107
-122
-231
-318
-269
-242
-306
-402
-500
-406
-285
-353
-426
-505
-392
-403
-425
-531
-575
-679
-680
-814
-825
-937
-1212
-1395
-1651
-1571
-1599
-1774
-1934
-2086
-2190
-2110
-2162
-1738
-1758
-1861
-2058
-2151
-1835
-1210
-860
-851
-1050
-1077
-841
-607
36
560
674
470
233
366
999
1358
1360
1083
1054
1158
1131
1028
1071
1044
1103
897
665
653
601
431
199
227
405
358
40
-137
-116
193
373
280
218
274
322
383
441
682
866
864
812
826
1052
1259
1188
1080
1184
1408
1497
1404
1285
1113
1068
1096
1114
1161
1084
790
395
212
409
534
390
132
-76
-158
-133
-173
-150
-141
-212
-349
-448
-349
-229
-192
-266
-292
-231
-118
-131
-155
-72
87
155
-14
-159
-231
-241
-219
-190
-315
-507
-837
-1141
-1282
-1300
-1255
-1447
-1767
-1987
-2007
-2090
-1939
-1681
-1720
-1845
-2070
-2095
-1802
-1337
-927
-899
-1134
-1031
-920
-671
-109
348
497
395
218
298
652
980
1040
860
900
914
815
693
631
644
732
611
449
313
230
76
-104
-19
160
149
-27
-202
-222
53
268
321
345
395
478
487
588
803
1002
1139
1142
1165
1303
1405
1346
1302
1390
1607
1693
1603
1353
1093
1003
996
1015
1065
940
584
97
-145
-70
31
-25
-229
-521
-678
-709
-710
-641
-632
-601
-674
-739
-677
-554
-444
-375
-349
-215
-157
-155
-111
37
258
276
285
126
-41
-39
97
54
20
-257
-514
-845
-1043
-986
-1001
-1231
-1463
-1618
-1778
-1808
-1802
-1419
-1469
-1512
-1714
-1761
-1619
-1160
-788
-641
-762
-656
-605
-523
-37
398
671
606
439
378
672
811
845
665
772
815
690
491
377
287
338
255
141
134
40
-174
-454
-433
-212
-92
-138
-213
-254
-42
95
180
309
541
691
740
748
941
1126
1269
1367
1473
1619
1700
1572
1449
1562
1745
1862
1660
1508
1288
1042
958
903
887
830
518
170
-228
-312
-243
-394
-535
-596
-740
-829
-952
-980
-872
-830
-754
-761
-729
-618
-539
-491
-335
-178
-17
28
9
128
310
374
357
272
230
170
188
84
56
-84
-314
-647
-885
-1003
-936
-1193
-1276
-1510
-1667
-1728
-1782
-1540
-1347
-1285
-1466
-1708
-1697
-1212
-850
-531
-590
-594
-602
-463
-251
306
612
787
577
411
563
842
881
731
646
731
861
638
399
154
165
164
110
52
63
-115
-366
-646
-561
-286
-114
-131
-236
-213
-33
69
194
359
578
791
838
874
951
1107
1238
1405
1534
1709
1709
1587
1497
1464
1626
1738
1646
1430
1101
863
840
809
789
584
269
-39
-261
-354
-396
-483
-575
-724
-819
-872
-915
-957
-1023
-1010
-889
-719
-629
-631
-568
-458
-430
-301
-1
87
141
216
252
392
422
242
217
388
387
331
77
-15
-7
-380
-624
-539
-644
-618
-858
-1245
-1266
-1333
-1347
-1322
-1336
-1321
-1183
-1153
-1272
-1362
-1441
-1306
-1015
-747
-533
-564
-735
-795
-665
-268
102
258
154
25
95
266
415
424
344
380
509
610
575
413
199
116
199
387
528
465
262
79
52
268
491
587
627
528
539
655
732
861
909
853
928
910
1015
1099
1048
966
870
815
880
962
909
719
501
311
290
307
260
153
-79
-225
-309
-387
-388
-474
-501
-479
-547
-489
-498
-478
-397
-399
-317
-198
-140
-102
-58
25
146
242
253
300
333
395
531
562
606
546
507
498
523
582
558
479
388
227
177
148
89
30
-67
-199
-325
-410
-497
-532
-579
-693
-795
-865
-928
-1004
-1121
-1166
-1214
-1240
-1265
-1326
-1399
-1416
-1397
-1349
-1308
-1249
-1253
-1279
-1275
-1159
-945
-735
-604
-568
-565
-471
-297
-91
149
273
333
378
457
610
761
833
843
817
897
1050
1145
1110
996
853
779
838
935
981
875
722
625
623
674
663
614
558
502
543
589
597
489
294
252
273
380
449
375
243
100
9
18
44
39
0
-39
-106
-161
-178
-226
-180
-153
-103
-71
8
4
4
-32
-30
124
188
255
260
213
309
348
316
344
299
346
356
286
309
213
137
115
16
34
-46
-59
-68
-176
-191
-233
-345
-381
-507
-483
-526
-580
-606
-687
-860
-842
-852
-919
-953
-1012
-1017
-1011
-1084
-1071
-1075
-1176
-1164
-1156
-1036
-939
-906
-894
-830
-704
-530
-417
-405
-448
-343
-118
138
332
376
279
213
297
537
842
1025
981
847
806
901
1051
1077
1023
931
891
922
967
932
799
611
471
435
414
511
404
313
246
100
18
-18
-27
34
-40
41
109
-44
-23
-159
-161
-110
-43
73
132
89
180
-20
-49
83
171
358
376
277
293
202
314
491
548
541
463
439
427
480
535
513
399
215
183
269
350
424
216
124
-57
3
-165
-66
144
68
-249
-387
-371
-284
-341
-244
-280
-589
-543
-436
-500
-605
-556
-764
-680
-790
-507
-550
-665
-718
-873
-787
-532
-573
-843
-776
-808
-912
-928
-719
-802
-893
-1060
-804
-771
-637
-645
-664
-667
-678
-601
-456
-272
-48
68
81
-6
-125
128
419
678
877
887
778
716
791
950
1114
1136
1039
971
1006
1085
1032
824
648
482
451
457
427
326
190
-38
-218
-336
-347
-308
-338
-399
-445
-466
-462
-469
-466
-445
-376
-284
-133
36
186
212
170
200
340
569
758
869
919
924
907
955
1018
1104
1165
1206
1212
1173
1080
1048
951
851
790
707
628
552
430
297
168
21
-83
-123
-155
-235
-331
-433
-519
-621
-688
-772
-803
-874
-929
-879
-763
-726
-915
-901
-854
-836
-928
-860
-640
-638
-769
-736
-752
-731
-763
-841
-855
-930
-807
-772
-820
-906
-1013
-1146
-1281
-1231
-1065
-965
-970
-1044
-1067
-1009
-757
-442
-126
84
104
38
54
350
751
1098
1213
1216
1205
1260
1431
1562
1677
1655
1548
1448
1432
1477
1324
960
582
321
232
190
108
-65
-329
-629
-878
-971
-932
-885
-943
-1025
-1055
-970
-838
-657
-513
-387
-259
-70
219
565
866
993
1086
1137
1251
1450
1662
1808
1868
1895
1876
1881
1891
1903
1858
1700
1478
1255
1113
1000
878
657
401
127
-96
-256
-389
-528
-695
-844
-966
-1061
-1121
-1197
-1242
-1274
-1282
-1243
-1222
-1162
-1104
-1019
-977
-896
-813
-673
-579
-531
-528
-555
-522
-495
-469
-468
-455
-528
-599
-768
-864
-977
-1032
-1079
-1160
-1258
-1382
-1519
-1604
-1662
-1669
-1621
-1608
-1475
-1360
-1088
-749
-401
-32
102
150
148
318
730
1154
1515
1759
1812
1856
1809
1868
1960
2041
2055
1909
1774
1684
1582
1287
841
377
-12
-210
-339
-451
-558
-738
-971
-1253
-1454
-1484
-1481
-1422
-1368
-1248
-1066
-820
-532
-284
-60
164
395
689
1012
1355
1591
1808
1923
1990
2077
2131
2231
2277
2326
2279
2210
2075
1946
1701
1435
1104
779
497
264
87
-137
-354
-580
-838
-1061
-1192
-1315
-1364
-1395
-1398
-1377
-1311
-1297
-1294
-1237
-1125
-974
-852
-723
-594
-460
-341
-230
-190
-145
-130
-154
-209
-235
-225
-228
-288
-442
-649
-794
-969
-1056
-1208
-1380
-1504
-1712
-1812
-1932
-1973
-2006
-2027
-2019
-1864
-1754
-1349
-991
-521
-183
-60
43
190
508
986
1299
1611
1793
1917
2038
2075
2212
2273
2240
2050
1857
1762
1736
1535
1139
669
267
-29
-265
-488
-663
-839
-1067
-1272
-1409
-1417
-1377
-1416
-1456
-1473
-1347
-1031
-683
-313
-29
245
531
839
1151
1462
1720
1934
2088
2196
2323
2476
2587
2603
2535
2390
2253
2094
1928
1725
1481
1232
896
561
263
-3
-210
-448
-705
-878
-1042
-1123
-1188
-1228
-1223
-1230
-1189
-1140
-1077
-977
-840
-694
-589
-497
-370
-239
-154
-56
-6
38
47
19
-77
-138
-225
-341
-447
-631
-760
-1022
-1219
-1461
-1666
-1830
-1953
-2074
-2191
-2355
-2451
-2509
-2507
-2379
-2347
-2091
-1912
-1562
-1071
-627
-175
76
252
469
698
1073
1391
1635
1906
2002
2089
2172
2285
2388
2272
2048
1837
1700
1576
1313
896
532
194
-108
-425
-680
-830
-990
-1212
-1431
-1455
-1405
-1331
-1354
-1338
-1217
-998
-721
-481
-177
176
549
851
1150
1445
1776
2024
2107
2146
2202
2313
2398
2404
2331
2271
2189
2069
1844
1580
1314
1020
716
463
233
14
-215
-477
-685
-833
-917
-1010
-1071
-1098
-1040
-981
-873
-743
-625
-496
-397
-260
-112
26
120
187
227
263
333
371
368
293
156
10
-145
-302
-453
-621
-822
-1021
-1272
-1532
-1784
-2015
-2195
-2372
-2499
-2602
-2717
-2727
-2722
-2636
-2546
-2380
-2141
-1895
-1591
-1101
-615
-67
340
575
843
1098
1381
1605
1780
1973
2095
2049
2082
2126
2193
2104
1824
1567
1388
1230
946
506
129
-115
-428
-693
-971
-1064
-1103
-1245
-1409
-1439
-1315
-1178
-1158
-1143
-934
-658
-349
-72
212
593
914
1132
1356
1639
1933
2082
2087
2036
2081
2133
2108
1949
1788
1671
1522
1335
1108
946
777
557
273
21
-164
-359
-551
-722
-798
-798
-791
-786
-770
-687
-562
-433
-305
-138
25
204
361
541
712
813
836
835
857
866
827
733
605
440
281
92
-132
-376
-650
-907
-1173
-1394
-1599
-1842
-2062
-2286
-2476
-2599
-2751
-2852
-2946
-3013
-2943
-2910
-2804
-2643
-2490
-2180
-1929
-1499
-864
-359
156
448
632
971
1247
1472
1651
1680
1839
1875
1859
1967
2025
2010
1822
1513
1331
1166
879
541
92
-174
-376
-622
-783
-900
-944
-982
-1100
-1113
-962
-828
-748
-767
-639
-331
-30
246
501
810
1213
1499
1698
1940
2153
2281
2256
2150
2110
2076
1952
1765
1539
1422
1307
1103
884
643
403
169
-99
-347
-487
-638
-773
-910
-948
-866
-792
-725
-669
-545
-376
-178
-21
144
304
497
656
844
1024
1155
1219
1200
1195
1191
1124
975
791
582
382
155
-86
-358
-606
-871
-1139
-1431
-1655
-1884
-2158
-2389
-2565
-2672
-2743
-2824
-2915
-2935
-2954
-2850
-2776
-2661
-2451
-2218
-1959
-1613
-1058
-487
54
382
648
896
1183
1408
1545
1584
1647
1668
1618
1642
1716
1766
1628
1384
1152
1055
892
568
115
-251
-516
-757
-953
-1043
-1020
-982
-995
-987
-814
-603
-465
-471
-407
-200
88
363
601
884
1260
1598
1859
2071
2280
2402
2374
2244
2068
1937
1750
1506
1238
1082
957
800
597
375
159
-59
-298
-538
-725
-881
-1034
-1200
-1236
-1172
-1041
-896
-750
-579
-360
-141
52
219
388
586
739
909
1098
1239
1364
1423
1440
1440
1366
1211
982
736
516
304
46
-220
-491
-735
-952
-1190
-1419
-1637
-1871
-2164
-2325
-2492
-2567
-2631
-2775
-2770
-2810
-2694
-2562
-2466
-2263
-2026
-1842
-1531
-1112
-603
-89
258
547
796
1060
1309
1450
1450
1502
1474
1407
1335
1321
1348
1255
1049
856
772
712
505
93
-250
-528
-748
-953
-1110
-1127
-1070
-1061
-985
-796
-507
-276
-209
-140
8
248
481
665
861
1178
1494
1773
1983
2205
2377
2396
2260
2054
1879
1679
1406
1039
779
612
467
294
119
-15
-154
-323
-555
-771
-937
-1067
-1208
-1283
-1245
-1117
-962
-792
-561
-305
-55
174
355
531
708
877
1021
1131
1256
1326
1387
1418
1452
1427
1314
1134
905
671
410
99
-237
-546
-824
-1038
-1252
-1404
-1577
-1771
-1965
-2156
-2291
-2396
-2524
-2643
-2742
-2760
-2691
-2634
-2495
-2337
-2126
-1880
-1597
-1109
-599
-146
232
485
767
1049
1241
1365
1387
1383
1341
1213
1161
1202
1178
1029
823
683
669
593
325
-35
-329
-522
-709
-914
-1009
-1022
-991
-949
-836
-557
-218
-3
105
216
421
670
829
957
1110
1341
1612
1872
2108
2375
2517
2508
2398
2236
2061
1769
1371
933
578
329
128
-76
-221
-320
-408
-501
-611
-728
-850
-1005
-1169
-1304
-1328
-1254
-1148
-965
-740
-448
-136
165
423
643
793
918
1017
1092
1168
1170
1196
1234
1265
1261
1199
1058
892
681
420
102
-222
-552
-864
-1136
-1350
-1499
-1640
-1750
-1918
-2018
-2089
-2172
-2281
-2423
-2546
-2615
-2656
-2611
-2503
-2348
-2102
-1833
-1334
-777
-265
166
438
670
959
1162
1307
1316
1268
1254
1123
1076
1123
1145
1070
925
771
722
624
356
-40
-439
-680
-878
-1096
-1239
-1266
-1202
-1055
-935
-677
-332
-71
68
159
337
566
748
857
1001
1212
1496
1728
1958
2219
2422
2514
2471
2348
2181
1919
1533
1081
644
318
54
-176
-340
-446
-513
-567
-641
-720
-809
-916
-1028
-1157
-1216
-1189
-1114
-971
-750
-474
-146
146
434
694
884
1057
1165
1232
1261
1273
1247
1231
1230
1210
1162
1077
995
860
667
405
91
-247
-566
-866
-1131
-1334
-1534
-1667
-1781
-1874
-1922
-1987
-2059
-2114
-2219
-2285
-2333
-2339
-2240
-2115
-1900
-1653
-1264
-764
-261
192
531
820
1094
1286
1386
1382
1333
1269
1098
947
889
868
797
644
505
457
417
212
-131
-490
-753
-981
-1264
-1462
-1519
-1471
-1368
-1224
-968
-572
-229
12
212
449
736
903
980
1066
1231
1483
1689
1863
2066
2268
2386
2383
2299
2154
1925
1554
1122
687
323
14
-304
-557
-697
-768
-802
-840
-871
-841
-865
-925
-999
-1061
-1086
-1105
-1102
-977
-741
-465
-169
115
435
759
995
1152
1260
1347
1380
1308
1214
1142
1088
1017
897
804
740
640
477
242
-13
-286
-549
-848
-1102
-1326
-1523
-1714
-1892
-1967
-1992
-1999
-2030
-2052
-2098
-2097
-2116
-2077
-1951
-1796
-1574
-1194
-772
-295
143
528
938
1288
1566
1685
1671
1625
1543
1302
1085
943
843
707
526
385
347
313
142
-160
-473
-674
-929
-1252
-1497
-1628
-1619
-1568
-1477
-1223
-831
-418
-109
152
476
801
1006
1104
1184
1332
1524
1680
1815
2010
2239
2393
2449
2429
2357
2175
1834
1393
943
548
163
-256
-605
-829
-931
-978
-1019
-1002
-979
-953
-948
-985
-1012
-1039
-1097
-1143
-1114
-968
-749
-547
-286
32
369
681
923
1124
1280
1350
1331
1242
1141
1048
923
775
652
552
452
326
143
-39
-246
-477
-752
-1030
-1265
-1508
-1709
-1885
-2000
-2064
-2088
-2099
-2068
-2058
-2002
-1931
-1826
-1650
-1498
-1140
-710
-307
80
423
824
1245
1561
1767
1855
1858
1837
1644
1411
1303
1157
931
673
449
385
302
53
-279
-579
-763
-967
-1282
-1540
-1673
-1741
-1729
-1670
-1492
-1155
-825
-548
-250
131
545
818
966
1106
1297
1510
1678
1792
1946
2147
2279
2349
2387
2388
2299
2052
1718
1354
1001
653
225
-196
-503
-713
-860
-975
-1036
-1048
-1036
-1013
-994
-961
-925
-920
-940
-945
-876
-761
-633
-484
-268
10
285
552
780
999
1179
1250
1250
1202
1115
993
829
667
530
404
263
103
-51
-202
-352
-549
-765
-987
-1209
-1418
-1652
-1843
-2002
-2128
-2197
-2226
-2211
-2136
-2045
-1908
-1702
-1493
-1076
-659
-236
150
466
823
1169
1441
1640
1728
1733
1718
1562
1440
1363
1208
996
755
570
497
370
96
-268
-617
-872
-1151
-1498
-1762
-1926
-1989
-1980
-1908
-1696
-1364
-1048
-771
-476
-128
224
466
640
822
1048
1292
1509
1679
1881
2087
2250
2368
2417
2408
2311
2101
1810
1474
1138
804
430
83
-195
-404
-552
-673
-766
-827
-876
-907
-945
-968
-960
-963
-961
-931
-865
-756
-617
-471
-299
-83
158
405
617
814
990
1084
1144
1137
1098
1033
906
769
619
484
348
191
20
-137
-287
-442
-636
-855
-1055
-1260
-1452
-1643
-1809
-1927
-2013
-2103
-2151
-2132
-2060
-1881
-1720
-1482
-1051
-607
-165
216
575
1005
1365
1625
1793
1820
1855
1829
1632
1471
1382
1228
1045
824
666
621
500
251
-93
-416
-661
-996
-1421
-1742
-1959
-2068
-2103
-2065
-1871
-1550
-1219
-902
-546
-145
211
436
588
749
954
1161
1309
1454
1671
1898
2083
2229
2341
2392
2343
2160
1891
1590
1258
888
486
119
-167
-408
-590
-711
-775
-784
-785
-800
-825
-849
-866
-897
-924
-917
-885
-828
-726
-588
-421
-221
-8
219
442
659
830
943
1004
1008
977
910
818
689
539
402
262
124
-8
-162
-314
-448
-613
-798
-994
-1187
-1378
-1561
-1742
-1878
-1981
-2048
-2076
-2105
-2047
-1912
-1763
-1542
-1192
-778
-353
30
399
806
1191
1514
1718
1784
1838
1838
1705
1546
1395
1229
1051
837
678
613
515
323
29
-256
-480
-762
-1124
-1457
-1728
-1886
-1963
-1995
-1902
-1666
-1365
-1054
-718
-329
50
338
537
699
870
1049
1193
1302
1444
1639
1832
2005
2143
2218
2250
2188
2031
1790
1504
1189
838
481
164
-103
-309
-466
-584
-639
-651
-645
-657
-687
-721
-763
-802
-829
-843
-834
-775
-658
-512
-351
-152
78
302
510
685
811
893
925
908
848
781
691
565
423
275
137
0
-147
-293
-409
-537
-696
-903
-1099
-1291
-1475
-1654
-1821
-1958
-2058
-2127
-2166
-2149
-2037
-1883
-1709
-1375
-970
-552
-169
191
586
989
1339
1586
1683
1733
1772
1671
1516
1381
1239
1062
862
696
617
532
359
103
-174
-392
-623
-949
-1285
-1554
-1735
-1850
-1913
-1892
-1728
-1484
-1224
-921
-588
-223
97
324
535
740
937
1114
1222
1339
1509
1671
1811
1932
2027
2094
2088
2006
1846
1635
1406
1142
823
516
262
44
-144
-310
-434
-501
-524
-546
-575
-605
-621
-637
-673
-699
-708
-679
-624
-545
-418
-239
-40
167
364
548
713
842
934
949
932
898
824
698
550
400
234
61
-107
-252
-381
-514
-676
-867
-1034
-1196
-1364
-1519
-1672
-1807
-1921
-2033
-2096
-2076
-2019
-1903
-1749
-1473
-1085
-668
-281
57
409
795
1130
1353
1479
1554
1582
1506
1372
1266
1163
1014
828
665
600
551
425
209
-25
-223
-425
-699
-1007
-1262
-1444
-1573
-1658
-1667
-1541
-1329
-1114
-877
-584
-257
55
286
481
681
865
1018
1114
1198
1307
1446
1565
1656
1730
1801
1835
1793
1689
1551
1390
1203
971
722
496
281
82
-115
-266
-365
-427
-474
-531
-575
-592
-610
-639
-664
-690
-677
-653
-617
-540
-417
-256
-91
87
259
439
586
676
731
764
767
714
619
509
387
237
72
-96
-228
-340
-465
-595
-764
-913
-1043
-1194
-1335
-1474
-1613
-1745
-1884
-1943
-1930
-1891
-1802
-1651
-1399
-1038
-659
-325
11
352
705
992
1187
1294
1365
1371
1289
1188
1104
1012
859
704
594
545
497
367
186
9
-153
-334
-577
-849
-1069
-1227
-1356
-1440
-1449
-1364
-1204
-1009
-789
-517
-213
51
277
487
688
868
1025
1147
1241
1361
1477
1563
1630
1687
1729
1737
1711
1640
1550
1435
1282
1094
900
695
482
278
76
-96
-229
-324
-403
-473
-521
-530
-530
-548
-553
-562
-551
-525
-503
-456
-385
-284
-151
1
160
337
485
605
696
749
773
731
636
495
347
178
0
-164
-315
-435
-539
-668
-789
-897
-1007
-1113
-1238
-1359
-1491
-1612
-1723
-1795
-1834
-1829
-1757
-1606
-1346
-1036
-712
-399
-101
211
515
749
916
1011
1041
1054
1003
921
855
741
603
484
402
363
305
188
42
-116
-260
-401
-597
-805
-987
-1124
-1203
-1244
-1241
-1177
-1073
-932
-734
-498
-261
-34
170
385
601
791
949
1069
1174
1279
1375
1456
1520
1547
1576
1595
1582
1543
1482
1420
1315
1178
1003
815
638
461
279
100
-65
-204
-310
-372
-425
-459
-457
-463
-455
-438
-386
-342
-316
-290
-239
-177
-110
-25
62
179
300
427
535
613
655
657
612
511
388
243
67
-128
-297
-450
-593
-703
-797
-881
-950
-1035
-1128
-1230
-1326
-1403
-1479
-1558
-1616
-1627
-1565
-1380
-1131
-854
-562
-270
26
298
530
714
832
867
875
816
747
689
591
468
381
339
314
269
163
48
-77
-204
-353
-539
-710
-871
-1017
-1131
-1189
-1185
-1138
-1055
-958
-818
-629
-429
-231
-43
139
341
525
666
801
931
1056
1162
1247
1316
1353
1380
1382
1368
1341
1304
1262
1197
1126
1025
898
765
622
469
301
130
-39
-176
-288
-374
-436
-476
-481
-464
-432
-387
-332
-288
-240
-194
-159
-109
-61
-3
72
160
250
348
432
505
553
558
517
434
333
204
68
-100
-272
-430
-569
-679
-768
-820
-872
-914
-981
-1052
-1108
-1176
-1239
-1306
-1354
-1354
-1252
-1108
-928
-697
-450
-185
82
322
536
667
732
755
718
653
582
483
360
260
193
162
133
75
-2
-71
-159
-260
-396
-547
-683
-800
-889
-957
-983
-966
-909
-820
-694
-540
-388
-243
-102
52
219
383
517
637
767
894
1004
1111
1192
1262
1313
1329
1328
1307
1280
1242
1174
1104
1029
939
842
716
576
449
317
164
18
-117
-220
-309
-380
-415
-435
-427
-390
-350
-317
-265
-217
-189
-146
-99
-58
-22
31
106
183
277
360
408
432
420
379
329
249
138
5
-145
-289
-427
-543
-646
-717
-777
-824
-862
-894
-930
-977
-1032
-1079
-1096
-1083
-1023
-929
-811
-655
-460
-253
-47
153
339
471
548
602
606
577
532
463
356
258
187
142
90
22
-41
-110
-172
-250
-341
-448
-550
-640
-727
-793
-821
-821
-799
-744
-669
-551
-407
-279
-153
-21
121
275
398
501
614
728
840
931
999
1070
1138
1187
1218
1220
1220
1206
1167
1109
1054
983
894
788
663
528
380
234
89
-43
-150
-228
-295
-357
-380
-371
-346
-311
-279
-249
-209
-161
-124
-103
-62
-14
29
73
125
173
217
262
279
292
293
265
225
157
57
-41
-152
-277
-398
-517
-619
-702
-792
-838
-848
-875
-894
-909
-923
-905
-857
-770
-682
-587
-458
-317
-185
-48
106
223
328
402
437
449
420
386
341
268
199
149
88
26
-30
-105
-163
-210
-275
-349
-437
-521
-579
-620
-661
-681
-678
-651
-617
-567
-488
-382
-267
-165
-69
30
155
267
356
455
556
669
761
823
880
940
1000
1044
1061
1043
1026
987
922
866
817
762
674
570
476
358
230
127
18
-93
-185
-246
-310
-365
-369
-351
-343
-319
-278
-239
-194
-129
-74
-42
7
52
76
98
133
166
172
173
187
191
181
175
126
75
29
-30
-100
-198
-294
-386
-477
-542
-596
-649
-690
-712
-719
-704
-663
-605
-523
-433
-342
-242
-132
-31
70
145
220
276
289
298
283
262
255
209
155
123
60
6
-43
-94
-150
-220
-287
-361
-430
-511
-565
-602
-624
-627
-630
-622
-585
-525
-457
-371
-284
-190
-96
-25
47
134
232
325
406
483
558
644
730
790
843
882
904
918
918
894
855
809
747
672
608
546
458
371
291
216
152
89
22
-53
-117
-151
-189
-220
-249
-247
-241
-228
-197
-174
-130
-98
-54
-23
10
38
49
51
40
41
44
31
35
38
9
-21
-36
-48
-80
-118
-164
-232
-301
-353
-411
-467
-499
-506
-511
-496
-451
-407
-368
-301
-221
-150
-91
-48
-9
16
37
72
89
84
79
75
73
58
33
5
-37
-68
-103
-154
-204
-259
-314
-367
-393
-425
-462
-505
-539
-537
-511
-481
-446
-401
-349
-274
-210
-144
-68
-11
53
123
178
232
283
337
400
478
548
601
640
676
714
746
775
780
754
700
643
574
519
478
428
374
329
291
245
207
167
131
92
47
0
-55
-98
-120
-142
-159
-143
-137
-130
-109
-86
-61
-44
-19
-3
-6
-22
-33
-44
-58
-74
-76
-85
-94
-89
-92
-92
-93
-107
-132
-154
-189
-226
-272
-310
-326
-330
-320
-293
-257
-230
-185
-130
-76
-35
12
47
48
44
54
58
48
43
18
0
-12
-25
-41
-64
-76
-91
-124
-170
-199
-230
-266
-306
-347
-391
-401
-404
-420
-424
-407
-375
-343
-298
-252
-203
-145
-78
-26
26
65
105
144
168
208
260
302
338
384
442
489
514
557
570
557
561
545
516
467
432
398
351
303
259
220
187
163
131
100
63
31
6
-20
-40
-59
-89
-111
-117
-124
-141
-156
-161
-163
-159
-158
-150
-138
-126
-88
-59
-47
-29
-26
-30
-35
-44
-57
-71
-88
-109
-124
-122
-120
-109
-89
-64
-31
-5
15
32
58
68
75
71
49
33
25
27
24
23
21
19
6
2
-4
-21
-30
-46
-75
-108
-139
-171
-198
-216
-211
-218
-233
-231
-243
-246
-246
-231
-206
-203
-197
-186
-161
-122
-71
-17
22
61
99
131
159
179
185
193
200
200
202
207
219
234
254
276
294
300
301
288
276
271
260
252
220
218
208
197
188
160
136
115
82
55
36
-9
-37
-60
-86
-118
-144
-156
-158
-152
-136
-113
-111
-102
-113
-115
-126
-145
-166
-179
-191
-202
-197
-196
-173
-148
-123
-100
-62
-24
10
47
65
84
100
113
109
103
95
100
107
112
131
140
152
152
162
168
165
148
125
102
78
38
-8
-33
-59
-87
-111
-129
-145
-169
-189
-191
-188
-170
-147
-143
-136
-136
-141
-123
-109
-93
-68
-68
-62
-42
-33
-6
27
59
70
92
108
116
121
118
112
105
94
74
50
27
21
17
21
31
36
45
50
56
61
68
73
75
68
49
41
33
15
0
-14
-25
-43
-59
-70
-83
-88
-89
-96
-108
-121
-129
-138
-146
-133
-124
-115
-113
-121
-122
-137
-143
-147
-145
-127
-112
-96
-72
-40
-8
20
45
65
75
91
106
117
138
164
181
183
188
197
215
239
245
247
247
233
212
181
155
118
87
57
25
-1
-26
-40
-66
-82
-86
-99
-128
-151
-184
-215
-229
-243
-245
-250
-255
-256
-252
-252
-237
-208
-189
-168
-140
-107
-78
-46
-18
14
39
56
59
49
39
25
6
15
37
37
41
42
45
64
87
103
120
131
135
134
118
105
96
84
61
45
38
24
31
33
42
55
45
27
10
-7
-23
-37
-51
-57
-69
-70
-71
-75
-70
-69
-63
-52
-41
-53
-53
-56
-84
-88
-86
-88
-85
-77
-65
-37
-12
17
49
66
92
104
110
118
119
111
105
114
127
150
168
195
223
235
244
242
235
222
199
179
163
134
95
58
21
-6
-33
-50
-65
-86
-109
-129
-144
-161
-177
-190
-209
-227
-235
-234
-228
-217
-204
-186
-171
-157
-124
-102
-76
-53
-34
-11
6
30
42
52
50
46
45
52
43
36
50
62
76
81
92
97
89
85
76
58
47
33
28
25
27
26
18
20
9
-1
-11
-19
-32
-28
-56
-48
-44
-78
-85
-103
-107
-103
-96
-105
-88
-78
-84
-74
-88
-98
-107
-121
-128
-108
-113
-104
-81
-82
-50
-32
-2
23
34
47
62
73
73
84
86
92
103
110
129
168
198
228
262
258
271
270
255
246
214
178
137
93
56
39
22
5
-4
-14
-25
-44
-72
-103
-129
-147
-175
-191
-213
-229
-236
-240
-242
-238
-228
-217
-200
-187
-160
-137
-105
-76
-59
-31
-23
-9
5
16
43
56
60
58
52
65
77
75
80
85
93
104
109
116
116
118
115
98
93
74
50
41
29
19
16
12
1
-8
-2
-2
-6
-8
-13
-20
-37
-41
-37
-37
-39
-49
-67
-81
-86
-92
-90
-97
-93
-91
-97
-99
-94
-86
-80
-74
-59
-33
-4
29
42
56
73
96
105
115
134
144
161
181
201
223
254
267
278
283
290
285
263
243
217
190
160
125
91
59
26
-4
-31
-53
-81
-105
-127
-144
-164
-166
-175
-187
-193
-202
-199
-198
-194
-197
-191
-190
-184
-170
-154
-130
-106
-83
-59
-31
9
36
44
48
44
38
33
21
16
11
10
6
14
22
29
45
48
37
36
35
26
24
15
-3
-6
-4
-9
-14
-10
-8
-7
-15
-28
-38
-35
-40
-53
-54
-58
-57
-63
-73
-74
-72
-62
-49
-56
-57
-69
-93
-105
-116
-119
-120
-119
-114
-102
-86
-55
-30
3
20
41
61
71
97
114
126
142
156
174
196
204
223
236
248
261
266
266
257
240
216
196
178
158
136
115
88
66
44
22
0
-24
-58
-88
-115
-142
-155
-173
-187
-196
-205
-198
-194
-183
-169
-166
-151
-138
-132
-113
-102
-83
-67
-42
-20
-6
11
21
32
41
47
56
65
53
50
41
34
41
39
40
43
35
24
15
5
-4
-3
-6
-17
-13
-12
-13
-5
-1
4
16
25
26
23
18
18
17
5
5
2
-7
-13
-23
-31
-27
-28
-31
-33
-41
-47
-55
-66
-75
-83
-83
-85
-86
-83
-72
-54
-41
-17
7
25
51
69
88
117
137
154
169
186
196
214
229
240
251
254
252
238
227
210
185
164
134
100
79
52
22
-6
-31
-54
-72
-85
-97
-123
-143
-160
-176
-180
-181
-175
-171
-170
-175
-167
-157
-141
-123
-99
-82
-66
-42
-32
-14
1
13
18
21
17
12
8
2
-3
-3
1
-3
-6
-14
-16
-17
-21
-26
-32
-42
-50
-59
-60
-46
-39
-35
-35
-32
-28
-18
-5
9
20
25
29
29
29
34
42
41
38
41
41
36
28
17
21
15
6
-4
-13
-25
-31
-31
-27
-23
-20
-21
-22
-17
-7
4
29
49
51
69
79
91
103
118
130
146
162
171
176
178
178
181
183
183
175
164
148
127
108
88
70
43
11
-25
-55
-78
-97
-114
-128
-144
-164
-175
-183
-185
-178
-173
-165
-164
-167
-170
-175
-164
-155
-146
-132
-122
-115
-108
-97
-83
-67
-50
-42
-43
-52
-56
-60
-59
-64
-66
-68
-77
-85
-95
-95
-94
-96
-95
-100
-91
-88
-86
-79
-75
-63
-49
-35
-20
-9
3
13
21
28
48
63
60
62
61
64
70
66
61
53
51
43
33
35
29
25
17
7
2
2
1
0
1
-1
3
9
13
16
29
45
59
81
100
115
125
143
159
180
200
210
212
209
204
201
203
202
199
183
173
159
145
135
121
107
82
61
39
17
-1
-21
-49
-72
-86
-93
-102
-112
-117
-123
-121
-117
-115
-107
-99
-92
-90
-88
-76
-65
-51
-47
-42
-29
-19
-8
-6
-13
-17
-20
-25
-29
-28
-31
-36
-49
-52
-58
-63
-60
-66
-71
-71
-75
-88
-90
-95
-99
-98
-93
-84
-81
-77
-74
-71
-59
-46
-30
-16
-6
7
17
21
22
22
17
15
9
3
-6
-11
-13
-22
-22
-28
-27
-20
-15
-13
-16
-15
-14
-8
-7
-1
4
14
25
34
47
65
82
92
102
112
131
145
151
159
166
166
170
170
168
168
155
138
121
118
103
82
66
43
23
-1
-14
-33
-43
-48
-57
-60
-62
-63
-65
-71
-71
-70
-67
-64
-56
-56
-46
-36
-31
-19
-17
1
8
18
25
25
31
29
29
27
31
32
29
17
6
-3
-12
-17
-23
-20
-25
-29
-26
-24
-25
-22
-18
-22
-22
-16
-14
-14
-17
-23
-22
-21
-18
-20
-14
-12
-14
-18
-20
-18
-26
-33
-35
-37
-39
-45
-52
-55
-55
-60
-61
-66
-72
-77
-78
-74
-65
-58
-51
-37
-24
-13
4
10
26
43
63
79
93
106
108
120
129
136
140
135
136
140
137
134
123
115
102
93
88
76
63
54
38
21
-2
-16
-31
-53
-65
-80
-94
-102
-112
-116
-122
-122
-128
-126
-120
-114
-106
-106
-99
-92
-83
-80
-74
-64
-59
-44
-35
-29
-18
-12
-7
-5
-2
-1
2
0
-9
-9
-10
-6
-9
-13
-19
-20
-9
-9
-6
-6
-10
-10
-10
-13
-15
-9
-11
-10
-8
-3
-6
-13
-8
-10
-14
-14
-16
-20
-24
-27
-31
-31
-30
-34
-33
-31
-31
-22
-19
-19
-16
-13
-12
-6
4
12
21
34
43
54
71
77
92
112
120
135
144
156
166
174
183
184
186
188
190
187
183
167
151
135
120
109
95
85
69
57
39
24
15
5
-5
-21
-37
-49
-61
-69
-78
-88
-96
-107
-113
-118
-117
-116
-117
-117
-116
-115
-107
-93
-85
-73
-64
-53
-47
-41
-30
-25
-24
-22
-21
-23
-25
-28
-36
-33
-28
-28
-25
-22
-16
-10
-3
4
1
2
0
-5
-13
-20
-24
-31
-40
-43
-43
-45
-43
-44
-41
-38
-28
-27
-26
-23
-26
-24
-31
-30
-28
-35
-35
-43
-49
-47
-55
-49
-38
-27
-23
-22
-14
-3
5
12
17
21
32
45
56
63
75
87
94
106
110
121
129
132
141
140
140
142
135
132
129
129
122
112
103
89
75
62
48
33
19
-1
-15
-29
-38
-47
-63
-77
-84
-91
-95
-96
-95
-93
-91
-88
-86
-82
-81
-75
-70
-65
-62
-55
-48
-44
-34
-33
-30
-22
-15
-8
-5
-5
-6
-3
-9
-14
-15
-16
-17
-17
-15
-13
-13
-13
-12
-12
-7
-5
-1
0
-4
-3
-9
-12
-7
-4
-1
0
5
5
4
3
-1
0
4
4
2
5
0
-2
-6
-14
-16
-19
-14
-16
-11
-8
-6
-2
-6
-2
2
1
3
4
17
26
31
36
40
47
56
70
77
85
90
90
91
90
92
82
77
74
73
75
73
68
61
53
40
28
15
3
-9
-19
-30
-47
-55
-70
-81
-86
-96
-101
-107
-112
-118
-119
-121
-120
-120
-123
-117
-112
-104
-100
-95
-85
-81
-71
-69
-57
-45
-39
-27
-17
-11
-5
-3
-5
-9
-7
-6
-8
-2
-3
-3
5
9
12
16
18
13
11
8
4
1
2
5
4
5
8
20
29
36
37
41
45
48
50
45
43
41
44
43
41
32
31
27
26
29
29
26
24
22
26
31
37
43
46
50
49
52
57
61
67
75
85
91
99
110
118
122
129
134
133
130
126
118
113
110
107
99
85
72
60
51
39
22
7
-11
-29
-45
-63
-81
-91
-102
-113
-124
-130
-139
-145
-144
-148
-150
-145
-141
-137
-132
-123
-117
-114
-104
-94
-87
-78
-70
-64
-54
-46
-40
-38
-34
-34
-35
-33
-34
-32
-31
-31
-31
-31
-32
-30
-26
-17
-14
-10
-5
-4
0
0
-7
-8
-8
-8
-5
2
10
18
23
26
31
34
37
35
31
31
29
25
21
18
16
15
11
11
14
14
15
14
15
23
28
32
34
36
41
43
51
55
58
64
75
86
89
93
99
102
113
114
110
109
105
102
98
90
78
68
64
53
47
37
28
19
6
-1
-17
-26
-35
-52
-63
-72
-78
-81
-83
-86
-83
-81
-76
-72
-67
-64
-64
-67
-62
-55
-54
-49
-47
-39
-30
-24
-17
-11
-6
5
10
14
15
19
23
19
20
18
21
20
22
20
19
17
14
13
12
10
7
7
7
12
14
17
19
16
18
18
18
17
19
20
21
24
20
18
13
11
15
12
8
3
3
5
9
13
15
18
16
13
13
14
14
8
11
13
8
8
9
12
16
21
24
32
36
35
41
46
53
55
53
51
49
42
41
34
24
21
12
0
-11
-23
-34
-42
-49
-55
-63
-71
-84
-94
-102
-108
-114
-120
-129
-130
-127
-130
-125
-119
-114
-104
-97
-91
-80
-74
-68
-59
-48
-40
-35
-33
-24
-13
-11
-4
4
8
11
11
15
18
23
28
28
33
33
28
25
27
20
18
19
21
22
23
24
25
29
33
40
44
46
51
55
54
56
54
48
45
41
40
41
44
42
45
47
40
38
37
40
38
41
43
45
49
45
41
37
38
38
40
40
42
42
41
44
47
52
56
51
52
54
52
48
44
39
33
29
19
13
8
4
1
-8
-17
-28
-39
-49
-59
-65
-71
-82
-89
-99
-106
-108
-114
-112
-108
-113
-116
-116
-115
-114
-114
-115
-113
-105
-103
-100
-93
-87
-80
-75
-69
-66
-59
-56
-51
-47
-45
-43
-37
-32
-28
-21
-19
-16
-12
-4
-1
8
13
17
19
24
26
27
28
24
26
30
33
38
41
42
42
41
48
56
60
64
65
67
71
73
70
69
67
67
67
63
65
64
65
65
69
72
69
62
58
60
57
57
52
51
49
45
42
35
33
35
36
35
36
31
22
18
8
2
-4
-12
-14
-16
-19
-23
-25
-27
-23
-21
-26
-25
-27
-24
-32
-40
-45
-51
-55
-63
-68
-72
-80
-87
-89
-90
-88
-90
-90
-88
-87
-89
-84
-77
-73
-72
-73
-70
-67
-57
-51
-45
-39
-34
-29
-22
-16
-12
-1
0
4
7
12
16
25
34
38
42
46
51
55
59
61
64
66
66
69
73
79
83
82
81
82
81
82
80
79
77
74
70
65
63
58
55
52
54
53
48
46
42
40
37
32
27
23
15
11
3
-2
-5
-9
-14
-17
-20
-22
-24
-25
-26
-24
-27
-28
-31
-36
-37
-38
-38
-42
-45
-49
-52
-49
-48
-48
-46
-49
-54
-57
-58
-56
-59
-63
-65
-62
-65
-68
-66
-67
-71
-72
-70
-71
-69
-69
-65
-64
-66
-62
-57
-54
-51
-47
-42
-33
-30
-24
-18
-8
0
7
14
18
24
28
32
38
42
47
53
58
62
61
64
70
75
78
82
85
84
82
82
83
81
81
84
84
89
90
92
92
87
87
86
86
82
80
79
74
70
66
64
59
58
55
50
49
43
43
40
38
38
32
26
19
19
17
15
9
1
-4
-7
-10
-14
-16
-17
-18
-21
-25
-29
-30
-33
-37
-36
-40
-45
-47
-54
-56
-57
-58
-62
-62
-62
-66
-66
-72
-74
-79
-83
-88
-88
-88
-90
-89
-89
-89
-91
-88
-84
-85
-81
-79
-76
-69
-65
-61
-54
-50
-47
-43
-40
-33
-30
-25
-17
-14
-6
-3
6
14
20
25
25
34
40
44
46
44
47
51
53
54
55
58
59
60
62
64
64
65
64
62
61
59
59
54
53
48
46
51
50
50
47
46
48
47
47
47
46
44
44
39
35
34
31
29
26
22
18
15
12
12
8
6
1
-5
-7
-8
-11
-15
-19
-20
-21
-25
-25
-28
-31
-34
-35
-33
-33
-33
-38
-38
-40
-42
-43
-42
-44
-43
-43
-44
-43
-43
-44
-43
-45
-47
-47
-51
-52
-50
-49
-49
-51
-52
-50
-47
-44
-42
-39
-36
-36
-36
-31
-26
-25
-24
-20
-19
-12
-8
-1
5
11
17
22
25
29
30
28
31
31
31
29
32
36
41
43
44
41
41
42
42
47
48
49
48
43
38
38
32
29
26
25
26
24
21
20
18
18
19
16
16
13
13
10
10
12
11
12
11
13
9
9
6
7
6
1
-3
-7
-8
-9
-11
-9
-10
-15
-15
-15
-15
-14
-15
-15
-13
-13
-12
-12
-16
-20
-23
-28
-29
-28
-29
-29
-29
-31
-30
-32
-31
-31
-31
-31
-33
-31
-29
-29
-27
-26
-25
-23
-22
-23
-21
-17
-15
-14
-15
-12
-11
-13
-13
-12
-11
-9
-7
-1
1
3
8
12
17
23
28
32
32
33
34
33
34
34
36
36
38
38
37
38
38
40
39
41
43
42
43
41
43
42
40
39
36
37
36
36
37
32
30
29
28
26
24
21
21
17
17
16
14
12
12
9
8
7
4
2
1
-1
-3
-8
-12
-13
-17
-19
-23
-26
-31
-35
-40
-41
-43
-43
-44
-42
-42
-45
-45
-48
-48
-46
-45
-44
-44
-43
-42
-41
-40
-41
-42
-43
-44
-46
-46
-45
-44
-42
-38
-38
-38
-38
-35
-34
-29
-28
-26
-23
-22
-23
-20
-17
-16
-13
-14
-11
-8
-6
-4
-5
-2
4
5
7
11
14
18
21
26
30
32
38
40
41
43
46
48
50
52
51
53
50
50
49
48
48
45
46
43
41
43
45
45
44
46
45
46
44
43
41
39
36
33
29
26
22
19
17
12
8
5
2
-1
-4
-5
-5
-7
-6
-7
-8
-10
-11
-11
-17
-20
-24
-28
-31
-32
-33
-35
-36
-37
-40
-41
-40
-40
-41
-40
-41
-40
-39
-36
-35
-33
-31
-28
-26
-26
-25
-24
-21
-21
-21
-21
-19
-18
-16
-15
-14
-12
-10
-9
-6
-5
-2
0
0
2
6
10
14
14
16
18
19
20
21
20
19
19
21
22
21
23
25
25
25
27
26
29
29
30
31
31
32
34
35
34
31
29
26
23
21
19
16
13
10
9
7
4
4
2
1
1
1
0
1
1
-1
0
-1
-3
-6
-9
-11
-14
-17
-20
-22
-26
-26
-28
-30
-31
-31
-32
-33
-33
-33
-33
-32
-32
-32
-32
-31
-30
-31
-30
-31
-29
-28
-29
-28
-26
-26
-24
-25
-23
-21
-17
-15
-12
-10
-7
-4
-1
2
3
5
7
7
9
10
11
12
11
11
11
12
12
13
13
15
18
18
20
21
24
25
27
28
30
30
31
33
32
32
31
31
31
30
29
27
27
25
24
23
22
22
22
22
21
23
22
21
20
19
18
15
14
12
8
6
4
1
-3
-5
-8
-11
-11
-14
-15
-15
-15
-15
-17
-17
-18
-17
-19
-19
-20
-20
-19
-19
-19
-22
-23
-25
-25
-27
-30
-31
-31
-32
-32
-32
-31
-30
-28
-27
-26
-23
-21
-21
-19
-17
-15
-13
-14
-13
-13
-14
-13
-12
-14
-14
-12
-11
-8
-6
-3
-1
0
2
3
6
7
10
12
15
16
17
19
20
20
20
21
20
19
18
16
17
16
16
16
17
18
20
22
23
25
26
28
29
29
29
28
26
25
23
20
18
17
15
14
12
10
11
11
11
11
12
13
14
14
14
16
15
15
13
12
10
8
5
2
-1
-5
-10
-13
-17
-20
-23
-24
-23
-21
-20
-17
-14
-11
-9
-8
-7
-6
-6
-8
-8
-8
-9
-11
-13
-13
-17
-19
-22
-23
-24
-25
-27
-26
-22
-22
-20
-19
-17
-14
-13
-11
-9
-8
-7
-7
-6
-7
-8
-9
-11
-12
-11
-12
-11
-9
-7
-4
-2
2
5
9
11
11
11
13
11
9
8
6
3
1
0
-1
-2
-3
-3
-3
-2
-2
-1
1
4
6
9
12
16
19
22
25
26
26
25
23
20
18
15
11
8
6
6
5
4
4
5
5
5
5
7
7
6
6
6
6
5
2
2
1
-1
-2
-4
-4
-5
-6
-7
-5
-5
-5
-5
-3
-3
-3
-2
-2
-1
0
-1
-3
-4
-6
-8
-12
-16
-19
-22
-25
-26
-26
-25
-23
-21
-17
-13
-11
-8
-7
-7
-6
-5
-6
-6
-4
-4
-5
-4
-3
-4
-5
-5
-3
-3
-2
-3
-3
-3
-1
-1
0
2
3
3
3
4
3
4
5
4
3
2
1
2
3
3
6
8
10
13
15
18
20
20
22
22
21
