1
5
8
10
11
13
12
9
4
2
-1
-5
-8
-11
-12
-14
-12
-10
-6
-3
0
2
4
6
8
9
7
6
3
0
-5
-7
-12
-14
-15
-13
-11
-10
-7
-4
-2
1
4
5
8
7
5
2
0
-1
-4
-5
-8
-10
-11
-10
-8
-6
-3
-1
0
1
3
6
10
8
7
2
1
0
-1
-1
-1
-2
-3
-4
-4
-3
-2
-1
-1
-1
1
0
1
1
2
1
1
1
3
3
2
3
1
0
1
1
0
-2
-4
-3
-3
-2
-1
-2
-3
-4
-2
0
3
4
4
2
0
-1
0
2
2
-1
-4
-5
-4
-4
-1
0
1
1
4
7
10
11
12
12
9
9
7
7
3
0
-4
-4
-4
-4
-2
-3
0
3
6
11
13
15
15
13
10
10
10
7
4
0
-4
-6
-7
-6
-3
-4
-1
0
4
6
9
8
8
6
7
6
5
2
-1
-4
-5
-4
-6
-4
-5
-6
-4
-2
3
5
5
6
5
3
3
3
1
-1
-5
-7
-9
-9
-10
-10
-10
-9
-9
-7
-4
-4
-3
-4
-4
-4
-1
-1
-2
-4
-7
-6
-5
-5
-6
-8
-10
-11
-10
-8
-7
-5
-5
-5
-3
0
3
5
5
3
1
-1
-1
-3
-6
-9
-12
-14
-15
-13
-13
-11
-10
-9
-7
-2
4
7
7
8
7
7
7
6
4
0
-5
-10
-13
-14
-13
-10
-9
-8
-6
-1
4
7
12
11
11
9
8
5
4
0
-3
-5
-9
-7
-7
-4
-1
4
7
13
15
17
18
18
17
15
11
6
2
-4
-7
-11
-12
-11
-10
-9
-6
-1
4
11
16
19
19
19
16
15
13
9
6
-2
-4
-8
-9
-8
-8
-4
-5
1
3
7
7
8
6
5
4
1
0
-6
-8
-13
-13
-12
-10
-7
-5
-2
-1
4
6
11
11
9
7
5
2
1
-4
-7
-13
-15
-17
-17
-16
-15
-14
-14
-11
-10
-5
-4
-2
-1
-3
-1
-3
-3
-2
-3
-3
-4
-1
-3
0
-1
1
0
0
0
-4
-3
-7
-5
-10
-9
-13
-12
-12
-11
-6
-6
-2
0
4
5
7
11
10
9
7
5
3
0
2
-1
0
-3
-3
-4
-1
2
2
5
2
2
0
0
2
0
-1
-5
-6
-9
-6
-3
-1
2
3
5
5
11
15
19
22
19
19
15
14
12
10
6
1
-4
-8
-6
-9
-3
-6
0
1
3
7
10
14
13
14
13
10
9
7
4
1
0
-4
-7
-7
-7
-5
-3
2
3
6
7
6
9
7
8
4
3
1
-3
-4
-8
-9
-11
-11
-10
-9
-9
-4
1
6
10
11
14
14
12
15
9
10
3
2
-8
-7
-14
-16
-17
-20
-12
-10
-7
-2
4
6
12
13
17
19
16
14
14
8
4
-1
-5
-12
-15
-16
-12
-10
-4
3
3
8
10
17
14
19
19
12
7
-1
-2
-10
-14
-17
-17
-23
-19
-10
-3
1
10
10
17
14
23
17
18
7
7
-2
-24
-6
-26
-28
-27
-32
-23
-26
-19
2
-12
7
2
8
7
8
7
5
-6
-2
-16
-20
-20
-28
-23
-28
-23
-18
-17
-14
-9
-3
4
0
7
11
9
6
8
1
4
-7
-11
-5
-9
-13
-5
1
2
5
8
18
26
15
34
34
25
28
24
19
13
7
-3
-1
-11
-12
-7
-5
5
9
11
31
29
37
41
40
45
29
33
36
14
16
10
-2
-10
-10
0
-8
-6
12
10
10
13
28
17
5
27
11
-3
9
0
-15
-12
-20
-15
-30
-6
-9
-18
10
1
-9
2
15
-5
-17
10
1
-40
-16
1
-31
-57
-18
-12
-61
-35
-5
-23
-39
-17
-6
-12
-26
1
-3
-14
-13
-6
-20
-7
-8
-31
-13
-4
-37
-20
-15
-9
-22
-24
17
-12
-25
6
14
-23
1
17
10
-10
14
13
9
-13
18
16
-5
6
24
16
12
18
21
33
-6
20
38
8
14
44
21
9
16
13
13
-4
14
31
-3
-4
33
-8
8
20
3
17
22
-1
16
8
9
8
-5
16
16
-6
12
30
-8
-12
35
-41
-13
12
-38
-19
-4
-13
-16
-45
27
-7
-54
21
18
-32
-1
13
10
-7
-6
9
-4
-21
-18
-35
-1
-31
-62
13
-15
-50
-20
14
16
-24
6
72
-37
-7
16
1
-35
-34
4
3
-53
6
37
-32
-6
1
8
-14
-3
20
44
-12
56
28
35
14
16
-6
14
-22
-10
9
-10
-18
-11
9
17
-12
23
67
-19
25
53
19
10
12
37
9
-68
2
-13
-67
-65
4
-49
-65
-8
-24
-28
-23
6
1
-1
36
-4
9
17
-12
-64
-25
-5
-100
-79
-5
-76
-78
-51
-2
-81
-54
25
-56
24
-8
50
16
-10
-11
16
-59
-44
-46
7
-60
-50
25
5
-82
27
60
-59
44
36
50
-12
50
67
15
12
65
-37
-2
7
-22
-29
50
1
-24
64
29
-12
61
55
-4
27
74
33
-26
62
63
-53
18
48
-38
6
23
8
56
31
37
69
49
68
53
33
64
33
7
56
10
-38
36
-5
-11
-12
42
11
-5
75
26
102
42
5
121
39
-17
88
38
7
-14
36
-63
-29
-1
-131
20
-60
-32
10
1
63
62
-33
123
36
-49
48
5
-75
24
-77
-63
-13
-178
-1
-93
-77
8
-111
8
62
-144
112
58
-71
104
-14
-12
0
-78
2
-7
-176
77
-100
-138
50
-102
-35
-16
-25
79
-70
62
126
-89
17
44
-23
-163
-15
42
-219
-38
1
-71
-120
30
48
-111
-42
175
-27
-72
133
120
-165
45
93
-142
-13
-20
-42
-75
-104
66
-116
-88
169
-29
-51
180
57
10
61
76
99
-86
43
70
-124
17
-13
-92
59
-91
104
-47
86
75
-20
153
4
43
129
10
158
-30
86
67
-23
8
44
-41
32
-10
65
-56
99
-35
70
25
31
22
105
-93
119
65
-22
66
42
20
-2
40
-17
78
-124
126
-30
-92
99
-44
-53
-43
10
-49
-113
103
-102
-38
27
-65
63
-112
77
37
-167
119
-30
-95
63
-71
-54
51
-164
19
-62
-159
74
-179
-22
6
-45
-24
-11
-14
34
-29
0
52
52
-30
30
60
-81
48
-27
-45
29
-62
-25
79
-103
124
-18
14
99
-54
53
85
-35
85
20
74
66
27
85
128
-40
56
98
9
-15
24
84
-57
-26
70
-30
-30
71
-81
10
-6
-58
43
-29
-56
137
-43
-140
222
-100
-112
163
-83
-120
125
-206
63
-102
-167
153
-177
-197
212
-188
-117
218
-169
37
74
-22
-40
52
-69
52
-102
52
-57
-111
77
-44
-163
46
5
-106
-76
117
6
-119
155
13
-8
81
70
153
-131
190
102
-111
82
142
-154
50
97
-149
8
88
-72
27
43
65
64
-11
124
211
-107
145
249
-40
-12
286
-57
-12
121
12
-85
101
-23
48
-14
19
130
-160
154
67
-139
176
-83
94
-99
105
12
-11
17
21
43
-7
13
67
-50
124
-110
61
94
-250
222
-147
-23
0
14
-50
-84
88
-73
-156
114
-59
-75
129
-30
105
24
19
51
62
-92
117
-123
25
-32
-199
42
-17
-253
87
-34
-214
116
-61
-28
26
66
-124
143
-87
43
-107
25
-39
-163
-98
-13
-205
-26
-166
14
-163
-73
43
-162
22
-14
-31
91
-112
58
93
-190
35
2
-147
-42
-113
-43
-71
-196
89
-134
-114
28
-38
-41
-53
56
14
-64
79
21
-128
105
7
-99
32
95
-56
-50
133
-87
76
44
-88
249
-134
73
154
-208
177
54
-208
219
-43
-64
49
35
-53
69
35
-32
181
-11
60
205
-79
73
194
-146
157
-53
4
54
-190
136
-123
-50
79
-106
13
73
-77
164
-23
40
144
-74
118
-5
-79
92
-163
-23
3
-256
127
-164
-126
27
-108
-40
-24
12
-48
-4
-21
17
-41
-76
76
-122
-48
-54
-26
-141
-128
-8
-127
-185
77
-170
-78
27
-140
-47
31
-112
-46
63
-189
-12
-41
-233
-5
-23
-334
182
-217
-141
118
-231
-32
153
-250
122
58
-137
90
22
-108
55
-98
67
-76
-29
83
-79
75
-21
113
-47
108
156
-131
218
112
-64
234
-18
64
77
7
17
64
-13
26
109
-191
271
-20
-70
330
-91
164
158
-44
237
20
31
210
-48
39
110
28
-27
88
52
51
-30
139
7
82
38
65
105
25
-6
142
0
39
33
74
-5
-14
61
-91
98
-76
-26
86
11
-143
208
-121
54
26
-17
52
-20
93
-54
135
-7
-42
117
-91
2
47
-179
226
-223
22
68
-152
-40
4
-73
-84
-26
66
-161
95
48
-142
146
-9
-165
101
-102
35
-105
-33
141
-222
75
33
-93
55
-75
143
-24
-78
323
-163
37
276
-168
137
59
-52
114
-188
124
82
-294
317
-65
-149
269
-125
29
134
-58
88
74
21
118
11
10
195
-92
-63
323
-253
56
122
-150
121
-113
98
11
-37
110
-4
16
34
83
-30
2
78
-24
10
1
-104
202
-265
140
-68
-34
-16
-68
63
-117
10
90
-94
46
6
-72
194
-263
169
41
-193
130
-97
-106
74
-181
18
-37
-135
25
-186
73
-167
-16
-103
-29
16
-273
85
19
-316
69
-14
-240
35
-92
-74
-111
-47
-10
-190
-80
82
-284
30
1
-94
-10
49
44
-120
155
-15
-92
146
-47
-37
50
40
-8
-141
158
-45
-168
141
-82
13
-67
63
32
-118
168
45
-82
159
35
-6
57
68
72
-74
139
47
-64
48
116
-52
45
136
47
-60
181
132
-167
363
-21
11
186
5
8
21
101
57
-112
161
-17
9
-27
1
71
-58
-12
42
-26
-52
69
-113
-41
71
-134
65
-166
84
-21
-151
125
-68
-44
-5
-60
-38
-129
45
-61
-145
45
-33
-205
-123
182
-412
-26
163
-334
15
35
-253
100
-177
-50
32
-205
101
-174
-62
88
-405
192
-60
-398
253
-80
-259
95
16
-130
-6
12
-14
-66
-21
68
-4
-89
94
54
-165
23
102
-163
-33
141
-53
4
61
70
5
35
41
159
26
4
219
43
45
83
172
36
-23
292
-53
145
146
83
224
25
247
291
-30
206
314
-32
123
245
2
-26
239
18
-65
123
177
-42
40
211
38
17
155
122
-103
274
-105
-12
3
-53
-28
-170
66
-98
-95
-7
-108
15
-119
-62
24
-163
173
-331
110
69
-368
16
-128
-102
-358
-58
-68
-370
-175
126
-528
53
-71
-245
-14
-166
-21
-51
-424
306
-219
-415
341
-298
-187
-29
-15
-144
-119
-1
25
-155
-16
-21
109
-205
64
25
-109
39
3
-59
112
-52
4
55
22
24
48
4
220
-32
100
218
23
112
189
144
74
250
165
30
212
257
-35
221
321
63
155
317
150
85
283
225
97
269
215
143
238
113
219
172
64
360
-48
260
235
16
177
163
53
39
110
159
-104
73
153
-90
2
51
118
-139
10
38
-42
-211
59
-26
-356
157
-235
-398
252
-400
-300
111
-231
-213
-220
-38
-45
-453
12
71
-530
-3
-113
-420
-128
-181
-258
-313
-279
-60
-415
-321
-125
-222
-286
-241
-145
-104
-299
-190
-31
-213
-223
-45
-173
-344
-56
-168
-343
-191
-109
-226
-250
-13
-20
-186
44
97
-76
61
146
55
109
208
218
220
222
331
247
272
418
365
336
464
430
335
388
435
307
380
428
301
373
378
245
301
266
212
266
262
286
219
297
227
130
283
124
140
277
134
148
201
212
11
88
331
-6
76
364
154
84
136
323
27
-76
255
92
-194
58
81
-173
-258
-41
-96
-344
-115
-104
-247
-279
-102
-228
-424
-5
-176
-483
-154
-106
-310
-442
-149
-124
-567
-154
-139
-363
-324
-240
-257
-452
-297
-223
-331
-533
-135
-357
-561
-256
-373
-451
-477
-315
-319
-627
-335
-251
-587
-346
-252
-309
-338
-179
-94
-280
-225
-116
-154
-98
62
83
117
140
140
194
316
317
412
465
488
552
571
545
526
524
510
496
570
570
475
461
374
286
283
278
245
202
198
121
97
51
-15
-29
-49
-36
-53
36
19
-10
5
-30
0
22
35
99
112
146
150
198
256
168
188
287
286
224
286
310
266
198
215
232
182
163
144
167
145
90
81
27
2
-19
-31
16
-109
-75
-107
-160
-201
-203
-184
-194
-286
-139
-183
-369
-158
-221
-281
-281
-103
-336
-241
-282
-174
-380
-375
-149
-321
-590
-135
-407
-429
-452
-403
-270
-722
-303
-389
-694
-333
-477
-641
-535
-548
-577
-714
-530
-609
-658
-649
-482
-614
-542
-303
-346
-397
-377
-258
-187
-137
99
127
154
171
194
295
425
548
611
567
644
777
665
655
720
739
693
789
873
801
727
616
525
490
455
473
389
367
222
139
173
32
62
73
5
47
122
72
59
91
57
38
169
237
202
215
243
133
157
208
206
269
303
300
340
351
283
268
279
326
350
335
321
251
134
113
56
91
14
-55
-27
-76
-185
-189
-261
-306
-300
-287
-315
-317
-364
-421
-450
-442
-413
-414
-378
-416
-409
-351
-339
-427
-363
-347
-232
-289
-270
-97
-306
-345
-252
-175
-391
-277
-165
-547
-441
-357
-508
-529
-531
-445
-596
-725
-422
-661
-759
-653
-596
-719
-640
-524
-617
-673
-544
-340
-248
-121
-205
-170
-178
13
155
455
470
471
475
427
562
817
880
864
869
986
1008
956
937
935
820
878
902
921
910
737
576
478
455
585
542
438
381
185
79
118
96
72
104
55
-10
7
24
-11
-61
-5
-20
80
147
134
87
63
44
139
172
241
304
257
186
200
221
184
215
215
299
259
200
232
95
99
103
76
118
136
-32
-64
-124
-218
-202
-190
-236
-307
-371
-427
-559
-563
-539
-579
-562
-534
-550
-592
-621
-577
-569
-545
-492
-392
-366
-404
-380
-405
-372
-366
-320
-234
-253
-252
-291
-345
-281
-364
-323
-260
-343
-332
-404
-462
-476
-558
-575
-677
-682
-677
-774
-742
-711
-758
-774
-592
-429
-365
-357
-401
-380
-240
-59
159
359
431
309
303
414
673
905
955
953
917
1034
1025
1034
1100
1114
1144
1101
1078
1042
999
815
729
726
721
762
631
483
319
165
195
177
252
208
84
40
-20
-16
59
126
86
87
117
95
117
159
167
221
258
291
339
370
433
370
261
216
258
394
379
289
336
145
-25
88
201
224
222
1
-134
-164
-154
-201
-267
-293
-382
-458
-459
-554
-603
-651
-714
-683
-545
-560
-636
-715
-738
-636
-631
-517
-441
-530
-583
-601
-522
-411
-441
-440
-379
-435
-409
-348
-346
-348
-380
-372
-422
-406
-465
-560
-571
-521
-641
-656
-681
-860
-775
-962
-734
-655
-673
-660
-814
-635
-247
-325
-234
-303
-257
-109
28
214
542
493
359
397
418
1001
1139
1064
1065
972
1190
1134
1168
1271
1240
1134
1043
983
981
1067
727
651
662
647
672
423
361
270
128
188
205
227
242
47
-86
36
75
142
219
86
149
114
111
246
259
353
321
263
364
339
351
421
340
329
349
234
290
239
193
256
94
67
56
-36
0
-83
-133
-172
-315
-320
-427
-539
-531
-591
-672
-639
-685
-703
-717
-762
-714
-701
-685
-606
-671
-619
-557
-584
-518
-482
-485
-447
-432
-429
-379
-348
-315
-296
-313
-276
-328
-329
-302
-314
-281
-347
-349
-417
-465
-515
-482
-532
-658
-590
-644
-672
-663
-651
-712
-701
-702
-455
-298
-266
-432
-506
-374
-103
109
300
364
248
221
249
627
988
1125
981
880
866
1095
1172
1185
1238
1199
1096
976
928
1015
955
783
692
692
720
630
420
329
260
284
293
272
276
158
2
-24
98
170
209
87
16
41
49
193
283
324
329
283
285
390
454
431
389
329
320
305
261
236
163
106
36
36
33
-72
-163
-250
-277
-252
-246
-380
-460
-553
-629
-587
-581
-592
-690
-771
-792
-772
-722
-695
-699
-733
-725
-663
-573
-496
-455
-452
-466
-357
-287
-295
-249
-241
-245
-173
-196
-157
-161
-206
-210
-187
-174
-148
-210
-302
-294
-364
-275
-372
-415
-514
-590
-585
-562
-580
-514
-575
-703
-543
-377
-239
-245
-368
-356
-153
-39
218
277
323
252
217
368
762
1015
1024
842
758
939
1084
1184
1222
1158
1172
988
902
1008
1089
998
819
652
684
695
544
438
367
301
275
157
158
144
33
-34
-68
21
87
14
-58
-111
-88
4
94
151
186
92
68
219
296
372
321
257
281
256
224
259
200
172
74
56
101
82
-76
-161
-244
-147
-130
-233
-330
-451
-516
-549
-559
-495
-532
-664
-788
-796
-739
-696
-731
-717
-722
-749
-716
-649
-582
-535
-520
-498
-421
-312
-251
-277
-320
-278
-207
-158
-148
-135
-221
-270
-353
-237
-228
-222
-380
-449
-476
-527
-563
-575
-677
-776
-758
-732
-595
-728
-766
-678
-464
-327
-315
-454
-305
-216
-4
158
309
318
308
230
494
864
1178
1133
911
894
1127
1314
1392
1393
1402
1334
1153
1038
1205
1306
1201
919
760
783
782
636
517
439
404
305
189
197
220
131
36
21
127
222
110
-6
-53
49
142
191
241
270
201
172
251
342
470
430
365
330
286
290
273
246
258
228
140
75
18
-44
-113
-165
-141
-199
-329
-452
-570
-612
-615
-649
-669
-753
-848
-923
-931
-896
-856
-899
-897
-905
-890
-825
-748
-699
-664
-638
-607
-554
-504
-474
-443
-442
-432
-409
-404
-374
-401
-380
-390
-441
-450
-440
-494
-483
-488
-538
-511
-649
-622
-715
-608
-558
-477
-541
-561
-480
-295
-223
-209
-298
-157
43
205
322
395
432
313
385
580
1048
1245
1145
874
845
1093
1343
1391
1375
1341
1214
1008
942
1046
1205
1105
807
639
670
724
594
426
389
332
284
179
178
192
109
2
-25
113
186
143
0
-37
29
87
167
241
262
228
190
237
351
447
450
370
363
372
383
351
316
308
288
236
181
165
83
-34
-101
-134
-136
-235
-352
-469
-548
-602
-654
-698
-762
-827
-865
-888
-865
-858
-876
-922
-908
-855
-779
-721
-703
-677
-673
-643
-599
-544
-466
-432
-433
-445
-450
-446
-413
-408
-388
-350
-373
-401
-446
-504
-412
-437
-419
-523
-539
-623
-683
-610
-567
-568
-607
-661
-511
-322
-266
-284
-425
-319
-124
162
319
474
374
299
295
588
1035
1276
1160
899
764
974
1228
1329
1337
1239
1054
838
807
961
1135
986
724
536
537
582
538
484
400
297
176
95
132
170
77
-43
-76
-14
41
15
-102
-92
-53
22
92
136
137
84
95
351
624
565
266
10
45
392
595
654
543
62
-242
-224
221
591
568
76
-351
-492
-210
81
121
-67
-352
-662
-721
-623
-386
-431
-705
-911
-885
-775
-733
-782
-791
-779
-782
-690
-585
-566
-620
-676
-529
-331
-246
-299
-463
-553
-455
-321
-203
-196
-307
-457
-574
-432
-290
-210
-286
-461
-702
-627
-598
-493
-454
-545
-582
-672
-746
-509
-301
-209
-189
-412
-335
-119
98
279
472
419
505
388
538
885
1139
1183
1042
850
996
1149
1190
1178
1138
1134
1046
834
830
914
879
784
599
588
638
451
316
238
229
252
120
23
27
-45
-107
-158
-148
1
-18
-156
-135
-99
5
78
68
145
197
148
226
334
423
422
307
265
348
381
417
374
302
251
155
149
203
208
125
-9
-183
-154
-182
-243
-330
-378
-437
-525
-614
-626
-683
-749
-794
-813
-770
-754
-854
-900
-890
-819
-753
-695
-663
-653
-692
-653
-565
-452
-363
-383
-437
-398
-377
-306
-314
-304
-312
-328
-339
-323
-371
-391
-465
-493
-576
-508
-580
-623
-586
-620
-551
-569
-516
-320
-164
-195
-189
-281
-84
176
397
577
646
478
492
514
852
1272
1371
1234
1042
964
1151
1309
1350
1399
1311
1133
937
849
991
1033
883
696
550
515
448
282
207
174
90
28
-75
-106
-106
-183
-211
-145
-56
42
-39
-145
-81
-14
111
230
249
238
167
120
265
466
637
710
454
247
205
314
580
744
676
475
89
-98
30
292
451
308
-52
-332
-516
-454
-279
-271
-397
-590
-809
-914
-884
-789
-752
-834
-854
-861
-886
-865
-884
-816
-699
-674
-636
-603
-661
-669
-608
-458
-290
-249
-368
-445
-499
-394
-232
-206
-154
-327
-550
-622
-638
-562
-481
-709
-781
-971
-1057
-964
-902
-854
-779
-827
-614
-439
-409
-389
-407
-221
115
329
512
559
433
461
519
869
1317
1437
1236
1042
1001
1281
1455
1484
1456
1360
1154
983
873
1016
1024
823
587
435
360
332
123
31
14
-85
-170
-232
-252
-190
-259
-266
-151
-69
-17
-47
-110
21
95
173
282
350
366
369
358
493
701
766
748
669
601
608
622
674
772
684
549
360
221
231
225
162
77
-83
-261
-397
-564
-549
-595
-655
-747
-886
-982
-1064
-1095
-1020
-951
-939
-942
-995
-992
-879
-790
-668
-575
-561
-540
-505
-488
-358
-281
-205
-179
-197
-218
-267
-223
-236
-120
-206
-240
-374
-457
-548
-551
-522
-591
-735
-854
-1010
-931
-884
-846
-817
-878
-688
-563
-497
-441
-344
-214
48
199
393
594
567
579
701
947
1335
1429
1338
1182
1177
1326
1445
1412
1402
1299
1158
980
906
926
924
710
521
374
301
232
37
-79
-134
-219
-246
-303
-284
-267
-306
-305
-164
-74
16
9
-32
106
204
287
400
475
523
558
566
675
811
930
1024
878
772
736
721
815
873
830
754
404
184
121
166
191
80
-196
-413
-624
-721
-714
-805
-837
-904
-1016
-1112
-1171
-1154
-1100
-1105
-1029
-921
-918
-898
-910
-828
-679
-537
-422
-332
-326
-300
-255
-167
-21
-6
-6
-108
-127
-158
-166
-210
-242
-309
-356
-466
-600
-669
-725
-738
-837
-918
-901
-928
-919
-942
-941
-728
-475
-422
-438
-486
-318
-26
212
417
602
630
582
554
746
1215
1508
1478
1221
1118
1234
1430
1405
1405
1353
1301
1080
843
774
842
722
506
319
324
326
122
-144
-239
-181
-119
-193
-260
-255
-254
-324
-301
-124
116
189
82
-14
85
231
382
385
461
510
575
569
635
695
786
818
792
761
682
615
505
455
402
419
283
97
-142
-235
-279
-273
-400
-469
-640
-770
-908
-973
-992
-977
-972
-1032
-1097
-1181
-1181
-1127
-1008
-888
-810
-758
-750
-709
-632
-460
-304
-205
-153
-103
-69
-13
20
138
160
122
26
-47
-67
-103
-126
-127
-201
-318
-412
-540
-569
-572
-652
-692
-741
-734
-708
-739
-740
-839
-688
-455
-203
-188
-272
-343
-218
15
361
513
605
488
438
459
796
1053
1199
1093
954
908
1020
1116
1096
1007
917
879
844
800
731
654
525
416
359
434
472
403
182
-18
-47
71
196
240
180
84
48
66
153
262
317
320
281
289
312
365
380
382
414
438
456
442
424
381
314
291
290
335
261
103
-103
-184
-181
-132
-200
-362
-545
-674
-751
-714
-707
-730
-858
-933
-912
-852
-808
-848
-877
-867
-697
-555
-574
-599
-486
-542
-381
-226
-197
3
-209
-106
53
-43
83
107
20
272
93
96
138
159
109
-55
-142
9
-52
-65
4
-213
-423
-504
-342
-216
-272
-336
-459
-602
-588
-401
-290
-281
-427
-471
-351
-138
-33
-80
-259
-300
-168
80
383
438
319
64
-30
117
496
791
878
631
378
359
564
782
848
750
615
572
609
679
695
625
497
381
428
520
615
526
323
111
41
109
269
344
311
142
22
-13
101
249
313
264
186
171
230
305
302
231
132
109
144
193
179
60
-98
-220
-218
-157
-119
-169
-245
-334
-443
-494
-524
-521
-479
-474
-466
-505
-592
-668
-684
-612
-512
-418
-428
-465
-452
-359
-285
-242
-214
-233
-130
-62
31
234
202
-9
35
-13
228
251
260
290
162
65
19
7
79
110
33
138
38
-33
-96
-138
-233
-184
-91
-69
-217
-233
-273
-345
-395
-418
-421
-475
-408
-407
-434
-514
-629
-596
-417
-234
-136
-180
-400
-506
-450
-141
154
258
148
-56
-136
5
341
628
706
582
496
553
713
820
819
738
722
777
855
909
855
726
530
421
424
522
577
549
365
146
-12
-23
91
211
235
178
58
-5
14
71
128
105
33
28
50
111
87
-49
-190
-240
-172
-81
-63
-165
-318
-445
-519
-436
-318
-214
-234
-413
-566
-602
-484
-316
-208
-233
-408
-559
-534
-334
-102
-8
-111
-250
-270
-103
128
277
223
147
54
50
312
419
420
184
10
215
162
217
305
193
265
5
-62
32
10
122
122
16
76
-87
-128
-111
-131
-85
-201
-275
-271
-327
-324
-402
-539
-590
-695
-625
-630
-634
-704
-750
-832
-786
-780
-633
-363
-199
-205
-463
-705
-654
-294
234
587
501
222
-82
-38
336
841
1113
1061
815
714
806
969
1037
964
841
820
837
898
856
707
466
243
121
170
294
383
292
11
-317
-496
-438
-183
57
99
-67
-286
-359
-258
-96
-26
-80
-133
-91
15
106
78
-12
-111
-130
-44
111
196
180
50
-104
-196
-190
-82
53
136
78
-77
-192
-174
-101
-16
-7
-80
-121
-96
-12
68
56
-26
-95
-61
84
231
315
278
214
153
151
201
253
307
255
196
177
196
190
158
125
82
-30
15
-13
-25
-39
-164
-260
-328
-245
-236
-340
-404
-484
-529
-581
-592
-605
-744
-731
-808
-798
-805
-903
-960
-977
-909
-742
-788
-725
-687
-422
-145
-11
-112
-270
-246
71
509
865
944
793
527
434
668
1036
1358
1357
1165
971
897
870
847
799
790
717
591
442
359
291
191
-59
-298
-426
-371
-226
-186
-337
-637
-881
-902
-676
-365
-199
-197
-268
-296
-207
-64
43
130
202
263
313
372
421
462
458
397
320
323
426
566
635
527
319
108
45
137
242
292
197
16
-153
-239
-258
-242
-265
-302
-319
-336
-319
-300
-272
-258
-297
-304
-215
-36
126
194
143
49
24
80
209
307
354
330
227
189
202
155
60
-63
-120
-159
-206
-207
-258
-406
-544
-688
-778
-815
-828
-854
-889
-962
-1060
-1154
-1160
-1140
-1129
-1128
-1085
-998
-922
-822
-662
-446
-139
65
110
-16
-38
166
560
995
1207
1145
954
733
757
998
1270
1441
1337
1114
977
905
825
665
477
357
254
131
16
-104
-227
-436
-722
-921
-933
-796
-625
-571
-665
-833
-954
-897
-698
-425
-212
-94
-10
141
301
445
529
565
647
761
904
1072
1196
1236
1154
958
807
756
819
859
828
717
558
381
224
76
-50
-83
-94
-139
-244
-411
-583
-713
-711
-636
-579
-547
-562
-563
-477
-380
-309
-243
-205
-104
21
112
209
231
239
238
239
275
343
389
386
280
117
4
-69
-80
-121
-245
-417
-594
-715
-765
-831
-939
-1085
-1199
-1245
-1266
-1280
-1289
-1299
-1323
-1310
-1269
-1108
-917
-669
-504
-208
107
341
393
283
322
634
1065
1506
1696
1643
1500
1240
1196
1330
1550
1622
1443
1159
987
807
572
259
-79
-287
-458
-596
-680
-722
-811
-1044
-1366
-1592
-1549
-1316
-1041
-892
-882
-944
-911
-756
-452
-144
112
326
541
800
1060
1226
1326
1351
1398
1471
1540
1661
1759
1774
1657
1394
1161
994
910
861
763
602
386
109
-123
-303
-459
-603
-734
-805
-824
-812
-856
-917
-980
-996
-923
-788
-609
-432
-301
-201
-130
-46
63
210
345
481
568
630
647
624
581
532
461
366
242
104
-11
-128
-234
-390
-605
-849
-1057
-1163
-1242
-1312
-1426
-1518
-1635
-1677
-1688
-1594
-1522
-1471
-1444
-1338
-1086
-779
-414
-26
366
656
760
701
793
1077
1538
1926
2136
2151
2057
1864
1727
1667
1696
1678
1445
1148
892
689
421
-16
-485
-849
-1104
-1304
-1441
-1492
-1470
-1584
-1805
-2030
-2069
-1882
-1582
-1324
-1091
-860
-605
-321
-29
280
592
877
1147
1432
1716
1944
2100
2153
2145
2065
1945
1841
1813
1808
1726
1460
1112
771
495
267
61
-143
-340
-553
-757
-927
-1048
-1145
-1219
-1270
-1260
-1197
-1068
-946
-843
-768
-682
-531
-292
-42
175
318
407
483
569
660
753
796
804
755
692
617
533
433
276
59
-189
-441
-629
-803
-944
-1070
-1208
-1378
-1575
-1733
-1838
-1883
-1872
-1864
-1878
-1833
-1758
-1608
-1468
-1369
-1291
-1145
-900
-543
-131
359
862
1233
1327
1273
1229
1457
1822
2199
2438
2504
2429
2221
1937
1778
1663
1510
1184
807
544
399
135
-305
-848
-1275
-1551
-1762
-1885
-1878
-1801
-1775
-1857
-1914
-1794
-1536
-1274
-1048
-806
-465
-54
345
739
1114
1454
1694
1842
1971
2158
2360
2496
2492
2357
2187
1991
1788
1606
1344
1025
641
307
35
-199
-446
-694
-910
-1060
-1183
-1309
-1415
-1444
-1423
-1347
-1235
-1049
-810
-599
-466
-377
-240
-19
221
442
628
806
947
955
888
834
813
833
770
634
478
319
160
-40
-245
-448
-652
-884
-1136
-1356
-1483
-1522
-1580
-1631
-1755
-1807
-1842
-1817
-1808
-1723
-1629
-1511
-1410
-1335
-1164
-1021
-885
-801
-670
-413
-104
245
718
1175
1574
1631
1576
1458
1624
1786
2047
2129
2185
2097
1871
1649
1530
1412
1142
611
181
-36
-118
-352
-676
-989
-1215
-1504
-1884
-2014
-1873
-1567
-1505
-1601
-1533
-1188
-788
-510
-380
-135
206
549
802
1159
1577
2014
2157
2168
2177
2320
2400
2299
2043
1836
1624
1423
1139
873
617
341
-62
-448
-741
-859
-937
-1048
-1200
-1292
-1310
-1271
-1217
-1107
-974
-841
-701
-546
-333
-82
160
326
428
505
625
753
857
883
841
752
671
607
567
470
307
77
-131
-341
-481
-630
-734
-898
-1059
-1211
-1310
-1385
-1398
-1430
-1430
-1420
-1403
-1359
-1309
-1250
-1226
-1184
-1149
-1057
-970
-875
-768
-685
-641
-587
-511
-328
-140
106
476
906
1273
1373
1336
1318
1415
1516
1578
1587
1608
1604
1456
1331
1271
1217
980
498
58
-151
-295
-512
-833
-1026
-1137
-1317
-1592
-1691
-1598
-1425
-1462
-1501
-1300
-865
-484
-273
-136
177
502
767
947
1254
1637
1937
1976
2001
2098
2241
2192
1971
1714
1542
1303
1029
730
522
325
56
-275
-535
-670
-754
-868
-1011
-1078
-1067
-1062
-1045
-972
-785
-579
-482
-415
-315
-116
51
168
240
341
441
532
585
594
611
554
450
313
150
46
-84
-196
-309
-425
-581
-728
-820
-850
-898
-1038
-1153
-1228
-1234
-1237
-1195
-1161
-1049
-983
-923
-895
-870
-838
-837
-864
-894
-826
-778
-663
-610
-552
-490
-402
-303
-112
42
391
700
1066
1206
1346
1425
1549
1572
1588
1628
1627
1587
1450
1384
1440
1378
1166
747
417
152
-161
-529
-859
-986
-1140
-1329
-1571
-1548
-1402
-1306
-1332
-1342
-1151
-854
-588
-344
-74
291
564
799
1017
1388
1714
1941
1984
2019
2091
2115
2073
1965
1787
1580
1273
988
728
541
294
8
-327
-576
-734
-862
-914
-1018
-1069
-1089
-1079
-1023
-921
-777
-605
-481
-355
-235
-84
57
178
227
295
324
371
393
399
358
277
151
28
-96
-197
-314
-445
-596
-708
-845
-926
-1002
-1053
-1102
-1170
-1211
-1228
-1241
-1259
-1238
-1216
-1132
-1042
-934
-823
-752
-691
-677
-672
-683
-655
-648
-594
-581
-522
-393
-258
-53
38
253
563
928
1152
1269
1359
1568
1678
1757
1771
1845
1783
1680
1417
1386
1378
1313
993
608
353
151
-210
-599
-901
-1089
-1320
-1557
-1679
-1538
-1401
-1314
-1317
-1209
-887
-593
-325
-126
148
432
695
904
1238
1636
1956
2145
2231
2333
2415
2411
2312
2076
1802
1504
1244
977
738
468
213
-54
-305
-522
-682
-817
-898
-992
-1066
-1106
-1067
-959
-830
-679
-487
-332
-186
-29
87
181
208
230
258
242
230
215
182
154
110
20
-123
-281
-434
-579
-764
-911
-1065
-1202
-1313
-1372
-1413
-1425
-1414
-1399
-1379
-1400
-1398
-1381
-1347
-1304
-1222
-1122
-986
-875
-758
-676
-634
-599
-615
-606
-619
-611
-569
-447
-262
-41
243
672
1070
1392
1522
1605
1673
1733
1792
1802
1781
1721
1592
1474
1459
1499
1409
1146
795
530
277
-124
-536
-896
-1117
-1365
-1577
-1669
-1552
-1377
-1283
-1248
-1148
-887
-601
-366
-155
82
389
662
967
1295
1649
1940
2152
2317
2442
2529
2528
2440
2245
1978
1685
1358
1067
814
570
317
81
-134
-324
-536
-732
-895
-1046
-1105
-1134
-1085
-980
-829
-644
-474
-283
-66
107
201
262
321
350
342
282
253
223
195
136
69
26
-40
-167
-349
-525
-691
-857
-1055
-1241
-1362
-1472
-1539
-1583
-1578
-1539
-1493
-1426
-1374
-1318
-1271
-1234
-1166
-1096
-1029
-964
-914
-786
-677
-583
-488
-449
-390
-416
-433
-411
-350
-210
-90
151
507
881
1199
1385
1553
1702
1801
1877
1854
1770
1599
1407
1205
1172
1179
1136
951
730
589
412
94
-285
-661
-979
-1291
-1536
-1665
-1613
-1500
-1390
-1282
-1077
-731
-418
-160
34
267
513
714
916
1165
1448
1700
1912
2097
2297
2470
2528
2456
2255
2024
1750
1429
1071
702
368
90
-136
-303
-455
-578
-688
-798
-908
-974
-1006
-1037
-1050
-1023
-933
-770
-548
-270
-34
149
279
395
486
524
476
364
236
125
41
-34
-94
-142
-203
-324
-428
-509
-617
-797
-1046
-1260
-1428
-1566
-1635
-1665
-1658
-1629
-1544
-1455
-1340
-1223
-1109
-1041
-1019
-962
-914
-837
-813
-755
-715
-625
-482
-390
-285
-288
-225
-183
-98
-9
106
352
644
904
1117
1278
1526
1696
1822
1846
1810
1727
1563
1354
1149
1058
939
767
536
392
331
163
-71
-357
-613
-870
-1140
-1354
-1458
-1439
-1411
-1356
-1215
-915
-559
-238
40
323
620
851
1045
1191
1352
1494
1600
1724
1873
2054
2195
2231
2172
2052
1876
1649
1341
976
586
228
-93
-356
-590
-771
-892
-994
-1054
-1063
-1011
-948
-924
-917
-886
-807
-691
-569
-438
-269
-123
31
189
320
416
416
373
291
189
64
-57
-199
-337
-460
-566
-626
-699
-801
-936
-1085
-1191
-1301
-1420
-1528
-1612
-1653
-1648
-1616
-1533
-1437
-1318
-1188
-1074
-966
-846
-763
-714
-675
-640
-581
-537
-496
-473
-454
-408
-303
-196
-69
34
234
530
834
1072
1238
1409
1598
1719
1798
1812
1779
1680
1498
1293
1222
1215
1124
905
694
569
477
274
1
-283
-518
-768
-1020
-1190
-1223
-1168
-1148
-1130
-974
-646
-300
-20
199
484
783
1051
1265
1462
1637
1768
1852
1940
2062
2206
2278
2237
2135
2003
1859
1642
1341
990
613
253
-92
-383
-632
-829
-1006
-1132
-1180
-1153
-1066
-1016
-966
-903
-799
-679
-586
-496
-410
-307
-204
-90
36
146
228
265
280
273
227
143
14
-129
-270
-405
-530
-647
-768
-912
-1044
-1153
-1225
-1304
-1394
-1472
-1515
-1534
-1550
-1569
-1557
-1539
-1479
-1363
-1225
-1080
-954
-867
-796
-724
-642
-569
-541
-521
-520
-493
-418
-344
-232
-145
-14
250
548
846
1071
1240
1435
1585
1672
1719
1710
1637
1489
1286
1098
1041
956
791
529
396
340
264
48
-189
-381
-560
-788
-1006
-1143
-1170
-1166
-1180
-1112
-869
-508
-208
34
291
638
950
1217
1394
1594
1737
1869
1938
2032
2155
2239
2216
2140
2063
2000
1855
1628
1337
1032
730
426
133
-153
-412
-692
-891
-1039
-1071
-1063
-1028
-989
-912
-792
-652
-518
-420
-332
-273
-221
-141
-70
-5
23
47
105
156
202
183
148
78
13
-91
-208
-355
-522
-695
-870
-1027
-1135
-1230
-1318
-1409
-1473
-1487
-1485
-1491
-1489
-1469
-1420
-1340
-1266
-1171
-1076
-998
-932
-870
-786
-720
-676
-644
-607
-549
-498
-456
-395
-320
-239
-79
151
428
673
870
1066
1283
1443
1574
1616
1604
1544
1427
1260
1144
1053
909
668
440
327
278
134
-92
-308
-451
-589
-756
-916
-1022
-1071
-1131
-1157
-1084
-856
-594
-366
-158
158
530
882
1169
1432
1670
1873
2021
2143
2250
2317
2300
2204
2101
2032
1950
1776
1548
1302
1058
793
536
258
-26
-323
-596
-799
-925
-1019
-1093
-1133
-1101
-1002
-887
-740
-607
-499
-414
-344
-271
-195
-143
-127
-116
-76
-18
28
36
13
-9
-21
-66
-147
-244
-358
-498
-663
-811
-905
-996
-1107
-1216
-1282
-1296
-1296
-1307
-1321
-1310
-1275
-1227
-1169
-1094
-1009
-928
-877
-832
-783
-725
-698
-686
-684
-656
-625
-571
-510
-427
-317
-213
-25
228
485
720
890
1095
1306
1470
1591
1631
1625
1568
1444
1290
1177
1070
882
628
395
298
186
5
-244
-474
-622
-748
-891
-1032
-1117
-1154
-1186
-1187
-1084
-893
-686
-512
-294
24
382
693
968
1225
1491
1729
1922
2074
2200
2265
2262
2200
2112
2039
1918
1732
1512
1286
1053
830
591
334
52
-218
-442
-616
-766
-900
-999
-1056
-1053
-1016
-961
-885
-790
-701
-629
-541
-440
-352
-295
-265
-208
-129
-77
-74
-75
-62
-36
-33
-67
-124
-197
-297
-411
-523
-628
-728
-847
-990
-1085
-1146
-1191
-1235
-1291
-1319
-1313
-1289
-1244
-1188
-1131
-1070
-1003
-940
-863
-790
-749
-742
-745
-723
-685
-659
-630
-558
-456
-334
-174
63
348
615
831
1025
1257
1452
1587
1636
1630
1609
1534
1388
1255
1172
1067
847
594
418
352
217
-10
-264
-448
-571
-711
-882
-1005
-1041
-1057
-1084
-1071
-921
-697
-519
-369
-128
205
562
832
1082
1342
1641
1891
2075
2211
2334
2397
2363
2278
2183
2080
1908
1669
1425
1204
983
737
464
204
-50
-266
-474
-636
-791
-910
-1014
-1070
-1067
-1033
-987
-935
-869
-772
-658
-542
-430
-340
-278
-217
-132
-46
-10
-23
-40
-38
-41
-61
-113
-181
-258
-339
-432
-532
-636
-745
-872
-1008
-1112
-1185
-1249
-1328
-1394
-1424
-1399
-1365
-1311
-1245
-1181
-1108
-1038
-971
-901
-858
-816
-790
-770
-745
-718
-691
-641
-574
-474
-375
-235
3
268
518
721
922
1143
1349
1479
1559
1579
1570
1492
1357
1221
1136
990
766
532
380
302
158
-48
-254
-373
-478
-609
-767
-863
-913
-939
-984
-956
-825
-641
-488
-335
-90
230
536
796
1053
1332
1619
1848
2033
2175
2297
2329
2299
2229
2151
2034
1849
1621
1402
1190
965
708
458
229
1
-228
-422
-573
-705
-840
-969
-1010
-1007
-983
-976
-943
-867
-767
-659
-546
-426
-318
-226
-157
-80
-1
48
51
48
46
62
32
-17
-95
-154
-230
-309
-389
-477
-586
-721
-838
-946
-1032
-1130
-1230
-1313
-1353
-1361
-1354
-1342
-1294
-1248
-1181
-1128
-1075
-1031
-964
-927
-893
-879
-872
-844
-831
-801
-744
-657
-559
-429
-228
41
302
538
724
967
1166
1356
1449
1504
1491
1432
1300
1161
1057
908
711
481
334
242
133
-59
-243
-367
-440
-553
-698
-823
-885
-945
-992
-1001
-898
-756
-613
-452
-216
110
423
710
966
1258
1555
1801
1995
2143
2258
2312
2304
2273
2208
2108
1934
1719
1504
1299
1078
826
579
342
114
-98
-287
-446
-594
-747
-864
-942
-956
-942
-930
-901
-827
-707
-579
-444
-288
-142
-13
85
168
234
282
293
264
243
218
197
147
68
-7
-84
-161
-248
-337
-439
-556
-674
-795
-912
-1011
-1107
-1205
-1281
-1329
-1348
-1350
-1322
-1284
-1231
-1171
-1108
-1038
-982
-933
-899
-850
-804
-763
-754
-739
-701
-629
-557
-468
-311
-75
183
403
593
826
1068
1270
1402
1459
1498
1472
1361
1191
1050
921
733
477
278
181
110
-21
-204
-322
-374
-427
-540
-671
-752
-789
-840
-879
-853
-734
-599
-482
-286
-9
312
601
871
1145
1421
1668
1845
2000
2108
2159
2146
2108
2037
1926
1756
1539
1323
1127
918
679
454
233
17
-199
-396
-554
-705
-858
-996
-1077
-1112
-1123
-1120
-1094
-1023
-902
-763
-620
-470
-291
-136
4
119
193
247
270
282
263
235
213
171
118
59
3
-61
-135
-212
-310
-409
-516
-634
-755
-883
-993
-1081
-1154
-1217
-1255
-1259
-1238
-1206
-1153
-1091
-1016
-965
-904
-844
-786
-723
-685
-661
-653
-631
-592
-539
-495
-424
-314
-102
127
352
528
730
951
1178
1348
1449
1489
1484
1398
1251
1088
951
773
530
298
154
90
-15
-168
-321
-381
-419
-489
-612
-703
-752
-796
-846
-848
-767
-634
-524
-366
-121
204
527
790
1062
1343
1617
1828
1980
2070
2126
2132
2086
2000
1912
1767
1570
1361
1161
959
759
546
332
110
-104
-304
-477
-637
-790
-924
-1041
-1100
-1116
-1095
-1062
-992
-876
-725
-586
-426
-289
-139
-16
89
157
202
226
230
221
192
162
122
89
30
-32
-91
-161
-239
-337
-443
-538
-643
-756
-871
-968
-1055
-1121
-1177
-1217
-1223
-1218
-1201
-1160
-1098
-1053
-1011
-957
-892
-834
-794
-776
-761
-742
-712
-678
-640
-593
-543
-439
-263
-19
227
429
610
826
1048
1228
1334
1382
1371
1292
1159
1020
895
742
526
308
173
121
45
-92
-225
-297
-346
-417
-513
-609
-669
-715
-746
-740
-657
-518
-369
-213
12
301
615
897
1148
1399
1641
1838
1968
2042
2066
2057
2002
1909
1808
1660
1483
1291
1100
922
718
513
303
98
-106
-302
-479
-640
-777
-904
-993
-1032
-1032
-1006
-964
-894
-786
-661
-533
-402
-293
-187
-98
-32
34
85
110
99
93
98
102
94
56
6
-45
-94
-156
-233
-321
-411
-507
-606
-695
-780
-846
-923
-985
-1038
-1056
-1053
-1055
-1057
-1026
-991
-947
-916
-870
-831
-779
-748
-729
-700
-682
-657
-626
-594
-554
-474
-373
-171
19
246
426
635
817
1025
1160
1270
1303
1289
1204
1086
963
850
697
499
340
236
196
118
-7
-135
-202
-278
-360
-493
-592
-653
-698
-744
-723
-623
-486
-344
-181
49
319
589
824
1049
1276
1482
1637
1745
1816
1862
1853
1813
1751
1683
1560
1400
1237
1065
900
718
510
292
87
-112
-287
-443
-571
-680
-765
-833
-852
-847
-824
-785
-725
-645
-559
-476
-398
-315
-250
-194
-143
-76
-20
9
17
38
50
61
49
18
-27
-68
-126
-199
-284
-364
-440
-523
-604
-672
-711
-760
-817
-883
-916
-926
-917
-925
-936
-934
-906
-884
-871
-847
-817
-791
-772
-757
-741
-725
-699
-675
-642
-576
-506
-373
-219
-3
204
406
573
753
921
1044
1130
1164
1163
1104
1011
894
816
704
541
371
253
197
150
26
-102
-197
-256
-346
-463
-560
-610
-640
-667
-643
-571
-447
-301
-150
35
279
523
736
926
1099
1284
1427
1522
1596
1626
1627
1611
1571
1510
1431
1303
1166
1022
861
697
530
358
193
43
-113
-224
-332
-436
-505
-597
-673
-712
-734
-744
-720
-682
-627
-573
-535
-456
-381
-300
-209
-135
-92
-44
-8
-3
-4
-27
-37
-91
-142
-159
-177
-213
-254
-304
-361
-402
-463
-526
-594
-682
-769
-846
-912
-942
-954
-974
-984
-967
-947
-921
-888
-858
-825
-808
-783
-762
-729
-684
-626
-554
-479
-389
-280
-165
-24
118
325
493
632
708
803
892
942
960
948
918
819
741
617
519
416
280
159
62
14
-21
-89
-163
-186
-182
-209
-219
-230
-200
-153
-112
-46
49
176
312
467
621
804
966
1097
1214
1303
1364
1397
1366
1315
1243
1153
1058
942
807
684
566
448
339
212
93
-19
-101
-197
-259
-325
-370
-404
-425
-417
-404
-382
-370
-321
-291
-239
-200
-180
-162
-160
-166
-171
-180
-195
-211
-237
-265
-287
-312
-350
-384
-403
-441
-458
-479
-496
-515
-567
-595
-617
-645
-681
-717
-770
-798
-815
-821
-814
-802
-779
-758
-736
-694
-652
-629
-594
-558
-528
-512
-498
-485
-456
-421
-378
-327
-278
-198
-118
-52
37
117
195
279
355
418
500
548
589
619
632
669
674
670
635
601
532
461
367
263
185
97
35
-23
-58
-69
-58
-39
9
75
129
210
284
352
426
496
582
661
734
808
896
980
1056
1102
1123
1120
1113
1090
1018
959
883
800
700
602
495
397
280
174
103
42
3
-50
-105
-142
-172
-205
-238
-255
-274
-274
-291
-297
-292
-300
-291
-287
-271
-282
-275
-282
-287
-290
-310
-316
-348
-365
-389
-402
-424
-445
-467
-511
-542
-577
-632
-665
-703
-717
-723
-707
-692
-674
-643
-614
-563
-537
-486
-457
-432
-401
-384
-372
-354
-356
-336
-310
-285
-255
-215
-182
-120
-92
-52
-7
13
47
73
119
151
194
202
255
274
311
340
344
386
401
416
382
359
321
296
270
217
189
138
127
87
77
81
115
158
187
249
298
353
402
442
507
555
610
653
698
747
778
797
801
817
827
835
829
806
794
753
718
671
617
548
473
402
299
209
117
50
-31
-105
-184
-250
-305
-357
-390
-416
-452
-496
-529
-559
-590
-606
-616
-609
-590
-584
-578
-578
-556
-540
-542
-543
-544
-565
-580
-598
-622
-642
-662
-676
-659
-663
-653
-638
-627
-615
-605
-579
-564
-548
-547
-520
-513
-498
-482
-458
-406
-351
-295
-253
-203
-179
-139
-113
-84
-70
-58
-31
-9
40
95
146
217
283
331
390
421
454
471
489
483
484
468
443
444
421
407
378
357
348
331
325
296
286
273
255
248
263
290
321
356
388
446
508
581
638
674
709
727
746
763
763
786
783
781
760
753
749
743
731
691
673
646
613
565
509
446
373
299
204
126
44
-16
-88
-175
-247
-316
-358
-407
-445
-494
-518
-543
-581
-602
-623
-635
-656
-678
-680
-668
-648
-627
-607
-581
-575
-570
-576
-586
-580
-607
-634
-661
-679
-696
-709
-699
-691
-663
-631
-598
-561
-516
-471
-426
-389
-366
-344
-323
-316
-288
-277
-263
-243
-215
-170
-120
-61
-15
39
72
109
130
160
182
206
231
238
254
282
294
315
346
363
375
371
380
395
422
419
415
408
388
372
366
349
344
336
318
319
307
322
343
361
376
389
403
421
455
481
491
497
502
518
524
540
565
577
584
585
588
599
614
611
603
568
535
497
455
409
361
296
215
139
54
-20
-89
-164
-235
-313
-376
-443
-489
-518
-553
-572
-595
-610
-606
-588
-565
-542
-535
-540
-528
-517
-498
-480
-489
-491
-511
-523
-541
-553
-557
-573
-575
-578
-564
-537
-504
-480
-455
-444
-431
-414
-398
-377
-351
-333
-316
-300
-282
-245
-208
-187
-167
-133
-104
-81
-52
-19
16
50
71
100
133
170
215
246
276
286
293
294
296
309
310
302
297
299
313
322
339
359
356
346
335
326
317
317
306
296
288
273
283
281
293
305
302
311
305
314
335
325
316
310
298
295
311
325
350
377
397
423
430
455
481
490
489
467
434
399
360
311
258
193
124
52
-14
-81
-139
-186
-252
-304
-351
-389
-400
-416
-417
-423
-441
-450
-443
-442
-450
-436
-452
-457
-466
-475
-450
-445
-443
-438
-438
-435
-431
-429
-424
-414
-421
-429
-437
-435
-414
-393
-369
-363
-351
-311
-284
-252
-221
-204
-198
-197
-187
-177
-157
-144
-138
-128
-115
-82
-40
8
56
102
142
179
204
225
248
250
246
249
233
209
206
197
196
194
188
186
193
203
214
238
259
262
255
252
265
267
264
258
239
240
251
258
262
266
252
243
239
241
258
261
261
264
256
264
284
295
314
329
331
339
350
365
364
349
326
304
271
233
199
169
130
90
45
-6
-52
-101
-139
-178
-210
-243
-281
-313
-328
-332
-335
-351
-381
-406
-416
-431
-449
-461
-480
-489
-509
-521
-509
-489
-468
-462
-456
-443
-426
-401
-381
-350
-328
-311
-298
-282
-249
-235
-212
-195
-189
-176
-154
-139
-131
-116
-108
-104
-97
-90
-70
-49
-32
-28
-22
0
32
74
108
144
156
176
192
210
230
227
227
209
193
182
175
176
172
169
158
149
148
165
197
214
221
237
244
252
270
289
295
293
287
269
259
248
237
223
212
197
184
193
218
236
257
275
272
282
293
314
330
336
342
332
321
304
293
274
250
223
191
168
142
108
72
41
0
-45
-82
-118
-140
-164
-187
-211
-229
-242
-263
-275
-289
-315
-337
-359
-378
-390
-393
-405
-415
-417
-423
-413
-399
-370
-350
-337
-318
-311
-290
-258
-233
-221
-207
-191
-185
-177
-173
-165
-159
-173
-182
-183
-176
-174
-172
-168
-163
-152
-157
-136
-98
-64
-43
-25
0
19
42
56
77
82
89
89
80
81
86
87
78
69
63
61
62
71
81
84
93
102
104
116
138
151
170
190
209
235
247
236
226
224
210
193
184
184
189
186
174
169
179
194
209
232
253
265
276
290
307
323
333
329
319
312
299
286
269
253
233
207
183
158
137
108
81
53
28
2
-9
-16
-29
-45
-51
-61
-77
-99
-131
-158
-195
-228
-261
-293
-322
-340
-358
-364
-368
-371
-366
-352
-332
-306
-275
-250
-229
-202
-179
-153
-134
-127
-121
-114
-110
-115
-115
-110
-110
-109
-114
-114
-109
-98
-86
-79
-78
-78
-69
-49
-39
-19
0
15
30
43
43
41
43
33
22
12
6
10
14
14
11
10
18
27
36
59
80
95
107
116
125
136
142
136
143
151
153
150
146
140
128
121
118
112
113
124
134
136
139
139
150
169
186
207
230
247
258
266
268
270
268
256
241
230
216
209
193
175
159
143
125
97
79
71
61
49
32
20
6
-10
-32
-59
-82
-100
-118
-148
-181
-208
-239
-266
-294
-321
-332
-340
-345
-350
-344
-338
-336
-325
-307
-277
-255
-231
-206
-185
-168
-151
-143
-133
-129
-133
-126
-116
-117
-113
-119
-126
-128
-122
-112
-100
-88
-72
-53
-53
-51
-47
-38
-30
-21
-21
-16
-9
-18
-22
-27
-33
-35
-31
-29
-28
-23
-14
-5
-2
4
24
41
55
74
97
117
139
149
161
165
163
158
151
155
158
161
156
152
146
135
133
142
146
149
160
165
164
170
169
174
188
193
205
217
214
212
204
197
179
164
158
156
149
129
118
106
92
81
75
75
66
56
52
49
38
21
0
-28
-54
-80
-111
-139
-162
-178
-200
-225
-254
-276
-290
-292
-289
-285
-277
-267
-264
-272
-269
-255
-234
-213
-188
-167
-154
-146
-147
-149
-148
-145
-138
-131
-128
-122
-125
-125
-118
-111
-100
-86
-74
-64
-49
-33
-23
-14
-9
-22
-33
-42
-57
-64
-62
-67
-69
-76
-79
-78
-73
-52
-27
-6
9
29
38
46
55
67
91
116
144
163
179
191
194
195
195
190
184
182
186
189
196
196
190
196
204
209
216
223
227
240
250
250
254
245
234
227
210
204
202
204
196
185
176
155
143
137
135
140
141
132
122
106
88
71
58
52
39
23
12
-9
-37
-59
-84
-110
-129
-150
-175
-190
-210
-227
-244
-254
-257
-257
-251
-243
-230
-221
-212
-196
-191
-197
-194
-192
-193
-190
-182
-172
-161
-156
-151
-155
-152
-143
-125
-107
-97
-96
-97
-100
-99
-100
-94
-83
-73
-69
-68
-72
-72
-77
-85
-91
-103
-107
-103
-105
-105
-103
-99
-88
-80
-64
-55
-44
-32
-18
4
20
31
40
49
57
68
75
84
92
93
97
105
111
112
125
140
156
164
163
173
177
183
191
199
207
212
217
212
203
204
200
190
180
165
158
148
145
145
141
136
130
130
132
133
138
134
129
123
117
110
100
84
69
60
47
32
21
9
-14
-37
-58
-77
-91
-96
-100
-105
-112
-124
-132
-137
-141
-137
-130
-124
-119
-123
-124
-119
-115
-116
-120
-130
-132
-127
-122
-108
-95
-90
-80
-69
-57
-45
-35
-28
-25
-19
-10
-7
-7
-11
-23
-38
-50
-62
-74
-80
-88
-99
-112
-124
-124
-126
-122
-110
-102
-99
-99
-87
-79
-72
-57
-50
-51
-49
-41
-34
-31
-25
-22
-17
-8
-3
8
21
35
48
52
66
76
89
103
108
117
129
135
146
149
151
152
149
139
138
137
130
126
119
115
109
107
105
112
123
127
128
123
123
124
127
129
132
131
121
108
91
78
67
55
40
22
1
-11
-18
-28
-32
-41
-46
-51
-56
-59
-66
-66
-68
-67
-66
-67
-67
-75
-89
-96
-101
-101
-105
-102
-101
-101
-102
-107
-95
-74
-48
-29
-20
-20
-20
-23
-16
-3
8
12
12
9
1
-11
-19
-24
-38
-49
-58
-62
-70
-75
-76
-81
-85
-85
-81
-78
-73
-69
-61
-53
-50
-46
-46
-49
-48
-43
-39
-38
-36
-32
-35
-29
-27
-28
-25
-12
11
23
39
42
46
54
63
75
86
91
84
83
80
80
86
81
75
70
69
72
67
70
79
79
76
75
72
72
77
79
87
89
89
88
84
76
65
62
51
45
35
26
11
-4
-13
-23
-29
-38
-39
-41
-47
-61
-71
-79
-84
-81
-79
-79
-82
-85
-94
-99
-102
-107
-113
-119
-122
-121
-125
-124
-119
-117
-115
-110
-103
-92
-84
-76
-60
-49
-41
-32
-19
-17
-16
-15
-14
-5
-3
-1
-6
-9
-14
-15
-13
-13
-11
-7
-3
1
-1
-8
-8
-4
2
5
10
10
9
9
6
2
-1
0
-5
-7
-3
1
6
11
15
22
25
33
46
53
63
75
86
95
103
108
113
116
120
125
129
135
135
133
134
135
136
143
146
151
155
157
153
144
135
129
133
132
132
128
119
108
94
82
75
66
60
52
39
28
15
5
-3
-7
-16
-24
-28
-36
-41
-48
-51
-50
-52
-58
-60
-67
-78
-83
-88
-97
-105
-112
-124
-130
-132
-133
-134
-135
-134
-133
-137
-142
-138
-135
-123
-115
-101
-90
-89
-86
-84
-85
-81
-79
-73
-67
-63
-61
-66
-62
-56
-50
-48
-48
-48
-43
-39
-35
-29
-23
-21
-21
-20
-19
-15
-15
-14
-16
-26
-37
-43
-47
-50
-52
-48
-40
-41
-37
-35
-36
-33
-31
-14
3
15
27
35
43
51
59
68
78
84
94
99
105
109
112
111
120
124
124
127
128
131
134
136
141
143
144
141
135
132
127
122
114
106
95
86
71
63
59
52
47
34
24
14
2
-10
-17
-19
-13
-11
-9
-9
-12
-16
-18
-20
-22
-25
-30
-29
-36
-45
-54
-65
-71
-74
-74
-77
-78
-81
-87
-87
-86
-83
-81
-77
-73
-70
-72
-70
-64
-60
-62
-63
-63
-62
-59
-58
-56
-57
-57
-55
-53
-53
-50
-47
-41
-33
-30
-26
-23
-24
-24
-23
-23
-21
-24
-25
-28
-31
-33
-39
-40
-41
-46
-46
-45
-43
-43
-35
-29
-19
-8
-2
6
14
23
32
41
47
52
51
50
53
58
67
73
76
77
79
80
79
79
87
91
99
106
106
106
104
101
101
96
95
93
84
74
67
62
55
48
39
31
29
30
28
20
18
16
13
15
17
16
14
12
11
14
16
16
15
13
13
12
12
7
4
1
-5
-6
-8
-9
-11
-12
-14
-12
-13
-16
-16
-18
-19
-22
-22
-25
-25
-27
-27
-26
-27
-32
-37
-37
-38
-37
-35
-38
-41
-41
-42
-39
-35
-33
-30
-28
-26
-26
-27
-27
-29
-31
-32
-29
-26
-26
-27
-32
-33
-36
-36
-39
-42
-42
-38
-36
-34
-33
-35
-29
-26
-25
-24
-18
-14
-13
-6
1
7
11
16
15
17
20
26
30
33
37
42
46
46
47
50
53
56
60
61
61
60
57
53
49
51
48
43
36
29
25
22
18
12
5
5
4
3
-1
-2
-4
-5
-6
-6
-9
-10
-11
-10
-11
-13
-17
-21
-25
-27
-27
-28
-28
-29
-32
-37
-38
-37
-36
-34
-32
-31
-29
-26
-25
-26
-27
-29
-31
-31
-28
-30
-29
-32
-32
-30
-31
-28
-26
-27
-27
-25
-23
-23
-22
-20
-19
-16
-17
-14
-16
-16
-14
-10
-8
-10
-13
-15
-14
-14
-13
-13
-14
-13
-12
-11
-10
-10
-8
-4
-3
-2
0
2
2
0
1
3
6
9
9
11
12
14
18
19
23
27
30
33
37
39
45
48
49
53
57
58
59
58
59
60
60
61
58
55
53
54
51
51
47
44
42
39
38
36
32
29
23
22
20
17
14
8
3
0
-4
-6
-10
-15
-18
-22
-27
-29
-32
-35
-38
-39
-40
-41
-41
-43
-43
-43
-42
-40
-41
-42
-44
-42
-39
-39
-39
-38
-39
-39
-38
-37
-35
-35
-35
-32
-29
-27
-25
-22
-20
-18
-15
-13
-12
-12
-14
-14
-10
-9
-8
-8
-11
-10
-10
-11
-13
-15
-15
-15
-14
-13
-13
-14
-15
-13
-12
-10
-9
-9
-10
-9
-6
-5
-2
-2
-1
2
5
7
10
13
16
20
24
29
33
35
38
40
44
49
52
54
54
55
57
58
60
61
62
60
59
59
58
56
55
54
52
52
51
48
45
43
41
38
33
29
25
21
17
13
8
2
-3
-8
-12
-17
-23
-27
-32
-36
-38
-40
-42
-45
-46
-49
-49
-50
-50
-50
-53
-53
-52
-51
-50
-49
-49
-49
-48
-47
-46
-44
-41
-39
-37
-34
-31
-28
-26
-22
-19
-16
-12
-10
-9
-7
-6
-6
-4
-3
-4
-4
-4
-3
-5
-6
-6
-7
-7
-6
-6
-5
-6
-6
-6
-5
-5
-6
-5
-5
-5
-4
-3
-3
-2
-2
-2
0
2
3
5
8
11
14
16
19
20
24
27
30
33
36
38
40
43
43
45
46
47
47
48
50
50
49
48
48
47
47
48
48
47
45
44
43
41
39
35
33
30
27
24
21
16
11
8
5
0
-3
-7
-11
-15
-17
-19
-21
-23
-26
-27
-29
-31
-33
-35
-37
-38
-39
-40
-42
-43
-45
-45
-42
-41
-43
-42
-42
-40
-39
-36
-33
-31
-29
-26
-24
-21
-20
-17
-16
-14
-12
-10
-8
-8
-7
-5
-4
0
0
2
4
5
7
7
10
11
11
12
13
12
13
14
15
13
14
13
12
12
12
11
10
10
10
11
10
10
10
13
14
15
16
18
19
19
22
22
23
23
24
24
24
25
25
25
27
28
27
28
29
28
28
29
31
30
31
29
28
28
28
26
24
22
21
18
15
12
9
7
5
2
-1
-4
-8
-10
-12
-14
-16
-19
-21
-23
-25
-26
-29
-32
-33
-34
-36
-38
-40
-41
-42
-43
-43
-45
-45
-44
-45
-45
-43
-41
-40
-37
-37
-35
-32
-29
-26
-24
-21
-19
-17
-15
-11
-10
-7
-5
-3
0
2
4
6
6
8
10
12
14
15
18
19
20
22
22
23
24
25
24
23
22
21
21
21
19
17
17
17
16
16
15
15
15
14
15
15
15
14
13
14
14
14
13
12
12
12
10
11
10
9
10
10
9
8
8
8
9
9
9
8
9
9
9
10
9
8
8
8
7
6
5
3
2
0
-1
-2
-4
-6
-7
-8
-8
-9
-11
-13
-14
-15
-16
-18
-19
-19
-20
-22
-24
-25
-24
-25
-26
-27
-28
-31
-31
-30
-29
-29
-29
-27
-27
-26
-25
-23
-22
-20
-19
-17
-15
-14
-13
-11
-10
-9
-7
-6
-5
-4
-3
-1
2
4
5
8
9
10
12
14
16
17
19
21
22
22
22
23
23
23
23
23
22
21
20
19
19
18
18
18
16
16
17
16
16
15
14
14
13
14
13
13
12
11
10
10
9
9
8
8
7
7
7
8
7
6
5
6
5
7
8
7
7
7
7
7
6
7
7
5
4
3
3
1
-1
-3
-4
-4
-6
-6
-7
-6
-8
-8
-9
-11
-11
-12
-13
-13
-14
-14
-16
-17
-18
-19
-20
-20
-20
-21
-21
-21
-22
-22
-21
-21
-19
-18
-16
-16
-14
-14
-14
-14
-13
-11
-12
-10
-9
-9
-7
-6
-5
-5
-4
-2
1
1
4
6
7
7
9
9
10
12
12
12
13
12
11
11
11
11
11
11
8
8
7
6
6
6
5
6
6
5
6
7
6
5
4
5
6
5
5
7
7
6
4
5
5
5
6
6
7
7
8
8
8
8
10
10
9
10
10
12
10
10
10
10
9
10
10
10
9
9
7
7
7
6
4
4
4
3
2
2
1
0
-1
-2
-4
-4
-4
-6
-6
-8
-10
-11
-12
-12
-13
-13
-13
-14
-15
-14
-14
-13
-12
-11
-11
-10
-10
-9
-8
-7
-6
-6
-6
-6
-6
-6
-5
-3
-2
-3
-2
-2
-1
0
0
1
2
3
4
4
4
3
5
4
5
5
4
3
2
2
2
1
1
2
1
1
0
0
0
-1
-1
-1
-1
-3
-4
-3
-4
-2
-2
-3
-3
-4
-2
-3
-3
-2
-1
0
0
0
2
3
4
5
6
6
7
7
8
9
9
9
9
9
10
10
10
10
10
9
9
9
9
7
6
5
3
2
2
3
2
2
0
-1
-1
-1
-1
-2
-4
-4
-6
-7
-7
-6
-8
-9
-10
-11
-12
-11
-11
-12
-12
-11
-13
-12
-12
-12
-10
-10
-9
-10
-9
-8
-7
-6
-5
-4
-3
-3
-1
0
0
2
2
2
4
3
3
4
4
5
5
5
6
5
