-3
-3
-5
-6
-6
-6
-4
-3
-1
-1
1
1
1
0
0
0
1
2
3
3
4
4
4
4
4
3
5
5
6
6
5
5
4
4
4
4
5
5
6
7
6
5
3
2
3
2
3
2
2
2
1
0
-1
0
0
1
1
0
1
0
-1
-3
-4
-5
-4
-4
-2
-2
-1
-1
-1
-2
-2
-2
-1
-1
0
-1
0
-1
-3
-2
-1
0
1
2
3
3
2
2
2
3
3
3
5
5
5
5
3
4
2
3
4
5
5
4
4
4
2
2
2
2
3
3
4
2
2
1
0
-2
-2
-1
0
1
0
0
-1
-1
-2
-2
-2
-1
-1
0
-1
-1
-2
-2
-4
-5
-5
-4
-3
-2
-3
-3
-5
-4
-4
-3
-2
-3
-1
-1
-2
-3
-4
-4
-2
-3
-2
-2
-1
-2
-2
-2
-4
-3
-2
-2
1
1
1
0
-2
-2
-2
-2
0
2
2
1
1
-2
-2
-2
-3
-5
-4
-5
-3
-3
-4
-4
-5
-4
-5
-3
-3
-2
-1
-1
-3
-4
-4
-5
-4
-1
0
0
1
0
0
-1
-2
0
0
1
1
2
2
0
0
-1
0
1
2
3
5
5
5
4
1
2
1
3
2
3
3
1
1
0
0
0
0
1
1
2
3
1
0
0
0
-1
-1
1
1
0
0
-2
-3
-4
-3
-4
-2
-1
-1
-1
-2
-2
-3
-3
-4
-3
-2
0
0
-1
-1
-2
-3
-3
-3
-2
-1
-1
0
1
0
-1
-1
-2
0
2
3
3
4
2
2
1
2
0
2
1
2
2
1
0
-1
-2
-1
0
1
3
3
2
2
1
-1
0
-1
-1
-2
-1
-1
0
-1
-1
-2
-2
-2
0
-1
1
1
0
0
-2
-1
-3
-2
0
1
1
0
-1
-1
0
0
0
0
1
1
1
1
0
-2
-1
-1
0
2
4
4
4
3
5
5
5
4
4
5
6
6
4
3
3
2
3
3
3
3
4
4
5
3
3
3
3
3
4
4
3
4
3
2
2
2
2
2
3
4
4
3
2
1
1
1
2
3
4
3
2
2
2
2
1
0
1
-1
0
-1
-2
-1
-3
-4
-4
-3
-3
-3
-3
-2
-3
-3
-3
-2
-3
-3
-3
-3
-3
-3
-2
-2
-3
-3
-4
-3
-2
-2
-2
-1
-1
-2
-2
-2
-3
-2
-2
-2
-2
-2
-3
-2
-3
-3
-3
-4
-5
-5
-4
-3
-2
-1
-2
-1
-1
0
-1
0
-1
-3
-2
-2
-2
-3
-2
-3
-3
-3
-3
-3
-4
-4
-4
-3
-2
-3
-2
-1
0
-1
0
0
-1
-1
0
-1
-1
-1
-1
-2
-1
0
-1
-1
-2
-3
-2
-1
0
-1
-1
-1
0
2
2
1
2
1
2
1
2
2
2
1
-1
1
2
2
3
3
3
2
3
3
2
3
3
3
4
3
2
2
2
2
1
2
1
0
1
1
3
2
1
0
1
1
2
2
1
0
0
0
1
0
-1
-1
-2
-2
-2
-2
-3
-4
-4
-4
-4
-2
-1
0
1
0
0
-1
-1
-2
-2
-4
-3
-2
-3
-2
-5
-6
-4
-5
-5
-4
-1
-2
-1
1
1
2
0
3
0
0
1
-1
-2
-2
2
2
2
2
-2
0
-1
1
2
4
5
5
8
7
8
9
8
9
7
3
0
1
-2
-3
2
-3
-3
-4
-6
-4
-2
-1
3
3
2
5
7
6
9
10
7
2
3
1
4
5
9
14
12
12
9
11
9
12
14
11
11
12
11
3
-2
0
-3
-4
-3
0
0
-2
-5
-2
-4
-4
-8
-11
-9
-11
-11
-13
-17
-19
-16
-16
-18
-12
-19
-17
-14
-17
-13
-11
-6
-2
-2
2
-1
-2
-1
-5
5
-1
3
6
8
17
12
16
13
19
18
10
1
-2
-4
-13
-8
-15
-15
-17
-20
-17
-19
-16
-20
-20
-14
-17
-4
1
-7
2
4
3
-1
-4
-9
-4
-8
-5
-6
-16
-18
-23
-22
-19
-15
-9
-11
-3
-6
-14
-11
-5
0
-10
-7
-22
-13
-9
-16
-10
0
1
-12
2
-2
5
4
8
10
4
15
12
14
33
23
15
12
8
1
-5
-11
-21
-17
-20
-28
-25
-25
-28
-31
-25
-19
-13
-10
-15
-9
-18
-17
-5
-13
-19
-11
-10
-5
-3
-4
6
20
19
19
30
33
35
25
34
26
19
19
12
17
7
16
7
1
8
-5
15
-1
-2
-6
-12
-21
-21
-20
-37
-21
-19
-21
-17
-13
-7
1
2
-7
-13
0
-6
-9
2
3
1
3
8
-1
19
6
18
21
7
-1
-5
5
3
-4
-14
-9
-6
-2
-5
2
4
0
6
5
18
24
17
28
30
43
41
45
24
73
44
116
84
283
163
-76
79
-84
23
-87
100
36
55
-125
-55
-62
-93
25
22
-8
-51
63
-177
40
-80
-62
13
8
32
15
37
93
40
21
83
33
9
-52
27
8
-10
1
-16
-88
45
22
144
146
301
270
-230
-104
-120
-181
-49
-54
-45
78
-303
-164
-62
-211
152
37
-53
129
-47
-90
-17
-131
13
-85
48
-53
102
17
9
116
-59
90
50
85
57
74
113
1
-95
1
43
-24
6
56
309
-70
136
365
-286
282
139
95
92
-229
54
66
-433
373
19
-113
249
-239
201
-93
276
239
202
191
151
-41
-133
-68
-26
-59
70
100
129
162
95
110
312
-8
96
3
-146
34
-401
-184
-233
-385
-91
-84
76
370
61
239
-57
-52
-15
36
148
-77
-33
-357
-265
-435
-215
-111
157
-53
287
128
-269
274
-153
-65
-10
-95
71
-144
-333
-38
-89
-178
115
173
-34
-31
-85
-404
-63
-271
-23
228
-271
162
-224
-172
25
55
212
138
106
0
-210
-209
-187
-89
-154
74
69
-132
-70
-115
-98
152
-218
190
101
-97
-117
-47
-169
-87
-95
-122
146
-76
42
-80
-28
-60
-94
72
-93
-135
59
-310
171
-164
-97
226
41
6
95
47
-88
-39
-161
19
-49
-178
29
53
-223
8
56
-149
12
48
-3
132
-110
101
115
-110
76
43
171
120
17
211
114
-5
194
28
168
-49
-13
-41
-76
-9
-100
153
-123
-54
233
-91
73
252
-194
177
-200
-8
280
-179
-58
125
-54
-104
45
24
11
320
82
-51
274
-62
89
145
-43
422
-111
-78
400
-9
-58
266
-49
95
-75
-99
190
-491
102
-3
-96
-204
33
-7
-216
-25
-17
215
141
-48
170
-94
-104
-113
-2
-69
22
200
-130
-104
15
-64
521
-140
191
360
-281
161
178
-26
0
3
-198
262
-346
-29
149
-347
-91
276
-178
24
9
-247
547
-394
92
147
-3
-241
268
86
-40
364
-370
447
26
-38
59
316
-167
298
-2
-74
100
-47
60
428
185
-121
486
-476
34
-12
-13
-96
31
-381
89
-208
-472
202
-528
-28
137
-317
-129
-112
-219
-106
-116
171
92
-141
207
137
-12
130
137
251
175
341
257
170
-128
0
84
-52
123
-77
-38
-265
-212
-257
-165
-233
-159
-66
-79
-240
-98
-92
-334
61
-61
140
18
131
57
0
56
71
16
79
-7
87
175
-179
59
65
-173
47
153
-59
173
-51
-17
138
103
-73
128
-15
-79
163
-41
-174
-14
-104
-3
83
-206
-10
-71
-231
-262
117
-181
56
59
-57
114
-147
-137
-30
-310
-170
284
126
193
-33
5
247
-81
262
222
70
192
4
191
-13
-232
-73
-222
-231
-11
-177
-22
-195
-365
-36
-145
-13
36
-85
212
-75
-160
216
-117
19
19
93
130
-124
-77
36
-120
-56
177
70
61
42
104
-10
-135
15
1
34
93
48
85
-128
-176
-116
-132
-174
-114
-235
-50
-175
-227
-87
-22
-110
-117
-57
-118
48
14
114
167
-56
128
145
-1
86
240
23
-19
-27
-4
192
-65
90
109
-109
-135
-73
11
-86
-183
20
-15
-252
-232
-27
119
-62
31
288
71
-151
-9
308
104
-51
354
207
-35
42
222
382
111
29
339
262
64
97
146
21
-83
-35
150
27
-66
76
16
-127
-192
1
26
-2
111
101
15
-33
-18
-21
2
172
309
258
192
85
-48
63
-5
9
261
121
-63
32
-218
-105
-7
-124
84
89
44
187
-35
-94
-84
-170
-103
151
89
-9
135
-19
0
-56
31
165
94
-7
178
126
-145
-106
-93
3
-12
-76
158
-86
-116
-264
-58
46
-152
-103
-111
-317
-371
-136
-209
-181
-60
-10
25
-113
30
42
-190
58
34
34
-65
-175
-227
-388
-333
-60
-102
-52
-42
-240
-100
-267
-98
14
38
95
91
58
-71
-171
-129
-33
119
209
278
374
137
55
84
122
89
22
260
258
180
47
-126
-12
-38
-134
180
224
304
280
38
179
39
37
59
239
379
314
334
282
255
81
148
347
404
271
250
254
222
-51
-9
149
164
165
49
211
-130
-173
-201
-106
-38
-142
-50
-176
-479
-416
-281
-275
-249
-494
-155
-171
-478
-491
-485
-487
-528
-528
-251
-265
-428
-520
-626
-636
-479
-414
-464
-445
-573
-529
-594
-612
-689
-512
-350
-571
-621
-439
-314
-392
-459
-318
-64
-123
-195
-239
-60
25
206
180
408
641
522
554
474
833
955
853
975
919
1053
1080
852
945
902
895
925
901
1146
921
739
590
592
617
506
471
604
452
331
109
235
387
141
320
407
436
290
150
276
414
-102
36
279
364
96
-55
168
32
-210
-231
-63
-192
-31
-310
-469
-627
-643
-360
-848
-1185
-582
-701
-776
-1208
-1260
-395
-1049
-1161
-755
-731
-656
-1045
-957
-613
-899
-513
-768
-1004
-569
-512
-591
-484
-739
-283
-283
-436
-256
-435
-173
46
-78
-153
74
101
180
-15
62
303
540
297
255
245
479
518
438
389
516
660
619
559
440
572
652
502
426
645
673
665
472
382
521
578
510
451
440
541
566
418
352
421
313
381
452
455
431
355
313
259
167
207
306
260
109
121
146
107
134
30
139
15
128
126
87
-19
32
-27
-60
-44
50
78
-1
-107
-60
0
-69
-119
-197
-125
-82
-205
-233
-282
-190
-163
-253
-367
-308
-208
-287
-411
-370
-251
-289
-514
-387
-393
-403
-433
-521
-483
-521
-599
-568
-701
-606
-666
-741
-643
-631
-570
-656
-499
-344
-316
-415
-353
-281
-287
-286
-128
-14
41
76
103
148
199
268
347
368
417
472
478
434
286
306
297
208
146
239
207
128
51
-62
-50
-59
-120
-92
-1
26
39
-67
90
120
133
244
482
544
505
571
595
712
630
649
759
819
740
616
668
807
561
358
480
612
562
366
288
477
89
48
-11
135
50
153
20
-128
-230
-207
34
-511
-368
21
-166
-532
-443
-383
-276
-604
-534
-482
-272
-685
-716
-792
-674
-731
-1023
-1199
-723
-1075
-1284
-1299
-1271
-1254
-1299
-1130
-992
-909
-1048
-713
-471
-299
-194
-61
-146
-187
83
557
768
778
661
825
750
763
857
1006
981
816
862
688
617
386
214
-28
3
131
9
-143
-337
-480
-507
-482
-511
-447
-336
-255
-274
-247
-34
44
2
88
431
874
1085
1136
1113
1154
1289
1328
1352
1498
1604
1580
1351
1189
1101
954
842
687
722
738
570
300
40
-69
-77
-84
-193
-205
-157
-212
-368
-413
-305
-259
-305
-132
-26
-201
-278
-356
-290
-256
-152
-246
-427
-414
-592
-701
-686
-793
-772
-1336
-1245
-1238
-1517
-1624
-1961
-1900
-1712
-1636
-1704
-1555
-1476
-1289
-1046
-623
-115
29
-170
-200
122
802
1154
1179
1146
1107
1200
1081
1259
1396
1396
1245
1052
995
818
491
40
-255
-253
-81
-258
-497
-839
-1022
-1164
-1108
-1157
-1006
-947
-877
-755
-697
-437
-360
-217
-62
431
810
1240
1277
1302
1421
1538
1764
1845
1973
2078
2008
1848
1543
1402
1275
1208
1112
919
771
526
183
-180
-270
-292
-163
-306
-364
-385
-415
-514
-621
-630
-452
-266
-330
-305
-433
-321
-369
-405
-344
-328
-264
-248
-590
-704
-651
-785
-1068
-1231
-1267
-1345
-1778
-2046
-2073
-2077
-1886
-1840
-1793
-1776
-1388
-979
-529
-472
-498
-520
-177
346
1013
1364
1411
1166
981
1128
1356
1838
1873
1839
1549
1441
1258
951
438
150
43
108
130
-175
-615
-1175
-1417
-1501
-1231
-1008
-825
-964
-1089
-1141
-1018
-741
-528
-194
143
644
938
1124
1054
1110
1264
1619
2053
2251
2370
2256
2047
1734
1534
1452
1510
1496
1418
1135
706
234
-205
-383
-386
-269
-194
-387
-605
-816
-912
-937
-838
-641
-440
-331
-383
-421
-711
-682
-516
-333
-183
-168
-211
-613
-1044
-1000
-864
-861
-1113
-1330
-1566
-2018
-2262
-2361
-2281
-2242
-2145
-2103
-2059
-1743
-1287
-909
-659
-648
-428
-195
354
1061
1508
1778
1566
1512
1564
1825
2268
2480
2473
2260
2047
1796
1482
1007
704
513
426
376
1
-580
-1082
-1401
-1518
-1434
-1249
-1123
-1308
-1431
-1515
-1403
-1135
-870
-531
-186
207
610
749
871
1039
1345
1581
1814
2045
2255
2408
2344
2153
1815
1621
1502
1541
1501
1445
1035
494
-93
-353
-347
-322
-259
-357
-523
-732
-811
-901
-826
-745
-510
-384
-344
-394
-486
-584
-438
-162
11
-16
-254
-332
-564
-566
-586
-688
-973
-1289
-1501
-1724
-1952
-2208
-2367
-2336
-2164
-1927
-1901
-1484
-1040
-810
-872
-860
-368
211
893
1579
1845
1845
1581
1501
1759
2309
2973
3146
2739
2212
1954
1707
1380
1067
891
787
555
133
-492
-1158
-1492
-1655
-1669
-1454
-1324
-1443
-2001
-2298
-2175
-1783
-1302
-1021
-710
-473
-207
49
233
525
987
1410
1688
1839
1845
1812
1814
1988
2253
2215
1929
1444
1046
953
991
900
583
77
-280
-608
-685
-568
-547
-557
-701
-631
-611
-598
-599
-537
-397
-139
11
-33
-229
-284
-183
-115
-47
25
-185
-453
-689
-771
-863
-1245
-1383
-1759
-1985
-2224
-2362
-2507
-2554
-2570
-2327
-1851
-1265
-1003
-1303
-1477
-1011
-253
578
1414
1607
1676
1262
1440
1873
2403
3047
3123
2931
2548
2242
2018
1575
1254
1262
1104
936
290
-439
-1155
-1461
-1475
-1357
-1318
-1416
-1766
-2329
-2437
-2257
-1822
-1414
-1129
-799
-644
-458
-216
57
596
1220
1765
1945
1882
1780
1721
1883
2508
3041
2992
2283
1582
1139
1049
1300
1567
1110
392
-305
-660
-852
-731
-315
-383
-626
-737
-732
-824
-959
-678
-296
-72
60
-135
-448
-651
-371
16
217
167
-71
-538
-849
-1017
-868
-1124
-1447
-1849
-2169
-2429
-2625
-2734
-2726
-2849
-2375
-1583
-1365
-1563
-2114
-1835
-1303
-245
994
1640
1209
809
670
1386
2267
3122
3560
3109
2641
2338
2234
2120
2068
1802
1640
1231
836
-34
-804
-1127
-1099
-1018
-1021
-1256
-1812
-2436
-2643
-2286
-1776
-1394
-1293
-1331
-1291
-946
-494
-38
406
894
1316
1626
1736
1716
1739
1716
2175
2969
3143
2839
1900
1213
1199
1298
1854
1873
842
7
-831
-933
-656
-428
-55
-502
-999
-1003
-1068
-890
-732
-379
-55
-128
-179
-425
-613
-415
67
343
386
-52
-452
-777
-808
-469
-590
-903
-1569
-2309
-2429
-2580
-2446
-2390
-2601
-2455
-1958
-1805
-1709
-2018
-2056
-1314
-570
501
1241
828
593
542
1101
2398
3156
3643
3292
2671
2555
2610
2803
2836
2583
2338
1734
1232
552
-98
-326
-410
-369
-611
-1135
-1782
-2339
-2484
-2078
-1735
-1529
-1754
-2079
-2002
-1648
-931
-295
62
325
426
636
926
1433
1792
1969
2133
2066
2178
2192
2060
2031
1737
1659
1546
1100
831
302
-9
-214
-445
-460
-632
-789
-935
-1046
-879
-727
-726
-626
-611
-484
-452
-359
-214
-111
-19
35
-4
-120
-190
-202
-215
-329
-405
-930
-1330
-1779
-1842
-1968
-2207
-2260
-2278
-2561
-1933
-1721
-1873
-1965
-2245
-1513
-951
-272
633
418
36
286
589
1851
2469
2930
2889
2448
2372
2447
2677
2883
2620
2376
1994
1406
998
307
244
87
-166
-392
-995
-1582
-1900
-2163
-1829
-1742
-1862
-2030
-2396
-2139
-1774
-1278
-732
-503
-395
-236
-2
458
921
1360
1669
1549
1739
1866
1992
2267
2223
2198
1839
1524
1530
1228
1019
865
425
123
-200
-274
-389
-542
-528
-521
-542
-583
-657
-595
-559
-419
-231
-266
-184
-169
-151
-136
-135
-149
-243
-238
-319
-513
-719
-1161
-1419
-1664
-1883
-1965
-2176
-2143
-2079
-1606
-1329
-1702
-2123
-2126
-1555
-627
-24
572
229
-343
-154
463
1653
2492
2798
2555
2119
1961
2396
2698
3040
2819
2489
2019
1393
947
721
820
810
341
-299
-883
-1427
-1540
-1583
-1336
-1472
-1844
-2280
-2485
-2219
-1709
-1248
-901
-811
-805
-669
-402
20
434
1049
1458
1386
1047
882
1323
1888
2279
2474
1953
1093
694
824
1424
1462
1011
442
-428
-628
-372
80
98
-367
-645
-754
-801
-512
-328
-221
-323
-482
-416
-466
-350
-241
-73
-75
-276
-534
-744
-764
-757
-917
-1005
-1615
-2078
-2326
-2225
-1783
-1731
-1125
-1210
-2030
-2298
-2179
-1150
-40
141
539
-301
-745
-88
716
2050
2699
2473
2141
1588
1913
2741
3193
3477
2716
2171
1749
1299
1195
1163
1308
1213
133
-558
-1125
-1229
-936
-1047
-1087
-1585
-2285
-2596
-2613
-2029
-1423
-1317
-1253
-1473
-1409
-964
-478
104
410
682
960
822
906
1099
1436
1875
2068
2143
1749
1261
1195
1238
1424
1440
1056
484
-48
-38
116
195
179
-131
-494
-616
-489
-122
-117
-157
-307
-505
-540
-372
-84
-10
-71
-294
-553
-813
-544
-561
-413
-924
-1241
-1777
-2141
-2176
-1859
-1708
-1495
-1117
-1529
-2140
-2534
-1918
-997
-93
88
227
-797
-948
-343
973
2166
2571
2187
1523
1333
1884
2929
3418
3482
2598
2070
1453
1427
1461
1700
1638
1048
-100
-743
-1000
-783
-533
-751
-1120
-2004
-2639
-2727
-2246
-1570
-1315
-1609
-1890
-2040
-1618
-973
-321
55
151
96
89
267
832
1344
1692
1678
1584
1446
1278
1448
1698
1700
1461
1094
685
425
409
671
594
285
-92
-271
-322
-250
-19
86
-139
-378
-513
-419
-270
-99
94
-130
-377
-573
-683
-514
-399
-382
-673
-1276
-1532
-1760
-1897
-1656
-1654
-1558
-1224
-1350
-1760
-2238
-2062
-1052
-489
-157
-32
-619
-915
-600
432
1602
2044
2006
1570
1310
1834
2589
3299
3278
2759
2372
1966
1912
1843
1808
1943
1484
576
-190
-474
-274
-205
-439
-924
-1683
-2224
-2467
-2212
-1686
-1542
-1811
-2257
-2380
-1948
-1323
-822
-594
-599
-508
-454
-168
224
798
1277
1260
1112
1115
1156
1415
1663
1832
1562
984
795
717
830
896
827
442
-95
-234
85
208
170
6
-183
-414
-510
-303
-120
-133
-179
-232
-425
-512
-539
-374
-396
-440
-656
-1047
-1298
-1431
-1483
-1633
-1550
-1434
-1170
-1146
-1589
-2042
-1961
-1401
-472
-245
-216
-528
-1092
-823
45
1185
1828
1731
1330
1143
1436
2381
3076
3330
2844
2304
2069
1980
2146
2298
2235
1878
927
82
-27
131
368
45
-598
-1424
-2150
-2290
-1978
-1543
-1470
-1990
-2574
-2721
-2287
-1555
-1026
-928
-1076
-1199
-1025
-621
-23
437
779
839
644
759
982
1324
1618
1649
1527
1147
770
877
1035
1113
949
562
205
-15
165
416
423
171
-112
-288
-334
-272
-47
-54
-194
-248
-576
-501
-487
-366
-303
-522
-678
-964
-1130
-1238
-1395
-1381
-1285
-1100
-728
-1032
-1471
-2012
-1763
-855
-270
-158
-383
-875
-1130
-651
239
1172
1324
1164
832
986
1510
2311
2814
2792
2435
2159
2016
2094
2286
2293
2288
1739
1037
373
416
688
725
304
-431
-1217
-1682
-1742
-1421
-1190
-1477
-2128
-2622
-2590
-2053
-1460
-1215
-1320
-1514
-1519
-1267
-713
-244
97
285
269
235
422
748
1168
1372
1311
1111
839
727
910
1117
1080
798
416
142
124
368
508
378
67
-203
-286
-290
-197
-180
-274
-395
-458
-562
-693
-636
-574
-573
-661
-820
-902
-1233
-1229
-1139
-1118
-858
-537
-582
-1123
-1679
-1348
-625
-149
-53
-297
-668
-940
-479
302
946
1075
831
595
862
1403
2071
2455
2346
2080
1876
1941
2188
2282
2181
1987
1646
1167
775
887
944
838
437
-112
-526
-851
-1012
-920
-896
-1146
-1629
-1992
-2006
-1747
-1457
-1283
-1369
-1438
-1459
-1300
-873
-526
-243
-219
-165
-45
177
422
667
768
769
688
768
711
657
732
672
533
405
302
255
205
161
172
26
-76
-118
-180
-263
-348
-379
-457
-410
-443
-494
-643
-742
-622
-849
-726
-917
-1080
-1034
-1057
-869
-469
-488
-596
-1125
-1228
-672
-264
30
-207
-373
-705
-636
-84
642
870
825
402
420
801
1340
2018
2021
1789
1541
1526
1780
2100
2140
2045
1546
1210
875
998
1276
1134
739
135
-185
-285
-281
-235
-377
-766
-1199
-1459
-1384
-1184
-1130
-1213
-1460
-1507
-1321
-1191
-937
-819
-658
-540
-477
-244
-66
57
245
292
344
262
343
569
568
480
346
231
84
53
294
265
-20
-204
-329
-227
-201
-174
-148
-455
-614
-659
-591
-462
-450
-508
-713
-830
-824
-798
-876
-873
-814
-700
-608
-122
-249
-677
-895
-566
131
404
275
135
-337
-459
88
562
982
811
624
493
620
1131
1565
1719
1612
1291
1383
1549
1728
1914
1711
1677
1374
977
917
1115
1323
1118
617
234
-93
-119
47
148
116
-330
-856
-1016
-870
-475
-374
-622
-985
-1281
-1209
-866
-481
-330
-511
-698
-667
-387
22
181
169
-22
-106
-90
103
310
265
74
-27
-168
-246
-256
-135
-106
-320
-491
-639
-684
-674
-657
-584
-703
-909
-992
-1020
-968
-853
-881
-948
-916
-1040
-1062
-1100
-895
-705
-580
-233
-181
-541
-695
-529
190
572
400
369
21
-116
205
635
1079
1068
751
632
650
1033
1464
1680
1604
1225
1103
1220
1398
1660
1618
1448
1192
795
756
995
1219
1042
567
224
63
135
234
244
181
-149
-450
-468
-280
-87
-79
-278
-449
-535
-484
-349
-238
-147
-225
-228
-188
-110
99
199
132
105
67
61
117
148
45
-159
-254
-291
-349
-457
-548
-658
-826
-957
-873
-849
-994
-1185
-1260
-1313
-1304
-1269
-1283
-1301
-1395
-1393
-1414
-1412
-1378
-1284
-1108
-925
-889
-569
-417
-574
-523
-464
-4
317
289
322
304
143
405
679
1048
1074
860
834
869
1094
1323
1471
1457
1170
1020
1214
1309
1442
1261
1068
955
750
677
809
981
900
473
218
232
317
387
254
188
43
-110
-72
74
182
211
107
48
43
113
193
267
302
236
265
281
417
514
493
416
339
293
413
340
446
288
20
-105
-212
-254
-406
-564
-659
-862
-1098
-1233
-1296
-1317
-1541
-1515
-1578
-1684
-1775
-1882
-1860
-1777
-1811
-1718
-1760
-1821
-1792
-1688
-1262
-878
-502
-617
-923
-832
-387
147
627
597
534
218
120
659
1195
1528
1325
971
859
996
1381
1752
1720
1423
963
912
1164
1308
1367
1153
833
543
303
418
663
684
385
-50
-170
-119
32
186
174
117
-71
-255
-102
183
428
460
345
279
302
503
714
821
867
730
721
808
986
1143
1060
881
707
726
852
798
788
544
238
195
114
158
-23
-359
-600
-813
-910
-962
-1087
-1362
-1760
-1902
-1934
-1987
-2008
-2111
-2142
-2344
-2387
-2301
-2301
-2208
-2070
-1868
-1532
-1193
-1062
-1198
-1184
-686
-160
203
344
431
369
302
688
1229
1568
1602
1328
1200
1306
1487
1781
1884
1724
1372
1147
1244
1350
1327
1135
837
645
362
199
329
345
125
-310
-546
-528
-423
-336
-337
-392
-545
-684
-559
-196
88
220
104
22
148
383
698
891
929
832
812
990
1231
1419
1430
1217
1039
1001
1089
1148
1098
925
570
355
269
261
211
-62
-364
-594
-816
-891
-940
-1164
-1495
-1788
-1884
-1990
-2086
-2186
-2397
-2534
-2582
-2560
-2431
-2513
-2469
-2187
-1748
-1294
-1481
-1662
-1364
-800
-167
88
224
350
210
423
981
1496
1784
1600
1513
1626
1791
2044
2191
2202
1979
1627
1597
1608
1601
1532
1266
1084
713
374
328
399
366
-50
-481
-645
-728
-672
-647
-650
-730
-1005
-1059
-856
-565
-350
-380
-387
-299
-92
241
458
598
644
690
894
1079
1324
1482
1406
1308
1246
1360
1483
1426
1339
1103
822
710
620
578
402
69
-201
-469
-614
-766
-922
-1159
-1482
-1783
-1916
-2050
-2102
-2228
-2528
-2596
-2732
-2724
-2673
-2570
-2429
-2030
-1787
-1872
-2056
-1768
-1105
-537
-290
-248
-99
-92
151
735
1376
1596
1453
1289
1473
1855
2215
2431
2419
2170
1856
1847
2018
2134
2010
1730
1350
1052
792
730
801
657
196
-275
-495
-543
-495
-527
-629
-809
-1055
-1176
-1025
-703
-564
-643
-787
-753
-495
-144
131
229
224
232
478
765
1121
1261
1225
1101
1126
1332
1559
1539
1429
1218
1083
1051
956
921
707
414
66
-175
-269
-411
-655
-971
-1431
-1645
-1817
-1936
-1993
-2279
-2517
-2758
-2840
-2730
-2734
-2783
-2652
-2315
-1904
-2080
-2241
-1956
-1448
-875
-616
-505
-313
-265
-6
582
1161
1439
1246
1230
1539
1940
2274
2386
2357
2195
2026
2137
2337
2388
2183
1845
1660
1450
1210
1089
1040
877
438
24
-154
-223
-284
-387
-494
-653
-898
-1031
-912
-670
-553
-678
-788
-741
-536
-247
-46
61
57
107
317
581
893
1030
971
895
918
1138
1373
1414
1338
1138
978
973
991
996
821
511
178
-50
-89
-250
-434
-811
-1298
-1598
-1736
-1810
-1938
-2274
-2564
-2844
-3034
-2944
-2931
-2848
-2761
-2484
-2281
-2518
-2570
-2101
-1535
-1029
-884
-779
-607
-512
-68
578
1120
1236
1016
1095
1547
2025
2352
2322
2203
2059
2023
2309
2499
2461
2174
1844
1701
1575
1469
1421
1354
1076
552
157
97
89
64
-108
-331
-574
-831
-834
-671
-489
-508
-724
-799
-692
-447
-156
-56
-31
-48
80
367
643
887
930
860
790
799
1110
1369
1327
1202
920
801
811
933
1030
826
375
18
-89
-40
-131
-352
-731
-1211
-1519
-1702
-1641
-1791
-2118
-2482
-2800
-2938
-2951
-2920
-2814
-2605
-2407
-2626
-2882
-2644
-2165
-1477
-1184
-1140
-1050
-1081
-699
-58
601
1012
867
738
997
1495
2056
2268
2271
2067
1842
2061
2385
2574
2470
2082
1835
1708
1607
1635
1568
1437
979
499
361
314
345
201
-5
-200
-486
-604
-532
-382
-318
-475
-631
-598
-459
-192
-43
6
30
36
292
566
779
945
959
888
872
976
1266
1343
1286
1099
900
839
839
917
892
598
217
-47
-112
-121
-309
-573
-999
-1387
-1608
-1682
-1729
-1933
-2332
-2651
-2830
-2897
-2869
-2871
-2556
-2296
-2626
-2972
-2826
-2327
-1663
-1381
-1287
-1243
-1390
-1100
-451
318
800
605
401
627
1170
1776
2064
2124
1903
1596
1800
2213
2493
2412
2012
1767
1588
1533
1675
1717
1569
1046
530
405
424
500
393
139
-103
-401
-496
-319
-122
-128
-393
-624
-568
-371
-109
44
26
-48
-96
163
529
754
895
869
807
845
936
1202
1352
1308
1146
1001
947
949
928
913
698
384
87
7
-11
-161
-514
-853
-1220
-1421
-1533
-1657
-1799
-2254
-2617
-2760
-2691
-2770
-2647
-2385
-2275
-2732
-2906
-2675
-2010
-1527
-1473
-1405
-1380
-1405
-1008
-327
355
600
316
281
604
1160
1620
1876
1867
1544
1331
1638
2063
2317
2110
1679
1450
1348
1355
1493
1595
1354
754
356
341
463
539
377
134
-160
-437
-393
-102
96
-20
-364
-567
-438
-116
97
171
105
-69
-76
249
682
869
886
771
709
802
1043
1263
1364
1233
1044
962
1000
1043
1011
889
653
420
245
178
103
-127
-448
-778
-1075
-1231
-1406
-1506
-1767
-2172
-2506
-2630
-2621
-2579
-2357
-2124
-2496
-2872
-2806
-2406
-1734
-1497
-1490
-1479
-1589
-1343
-734
-86
454
385
192
312
754
1329
1650
1811
1698
1341
1385
1713
2008
2094
1781
1494
1302
1199
1275
1353
1314
905
408
218
210
313
253
48
-125
-377
-504
-358
-128
-22
-191
-424
-506
-340
-2
171
215
143
3
151
473
826
952
939
841
772
950
1206
1366
1395
1187
1047
1096
1126
1235
1108
922
676
481
418
377
261
-33
-464
-753
-973
-1047
-1201
-1471
-1755
-2181
-2400
-2442
-2502
-2472
-2159
-2188
-2554
-2929
-2700
-2143
-1646
-1545
-1605
-1644
-1614
-1228
-610
-9
220
99
-20
357
908
1327
1501
1562
1398
1237
1461
1858
2063
1882
1536
1308
1279
1239
1286
1295
1088
627
240
188
282
312
118
-140
-329
-486
-513
-308
-167
-229
-475
-648
-561
-281
6
82
38
-59
-43
222
568
832
910
807
724
801
1092
1337
1364
1350
1189
1081
1164
1241
1321
1172
883
697
526
501
458
295
2
-417
-739
-859
-965
-1044
-1364
-1780
-2088
-2338
-2337
-2338
-2167
-1930
-2330
-2799
-2762
-2433
-1817
-1530
-1604
-1589
-1787
-1570
-969
-340
120
30
-174
-27
434
1030
1330
1416
1359
1046
1141
1538
1863
1939
1626
1349
1256
1208
1299
1343
1290
943
434
290
293
375
306
40
-176
-393
-531
-401
-203
-159
-383
-655
-702
-544
-282
-102
-42
-104
-237
-148
220
513
685
706
632
630
815
1137
1342
1284
1189
1076
1148
1345
1398
1361
1125
860
787
825
786
659
358
6
-281
-411
-493
-695
-957
-1289
-1604
-1861
-1993
-2028
-2177
-2052
-1876
-2283
-2640
-2618
-2273
-1764
-1577
-1634
-1623
-1768
-1492
-955
-423
-63
-182
-322
-80
455
939
1115
1170
1117
929
1111
1468
1751
1727
1391
1202
1228
1253
1263
1236
1135
829
435
351
406
454
282
-30
-186
-327
-405
-304
-189
-190
-404
-657
-645
-444
-256
-229
-217
-175
-232
-143
122
351
464
454
493
577
739
911
1022
1094
1077
1007
1102
1221
1300
1295
1105
944
906
934
905
752
528
207
-70
-170
-245
-422
-741
-1079
-1347
-1546
-1699
-1785
-1965
-1934
-1785
-2065
-2390
-2338
-2108
-1776
-1618
-1612
-1517
-1616
-1456
-1005
-537
-170
-179
-277
-62
357
736
915
1031
1090
933
1023
1324
1544
1553
1280
1154
1203
1168
1130
1108
1052
834
471
357
388
368
222
-18
-120
-227
-362
-362
-265
-257
-412
-649
-658
-501
-383
-376
-384
-315
-306
-280
-80
138
238
203
217
454
624
717
766
848
938
914
983
1166
1199
1134
1067
1024
1030
1003
942
882
737
505
242
132
42
-98
-347
-665
-908
-1159
-1401
-1469
-1552
-1707
-1790
-1722
-1799
-2115
-2175
-1914
-1639
-1474
-1426
-1416
-1403
-1323
-980
-487
-131
-83
-195
-69
347
739
939
1023
1030
943
938
1222
1528
1509
1287
1123
1147
1167
1098
1084
1058
841
507
327
360
359
214
27
-136
-295
-438
-445
-299
-259
-461
-702
-744
-599
-476
-441
-443
-439
-455
-380
-178
37
88
73
117
336
506
538
654
771
824
877
935
1025
1091
977
1011
1085
1058
928
845
855
764
532
337
231
140
-60
-337
-507
-775
-971
-1134
-1282
-1385
-1654
-1831
-1685
-1507
-1671
-1920
-1989
-1803
-1583
-1359
-1212
-1203
-1222
-1158
-748
-340
-50
-49
-25
153
489
735
920
1037
1039
1017
1045
1280
1424
1417
1257
1171
1121
1079
1019
1019
952
715
440
282
320
265
162
-41
-220
-370
-408
-369
-338
-439
-620
-695
-653
-515
-479
-474
-493
-425
-375
-244
-54
66
76
115
216
357
534
623
767
803
776
825
926
1055
1122
1093
1038
993
940
931
913
846
633
410
280
215
102
-141
-398
-576
-766
-912
-1034
-1267
-1434
-1629
-1737
-1656
-1486
-1542
-1884
-1941
-1762
-1547
-1352
-1162
-1125
-1102
-1116
-852
-480
-188
13
10
93
298
540
762
998
1048
993
879
1030
1304
1373
1284
1102
1023
963
918
931
920
728
471
258
219
232
147
42
-134
-292
-420
-431
-341
-319
-431
-559
-638
-607
-480
-407
-371
-421
-419
-316
-120
93
123
85
122
258
474
701
751
724
694
720
957
1099
1108
1046
992
974
1056
1043
977
851
695
572
467
403
264
58
-182
-397
-550
-683
-822
-942
-1210
-1430
-1443
-1576
-1598
-1455
-1411
-1556
-1730
-1649
-1387
-1205
-1035
-938
-1009
-939
-803
-486
-159
-1
11
24
178
523
735
832
896
833
851
910
1123
1286
1179
932
790
799
864
836
761
631
358
194
190
261
224
-23
-268
-341
-326
-270
-305
-395
-485
-593
-548
-444
-365
-386
-485
-452
-302
-168
-56
-1
28
44
169
330
489
592
593
629
708
827
938
993
953
924
857
903
977
977
863
669
571
524
453
356
270
9
-210
-394
-387
-486
-668
-868
-1108
-1283
-1350
-1327
-1374
-1458
-1655
-1479
-1358
-1401
-1425
-1248
-1092
-968
-899
-796
-674
-640
-397
-212
-12
57
118
168
353
544
643
677
769
894
838
905
987
1021
886
727
687
723
666
584
530
403
226
47
83
87
-8
-178
-325
-356
-315
-296
-276
-288
-379
-389
-376
-264
-162
-116
-99
-74
28
107
225
367
459
482
532
612
727
818
916
944
842
845
890
945
897
805
709
626
523
481
400
319
173
-12
-110
-221
-312
-360
-477
-701
-818
-936
-1020
-1100
-1152
-1159
-1277
-1381
-1425
-1222
-1070
-1235
-1381
-1155
-1082
-864
-738
-617
-486
-639
-464
-236
-25
-10
90
-11
253
366
482
573
550
659
486
641
795
840
692
580
562
676
603
450
430
310
256
134
177
181
42
-87
-120
-110
-59
-81
-120
-88
-148
-84
-55
35
132
167
168
160
310
499
532
546
563
544
690
804
829
864
743
671
689
689
746
660
492
428
384
306
223
146
34
-131
-245
-322
-375
-381
-510
-614
-707
-750
-793
-850
-911
-919
-1013
-1051
-1018
-1026
-978
-1051
-1013
-938
-887
-851
-734
-668
-580
-539
-479
-348
-348
-235
-158
-81
-54
39
114
189
270
397
452
415
482
539
636
629
602
580
529
494
510
555
484
360
230
250
227
189
125
18
-49
-89
-11
19
32
13
-10
7
141
233
224
246
230
362
422
496
561
580
598
623
721
730
755
739
718
621
624
599
559
487
378
293
150
105
72
-29
-200
-293
-384
-450
-551
-590
-648
-753
-834
-869
-851
-906
-917
-957
-1000
-988
-904
-999
-968
-957
-895
-848
-822
-696
-686
-716
-579
-452
-398
-316
-332
-240
-185
-48
25
89
111
247
257
359
438
469
530
530
603
630
651
640
677
644
608
515
485
496
450
413
323
277
232
222
207
192
175
161
141
138
167
206
266
259
297
295
334
396
451
481
483
480
493
546
580
593
535
497
459
463
454
426
354
247
143
90
99
4
-100
-265
-326
-405
-445
-539
-614
-695
-786
-819
-810
-847
-960
-918
-960
-925
-976
-937
-934
-885
-916
-807
-814
-769
-719
-671
-575
-585
-502
-347
-263
-325
-229
-123
-29
52
148
248
202
234
402
495
522
487
585
602
596
650
749
692
634
621
646
649
565
498
473
377
362
369
336
259
184
211
174
118
126
160
121
123
105
144
153
181
219
249
256
245
314
362
392
374
379
368
365
371
388
386
277
192
166
137
113
51
-51
-168
-260
-282
-306
-359
-430
-546
-648
-645
-664
-703
-767
-826
-867
-868
-865
-825
-817
-824
-837
-790
-725
-675
-614
-518
-483
-483
-440
-341
-255
-208
-137
-100
-61
-80
53
97
126
133
213
209
224
306
373
396
389
439
403
398
431
504
460
392
392
406
402
389
387
378
304
307
345
376
313
347
331
314
330
341
362
324
381
386
390
360
380
388
378
421
423
389
351
387
390
373
385
337
240
186
187
200
121
13
-74
-116
-160
-187
-207
-304
-425
-479
-465
-531
-595
-631
-675
-716
-778
-778
-779
-794
-766
-778
-774
-770
-712
-701
-647
-576
-511
-511
-488
-371
-281
-267
-215
-142
-111
-83
3
77
77
103
113
156
174
234
266
265
258
266
306
285
343
323
304
247
210
254
291
274
205
188
190
213
215
220
227
163
149
180
231
256
254
263
264
274
319
395
371
335
352
394
419
426
435
400
378
370
393
382
343
334
303
259
209
172
117
36
-2
-9
-72
-151
-207
-252
-322
-353
-387
-437
-483
-549
-609
-619
-606
-611
-633
-685
-684
-682
-666
-606
-548
-538
-549
-507
-432
-350
-303
-262
-250
-220
-157
-46
15
24
23
51
95
146
215
245
224
197
226
273
311
325
300
243
185
191
233
245
198
144
115
84
71
76
127
115
42
8
39
50
52
102
115
83
70
124
170
198
237
254
237
224
285
354
352
374
328
312
297
327
344
355
344
236
199
165
175
180
134
53
1
-53
-100
-83
-118
-193
-275
-310
-318
-366
-375
-372
-439
-489
-468
-471
-489
-482
-454
-426
-457
-448
-414
-355
-330
-271
-256
-260
-193
-161
-101
-60
-23
-3
35
58
93
120
143
190
221
209
224
232
233
249
256
234
184
158
157
191
198
145
84
78
73
81
67
51
26
-1
-15
-7
19
0
-22
-32
-25
-1
28
63
68
53
62
106
125
150
197
168
147
146
163
203
215
186
135
112
117
126
126
102
54
7
6
-2
-36
-70
-87
-123
-148
-167
-181
-188
-249
-268
-260
-280
-308
-304
-299
-303
-293
-268
-258
-261
-258
-210
-197
-209
-184
-147
-113
-117
-70
-29
-17
-13
5
59
81
72
97
110
136
139
131
151
159
141
149
169
155
132
113
133
131
106
128
138
99
74
99
118
79
69
91
88
62
67
67
68
81
92
97
101
74
99
142
137
149
152
141
150
166
163
154
126
135
143
109
84
87
92
90
63
18
-25
-49
-32
-33
-56
-76
-100
-130
-142
-100
-98
-139
-143
-157
-184
-181
-145
-129
-147
-179
-201
-184
-137
-89
-84
-131
-156
-116
-73
-44
-15
-47
-76
-66
-25
15
23
20
3
-36
-24
33
56
12
-17
-20
-27
-34
-9
8
-22
-47
-51
-20
-6
-11
-12
-14
-32
-53
-38
-11
17
29
7
8
42
50
69
102
99
88
92
121
166
145
141
171
181
174
178
202
201
182
176
166
140
119
123
124
96
47
24
33
21
-13
-19
-24
-67
-96
-96
-88
-101
-121
-136
-132
-135
-170
-178
-167
-161
-161
-167
-180
-193
-184
-155
-140
-158
-179
-160
-130
-123
-118
-97
-103
-117
-96
-82
-73
-68
-71
-69
-66
-45
-29
-42
-55
-48
-46
-68
-76
-57
-41
-55
-66
-61
-55
-33
-4
6
10
-26
-9
44
68
61
58
80
76
78
115
167
176
148
146
172
192
212
219
220
208
216
237
262
250
231
218
183
185
196
209
197
137
99
105
93
71
51
33
17
-3
-16
-16
-34
-50
-65
-70
-66
-90
-92
-96
-102
-115
-122
-131
-135
-119
-111
-109
-113
-130
-126
-119
-125
-121
-116
-109
-111
-112
-119
-106
-102
-108
-98
-97
-110
-114
-102
-95
-103
-111
-115
-128
-146
-159
-141
-119
-122
-146
-142
-126
-107
-90
-78
-59
-71
-70
-47
-11
3
-2
15
37
61
75
102
122
130
154
169
177
201
227
260
265
252
271
292
287
273
257
247
241
245
251
249
224
181
166
163
141
119
103
89
61
29
7
8
5
-22
-47
-70
-77
-76
-84
-84
-90
-124
-145
-146
-128
-114
-126
-125
-139
-145
-125
-104
-92
-107
-105
-97
-95
-80
-69
-71
-68
-68
-72
-59
-55
-54
-50
-63
-73
-80
-76
-77
-86
-93
-102
-106
-120
-114
-111
-108
-109
-126
-121
-103
-87
-91
-96
-91
-98
-77
-59
-33
-13
-1
18
30
53
74
95
119
131
142
142
158
181
193
201
189
174
170
191
218
213
196
179
167
165
179
178
161
138
110
101
79
66
54
25
3
-22
-33
-38
-51
-53
-75
-96
-112
-113
-108
-104
-112
-121
-115
-135
-146
-134
-126
-130
-128
-123
-131
-124
-91
-67
-59
-67
-82
-78
-68
-53
-35
-30
-43
-54
-46
-45
-43
-39
-54
-64
-64
-66
-58
-51
-58
-62
-72
-71
-58
-41
-37
-45
-39
-40
-40
-28
-19
10
21
18
18
28
51
65
80
95
89
99
113
120
131
145
157
167
166
169
184
189
195
186
183
184
181
180
174
159
135
125
122
115
97
86
67
40
19
3
1
-9
-49
-67
-77
-79
-75
-92
-93
-94
-94
-97
-101
-101
-112
-116
-113
-116
-111
-107
-103
-93
-86
-91
-90
-81
-72
-63
-65
-71
-81
-74
-66
-72
-75
-84
-89
-94
-85
-86
-91
-101
-108
-103
-103
-91
-95
-101
-99
-100
-89
-90
-84
-77
-66
-45
-46
-34
-18
-3
9
14
23
26
46
76
91
104
110
107
113
134
162
175
184
188
189
197
211
218
208
194
182
182
175
168
165
155
135
102
83
78
78
66
39
11
-13
-19
-26
-42
-67
-92
-95
-101
-100
-97
-100
-103
-113
-120
-129
-121
-92
-79
-79
-85
-90
-77
-61
-46
-41
-44
-54
-48
-31
-22
-25
-27
-36
-39
-29
-23
-12
-26
-43
-52
-46
-36
-32
-35
-50
-61
-63
-60
-54
-52
-59
-48
-46
-41
-34
-25
-24
-24
-22
-13
1
9
19
27
35
41
52
64
79
78
83
86
92
97
106
115
106
98
94
105
101
98
89
89
81
67
55
31
16
8
8
6
-6
-27
-32
-40
-51
-60
-60
-61
-73
-77
-79
-81
-80
-86
-92
-87
-82
-68
-52
-36
-35
-41
-37
-32
-19
-6
11
16
16
18
31
45
48
47
43
42
47
54
56
56
40
24
25
30
36
35
28
17
2
-2
-1
1
-4
-18
-32
-39
-31
-23
-26
-27
-26
-26
-30
-29
-19
-22
-27
-33
-38
-32
-19
-14
-17
-24
-22
-15
-11
-14
-2
8
13
9
5
14
20
21
16
14
16
13
11
17
12
-1
7
19
21
16
10
6
9
5
5
2
1
-3
-12
-8
-7
-5
-4
5
1
2
4
10
15
10
13
15
29
43
54
60
55
50
46
49
55
49
35
28
32
30
28
21
9
-1
-6
1
3
4
-8
-17
-16
-23
-26
-33
-34
-31
-30
-29
-25
-27
-25
-25
-27
-33
-32
-33
-30
-30
-24
-20
-24
-31
-37
-28
-30
-36
-32
-27
-19
-19
-26
-24
-16
-5
-5
-7
-1
2
6
6
4
-6
-8
-9
-7
8
11
9
9
14
12
7
11
11
21
16
18
17
15
19
25
32
29
34
38
45
53
53
55
58
55
66
74
77
62
54
54
60
60
58
58
46
41
30
29
17
4
-5
-12
-10
-13
-20
-22
-26
-38
-44
-43
-43
-41
-43
-50
-52
-50
-48
-49
-56
-56
-53
-47
-41
-37
-40
-38
-37
-38
-27
-17
-7
-10
-12
-9
4
7
6
2
5
7
9
15
20
27
27
27
25
30
27
25
31
30
22
19
14
16
16
16
14
5
5
7
13
18
19
11
7
3
3
12
20
19
10
13
17
23
21
24
29
25
22
21
33
37
35
24
15
17
22
25
17
5
-8
-12
-13
-9
-10
-13
-17
-22
-29
-26
-26
-35
-37
-44
-47
-54
-54
-57
-61
-64
-68
-69
-68
-64
-65
-61
-66
-70
-71
-63
-52
-47
-47
-44
-35
-25
-15
-10
-3
0
7
12
10
11
13
16
13
18
18
23
27
30
31
33
33
32
35
35
33
35
37
44
50
49
49
47
53
60
65
65
63
63
67
77
77
72
63
59
59
70
71
62
53
47
45
46
42
35
31
28
22
17
17
12
7
-2
-12
-17
-19
-21
-26
-32
-39
-46
-48
-47
-48
-57
-65
-72
-72
-74
-79
-85
-88
-96
-94
-90
-92
-93
-95
-96
-98
-88
-86
-83
-84
-81
-73
-64
-56
-58
-54
-52
-47
-39
-31
-22
-17
-19
-24
-19
-16
-9
-3
-2
-3
-2
5
13
17
14
15
24
35
51
61
62
65
65
69
78
86
91
93
97
103
112
118
123
121
123
126
133
135
135
132
125
117
108
106
107
103
96
87
74
73
69
60
49
37
25
16
12
4
0
-11
-27
-39
-44
-48
-54
-62
-74
-86
-90
-92
-98
-101
-110
-115
-120
-123
-123
-116
-113
-121
-122
-123
-112
-104
-93
-95
-99
-98
-95
-87
-76
-72
-73
-64
-58
-52
-48
-42
-40
-36
-25
-20
-14
-8
-2
1
-1
-3
-3
0
11
21
27
38
43
44
45
47
49
54
55
55
62
68
74
79
84
81
81
79
78
83
94
96
91
84
77
80
88
86
71
60
55
58
61
60
51
36
26
23
23
23
20
12
5
-6
-13
-11
-10
-21
-33
-39
-43
-40
-39
-42
-44
-47
-55
-61
-59
-54
-53
-53
-58
-62
-57
-47
-45
-46
-49
-52
-48
-46
-48
-44
-44
-49
-55
-57
-49
-41
-39
-41
-45
-41
-31
-24
-23
-27
-33
-31
-23
-14
-7
-3
-1
3
1
1
8
12
14
13
24
30
37
42
36
29
32
33
32
38
37
38
39
38
33
33
30
25
22
20
19
17
11
2
-3
-3
-4
-8
-13
-16
-22
-26
-29
-38
-43
-43
-44
-46
-43
-49
-53
-55
-53
-53
-46
-41
-40
-37
-41
-39
-31
-24
-24
-21
-15
-10
-1
4
5
8
13
14
14
16
20
20
22
21
21
27
28
32
27
26
24
23
27
29
33
31
31
27
33
32
30
28
28
29
30
34
35
38
39
38
35
38
38
40
39
37
37
37
38
38
40
40
39
32
28
26
23
21
14
10
5
4
1
-4
-6
-13
-22
-31
-39
-48
-57
-60
-67
-67
-64
-64
-66
-70
-76
-78
-76
-77
-78
-74
-67
-62
-58
-56
-56
-55
-47
-42
-36
-29
-31
-28
-27
-20
-16
-11
-7
-7
-1
4
7
8
12
11
14
19
18
20
22
22
22
27
31
35
40
40
38
41
42
49
58
63
63
63
70
68
73
77
80
83
81
84
84
86
83
78
76
75
76
78
79
76
69
67
66
62
56
50
39
38
38
34
28
17
8
1
-4
-6
-13
-18
-24
-31
-36
-42
-45
-52
-57
-66
-72
-75
-80
-80
-84
-85
-86
-92
-92
-94
-97
-100
-98
-95
-91
-84
-84
-85
-86
-84
-81
-77
-72
-66
-69
-71
-68
-66
-63
-63
-65
-62
-60
-56
-47
-41
-36
-35
-34
-33
-29
-22
-17
-13
-10
-3
8
18
25
26
32
38
42
46
54
62
67
74
80
88
91
92
97
93
90
95
94
93
90
87
89
91
92
95
93
88
86
85
86
84
78
74
70
69
65
59
55
50
41
37
37
34
27
20
9
2
0
-3
-2
-7
-11
-19
-25
-31
-37
-42
-47
-53
-57
-59
-66
-66
-72
-77
-81
-84
-84
-82
-83
-90
-96
-96
-99
-97
-95
-100
-101
-101
-96
-93
-90
-89
-88
-86
-89
-85
-79
-73
-70
-66
-57
-44
-36
-30
-28
-24
-19
-15
-9
2
18
27
35
40
43
48
55
62
66
70
74
79
86
91
94
96
92
91
92
94
94
93
94
97
96
94
90
89
88
85
86
85
82
80
78
74
70
67
70
61
52
48
45
39
37
32
25
21
15
11
8
3
-1
-3
-8
-17
-24
-33
-36
-41
-48
-52
-57
-60
-63
-64
-64
-69
-74
-77
-82
-86
-88
-90
-93
-98
-97
-100
-105
-105
-108
-109
-106
-102
-97
-92
-85
-73
-70
-61
-57
-53
-41
-34
-27
-23
-14
-9
-6
4
9
16
25
33
37
40
44
51
53
47
48
52
50
53
57
64
70
68
71
75
71
74
74
73
74
72
77
81
79
78
75
75
73
71
75
72
67
59
53
49
47
47
41
39
31
25
22
18
17
11
3
-5
-14
-19
-22
-30
-37
-41
-48
-53
-58
-61
-62
-66
-68
-74
-73
-72
-71
-68
-70
-73
-68
-70
-69
-71
-73
-73
-71
-65
-63
-63
-58
-53
-49
-40
-31
-26
-20
-14
-9
-4
3
11
13
22
27
28
33
33
37
40
47
50
51
51
50
48
49
51
57
59
60
56
56
59
55
54
51
48
50
53
56
60
53
54
51
44
46
46
46
46
43
39
34
28
23
16
10
-1
-4
-10
-14
-17
-25
-28
-37
-41
-46
-49
-50
-52
-56
-64
-65
-72
-76
-79
-86
-93
-98
-97
-101
-95
-93
-92
-89
-93
-94
-95
-93
-86
-85
-81
-80
-81
-79
-73
-64
-58
-51
-43
-41
-34
-26
-17
-14
-7
-2
1
10
14
25
31
35
38
37
43
40
44
50
56
66
71
76
77
86
89
91
90
92
93
93
91
91
95
94
93
88
83
78
75
71
66
68
67
68
66
57
49
40
38
35
31
30
23
19
12
0
2
-7
-14
-20
-29
-29
-37
-36
-39
-42
-49
-58
-62
-73
-76
-76
-81
-79
-84
-86
-84
-87
-89
-92
-94
-99
-93
-87
-85
-78
-74
-70
-71
-68
-66
-60
-56
-47
-43
-37
-29
-28
-23
-21
-18
-16
-15
-6
0
3
10
18
26
29
31
36
41
47
55
56
60
62
62
65
66
68
69
70
72
76
76
81
84
83
87
84
80
78
76
71
64
58
53
49
41
33
26
27
25
22
25
19
20
15
9
4
1
2
-5
-5
-13
-17
-19
-23
-24
-29
-32
-31
-34
-42
-44
-45
-47
-45
-49
-51
-55
-51
-50
-51
-49
-47
-41
-38
-36
-35
-33
-29
-21
-16
-15
-12
-10
-7
-5
-3
-1
5
13
15
19
18
17
17
20
22
23
25
24
27
27
32
33
40
43
45
49
48
52
54
61
61
58
55
54
57
55
52
52
51
46
46
44
40
40
36
35
33
29
23
22
15
7
6
-2
-5
-13
-19
-25
-34
-38
-40
-42
-47
-53
-61
-61
-67
-70
-74
-80
-80
-88
-90
-93
-93
-93
-94
-94
-97
-101
-101
-97
-95
-93
-86
-84
-82
-79
-77
-71
-68
-63
-59
-52
-46
-40
-34
-27
-22
-17
-11
-6
6
8
13
19
18
24
23
28
30
31
33
33
32
36
39
43
49
49
48
49
53
55
59
59
64
66
63
61
59
60
61
59
57
58
58
59
58
59
57
56
55
51
46
41
34
32
30
24
23
18
11
0
-9
-13
-14
-16
-23
-29
-35
-37
-40
-40
-42
-44
-48
-51
-52
-54
-57
-60
-60
-59
-56
-53
-54
-45
-41
-41
-36
-38
-36
-33
-30
-24
-18
-13
-11
-11
-11
-6
-1
2
3
8
14
14
16
17
23
27
31
30
31
35
33
38
37
38
42
48
52
56
62
62
62
61
60
61
65
66
70
68
66
68
65
62
56
53
55
50
44
39
35
33
26
21
18
15
11
6
1
-3
-7
-17
-22
-27
-34
-36
-42
-44
-51
-55
-60
-67
-73
-77
-75
-75
-78
-78
-76
-78
-76
-80
-77
-75
-80
-78
-75
-75
-74
-72
-69
-63
-56
-50
-45
-43
-40
-38
-30
-24
-15
-7
-1
3
6
16
18
20
23
28
36
41
45
49
51
52
55
58
62
68
70
74
74
74
77
79
80
83
84
82
81
79
77
75
78
77
77
75
72
68
65
64
60
58
52
41
34
25
20
15
7
2
-6
-13
-18
-21
-25
-28
-29
-29
-34
-40
-46
-54
-57
-60
-61
-64
-68
-73
-74
-75
-79
-80
-81
-82
-83
-88
-89
-89
-92
-91
-89
-88
-86
-84
-83
-79
-77
-74
-70
-68
-64
-57
-52
-46
-43
-40
-38
-36
-32
-23
-16
-10
-6
-1
6
7
11
19
25
30
33
35
37
45
47
52
54
55
61
62
62
65
67
69
69
75
76
76
77
75
74
71
68
68
63
56
51
49
43
42
38
30
26
18
13
8
7
1
-5
-12
-16
-23
-30
-36
-43
-46
-44
-50
-52
-54
-61
-60
-63
-61
-62
-61
-58
-58
-58
-56
-54
-54
-49
-48
-41
-35
-34
-34
-32
-29
-28
-23
-14
-14
-10
-8
-6
-5
-7
-3
-3
-2
2
4
7
8
10
11
12
15
20
23
26
26
25
30
32
35
36
38
43
46
49
52
57
60
59
63
70
71
76
79
81
82
81
83
82
82
81
80
76
72
73
70
63
59
56
48
43
38
37
38
32
24
17
12
6
4
1
-3
-4
-10
-16
-19
-19
-19
-23
-27
-27
-26
-27
-27
-28
-33
-39
-43
-43
-48
-48
-46
-48
-49
-53
-56
-54
-56
-51
-52
-53
-56
-59
-58
-60
-52
-50
-47
-43
-46
-44
-41
-35
-34
-30
-27
-29
-27
-27
-21
-16
-10
-5
-7
-5
-6
-2
0
3
9
8
13
11
10
10
13
21
24
26
25
26
26
26
33
36
34
30
33
31
32
36
35
34
34
38
38
38
39
32
29
31
31
32
27
25
26
29
28
24
24
22
20
18
14
12
7
8
10
9
1
-4
-13
-13
-11
-14
-13
-19
-23
-24
-24
-22
-27
-27
-33
-38
-44
-48
-45
-44
-44
-44
-41
-41
-42
-41
-40
-39
-35
-31
-32
-34
-29
-25
-18
-12
-4
0
-2
0
1
6
8
7
9
16
23
25
25
28
30
35
37
40
44
40
36
34
32
35
39
42
41
40
32
25
25
25
28
28
29
24
19
15
15
14
14
16
9
11
7
2
-2
-5
0
-3
-2
-6
-9
-8
-12
-11
-12
-12
-13
-13
-13
-16
-20
-23
-23
-25
-27
-33
-39
-41
-46
-47
-49
-52
-52
-56
-56
-58
-60
-61
-63
-61
-62
-63
-65
-68
-61
-56
-55
-51
-48
-44
-41
-39
-33
-27
-19
-17
-13
-12
-10
-5
3
8
13
19
22
25
26
30
35
41
44
43
47
47
49
51
54
61
62
59
58
58
60
64
64
61
60
54
50
47
46
43
38
37
35
36
33
27
25
20
17
16
13
12
7
3
1
1
0
-1
-2
-2
-6
-10
-16
-20
-21
-20
-20
-23
-25
-31
-36
-38
-38
-37
-37
-41
-43
-46
-45
-47
-48
-51
-52
-54
-52
-54
-52
-48
-48
-45
-46
-44
-42
-38
-35
-31
-25
-21
-21
-20
-14
-8
-2
1
4
11
15
20
22
25
27
27
33
36
40
42
40
45
46
47
50
56
58
57
54
52
49
49
50
49
50
48
43
40
38
38
36
35
33
28
24
17
13
12
7
4
0
-4
-7
-11
-13
-16
-21
-25
-29
-29
-28
-30
-33
-39
-43
-47
-46
-41
-40
-40
-42
-46
-47
-50
-52
-49
-46
-43
-44
-48
-48
-47
-44
-41
-34
-28
-28
-29
-29
-29
-25
-22
-20
-15
-9
-6
-2
1
3
3
9
16
21
27
25
28
29
28
32
32
37
39
42
43
42
45
44
44
47
47
47
43
38
39
39
39
38
35
33
32
32
33
31
27
20
16
12
13
13
13
11
8
2
1
2
0
2
1
-1
-6
-12
-16
-20
-19
-21
-22
-22
-23
-25
-28
-29
-28
-30
-32
-32
-35
-35
-40
-44
-45
-47
-45
-43
-42
-38
-42
-43
-46
-44
-38
-37
-35
-36
-36
-38
-39
-32
-28
-24
-19
-15
-12
-13
-10
-4
2
8
11
12
14
15
18
26
34
42
41
40
42
42
47
51
55
57
54
49
47
48
51
52
54
56
51
46
39
36
35
35
36
33
29
25
19
16
13
10
12
13
15
11
5
-3
-11
-11
-11
-6
-3
-6
-13
-23
-27
-25
-20
-13
-10
-15
-22
-29
-36
-36
-32
-27
-24
-25
-32
-40
-41
-41
-40
-37
-34
-33
-39
-46
-49
-48
-44
-40
-38
-36
-35
-37
-40
-38
-35
-32
-27
-23
-22
-20
-20
-18
-16
-12
-4
4
11
16
15
17
19
22
29
37
45
48
46
44
43
51
56
61
68
68
67
62
58
61
61
64
63
56
51
48
47
48
46
43
38
35
30
23
23
21
16
11
3
1
1
-4
-8
-12
-12
-17
-24
-25
-23
-25
-30
-36
-40
-41
-42
-42
-42
-42
-45
-49
-51
-51
-50
-52
-49
-47
-50
-56
-54
-53
-50
-47
-44
-38
-37
-39
-42
-38
-34
-31
-29
-28
-25
-24
-25
-25
-18
-10
-5
0
6
10
10
11
12
15
20
27
33
38
38
36
34
36
43
50
59
63
60
50
45
44
49
54
59
61
53
44
36
35
41
45
47
45
36
22
16
14
20
23
20
18
15
9
3
0
0
1
-3
-7
-10
-14
-23
-30
-31
-28
-24
-26
-28
-30
-34
-41
-46
-44
-42
-42
-46
-49
-56
-63
-67
-67
-58
-52
-50
-54
-59
-59
-60
-57
-46
-38
-33
-38
-45
-44
-39
-32
-25
-15
-5
-6
-11
-14
-9
-1
11
17
25
30
30
28
29
36
44
50
57
64
69
61
51
47
50
57
63
71
72
62
43
34
39
51
61
62
54
39
18
2
6
22
33
29
14
-1
-10
-17
-16
-6
6
3
-17
-34
-38
-35
-32
-30
-28
-30
-40
-49
-51
-44
-38
-39
-41
-43
-46
-49
-50
-42
-34
-32
-35
-36
-33
-32
-34
-29
-22
-20
-25
-29
-26
-22
-23
-23
-14
-5
-5
-8
-8
-4
-1
0
1
12
20
16
8
4
8
16
25
31
38
36
25
19
25
38
45
48
46
40
35
31
38
49
52
49
44
41
39
38
40
44
43
35
25
22
28
33
32
29
22
13
2
1
11
19
17
1
-16
-24
-25
-21
-12
-4
-8
-23
-38
-47
-43
-32
-27
-27
-32
-44
-58
-64
-60
-47
-42
-42
-47
-51
-54
-54
-48
-42
-37
-35
-39
-40
-37
-37
-34
-31
-24
-20
-19
-18
-17
-14
-14
-10
-4
3
1
0
-1
3
10
14
19
24
24
19
13
13
20
27
30
32
29
21
12
11
23
39
45
40
30
20
13
13
24
41
48
39
23
12
8
9
21
35
44
38
23
10
7
12
18
24
32
32
22
9
-2
0
6
9
13
17
17
7
-8
-18
-17
-10
-5
3
4
-3
-19
-35
-39
-30
-16
-8
-10
-18
-32
-48
-53
-41
-21
-14
-18
-28
-38
-46
-45
-35
-20
-13
-18
-32
-44
-44
-36
-27
-21
-19
-22
-33
-40
-35
-21
-11
-8
-12
-18
-20
-17
-10
0
10
14
9
2
1
3
10
21
28
29
26
21
21
21
23
30
38
43
40
35
30
27
24
27
35
44
46
38
27
20
16
18
29
44
49
41
26
13
8
12
22
34
39
30
12
-5
-9
-1
8
17
23
16
-1
-16
-19
-11
-2
2
2
-1
-13
-26
-30
-28
-20
-18
-21
-24
-28
-35
-41
-41
-35
-28
-33
-37
-35
-34
-40
-42
-35
-26
-27
-32
-32
-28
-26
-27
-25
-18
-11
-11
-12
-12
-6
2
2
2
6
9
6
5
12
18
20
15
15
18
20
22
27
33
39
35
26
28
37
42
41
38
41
42
32
30
40
50
47
34
30
33
34
26
28
38
38
26
12
7
16
20
16
16
12
7
-5
-13
-14
-5
-1
-7
-19
-25
-28
-29
-32
-28
-16
-20
-30
-37
-43
-40
-36
-40
-36
-35
-37
-39
-42
-43
-35
-33
-33
-32
-35
-29
-23
-27
-27
-25
-24
-20
-21
-18
-11
-8
-12
-13
-12
-4
0
5
6
6
8
3
4
13
21
23
27
23
26
23
27
29
30
32
36
34
35
36
38
38
34
35
34
38
41
41
37
30
23
21
28
29
30
30
21
11
5
1
14
24
22
18
4
-9
-14
-10
-2
8
7
1
-14
-28
-27
-19
-12
-9
-9
-15
-29
-41
-38
-28
-18
-20
-22
-24
-36
-43
-44
-34
-31
-24
-20
-25
-37
-38
-36
-30
-28
-26
-9
-12
-22
-23
-26
-18
-8
-8
5
3
-4
-10
-14
-8
4
13
22
16
7
2
3
7
10
25
40
31
10
8
13
21
24
25
37
39
20
9
10
24
35
30
30
26
20
10
8
12
29
28
28
20
6
3
0
7
13
19
14
16
-10
-9
-14
2
3
10
7
-5
-15
-20
-20
-7
1
-7
26
-30
-38
-31
-15
-13
-5
-24
22
-17
-52
-32
-23
-5
1
-19
-20
-1
-37
-25
-29
-8
7
9
-31
-12
-13
-13
-14
-14
5
14
2
-18
-10
-11
8
-5
-4
7
19
3
-7
-11
7
14
9
9
14
19
4
-2
2
20
22
17
16
11
0
11
11
12
25
20
15
7
1
12
26
20
20
17
11
5
8
10
19
22
13
3
-1
-4
7
12
4
14
2
-9
-7
-9
-8
7
4
-1
-8
-14
-16
-12
-9
-5
0
-5
-14
-23
-24
-22
-12
-13
-9
-9
-15
-19
-26
-26
-17
-9
-9
-11
-15
-16
-21
-20
-22
-10
1
-7
-14
-13
-16
-10
-10
-6
1
2
-1
-10
-8
0
2
1
2
5
11
3
2
5
8
10
8
9
16
19
20
14
10
11
11
19
17
22
26
19
9
12
6
15
19
17
21
19
13
9
6
6
13
15
15
12
9
1
0
-6
-1
6
4
3
-3
-13
-15
-16
-16
-5
-6
-7
-10
-22
-25
-28
-25
-10
-6
-13
-14
-24
-26
-28
-26
-15
-6
-13
-18
-25
-25
-20
-21
-15
-8
-9
-13
-18
-19
-8
-6
-5
-4
-5
0
1
-5
-2
3
14
14
5
10
15
11
10
11
17
26
21
18
18
19
22
22
25
29
29
26
23
20
24
26
30
28
23
22
22
15
17
19
22
21
14
7
7
8
9
7
5
7
6
-2
-9
-7
-6
-9
-8
-12
-15
-11
-16
-24
-28
-26
-21
-23
-27
-24
-22
-29
-37
-33
-29
-24
-26
-29
-29
-29
-33
-31
-25
-19
-19
-23
-27
-26
-22
-19
-11
-10
-10
-10
-7
-13
-9
1
6
6
7
8
11
10
13
23
24
21
25
27
27
32
30
37
37
35
36
39
38
39
41
38
42
37
34
36
35
34
33
28
30
33
29
24
21
20
19
16
14
15
14
9
0
-4
