-6
-5
-5
-6
-5
-6
-5
-5
-5
-5
-7
-6
-7
-7
-6
-6
-6
-6
-4
-5
-5
-5
-4
-5
-5
-4
-4
-3
-3
-3
-2
-2
-2
-2
-2
0
0
0
-1
0
1
1
1
2
2
2
2
2
4
2
3
5
4
4
3
5
4
5
5
5
5
6
6
5
6
5
6
6
5
5
5
6
4
6
7
5
6
5
5
4
6
5
4
2
4
2
2
4
2
3
3
2
2
0
2
1
1
3
1
0
2
1
2
3
3
3
1
2
3
2
1
1
1
0
-1
-1
-2
-3
-2
-2
-1
-1
-1
-2
-1
-2
-2
-1
-1
-1
-2
-3
-3
-3
-2
-4
-4
-4
-4
-5
-4
-5
-5
-4
-4
-3
-2
-1
-2
-2
-1
-1
-1
0
-1
-1
-1
0
-2
-2
-2
-1
-2
-1
-1
-1
0
1
1
1
0
1
2
2
2
2
2
2
1
2
1
2
1
1
1
1
1
1
1
1
0
0
0
1
0
-1
0
0
0
1
1
1
2
1
1
0
1
0
-1
0
0
2
1
2
2
2
2
2
1
1
2
1
1
2
2
1
1
2
0
0
1
1
1
2
2
1
1
1
1
1
1
1
0
0
-1
0
-2
-1
-1
-2
-2
-2
-2
-3
-3
-2
-3
-2
-1
-1
-1
0
-1
-1
-1
-1
-2
-3
-1
-2
-3
-2
-2
-3
-2
-2
-3
-2
-2
-2
-3
-1
-2
-2
-2
-2
-1
-1
-2
-1
-1
-1
-1
-1
-1
-2
-1
0
-1
0
1
0
0
0
1
0
1
0
-1
0
0
-1
-1
-1
0
-1
0
-1
-2
-1
-2
-2
-2
0
-2
0
0
-2
-1
-2
0
-2
-3
-3
-1
-2
-2
-2
-1
-2
-2
-1
-2
0
-1
-1
-1
-1
-1
-2
-2
-1
-2
-2
-1
-1
-1
-1
1
-1
0
1
1
0
1
0
0
2
1
2
2
4
4
4
4
5
4
3
4
5
4
3
5
4
4
4
4
5
5
6
5
5
5
8
7
9
9
10
8
8
7
6
4
4
1
3
4
3
5
3
7
4
3
3
4
5
1
0
-3
-4
-2
-1
-3
-3
-1
-2
0
-2
-4
-4
-4
-1
-1
0
0
0
3
2
2
1
2
2
3
-1
-2
-10
-13
-16
-19
-18
-20
-21
-25
-26
-28
-23
-18
-21
-18
-18
-14
-15
-15
-13
-17
-15
-18
-19
-18
-21
-22
-24
-29
-28
-29
-29
-29
-35
-25
-20
-18
-16
-17
-13
-17
-17
-16
-9
-4
3
9
7
13
12
15
16
16
17
22
25
33
36
35
42
39
38
27
23
23
20
38
38
44
46
50
62
63
74
70
68
63
64
62
64
62
50
40
31
27
22
18
17
10
1
-11
-12
-5
-4
-2
0
6
1
8
15
24
21
17
9
2
0
-5
-5
-6
-19
-30
-37
-48
-48
-61
-52
-58
-50
-56
-55
-49
-53
-60
-67
-60
-51
-52
-49
-54
-63
-72
-78
-68
-72
-72
-78
-79
-71
-76
-81
-82
-59
-40
-17
-2
2
25
16
10
19
21
44
47
56
63
62
60
43
44
54
54
53
49
47
74
71
85
88
103
120
138
150
157
165
140
148
155
176
179
164
149
131
111
89
68
59
45
32
24
16
8
-6
-17
-29
-33
-36
-15
-25
-8
0
13
24
18
23
35
42
34
36
12
17
-41
-71
-105
-165
-196
-282
-307
-333
-364
-357
-438
-452
-513
-579
-561
-605
-572
-542
-582
-554
-580
-522
-288
-175
16
0
-37
35
8
178
284
382
463
300
251
215
221
214
124
118
190
165
71
-97
-215
-225
-226
-131
-49
6
5
-67
-8
101
165
235
228
307
410
451
483
462
406
395
381
437
466
419
330
225
222
193
148
96
22
4
3
-14
83
136
223
371
427
535
507
485
551
594
742
759
696
640
535
521
506
453
390
273
209
153
102
10
-156
-271
-335
-299
-236
-264
-326
-416
-524
-561
-659
-708
-749
-908
-1051
-1260
-1447
-1543
-1762
-1778
-1656
-1579
-1446
-1725
-1683
-1490
-1029
-225
447
1346
1711
1451
1164
1046
1670
2246
2410
2520
2203
1766
930
101
-131
-214
-441
-748
-1008
-1022
-1500
-2438
-3130
-3113
-2466
-1949
-1526
-998
-524
-318
-377
-158
635
1317
1761
2109
2603
3018
2724
2039
1659
1664
1721
1454
1158
981
469
-359
-1222
-1552
-1532
-1724
-1959
-1930
-1683
-1517
-1779
-1895
-1514
-904
-298
182
809
1343
1459
1335
1351
1671
1945
1868
1801
1798
1683
1244
563
182
51
-105
-341
-551
-615
-788
-1161
-1380
-1324
-1038
-847
-711
-371
10
256
312
371
684
1038
1220
1320
1404
1357
1208
872
653
598
433
210
-61
-212
-382
-720
-1096
-1326
-1360
-1334
-1358
-1389
-1477
-1698
-1941
-2025
-1821
-1561
-1356
-1200
-1090
-934
-1109
-1155
-1017
-464
406
1030
1628
1872
1567
1152
789
1139
1854
2158
2052
1476
882
188
-544
-984
-980
-852
-898
-1255
-1501
-1845
-2374
-2918
-3006
-2294
-1384
-788
-503
-299
-47
162
341
924
1704
2400
2673
2746
2826
2693
2230
1773
1640
1906
1930
1523
991
394
-127
-735
-1131
-1110
-997
-1074
-1292
-1421
-1330
-1380
-1464
-1282
-681
105
561
763
916
1033
1139
1293
1731
2309
2511
2312
1897
1609
1401
1046
726
576
520
340
-76
-474
-720
-963
-1157
-1171
-880
-558
-508
-686
-802
-668
-483
-284
-16
299
559
559
424
333
209
66
-172
-284
-340
-555
-928
-1427
-1722
-1956
-2275
-2386
-2560
-2667
-2644
-2713
-2449
-2332
-2126
-1780
-944
236
1332
1754
1673
1472
1630
2158
2991
3498
3481
2787
1762
1090
779
629
256
-253
-805
-1106
-1630
-2373
-3299
-3842
-3880
-3347
-2675
-2093
-1846
-1871
-1795
-1289
-350
681
1550
2146
2685
3151
3445
3443
3319
3173
3281
3409
3393
2956
2176
1129
201
-375
-664
-897
-1330
-1921
-2451
-2722
-2891
-2969
-2881
-2463
-1796
-1015
-376
185
625
1128
1717
2421
3067
3475
3641
3662
3609
3469
3104
2544
2012
1505
1137
739
211
-459
-1157
-1755
-2086
-2198
-2172
-2189
-2154
-2086
-1925
-1672
-1415
-1061
-653
-245
147
376
480
432
218
256
209
308
129
-372
-875
-1564
-2000
-2385
-2718
-2887
-3107
-3177
-3205
-2948
-2476
-1687
-811
-281
72
293
834
1828
2706
3349
3621
3418
3092
2694
2585
2771
2640
2018
1152
382
-248
-1162
-2269
-3137
-3388
-3339
-3391
-3528
-3624
-3611
-3509
-3151
-2333
-1116
-139
468
988
1696
2470
2949
3201
3648
4234
4587
4498
4153
3697
3059
2295
1662
1386
1048
200
-923
-1846
-2394
-2779
-3188
-3354
-3183
-2838
-2590
-2247
-1613
-951
-431
40
788
1896
2824
3363
3551
3617
3639
3457
3367
3379
3398
3077
2282
1487
760
111
-534
-1136
-1426
-1635
-1977
-2463
-2865
-3054
-3035
-2885
-2550
-2058
-1667
-1514
-1537
-1384
-957
-446
-118
26
51
-30
-175
-313
-483
-675
-1013
-1468
-1634
-1534
-1361
-1085
-1107
-699
-204
-80
-86
-330
-13
841
1503
1915
1913
1437
969
476
700
1365
1773
1502
758
162
-203
-785
-1527
-1994
-1834
-1410
-1376
-1540
-1863
-2056
-2203
-2066
-1301
-124
565
624
473
714
1222
1527
1682
2056
2712
3061
2920
2601
2336
2033
1622
1332
1515
1613
1005
-123
-1010
-1260
-1304
-1505
-1653
-1484
-1173
-1152
-1294
-1167
-827
-479
-91
530
1395
1932
1828
1478
1514
1854
2201
2346
2391
2428
2170
1675
1188
958
830
564
291
116
-71
-499
-1164
-1510
-1471
-1241
-1150
-1334
-1456
-1626
-1836
-1844
-1657
-1207
-978
-1137
-1252
-1477
-1357
-1424
-1420
-1336
-1488
-1758
-2040
-2035
-1703
-1239
-784
-230
329
741
518
356
377
1092
1952
2451
2548
2070
1202
460
104
521
1112
959
336
-530
-1107
-1634
-2314
-2820
-2711
-2265
-1939
-2020
-2153
-2245
-2236
-1914
-1166
130
1133
1401
1264
1292
1684
2224
2486
2838
3277
3529
3318
2829
2422
2050
1695
1364
1288
1295
767
-389
-1422
-1912
-1866
-1786
-1756
-1619
-1377
-1332
-1463
-1366
-819
-212
355
912
1487
1999
1989
1840
1947
2326
2691
2764
2598
2444
2149
1620
1103
852
740
496
87
-384
-721
-1101
-1559
-1827
-1766
-1570
-1492
-1655
-1758
-1795
-1794
-1664
-1308
-902
-625
-698
-954
-1101
-1287
-1235
-1176
-1068
-1039
-1444
-2141
-2199
-2266
-1690
-773
-283
624
471
-50
-79
98
1321
2259
2636
2879
2184
1448
728
427
1006
1318
1141
593
-245
-912
-1939
-2867
-3069
-2827
-2227
-2254
-2628
-2866
-3115
-3063
-2588
-1586
-203
721
919
978
1202
1707
2135
2650
3390
4053
4238
3744
3168
2833
2500
2217
1998
1876
1614
681
-567
-1479
-1840
-1873
-1953
-1918
-1765
-1702
-1779
-1981
-1791
-1170
-522
207
882
1378
1677
1543
1507
1910
2450
2878
2914
2684
2392
1960
1513
1189
1063
960
629
161
-274
-732
-1156
-1531
-1712
-1535
-1471
-1619
-1848
-1991
-2010
-1817
-1550
-1124
-793
-760
-969
-1255
-1308
-1212
-1009
-999
-792
-1184
-1623
-1899
-2155
-1538
-913
26
779
1012
511
-230
-331
621
1999
2905
3037
2425
1513
679
311
736
1478
1571
856
-167
-955
-1718
-2534
-3165
-3030
-2350
-2025
-2452
-3150
-3515
-3454
-2898
-2021
-659
425
700
386
439
1083
1958
2629
3098
3802
4240
3978
3298
2835
2797
2892
2785
2617
2338
1575
250
-895
-1153
-889
-700
-837
-1171
-1299
-1517
-1842
-1765
-1182
-323
315
599
810
918
922
957
1390
2167
2669
2636
2203
1799
1642
1485
1354
1281
1263
950
344
-337
-846
-1113
-1359
-1497
-1513
-1552
-1888
-2308
-2573
-2366
-2046
-1592
-1472
-1332
-1389
-1671
-1636
-1696
-1143
-953
-971
-986
-1461
-1789
-1772
-1927
-1076
-132
831
1574
919
95
-368
-14
1647
2877
3413
3129
1711
613
19
509
1595
1950
1497
444
-580
-1338
-2349
-3018
-2971
-2530
-1980
-2349
-3177
-3890
-4260
-3895
-2985
-1620
-415
-77
-352
-540
47
1185
2069
2925
3516
4051
4095
3582
3248
3282
3472
3672
3681
3434
2707
1345
80
-432
-268
-146
-423
-939
-1463
-1955
-2317
-2393
-1900
-1230
-726
-412
-143
108
281
501
969
1851
2518
2735
2519
2196
2065
2087
2098
2160
2063
1642
966
211
-249
-609
-960
-1402
-1846
-2130
-2610
-3120
-3313
-3441
-2915
-2804
-2927
-2612
-2878
-2557
-2231
-2040
-1333
-1234
-1214
-1165
-1125
-701
-271
86
1078
1990
2354
2000
1192
884
1637
2599
3381
3422
2737
1503
378
70
671
1421
1362
531
-354
-984
-1683
-2455
-2995
-2751
-2141
-2004
-2455
-3086
-3483
-3578
-3108
-2181
-947
-167
-316
-672
-524
205
1094
1790
2415
3144
3411
3155
2664
2549
2762
3007
3196
3312
3105
2273
954
22
-18
257
315
-114
-613
-1027
-1521
-1900
-1879
-1425
-869
-649
-559
-400
-182
52
325
1002
1787
2359
2377
2192
2115
2219
2339
2407
2408
2221
1800
1050
547
131
-31
-375
-838
-1308
-1885
-2491
-3069
-3329
-3315
-3233
-3259
-3407
-3679
-3534
-3641
-3325
-2788
-2377
-1879
-1724
-1689
-1408
-1057
-471
306
1332
2588
2995
2604
1854
1484
2167
3362
4087
4133
3328
1915
605
55
596
1221
1263
311
-844
-1542
-2191
-2809
-3122
-2852
-2154
-1816
-2255
-2873
-3294
-3231
-2702
-1638
-343
435
374
-226
-355
364
1329
2095
2616
3001
3145
2794
2272
2131
2420
2699
2730
2623
2290
1473
405
-416
-467
-32
-40
-525
-998
-1432
-1628
-1708
-1611
-990
-533
-380
-358
-269
76
372
657
1275
1938
2395
2366
2008
1962
2005
2197
2208
2054
1865
1305
595
126
-165
-220
-553
-1083
-1425
-1863
-2226
-2679
-2984
-2716
-2716
-2814
-2948
-3308
-3162
-3055
-2857
-2431
-2066
-2053
-2112
-2168
-1814
-1473
-916
-299
906
2107
2369
1649
915
1025
2303
3664
4417
4259
3062
1620
510
790
2007
2658
2056
629
-556
-1143
-1717
-2381
-2541
-2115
-1604
-1973
-2789
-3569
-3836
-3554
-2860
-1583
-375
-127
-762
-1331
-935
388
1492
2167
2573
2866
2741
2332
2172
2574
3190
3414
3277
3089
2614
1497
450
94
512
909
405
-617
-1502
-1918
-2118
-2099
-1606
-1146
-1011
-1237
-1447
-1066
-549
-89
336
966
1671
1939
1793
1719
2039
2553
2892
2932
2829
2470
1900
1351
1161
1208
1016
435
-431
-1085
-1481
-1959
-2283
-2421
-2504
-2693
-3185
-3617
-3733
-3645
-3443
-3210
-3047
-2796
-2722
-2893
-2714
-2273
-1796
-1208
-640
-67
1171
2073
2321
1978
1492
2024
3088
4213
4745
4064
2987
1646
784
1270
2118
2448
1561
-76
-1239
-1878
-2233
-2614
-2834
-2493
-2430
-2791
-3391
-4042
-3897
-3297
-2369
-1086
-187
-26
-453
-773
-109
1277
2545
3197
3309
3383
3202
2976
2943
3151
3645
3745
3453
3015
2230
1289
448
109
394
448
-70
-1134
-2000
-2239
-2371
-2032
-1745
-1659
-1526
-1668
-1511
-1075
-617
-111
294
919
1547
1806
1872
1781
2038
2547
2831
2908
2570
2020
1654
1314
1232
1185
805
39
-822
-1419
-1835
-2036
-2331
-2448
-2764
-3094
-3543
-3946
-3889
-3744
-3369
-3290
-3169
-3240
-3528
-3481
-3195
-2293
-1154
-671
-303
191
1074
1867
2121
2145
2523
3308
4164
4351
4173
3600
2588
1815
1728
2435
2755
1908
246
-1162
-1604
-1733
-2182
-2708
-2888
-3047
-3264
-3801
-4061
-3813
-3396
-2784
-1959
-970
-376
-365
-446
150
1478
2698
3216
3432
3576
3640
3658
3632
3980
4302
4101
3555
3013
2622
1918
1015
362
228
231
-386
-1373
-2045
-2310
-2236
-2296
-2197
-1994
-2019
-1910
-1816
-1201
-391
-78
201
528
1148
1829
2027
2152
2408
2673
2879
2673
2539
2383
2058
1738
1321
1081
757
-107
-874
-1407
-1660
-1885
-2437
-2831
-3207
-3401
-3672
-4052
-3932
-3818
-3697
-3382
-3462
-3082
-3158
-3055
-2798
-2428
-1680
-1089
-128
893
1963
2182
1682
1504
1783
3142
4499
4955
4554
3095
1683
1027
1491
2655
2855
1806
106
-1330
-1917
-2233
-2513
-2601
-2688
-2808
-3358
-4027
-4349
-4280
-3702
-2705
-1514
-632
-593
-1036
-973
-68
1560
2857
3398
3495
3337
3218
3246
3571
4140
4423
4276
3802
3228
2570
1668
911
800
911
812
-83
-1354
-2107
-2376
-2133
-1818
-1641
-1625
-1982
-2194
-1882
-1164
-381
0
270
660
1098
1552
1761
2033
2430
2777
2957
2917
2665
2360
2034
1892
1966
1750
1192
245
-630
-1054
-1324
-1511
-1925
-2373
-2813
-3393
-3765
-3873
-3812
-3694
-3615
-3787
-3624
-3690
-3497
-3242
-3072
-2561
-2137
-1552
-761
-96
1024
1873
2050
2126
1811
2480
3646
4349
4541
3784
2830
2034
1441
1836
2268
2151
1171
-601
-1566
-2015
-2206
-2446
-2933
-2969
-3129
-3667
-4112
-4346
-3889
-3091
-2438
-1527
-945
-631
-636
-543
513
1916
2958
3318
3241
3436
3583
3637
3900
4241
4616
4363
3596
2980
2397
1783
1167
771
797
408
-620
-1743
-2369
-2198
-1905
-1872
-1916
-2098
-2184
-2147
-1692
-828
-155
124
196
519
1221
1807
2072
2196
2479
2905
2982
2841
2608
2380
2177
1889
1784
1535
910
63
-770
-1133
-1147
-1525
-2100
-2622
-3088
-3318
-3618
-3787
-3757
-3826
-3907
-3961
-3769
-3478
-3261
-3446
-3345
-2864
-2041
-900
-412
148
1122
1564
1990
2035
2204
3179
3883
4377
4201
3561
3018
1958
1601
2156
2521
2221
708
-879
-1737
-2040
-2132
-2593
-2930
-3065
-3627
-4150
-4497
-4355
-3668
-3188
-2591
-1811
-1258
-932
-893
-386
835
2173
3009
3158
3283
3560
3658
3925
4347
4759
4855
4179
3494
3029
2514
1924
1215
875
611
-76
-1083
-2076
-2262
-2225
-2217
-2014
-2129
-2233
-2368
-2467
-1783
-852
-68
279
310
801
1219
1720
2222
2573
3119
3291
3089
2917
2740
2652
2430
2168
2015
1610
910
2
-651
-865
-1137
-1605
-2237
-2655
-3105
-3393
-3779
-3756
-3780
-3821
-3884
-4026
-3796
-3769
-3627
-3619
-3168
-2625
-2031
-1438
-807
11
1241
1754
2033
1845
2101
2918
3909
4565
4336
3514
2529
1769
1905
2563
2689
1975
409
-954
-1726
-1993
-2139
-2535
-2870
-3333
-3757
-4183
-4497
-4437
-3962
-3247
-2307
-1635
-1383
-1291
-1114
-277
1007
2327
3089
3237
3235
3353
3647
4141
4624
4955
4857
4354
3733
3128
2511
1975
1501
1145
641
-278
-1271
-2098
-2367
-2386
-2359
-2140
-2263
-2480
-2488
-2451
-1769
-1034
-396
139
400
878
1193
1590
2143
2597
3092
3271
3182
3012
2807
2774
2563
2334
2051
1472
777
143
-338
-720
-1161
-1676
-2256
-2680
-3047
-3386
-3564
-3641
-3653
-3858
-3995
-3903
-3820
-3677
-3317
-3229
-2930
-2773
-2469
-1705
-974
151
1075
1694
1834
1580
1602
2345
3628
4724
4575
3832
2655
1843
1754
2275
2915
2656
1467
-188
-1517
-1935
-1844
-1939
-2226
-2689
-3247
-3968
-4648
-4706
-4173
-3204
-2435
-2046
-1880
-1881
-1691
-1086
85
1648
2726
2901
2721
2693
3152
3831
4526
5133
5232
4787
3942
3184
2841
2671
2341
1810
1153
284
-774
-1741
-2065
-1994
-1917
-2142
-2543
-2920
-2930
-2710
-2240
-1634
-1034
-666
-473
-2
557
1214
1604
2068
2505
2879
3108
2964
2849
2867
2874
2750
2395
1957
1427
778
275
-172
-531
-1101
-1782
-2360
-2771
-3005
-3283
-3517
-3773
-3882
-4171
-4095
-4160
-3917
-3483
-3538
-3436
-3126
-2806
-2073
-1200
-339
701
1688
1813
1667
1629
2391
3690
4558
4955
4327
3344
2537
1958
2494
3316
3270
2103
301
-1004
-1475
-1556
-1637
-2131
-2479
-3164
-4152
-4704
-4878
-4343
-3577
-3082
-2704
-2417
-2342
-2275
-1737
-468
1050
2144
2423
2259
2479
3000
3725
4645
5306
5528
4990
4156
3686
3590
3494
3032
2379
1719
840
-193
-1121
-1563
-1530
-1572
-1772
-2252
-2747
-3022
-3100
-2627
-1769
-1048
-723
-898
-801
-315
456
1411
2019
2422
2631
2591
2607
2770
3093
3196
2956
2677
2209
1754
1181
553
233
-143
-753
-1419
-2140
-2653
-3093
-3347
-3724
-3994
-4161
-4596
-4688
-4733
-4463
-4287
-4297
-3979
-3739
-3213
-2255
-1431
-140
1090
1297
1311
1145
1910
3514
4736
5359
4892
3764
2984
2469
3258
4212
4184
3015
1015
-335
-825
-966
-1134
-1757
-2361
-3161
-4218
-4780
-5112
-4816
-4170
-3731
-3257
-3031
-3088
-3034
-2473
-1084
523
1592
1974
1874
2189
2860
3717
4781
5497
5717
5301
4666
4427
4370
4226
3747
3078
2469
1588
530
-350
-846
-970
-1203
-1730
-2247
-2734
-3038
-3062
-2798
-2248
-1846
-1643
-1560
-1289
-628
78
726
1234
1693
2018
2249
2465
2743
3016
3062
2910
2711
2393
2083
1640
1107
804
313
-339
-1135
-1638
-2125
-2562
-2986
-3412
-3857
-4250
-4464
-4706
-4684
-4465
-4633
-4688
-4419
-4219
-3416
-2640
-1844
-848
227
674
933
1027
1826
3088
4487
5165
4897
4100
3408
2992
3560
4580
4751
3710
1901
426
-238
-205
-298
-877
-1703
-2745
-3884
-4595
-4868
-4683
-4297
-4105
-3946
-3809
-3770
-3712
-3175
-2167
-793
412
857
929
1226
2009
3084
4189
5002
5320
5096
4766
4679
4933
5049
4682
3987
3211
2436
1612
744
231
-98
-522
-1192
-1971
-2614
-2974
-3012
-2754
-2492
-2306
-2414
-2545
-2256
-1514
-542
167
560
792
1064
1514
2055
2623
3039
3126
3045
2836
2681
2651
2347
1958
1661
1167
413
-300
-998
-1495
-1763
-2317
-2948
-3456
-4089
-4434
-4654
-4714
-4634
-4967
-4977
-4970
-4631
-3835
-3243
-2450
-877
-313
56
-1
196
1562
3141
4525
5009
4279
3731
2838
3124
4593
5433
5303
3540
1744
789
534
787
439
-289
-1186
-2669
-3713
-4354
-4405
-4036
-4138
-4146
-4207
-4290
-4410
-4342
-3487
-2272
-1129
-490
-546
-325
448
1441
2770
3852
4589
4615
4220
4328
4852
5388
5556
5023
4464
3782
3027
2299
1747
1528
1251
509
-530
-1422
-2087
-2470
-2444
-2172
-2117
-2393
-2915
-3120
-2746
-1823
-959
-541
-300
-105
158
558
1325
2153
2539
2600
2508
2447
2628
2691
2481
2331
2044
1597
952
295
-214
-503
-1086
-1739
-2316
-3105
-3624
-4245
-4347
-4543
-4669
-4945
-5386
-5300
-4738
-4102
-3249
-2069
-1469
-1359
-1338
-868
488
2330
3514
3923
3364
3232
2969
3409
4597
5408
5287
4024
2557
1799
1588
1599
1299
544
-282
-1552
-2670
-3522
-3722
-3434
-3540
-3860
-4252
-4613
-4774
-4587
-3816
-2780
-1989
-1692
-1815
-1512
-504
671
1767
2637
3211
3486
3486
3795
4516
5185
5401
5027
4653
4275
3865
3395
2912
2796
2507
1571
565
-404
-883
-1116
-1337
-1471
-1834
-2222
-2743
-3063
-2651
-1947
-1509
-1381
-1346
-1054
-687
-153
419
986
1520
1655
1703
1865
2173
2617
2520
2380
2292
1848
1358
943
673
570
14
-800
-1605
-2395
-2611
-3076
-3366
-3770
-4333
-4726
-5061
-4906
-4334
-4105
-3120
-2653
-2473
-2183
-2114
-1073
249
1584
2642
2375
2272
2252
2438
3968
4966
5287
4377
3142
2626
2535
2903
2719
1789
904
-359
-1188
-1685
-2191
-2263
-2792
-3423
-3924
-4263
-4443
-4597
-4286
-3554
-3067
-2628
-2750
-2807
-2003
-987
268
1158
1642
1881
1974
2531
3487
4369
4913
4607
4246
4105
4094
4294
4158
3869
3341
2562
1717
1010
679
449
-8
-551
-1290
-1844
-2202
-2352
-2168
-2002
-1900
-2033
-2135
-1888
-1438
-895
-492
-149
187
366
605
970
1436
1885
2036
1941
1835
1760
1511
1316
1352
1200
788
94
-667
-1295
-1672
-1755
-2176
-2877
-3378
-3907
-4455
-4248
-3982
-3704
-2922
-2942
-3123
-3222
-2889
-1539
-383
790
1339
838
867
874
1836
3579
4540
4581
3442
2584
2553
2908
3586
3405
2532
1561
251
-278
-464
-609
-822
-1568
-2312
-3056
-3431
-3629
-3824
-3526
-3114
-3048
-3009
-3223
-3125
-2424
-1452
-466
68
438
570
751
1616
2600
3438
3836
3597
3423
3516
3842
4224
4301
4110
3607
2928
2347
1890
1787
1532
1052
351
-363
-983
-1325
-1390
-1352
-1367
-1536
-1911
-2135
-1837
-1439
-1025
-857
-701
-591
-421
-131
308
841
1126
1172
1185
1159
1304
1363
1329
1346
1041
784
260
-237
-479
-746
-1016
-1449
-2207
-2500
-3023
-3178
-3024
-3108
-2436
-2189
-2698
-2907
-3157
-2265
-1182
-296
571
151
-20
-28
225
1852
3172
3610
2943
1834
1784
2094
2866
3278
2627
1996
817
52
56
23
101
-468
-1444
-2156
-2618
-2659
-2885
-2946
-2710
-2858
-2943
-3137
-3238
-2621
-1955
-1235
-693
-522
-280
-159
487
1466
2283
2834
2596
2325
2576
3008
3634
3935
3824
3473
2891
2543
2304
2325
2367
1850
1092
354
-165
-391
-572
-603
-737
-1078
-1448
-1770
-1658
-1321
-993
-878
-923
-851
-764
-643
-256
238
663
740
640
632
738
1007
1133
1200
1101
709
411
22
-144
-223
-438
-794
-1472
-1942
-2204
-2561
-2494
-2356
-2567
-2034
-2094
-2548
-2687
-2631
-1807
-894
-307
253
-363
-361
-68
365
1895
2754
2865
2026
1303
1547
2062
2736
2937
2058
1481
498
110
331
263
247
-495
-1431
-2113
-2442
-2328
-2396
-2435
-2295
-2788
-2993
-3159
-2994
-2268
-1635
-1137
-914
-865
-584
-262
544
1599
2153
2505
2184
1945
2317
2999
3669
3948
3728
3262
2650
2434
2462
2548
2625
2085
1229
438
2
-163
-181
-253
-516
-990
-1442
-1716
-1586
-1212
-1041
-977
-1069
-1107
-974
-727
-424
-49
281
299
192
280
539
725
946
911
676
376
168
13
-73
-163
-463
-1084
-1551
-1775
-1931
-1922
-2050
-2197
-1982
-1660
-1904
-2183
-2333
-1914
-1292
-507
84
-101
-451
-523
-270
885
2222
2608
2024
1161
974
1439
2198
2673
2418
1727
815
161
291
539
550
162
-710
-1491
-1870
-1927
-2063
-2107
-2057
-2247
-2544
-2736
-2838
-2596
-2043
-1507
-1098
-903
-868
-765
-250
661
1483
2077
2139
1873
1880
2325
3089
3643
3811
3575
3032
2717
2686
2833
2917
2634
2050
1223
707
463
331
193
-167
-621
-1047
-1364
-1389
-1264
-1168
-1221
-1370
-1309
-1302
-1018
-729
-548
-306
-202
-109
-86
123
445
642
857
724
418
231
85
132
111
-159
-534
-1124
-1353
-1545
-1549
-1473
-1463
-855
-1120
-1624
-2095
-2227
-1519
-633
33
239
-616
-856
-973
-215
1381
2307
2251
1128
436
723
1499
2278
2393
1707
1035
197
181
484
656
609
-141
-937
-1529
-1638
-1583
-1743
-1889
-1985
-2362
-2574
-2807
-2699
-2285
-1944
-1569
-1492
-1434
-1301
-1045
-302
411
958
1276
1131
1240
1526
2142
2814
3027
3096
2940
2650
2625
2694
2943
2868
2477
1980
1325
1044
878
762
604
168
-385
-934
-1225
-1048
-917
-873
-1206
-1563
-1552
-1472
-1109
-803
-662
-642
-749
-619
-332
49
371
480
429
388
247
286
192
335
217
-96
-492
-846
-906
-896
-978
-1004
-403
-514
-888
-1510
-1624
-1316
-524
143
418
-344
-733
-1050
-610
953
2142
2316
1109
221
192
1190
2223
2601
1880
957
-32
-61
600
1080
1015
156
-771
-1426
-1313
-1062
-1096
-1461
-1742
-2189
-2358
-2472
-2417
-2198
-1938
-1702
-1604
-1495
-1521
-1347
-846
-147
307
701
683
632
902
1559
2206
2536
2634
2525
2410
2439
2662
2895
3040
2661
2178
1735
1538
1380
1300
1061
722
318
-165
-590
-739
-587
-666
-946
-1337
-1576
-1627
-1472
-1273
-1071
-1020
-1208
-1360
-1242
-810
-363
-97
-145
-320
-300
-198
-125
105
105
-11
-231
-598
-683
-570
-424
-365
211
209
-349
-908
-1059
-710
47
802
820
-139
-713
-859
-449
948
1950
1959
873
-63
-73
785
1875
2246
1580
693
-248
-304
393
896
935
228
-695
-1353
-1273
-805
-697
-997
-1435
-1946
-2064
-2013
-1932
-1784
-1727
-1617
-1558
-1460
-1396
-1283
-887
-378
-53
239
269
180
407
940
1674
2060
2056
1964
1874
2001
2329
2688
2891
2542
2072
1738
1608
1686
1669
1548
1129
597
290
33
-70
-12
-84
-419
-908
-1197
-1224
-1261
-1156
-1088
-1135
-1299
-1544
-1517
-1320
-1002
-728
-707
-787
-961
-970
-743
-558
-330
-351
-482
-709
-880
-712
-449
-274
473
511
38
-447
-592
-137
481
1245
1466
593
-95
-390
-97
1187
2103
2209
1152
139
-43
551
1599
2069
1536
661
-442
-676
8
612
806
119
-773
-1520
-1569
-1001
-687
-754
-1138
-1839
-2065
-1934
-1677
-1372
-1320
-1310
-1429
-1375
-1223
-1119
-709
-208
-41
207
202
113
213
628
1379
1761
1859
1619
1370
1434
1736
2221
2634
2435
1947
1488
1321
1416
1590
1731
1394
827
376
110
97
276
294
20
-595
-1004
-1143
-1062
-897
-883
-1025
-1363
-1699
-1763
-1555
-1279
-1047
-1012
-1170
-1441
-1484
-1324
-1061
-802
-740
-706
-975
-1238
-1002
-768
90
893
669
172
-490
-350
402
1244
2220
1948
836
227
-94
911
2257
2885
2354
951
282
341
1062
2066
1985
1243
223
-745
-529
54
552
366
-441
-1148
-1737
-1587
-1132
-1043
-1021
-1421
-1898
-1954
-1933
-1648
-1427
-1235
-1072
-1189
-1069
-1073
-1018
-475
-115
198
378
286
237
260
697
1283
1576
1760
1567
1329
1370
1464
1888
2136
1997
1668
1310
1225
1185
1219
1389
1156
772
410
172
120
102
189
1
-420
-710
-934
-972
-905
-887
-885
-1182
-1518
-1649
-1587
-1325
-1261
-1202
-1342
-1677
-1746
-1588
-1357
-1188
-1178
-1157
-1422
-1429
-1224
-736
302
520
258
-194
-401
130
907
1879
2417
1635
989
486
722
2056
3060
3149
2096
989
692
963
1856
2381
1902
1066
-187
-661
-220
329
493
-124
-904
-1622
-1936
-1578
-1337
-1299
-1405
-1958
-2213
-2186
-1975
-1711
-1546
-1298
-1252
-1217
-1061
-1045
-738
-190
109
407
456
404
366
539
1122
1541
1794
1811
1443
1269
1426
1700
2013
2023
1800
1330
1079
1113
1171
1230
1195
880
432
178
216
315
251
125
-212
-451
-587
-601
-577
-632
-719
-826
-1005
-1243
-1347
-1258
-1163
-1162
-1176
-1272
-1495
-1748
-1626
-1418
-1336
-1301
-1378
-1517
-1553
-1466
-704
99
99
-148
-507
-449
135
979
1879
1905
1252
859
616
1372
2537
3220
2996
1921
1199
1130
1656
2370
2387
1816
939
-55
-138
225
576
391
-318
-1002
-1621
-1718
-1468
-1400
-1422
-1736
-2200
-2328
-2328
-2132
-1972
-1703
-1479
-1477
-1379
-1317
-1207
-786
-328
42
359
386
357
346
680
1214
1572
1852
1801
1591
1484
1527
1879
2127
2050
1800
1315
1094
1079
1190
1315
1074
707
288
13
93
206
217
-26
-499
-732
-859
-766
-623
-700
-830
-1075
-1209
-1282
-1299
-1158
-1098
-1173
-1291
-1400
-1450
-1545
-1523
-1387
-1435
-1417
-1414
-1456
-1464
-1452
-750
-88
-172
-311
-595
-521
110
794
1647
1649
1116
740
583
1462
2573
3164
2941
1942
1300
1336
1895
2661
2570
1984
1042
198
246
641
971
679
-130
-829
-1316
-1306
-1060
-1100
-1239
-1716
-2142
-2227
-2160
-1968
-1904
-1764
-1589
-1599
-1472
-1377
-1259
-881
-546
-149
155
208
167
222
663
1227
1552
1725
1675
1544
1562
1702
2080
2300
2176
1868
1515
1339
1323
1390
1470
1216
775
374
107
61
105
127
-127
-546
-909
-1060
-1006
-877
-887
-1034
-1319
-1521
-1629
-1566
-1336
-1242
-1278
-1515
-1674
-1742
-1683
-1602
-1381
-1404
-1497
-1582
-1602
-1484
-1212
-443
-13
-211
-547
-622
-323
452
1137
1645
1296
798
543
779
1880
2819
2951
2332
1561
1240
1615
2308
2827
2394
1689
887
450
714
1100
1164
667
-106
-762
-1023
-871
-704
-904
-1134
-1595
-1939
-1992
-1921
-1837
-1752
-1645
-1588
-1611
-1549
-1447
-1306
-866
-562
-281
-144
-123
-90
110
606
1060
1229
1288
1295
1356
1568
1739
1945
2008
1927
1712
1556
1576
1547
1436
1361
1197
903
570
361
267
176
97
-120
-472
-826
-1034
-1053
-906
-879
-1079
-1405
-1663
-1754
-1639
-1414
-1331
-1409
-1558
-1719
-1780
-1657
-1467
-1402
-1425
-1409
-1420
-1408
-1285
-1214
-734
-119
72
-143
-515
-434
108
802
1488
1576
1110
673
483
1189
2276
2985
2778
1812
1143
1162
1820
2648
2746
2132
1226
520
615
1038
1437
1258
514
-247
-764
-754
-439
-339
-549
-1069
-1551
-1706
-1695
-1498
-1441
-1442
-1407
-1496
-1543
-1477
-1305
-943
-674
-426
-285
-277
-197
-130
249
785
1098
1144
1009
940
1175
1491
1814
1926
1829
1680
1424
1408
1548
1641
1618
1350
994
715
525
534
446
259
0
-334
-609
-878
-1011
-1022
-1076
-1164
-1417
-1730
-1904
-1930
-1762
-1666
-1650
-1714
-1863
-1889
-1850
-1764
-1580
-1486
-1431
-1424
-1448
-1342
-1214
-1018
-592
-166
20
-194
-499
-395
140
862
1329
1208
749
392
464
1098
1965
2455
2081
1251
721
905
1682
2324
2236
1563
805
466
684
1175
1449
1140
470
-121
-354
-201
41
34
-283
-739
-1078
-1209
-1086
-927
-971
-1075
-1111
-1123
-1156
-1164
-1031
-773
-505
-336
-354
-393
-350
-184
124
554
849
855
671
571
748
1152
1566
1679
1502
1217
1081
1205
1515
1737
1634
1235
830
671
768
891
807
498
77
-295
-464
-417
-398
-577
-924
-1274
-1453
-1448
-1423
-1448
-1522
-1599
-1648
-1641
-1523
-1354
-1257
-1219
-1191
-1087
-914
-787
-718
-658
-573
-428
-237
-84
95
179
132
72
34
146
373
558
596
394
170
128
231
495
722
738
573
400
371
495
692
850
802
698
632
576
624
670
667
608
561
518
425
265
109
2
-25
-18
-112
-345
-574
-699
-725
-675
-555
-536
-628
-710
-730
-554
-308
-142
-140
-233
-198
-8
240
449
511
472
448
519
696
854
897
834
741
752
856
954
905
710
494
371
422
490
405
123
-256
-501
-511
-407
-375
-525
-840
-1116
-1171
-1001
-815
-755
-862
-1029
-1055
-904
-665
-488
-433
-445
-401
-250
-47
108
169
218
297
454
609
675
631
522
503
578
690
712
580
391
262
247
280
199
15
-189
-313
-279
-185
-165
-298
-502
-586
-473
-227
-26
-40
-187
-314
-300
-112
116
221
169
18
-96
-75
37
141
132
45
-80
-180
-199
-203
-185
-195
-221
-234
-253
-263
-247
-190
-96
-42
-26
19
91
214
300
338
367
431
552
677
743
745
721
726
758
812
825
773
668
557
477
404
336
210
67
-54
-163
-295
-403
-508
-608
-688
-775
-834
-885
-908
-933
-943
-920
-881
-860
-820
-752
-649
-494
-349
-244
-196
-118
26
219
407
497
502
530
574
676
783
824
795
680
580
490
462
424
337
185
11
-154
-246
-293
-333
-420
-554
-664
-758
-717
-625
-546
-518
-571
-626
-590
-426
-194
-62
-37
-92
-124
-21
159
330
397
332
195
146
187
289
319
262
141
40
15
44
71
69
61
6
-12
14
72
112
133
161
204
257
316
346
368
407
439
476
480
467
436
406
394
369
307
226
118
21
-31
-61
-102
-189
-321
-470
-562
-574
-566
-588
-667
-780
-846
-820
-745
-691
-677
-690
-651
-554
-421
-316
-257
-208
-129
-4
134
255
323
379
418
507
621
703
694
632
590
579
614
620
560
441
337
268
254
265
216
127
33
-13
-5
18
29
-5
-20
15
44
53
63
97
163
215
264
281
258
275
313
383
433
406
354
290
269
291
292
253
151
45
-23
-66
-66
-64
-97
-137
-170
-216
-259
-299
-280
-267
-255
-254
-320
-344
-344
-322
-273
-238
-243
-297
-339
-326
-309
-266
-256
-330
-377
-412
-411
-369
-380
-401
-468
-523
-542
-552
-530
-554
-613
-659
-673
-648
-622
-609
-597
-589
-521
-447
-366
-296
-232
-126
-26
78
159
237
312
408
507
611
688
713
711
705
716
724
711
670
623
559
511
490
455
423
379
317
271
264
281
307
296
261
229
243
296
357
414
411
382
384
425
492
545
543
524
484
482
485
471
455
393
334
284
252
204
136
37
-43
-83
-95
-99
-150
-221
-338
-412
-433
-405
-365
-397
-458
-525
-536
-494
-450
-415
-423
-454
-461
-463
-450
-420
-413
-431
-436
-436
-446
-424
-411
-388
-346
-328
-338
-355
-358
-351
-353
-340
-349
-360
-361
-374
-363
-349
-321
-297
-293
-283
-273
-239
-164
-112
-70
-52
-38
7
72
161
227
245
233
212
225
280
315
314
248
181
152
170
204
194
146
108
79
92
134
162
189
152
142
141
199
274
327
354
333
328
364
460
528
560
543
514
499
541
594
618
606
555
511
490
498
495
481
423
378
335
325
311
273
210
130
74
53
49
19
-34
-112
-162
-199
-208
-236
-276
-356
-421
-446
-470
-472
-526
-598
-635
-641
-612
-595
-627
-660
-683
-658
-616
-573
-569
-604
-628
-594
-525
-460
-445
-469
-473
-452
-369
-299
-251
-250
-243
-208
-129
-45
19
22
2
39
99
205
252
276
263
262
292
348
384
392
337
268
237
245
284
288
264
205
156
132
139
161
173
154
116
95
87
101
137
162
146
133
129
153
195
232
256
248
250
258
284
313
333
326
305
302
321
349
369
361
332
346
374
410
411
368
319
297
319
368
375
331
240
176
166
183
211
173
77
-14
-80
-113
-110
-137
-213
-306
-373
-414
-444
-472
-516
-568
-593
-614
-639
-648
-693
-723
-737
-704
-672
-671
-686
-734
-723
-662
-579
-535
-533
-552
-542
-475
-367
-289
-249
-265
-271
-210
-103
19
82
88
77
94
145
243
312
330
314
285
284
323
364
369
343
314
304
320
343
343
305
268
240
244
269
273
242
171
106
86
116
140
141
87
25
15
42
99
133
117
102
85
115
171
217
268
286
298
330
375
429
456
467
468
486
521
565
584
559
517
485
496
531
545
496
399
329
296
288
278
232
146
48
-12
-55
-87
-123
-194
-267
-337
-372
-400
-444
-488
-552
-597
-625
-665
-712
-754
-795
-813
-809
-795
-807
-834
-860
-871
-835
-781
-741
-714
-699
-683
-631
-550
-463
-419
-373
-347
-299
-220
-127
-59
-15
17
47
108
188
270
320
350
368
398
438
474
507
530
524
507
503
512
530
532
509
467
441
423
435
432
389
339
284
262
275
274
253
205
164
157
170
202
206
176
151
141
168
228
248
216
173
155
180
232
256
242
200
161
159
180
201
178
124
79
57
57
70
56
-4
-61
-98
-100
-90
-107
-153
-214
-251
-268
-268
-289
-330
-377
-400
-393
-378
-372
-413
-460
-477
-454
-424
-422
-441
-472
-489
-457
-395
-364
-371
-387
-386
-358
-296
-261
-268
-261
-257
-230
-180
-125
-98
-86
-78
-62
-11
57
91
104
132
165
211
259
295
313
333
346
369
395
431
442
425
412
389
397
410
402
384
340
298
279
255
250
238
198
164
132
124
115
135
145
127
112
99
107
143
168
160
137
124
142
181
189
175
137
110
93
98
114
78
27
-25
-67
-70
-67
-86
-126
-168
-186
-188
-182
-176
-208
-239
-241
-221
-192
-179
-193
-214
-211
-190
-150
-116
-121
-150
-160
-150
-109
-82
-94
-132
-162
-153
-130
-104
-112
-141
-172
-183
-148
-125
-127
-133
-156
-164
-147
-132
-136
-152
-166
-176
-151
-111
-120
-140
-156
-146
-111
-69
-49
-55
-57
-56
-50
-6
41
46
30
17
21
49
97
104
95
78
63
67
89
107
108
100
81
86
107
135
149
162
167
177
211
229
258
267
258
287
314
353
378
366
356
352
370
375
375
347
285
236
206
187
172
126
75
11
-33
-51
-88
-128
-169
-214
-259
-280
-296
-306
-332
-345
-331
-313
-318
-321
-336
-337
-309
-286
-267
-254
-252
-244
-230
-197
-162
-150
-126
-108
-80
-56
-50
-37
-17
10
37
55
66
82
97
113
129
125
98
88
90
93
104
86
68
66
55
71
84
86
69
46
53
74
80
79
72
44
43
55
69
67
66
56
45
40
36
30
20
9
-15
-27
-34
-30
-30
-20
-15
-10
16
31
60
77
87
110
139
156
154
171
201
233
261
276
275
257
251
246
253
241
220
163
109
81
55
38
-6
-68
-121
-160
-200
-224
-236
-265
-312
-350
-365
-357
-342
-338
-355
-378
-384
-365
-333
-311
-307
-306
-291
-273
-264
-247
-230
-201
-176
-155
-122
-106
-75
-54
-23
18
55
75
65
73
108
159
196
213
210
203
213
230
252
268
277
265
246
246
266
279
275
266
244
240
233
223
221
196
172
149
128
107
87
71
51
36
20
13
-12
-37
-56
-71
-65
-67
-91
-117
-138
-133
-110
-88
-74
-79
-83
-96
-74
-40
-18
-11
-8
7
19
37
35
46
52
52
52
38
31
31
38
17
-12
-45
-73
-88
-99
-99
-113
-132
-164
-187
-203
-195
-193
-216
-236
-256
-259
-237
-209
-222
-231
-226
-227
-206
-196
-191
-184
-168
-155
-137
-130
-107
-81
-55
-36
-23
7
21
27
27
36
58
69
88
94
93
97
112
155
176
174
169
164
176
199
212
203
196
199
212
219
231
241
237
234
239
242
238
229
203
186
159
156
148
122
105
66
50
44
36
28
9
-14
-43
-54
-44
-38
-35
-61
-65
-68
-53
-16
-8
12
14
22
21
27
40
46
49
46
52
31
18
7
-14
-30
-50
-70
-101
-136
-175
-215
-214
-213
-234
-246
-279
-306
-305
-301
-263
-259
-258
-267
-237
-198
-148
45
486
578
-75
-842
-719
275
1175
1135
178
-432
-558
-214
260
621
844
630
-106
-630
-728
-350
437
645
331
-345
-562
-468
-497
-333
-70
272
456
233
-548
-923
-829
97
700
363
67
-221
-72
-10
-196
-207
354
661
628
255
-145
-156
-118
109
409
582
379
318
-251
-425
-171
243
634
533
26
-248
-423
-292
52
116
169
132
74
-107
-246
-286
-140
80
349
414
163
-133
-392
-217
139
395
327
266
76
-199
-473
-322
244
392
127
-54
-39
-261
-422
-520
-250
169
214
-6
-371
-569
-598
-467
-208
145
96
-87
-360
-570
-570
-377
77
112
-17
-170
-159
-277
-279
-276
-10
151
218
97
-79
-170
-146
-6
146
295
297
144
-46
-97
53
234
295
311
202
125
92
143
233
308
310
297
237
216
167
170
237
261
322
314
283
208
148
192
193
204
242
214
151
68
89
131
127
109
86
71
128
89
-15
-40
13
119
164
188
132
-49
-123
24
264
332
124
-36
-102
11
177
154
30
-44
-8
24
-9
-109
-139
-134
-102
-109
-176
-264
-301
-280
-308
-293
-313
-283
-295
-393
-428
-430
-366
-300
-289
-332
-335
-383
-350
-243
-219
-221
-272
-242
-145
-93
-123
-189
-187
-115
-2
27
21
-12
-37
-4
52
114
132
122
100
122
114
107
128
138
184
188
194
188
137
110
115
177
222
234
194
132
109
114
122
119
158
165
135
99
67
41
37
58
102
110
91
36
-28
-63
-22
42
72
52
-2
-44
-29
-2
47
65
59
38
11
44
61
61
60
74
101
131
118
107
88
68
58
70
109
138
134
82
31
-17
-36
-31
-25
-15
-24
-58
-117
-176
-225
-191
-114
-82
-135
-225
-255
-243
-233
-252
-256
-213
-150
-150
-200
-262
-234
-146
-62
-43
-107
-130
-60
9
36
-6
-56
-19
83
199
208
132
42
29
125
232
259
204
131
91
127
193
206
155
122
134
193
200
154
114
75
89
112
129
99
63
47
52
66
21
-32
-72
-8
30
12
-70
-179
-183
-109
-40
-85
-175
-251
-219
-171
-154
-162
-202
-200
-162
-157
-142
-117
-98
-87
-127
-106
-33
62
76
39
-23
-31
30
104
167
148
117
106
136
123
83
71
85
134
141
83
23
-19
-4
48
83
35
-48
-70
-85
-55
-50
-52
-65
-95
-114
-117
-89
-85
-71
-78
-83
-59
-58
-64
-41
-30
-17
-5
-26
-37
-24
28
59
46
21
17
57
114
127
71
24
44
111
107
76
43
58
91
99
81
54
87
117
128
106
56
25
57
111
125
93
47
43
61
51
67
42
38
36
20
-20
-97
-106
-77
-20
-16
-65
-122
-137
-97
-74
-82
-93
-62
-54
-74
-113
-139
-117
-66
-25
-17
-35
-51
-49
-51
-23
-21
-5
3
31
30
-25
-32
-36
-10
17
16
-2
-21
-31
-37
-54
-67
-46
-42
-36
-38
-61
-73
-84
-62
-54
-30
-6
-23
-22
-14
-12
-1
43
80
79
52
40
66
88
120
130
119
124
128
112
96
131
140
157
123
75
62
54
75
67
32
0
5
-14
-47
-72
-59
-27
1
-10
-79
-121
-108
-45
10
10
4
-39
-65
-57
-27
17
42
38
33
33
27
20
16
63
79
75
52
16
22
31
49
46
22
18
-13
-9
-10
-25
-33
-54
-50
-20
-37
-79
-98
-132
-113
-82
-79
-101
-126
-131
-128
-126
-139
-139
-131
-103
-100
-133
-153
-137
-120
-115
-111
-126
-127
-116
-122
-122
-125
-105
-77
-75
-87
-94
-62
-15
24
22
-1
13
57
127
144
136
127
139
151
180
214
234
236
183
170
177
221
245
227
178
140
143
152
145
102
70
67
84
76
41
22
22
44
35
19
-1
5
19
11
-5
-15
-13
0
2
7
-16
0
37
30
30
15
14
23
58
53
33
36
42
47
20
-4
-21
-14
-9
-9
-44
-81
-89
-83
-81
-80
-111
-145
-146
-137
-114
-119
-142
-172
-173
-158
-146
-152
-156
-168
-163
-150
-142
-136
-149
-135
-118
-97
-96
-126
-122
-108
-81
-57
-68
-91
-89
-57
-15
9
18
26
34
45
44
66
89
128
148
130
123
125
128
145
164
160
153
168
173
151
136
131
143
141
138
120
95
71
53
36
36
52
56
51
10
-31
-37
-19
4
8
-1
-12
-26
-48
-47
-34
15
20
-2
-21
-30
-7
18
36
31
28
22
36
31
19
21
29
56
52
35
7
-8
7
18
30
5
-19
-23
-35
-23
-30
-44
-65
-53
-26
-35
-46
-82
-100
-96
-74
-56
-47
-62
-92
-115
-107
-80
-56
-37
-51
-72
-88
-91
-77
-56
-31
-24
-46
-81
-85
-58
-25
-6
-9
-20
-34
-33
-18
-6
-3
-4
9
31
13
-8
-5
14
35
39
36
44
44
37
18
0
-15
7
32
26
-19
-69
-68
-48
-29
-46
-63
-74
-69
-74
-77
-86
-77
-63
-65
-55
-68
-68
-54
-37
-36
-8
27
45
48
43
50
68
119
141
127
117
122
142
136
122
117
135
165
157
114
84
88
104
112
103
68
52
50
40
28
6
7
19
26
7
-23
-45
-44
-22
-8
-18
-26
-24
-36
-47
-51
-37
-9
11
6
-12
-42
-36
-17
-3
1
-14
-25
-19
-23
-44
-49
-37
-20
-27
-40
-51
-52
-44
-47
-46
-30
-21
-21
-44
-59
-52
-23
8
-2
-31
-53
-43
-15
-4
-16
-34
-37
-19
-5
-22
-54
-64
-51
-29
-12
-20
-36
-48
-45
-30
-5
7
7
10
18
25
32
45
69
90
95
92
95
103
103
118
115
127
133
124
120
112
115
113
114
97
82
68
71
72
60
30
18
20
11
12
-4
-35
-55
-63
-59
-55
-59
-76
-100
-110
-104
-93
-92
-89
-93
-91
-76
-80
-90
-85
-74
-58
-35
-21
-30
-44
-46
-33
-8
6
23
22
17
15
21
41
47
52
44
38
44
37
32
24
18
27
43
40
29
2
-18
-4
11
29
23
2
-19
-25
-20
-18
-7
-7
-22
-39
-56
-57
-47
-49
-50
-63
-65
-61
-58
-70
-77
-77
-65
-52
-52
-60
-69
-62
-51
-38
-32
-32
-18
-8
-11
-9
-11
8
34
49
42
33
32
38
51
42
36
38
43
50
46
25
23
25
30
31
16
5
-1
4
-3
-28
-33
-23
-26
-15
-29
-46
-46
-40
-25
-13
-16
-16
-23
-28
-16
-3
13
26
36
31
25
30
38
51
57
59
75
73
60
50
53
53
61
68
59
53
36
32
40
42
29
18
14
9
13
18
21
12
3
9
13
2
3
-11
-15
-8
0
5
-22
-39
-56
-57
-45
-43
-39
-56
-81
-89
-79
-60
-59
-72
-85
-89
-75
-56
-44
-47
-58
-50
-35
-19
-4
-3
11
26
30
29
22
27
36
44
49
60
67
60
52
50
47
44
48
47
43
32
20
16
19
19
25
14
1
-4
-10
-1
8
18
15
3
-5
0
12
10
1
7
15
26
29
27
21
18
38
52
63
56
53
56
43
33
34
50
60
51
27
10
10
30
44
38
18
3
-2
-6
-7
-9
-5
-13
-14
-31
-32
-33
-40
-29
-26
-17
-13
-17
-28
-40
-38
-29
-21
-27
-41
-43
-50
-44
-43
-41
-33
-33
-42
-47
-42
-37
-28
-25
-28
-37
-38
-39
-39
-45
-47
-28
-1
10
-4
-14
-24
-6
14
28
28
22
14
5
4
2
16
31
33
19
-4
-10
5
21
28
28
12
2
-1
-14
-10
5
22
26
8
-3
-3
15
30
29
25
31
44
53
51
41
43
56
67
71
62
52
50
55
59
61
60
50
41
29
23
28
25
18
9
-8
-12
-18
-19
-25
-42
-45
-47
-42
-44
-49
-56
-65
-59
-47
-34
-37
-47
-47
-37
-24
-18
-25
-39
-36
-25
-10
-7
-12
-19
-20
-18
-21
-26
-30
-33
-24
-21
-37
-50
-57
-55
-42
-39
-39
-48
-50
-53
-46
-40
-39
-28
-29
-36
-39
-38
-27
-12
-14
-23
-24
-24
-16
-15
-22
-21
-6
7
5
-9
-26
-27
-10
3
0
-12
-20
-12
-4
-3
-7
1
14
25
28
17
10
19
39
55
54
40
37
48
59
67
68
69
68
69
63
57
66
85
91
76
54
48
59
69
66
49
40
40
47
44
26
17
24
33
35
21
9
7
14
18
15
5
1
6
-1
-8
-7
2
11
4
-7
-17
-15
-4
4
6
-2
-10
-12
-14
-19
-17
-12
-15
-23
-35
-37
-30
-22
-22
-33
-43
-45
-37
-30
-35
-38
-37
-39
-44
-53
-56
-47
-31
-23
-32
-45
-51
-40
-28
-29
-34
-40
-39
-36
-39
-43
-41
-32
-28
-31
-41
-46
-41
-30
-20
-15
-19
-29
-33
-31
-19
-7
3
4
-1
0
4
13
20
26
36
45
48
44
43
50
61
66
64
62
64
66
64
63
64
68
70
61
48
42
42
46
43
31
23
24
27
19
4
-9
-9
7
12
5
-12
-26
-20
-9
-2
-6
-10
-11
-8
-4
-9
-9
-8
-7
-2
-1
0
2
0
-6
-5
-2
4
5
-3
-16
-20
-12
-2
0
-7
-15
-19
-18
-17
-12
-10
-7
-5
-10
-12
-14
-11
-7
-6
-3
0
2
-2
-7
-9
-7
-2
1
3
-1
-5
-13
-15
-11
-5
2
-4
-17
-26
-22
-12
1
6
5
-5
-14
-11
-1
13
24
24
15
6
10
23
34
38
31
27
31
37
41
38
27
24
26
31
32
28
17
4
-1
5
16
18
3
-17
-28
-25
-8
0
-7
-20
-29
-28
-23
-23
-26
-27
-24
-23
-21
-28
-33
-31
-31
-27
-22
-19
-21
-27
-34
-38
-31
-25
-21
-20
-29
-33
-32
-32
-26
-20
-14
-12
-14
-18
-16
-10
-5
1
5
7
8
8
5
4
7
12
20
25
25
20
9
2
6
19
29
28
16
0
-7
-2
7
16
16
11
1
-7
-6
3
11
14
8
4
3
8
10
9
9
15
26
27
17
6
7
21
35
37
28
21
21
30
36
38
37
37
36
33
31
35
40
39
31
23
23
27
28
21
11
5
4
4
1
-4
-8
-10
-13
-20
-26
-28
-28
-29
-31
-35
-37
-36
-33
-34
-35
-34
-33
-30
-29
-28
-26
-29
-30
-29
-24
-18
-15
-20
-22
-22
-18
-10
-9
-11
-14
-12
-10
-8
-7
-9
-5
-2
3
5
3
-1
-2
5
14
18
17
8
2
4
10
15
12
6
1
-1
-1
-2
-7
-10
-13
-11
-13
-13
-16
-22
-22
-19
-14
-12
-14
-15
-14
-6
2
4
6
10
18
24
22
20
24
37
47
48
41
35
37
45
48
48
43
40
38
34
30
31
30
28
20
14
12
14
11
6
-3
-6
-2
-1
-9
-18
-21
-15
-8
-11
-19
-26
-28
-23
-17
-19
-23
-28
-29
-27
-26
-25
-28
-31
-29
-22
-16
-16
-23
-27
-17
-5
0
-5
-12
-11
0
12
11
3
-1
5
15
18
15
12
12
15
15
12
9
9
7
6
4
3
3
0
-4
-9
-9
-7
-8
-12
-18
-19
-16
-16
-21
-23
-25
-23
-19
-19
-22
-19
-15
-11
-9
-11
-10
-3
3
10
12
11
11
12
17
26
33
34
30
23
22
32
40
42
34
24
22
27
31
28
21
