5
4
3
2
2
3
3
2
1
-1
-1
-2
-3
-4
-6
-6
-6
-7
-7
-8
-7
-7
-5
-4
-4
-6
-5
-5
-4
-2
-4
-2
-3
-4
-3
-3
-5
-6
-6
-6
-6
-7
-6
-7
-6
-5
-5
-4
-4
-3
-1
0
2
3
3
4
4
5
5
5
4
4
4
4
4
2
1
1
0
-1
-2
-2
-3
-4
-3
-3
-4
-4
-4
-4
-3
-2
-2
-3
-2
-2
-1
-1
-2
0
-1
0
1
0
0
-1
-2
-2
-2
-2
-3
-2
-2
-1
0
0
0
1
2
3
4
4
4
5
6
7
7
6
5
5
5
4
4
3
1
1
0
-1
-2
-2
-2
-2
-3
-3
-4
-4
-4
-4
-3
-3
-3
-3
-2
-2
-2
-2
-2
-2
-2
-1
-1
-3
-3
-4
-5
-3
-3
-5
-6
-4
-4
-5
-4
-4
-2
0
-1
1
2
4
3
3
3
3
2
2
2
3
3
1
1
-1
-1
-1
-1
-2
-2
-2
-3
-2
-2
-3
-2
-1
0
0
1
1
1
2
2
3
2
3
4
3
5
4
4
4
4
5
5
5
6
5
6
6
5
5
4
4
4
5
5
6
6
5
5
4
4
4
4
4
3
2
2
0
-2
-1
-2
-3
-3
-4
-5
-5
-7
-6
-7
-7
-7
-7
-6
-4
-6
-6
-5
-4
-5
-4
-3
-2
-2
-1
0
-1
-1
-2
-1
0
-1
-1
-1
1
1
1
1
1
1
1
2
4
3
4
3
4
5
7
8
8
7
7
8
8
7
7
6
6
6
5
4
4
4
4
3
4
4
5
7
5
8
9
8
9
11
12
12
12
13
12
13
12
12
11
12
11
11
12
10
11
10
12
12
11
11
11
10
10
9
9
9
9
8
5
5
5
3
0
-1
-3
-5
-7
-9
-10
-12
-12
-14
-15
-15
-16
-18
-17
-18
-18
-20
-20
-20
-22
-21
-22
-23
-24
-24
-25
-25
-25
-27
-28
-27
-28
-27
-28
-29
-27
-29
-27
-26
-27
-28
-26
-28
-27
-25
-27
-26
-26
-25
-23
-25
-24
-24
-24
-21
-18
-18
-17
-14
-13
-12
-10
-8
-4
-2
1
3
4
8
8
12
15
18
21
24
27
27
31
35
36
39
43
45
47
51
53
54
57
58
60
61
63
65
65
66
66
65
66
65
64
62
62
60
58
56
54
54
50
47
44
41
38
35
33
27
25
22
16
13
10
5
2
-3
-7
-12
-15
-18
-23
-28
-30
-35
-40
-43
-46
-51
-52
-56
-60
-62
-64
-66
-68
-69
-72
-73
-73
-74
-74
-75
-75
-74
-74
-73
-73
-73
-74
-73
-72
-71
-68
-68
-67
-65
-63
-62
-60
-58
-56
-52
-51
-45
-42
-39
-29
-27
-23
-17
-12
-7
0
5
7
14
17
22
27
28
35
39
41
50
50
55
61
65
67
75
77
79
85
84
89
93
91
98
97
96
99
96
93
96
93
89
94
90
91
94
90
89
87
79
82
79
72
69
62
54
52
45
37
37
32
27
25
20
17
10
4
-1
-8
-17
-22
-26
-37
-40
-46
-53
-56
-58
-63
-64
-68
-72
-76
-83
-83
-87
-88
-91
-88
-89
-92
-89
-93
-85
-85
-88
-83
-83
-88
-91
-91
-98
-94
-96
-97
-96
-101
-104
-101
-96
-96
-89
-89
-83
-77
-77
-73
-64
-64
-58
-54
-55
-41
-33
-24
-18
-12
-5
-1
8
20
36
41
56
70
77
91
107
118
136
160
176
195
209
222
233
245
254
264
268
266
270
268
265
263
261
257
256
245
233
226
209
200
184
171
160
141
121
102
91
75
63
45
25
6
-15
-28
-46
-66
-83
-96
-116
-128
-143
-157
-164
-182
-191
-192
-197
-207
-219
-227
-235
-239
-254
-263
-278
-292
-302
-315
-325
-337
-343
-350
-358
-368
-372
-389
-404
-406
-415
-421
-422
-431
-437
-446
-457
-452
-460
-474
-460
-471
-467
-457
-452
-436
-401
-365
-318
-240
-177
-82
19
126
251
356
452
552
637
704
774
816
842
860
843
827
813
781
753
714
672
642
602
556
518
470
407
356
300
251
208
155
119
86
59
63
70
70
92
116
153
214
268
317
359
384
404
420
426
429
423
396
363
324
284
239
190
138
86
43
-8
-53
-102
-148
-196
-251
-285
-318
-348
-381
-411
-431
-451
-456
-466
-464
-459
-455
-449
-436
-428
-421
-415
-407
-404
-413
-425
-433
-446
-471
-502
-537
-574
-609
-639
-666
-684
-714
-741
-762
-786
-808
-822
-841
-866
-896
-920
-941
-951
-949
-915
-848
-747
-595
-438
-253
-59
145
373
614
836
1032
1184
1276
1354
1385
1387
1383
1328
1259
1183
1115
1039
967
882
778
700
602
535
456
359
263
147
46
-48
-130
-225
-306
-382
-438
-439
-441
-406
-344
-290
-195
-94
13
140
257
365
454
541
593
642
671
667
682
640
607
589
560
554
551
528
500
476
438
405
374
313
268
209
146
111
53
4
-44
-102
-149
-177
-204
-231
-245
-271
-281
-288
-300
-291
-299
-316
-328
-345
-352
-357
-371
-393
-406
-430
-457
-482
-524
-547
-574
-615
-639
-669
-694
-703
-721
-742
-752
-769
-788
-775
-789
-770
-747
-759
-732
-731
-737
-727
-737
-750
-750
-766
-781
-749
-732
-669
-550
-448
-314
-165
-29
183
402
618
818
983
1075
1164
1212
1202
1211
1146
1055
987
898
828
766
674
585
520
441
389
354
270
219
156
77
51
11
-50
-73
-111
-131
-116
-96
-53
43
119
226
366
467
608
725
814
912
984
1026
1069
1076
1045
1012
941
861
793
685
600
511
393
309
213
117
48
-47
-135
-213
-305
-396
-451
-517
-569
-599
-642
-637
-632
-644
-621
-598
-578
-537
-506
-476
-435
-414
-396
-363
-349
-346
-331
-333
-331
-338
-373
-395
-426
-470
-505
-546
-610
-656
-706
-760
-798
-845
-895
-913
-963
-980
-981
-1004
-977
-971
-972
-934
-918
-892
-883
-855
-854
-833
-825
-841
-821
-790
-679
-534
-369
-210
-30
145
375
640
904
1143
1342
1467
1563
1629
1642
1627
1566
1451
1348
1250
1135
1034
907
784
678
574
497
449
369
314
251
173
131
85
28
2
-23
-40
-30
-8
38
122
196
296
431
551
679
810
912
1007
1077
1116
1141
1148
1115
1045
951
827
709
587
472
362
231
122
11
-70
-135
-208
-276
-345
-406
-477
-515
-567
-624
-659
-695
-699
-704
-706
-682
-658
-630
-606
-555
-525
-484
-444
-431
-399
-387
-385
-389
-406
-433
-474
-517
-580
-630
-681
-728
-776
-829
-891
-945
-977
-997
-1005
-1025
-1047
-1064
-1070
-1079
-1068
-1034
-1007
-959
-920
-868
-814
-775
-712
-675
-606
-572
-525
-462
-380
-253
-76
106
279
468
656
896
1154
1396
1573
1717
1780
1816
1797
1726
1634
1473
1292
1118
945
783
618
450
297
178
78
19
-38
-107
-144
-197
-234
-243
-246
-243
-218
-184
-144
-56
37
160
317
450
611
780
935
1093
1246
1371
1458
1520
1528
1517
1469
1359
1237
1065
898
736
582
428
273
117
-36
-141
-239
-310
-384
-468
-520
-577
-624
-650
-688
-720
-751
-757
-746
-727
-704
-665
-615
-579
-526
-472
-425
-376
-338
-315
-293
-297
-320
-344
-392
-431
-486
-553
-621
-688
-753
-807
-861
-915
-965
-996
-1041
-1063
-1093
-1116
-1111
-1128
-1120
-1131
-1102
-1086
-1040
-1019
-979
-936
-904
-840
-806
-730
-697
-633
-588
-477
-335
-105
97
297
502
707
976
1259
1513
1709
1853
1908
1943
1892
1805
1662
1474
1232
1029
803
626
441
248
81
-36
-137
-178
-212
-252
-264
-280
-291
-262
-225
-212
-149
-95
-5
108
227
381
572
751
930
1119
1295
1459
1616
1720
1787
1812
1772
1727
1613
1464
1272
1055
823
607
398
182
12
-172
-323
-436
-538
-600
-645
-694
-726
-742
-757
-763
-756
-763
-745
-722
-699
-655
-629
-583
-548
-492
-451
-413
-379
-369
-349
-359
-368
-398
-445
-503
-566
-625
-702
-786
-871
-943
-994
-1055
-1097
-1135
-1170
-1190
-1205
-1193
-1176
-1124
-1114
-1066
-1033
-987
-925
-870
-797
-767
-705
-687
-625
-612
-578
-563
-558
-503
-433
-292
-70
151
389
621
853
1140
1470
1765
1991
2148
2196
2214
2146
1991
1781
1522
1208
922
633
391
162
-58
-255
-372
-464
-498
-492
-509
-472
-434
-403
-338
-270
-214
-117
-25
77
217
380
557
794
1019
1250
1500
1674
1860
2027
2140
2207
2200
2128
2003
1813
1554
1285
981
666
375
83
-166
-362
-538
-677
-766
-820
-829
-803
-793
-764
-719
-710
-684
-675
-684
-677
-670
-663
-640
-604
-588
-562
-547
-528
-495
-481
-476
-467
-486
-512
-562
-641
-723
-819
-906
-997
-1091
-1173
-1244
-1305
-1358
-1391
-1411
-1409
-1380
-1356
-1315
-1279
-1211
-1164
-1095
-1012
-964
-890
-831
-782
-754
-731
-729
-698
-694
-687
-653
-610
-504
-320
-60
256
548
837
1133
1492
1873
2209
2452
2571
2638
2585
2462
2247
1960
1615
1243
872
559
251
-4
-254
-422
-543
-595
-594
-582
-532
-487
-410
-327
-254
-178
-96
8
143
302
474
666
891
1132
1417
1680
1918
2118
2284
2438
2505
2496
2393
2205
1947
1627
1260
855
459
65
-297
-585
-826
-993
-1112
-1173
-1146
-1087
-1000
-908
-810
-736
-666
-619
-597
-593
-611
-616
-624
-641
-627
-604
-593
-559
-530
-520
-505
-501
-530
-555
-615
-696
-769
-884
-976
-1062
-1143
-1210
-1255
-1306
-1332
-1326
-1336
-1330
-1311
-1264
-1185
-1120
-1085
-1008
-969
-896
-832
-815
-776
-786
-795
-829
-850
-901
-930
-937
-977
-940
-872
-684
-360
23
426
772
1148
1552
2043
2447
2740
2906
2939
2902
2752
2468
2137
1710
1238
803
405
70
-211
-479
-686
-795
-849
-836
-777
-748
-661
-573
-493
-380
-300
-216
-71
117
310
557
806
1077
1410
1729
2062
2342
2524
2683
2777
2791
2688
2493
2187
1856
1457
1020
595
150
-224
-541
-766
-906
-962
-975
-949
-878
-772
-611
-490
-404
-330
-289
-273
-281
-318
-359
-387
-385
-379
-393
-402
-417
-418
-443
-476
-551
-649
-746
-845
-937
-1057
-1167
-1268
-1344
-1371
-1377
-1368
-1371
-1352
-1314
-1287
-1239
-1206
-1184
-1158
-1148
-1134
-1141
-1134
-1108
-1093
-1088
-1094
-1110
-1120
-1145
-1172
-1226
-1252
-1279
-1307
-1284
-1284
-1104
-901
-498
-31
363
809
1232
1765
2280
2730
3011
3136
3178
3056
2843
2478
2053
1595
1062
619
229
-104
-388
-637
-802
-874
-890
-882
-859
-799
-737
-621
-533
-418
-289
-150
87
361
672
998
1332
1678
2030
2376
2625
2786
2834
2801
2716
2498
2200
1802
1368
944
551
191
-142
-388
-603
-720
-713
-655
-508
-393
-251
-112
2
115
173
153
91
68
20
-38
-86
-157
-191
-207
-231
-247
-311
-393
-459
-559
-706
-876
-1072
-1248
-1376
-1513
-1624
-1686
-1712
-1660
-1561
-1447
-1296
-1145
-983
-811
-710
-656
-619
-636
-707
-770
-890
-1036
-1167
-1332
-1414
-1519
-1573
-1584
-1617
-1559
-1567
-1491
-1462
-1377
-1297
-1255
-1054
-842
-412
32
475
904
1288
1808
2359
2855
3157
3288
3323
3163
2943
2533
2057
1544
965
483
56
-273
-543
-787
-946
-1019
-979
-970
-938
-885
-836
-718
-603
-449
-286
-74
256
637
1050
1450
1834
2214
2534
2816
2918
2920
2771
2493
2185
1763
1304
799
352
-20
-346
-517
-592
-569
-461
-305
-83
171
442
675
822
897
871
827
685
550
355
136
-21
-149
-259
-309
-352
-351
-368
-378
-411
-529
-672
-861
-1051
-1318
-1569
-1828
-2038
-2132
-2194
-2190
-2099
-1928
-1692
-1431
-1147
-879
-638
-432
-302
-237
-305
-390
-525
-756
-995
-1307
-1576
-1845
-2058
-2209
-2346
-2325
-2357
-2205
-2121
-1955
-1696
-1559
-1274
-1078
-717
-320
345
878
1421
1831
2256
2809
3327
3594
3690
3563
3320
2990
2430
1850
1238
650
98
-276
-572
-680
-765
-828
-780
-673
-565
-473
-491
-483
-428
-357
-229
-68
154
481
942
1418
1898
2331
2632
2905
3031
3026
2822
2374
1831
1274
715
161
-393
-844
-1105
-1180
-1128
-936
-611
-194
296
715
1098
1399
1645
1809
1871
1786
1645
1434
1202
931
672
423
181
-9
-193
-332
-478
-641
-779
-961
-1124
-1294
-1462
-1623
-1769
-1882
-1986
-2014
-2015
-1957
-1850
-1728
-1533
-1333
-1116
-883
-687
-493
-341
-261
-272
-374
-541
-785
-1071
-1438
-1863
-2237
-2593
-2873
-3012
-3141
-3106
-2950
-2756
-2460
-2156
-1821
-1511
-1133
-846
-401
175
889
1528
1997
2376
2846
3359
3766
3863
3681
3368
2910
2313
1547
813
135
-449
-872
-1079
-1062
-937
-764
-565
-327
-30
130
177
154
144
189
254
380
573
883
1325
1794
2253
2611
2830
2858
2736
2509
2071
1480
753
37
-507
-926
-1231
-1386
-1350
-1131
-730
-239
207
658
1058
1454
1789
2027
2148
2172
2189
2210
2213
2116
1927
1674
1392
1027
666
239
-238
-625
-976
-1243
-1466
-1612
-1681
-1702
-1625
-1546
-1460
-1428
-1421
-1423
-1468
-1465
-1509
-1518
-1445
-1320
-1107
-873
-627
-433
-250
-149
-179
-354
-737
-1178
-1719
-2286
-2840
-3364
-3743
-3954
-3941
-3751
-3478
-3034
-2650
-2126
-1713
-1288
-957
-695
-348
-28
676
1247
1831
2285
2616
3174
3561
3873
3691
3288
2740
1948
1233
257
-391
-992
-1377
-1418
-1328
-866
-458
-24
331
628
924
909
803
589
437
487
518
723
970
1409
1975
2361
2728
2766
2632
2258
1668
1029
220
-537
-1295
-1808
-1956
-1891
-1528
-1127
-553
77
683
1241
1525
1722
1761
1845
1909
1906
1952
1952
2085
2260
2420
2410
2277
2034
1626
1098
437
-234
-891
-1356
-1614
-1691
-1613
-1432
-1146
-807
-463
-232
-236
-376
-607
-845
-1132
-1447
-1661
-1754
-1613
-1384
-1073
-767
-470
-232
-183
-311
-695
-1189
-1805
-2496
-3176
-3752
-4105
-4285
-4244
-4033
-3618
-3089
-2562
-2134
-1808
-1483
-1227
-992
-742
-346
410
1267
1967
2522
2797
3316
3670
3809
3324
2665
1834
866
-16
-1033
-1578
-1863
-1858
-1508
-945
-72
704
1251
1560
1731
1818
1586
1188
713
470
556
699
1008
1394
1923
2517
2812
2880
2561
1993
1185
226
-628
-1454
-2014
-2364
-2315
-1812
-1095
-222
548
1211
1698
1961
2000
1753
1400
990
719
678
881
1321
1792
2333
2823
3129
3164
2886
2276
1405
466
-505
-1332
-1906
-2146
-2059
-1663
-1020
-281
364
843
1135
1112
811
311
-337
-977
-1455
-1704
-1765
-1610
-1289
-879
-482
-252
-228
-489
-930
-1534
-2213
-2910
-3496
-3909
-4090
-4038
-3774
-3352
-2872
-2446
-2085
-1946
-1935
-2085
-2233
-2414
-2433
-2211
-1762
-763
510
1918
2849
3549
3701
3843
3564
2903
1763
591
-550
-1521
-2148
-2452
-2115
-1616
-863
-7
916
1738
2102
1994
1636
1335
950
519
196
201
663
1361
2008
2595
3072
3339
3187
2570
1704
630
-526
-1670
-2466
-2724
-2534
-2058
-1384
-400
730
1679
2249
2327
2120
1702
1115
448
-62
-270
-162
273
921
1702
2519
3143
3328
3150
2603
1792
851
-100
-904
-1465
-1591
-1447
-1042
-435
274
1010
1401
1530
1360
991
543
-4
-518
-860
-865
-676
-345
44
410
676
683
370
-163
-849
-1579
-2331
-3005
-3413
-3528
-3439
-3187
-2866
-2465
-2129
-1973
-2049
-2178
-2392
-2699
-2976
-3324
-3368
-3154
-2777
-2228
-1489
-523
720
1976
2798
3015
2871
2374
2097
1530
784
-28
-705
-1269
-1525
-1728
-1590
-1215
-857
-413
73
606
971
1025
835
885
1061
1162
1190
1281
1685
2286
2645
2724
2639
2463
2128
1455
592
-208
-950
-1644
-2081
-2078
-1709
-1150
-648
-35
795
1531
1897
1881
1657
1441
1184
782
467
441
645
947
1276
1619
1963
2095
1881
1645
1302
859
248
-433
-805
-802
-447
-183
123
575
928
1270
1191
1085
802
464
224
-70
-67
-8
189
391
680
1072
1189
1095
752
316
-160
-852
-1574
-2254
-2675
-2774
-2821
-2682
-2528
-2247
-2005
-1943
-1948
-2138
-2333
-2581
-2791
-2888
-2954
-2951
-2864
-2654
-2261
-1765
-1171
-441
662
1667
2315
2233
1989
1567
1388
976
110
-395
-1064
-1385
-1661
-1834
-1471
-1124
-750
-401
100
674
939
848
667
889
1224
1387
1541
1771
2339
2819
2775
2611
2235
1798
1056
120
-598
-1148
-1595
-1988
-1908
-1326
-584
-2
361
943
1624
1929
1860
1572
1412
1359
1113
870
846
1082
1226
1226
1233
1332
1366
987
501
176
147
96
-112
-219
-30
370
615
856
1092
1269
1292
926
652
391
196
-69
-250
-64
343
708
912
1162
1458
1593
1412
910
407
-41
-590
-1157
-1666
-1937
-2016
-2118
-2051
-1947
-1769
-1760
-1909
-2064
-2200
-2339
-2597
-2717
-2748
-2616
-2516
-2480
-2396
-2251
-2063
-1866
-1612
-937
-13
940
1284
1273
979
814
664
315
-249
-564
-979
-1271
-1475
-1574
-1208
-940
-727
-423
10
483
588
498
579
985
1314
1433
1594
1947
2431
2543
2231
1891
1541
1063
393
-338
-688
-952
-1220
-1388
-1109
-493
93
416
666
1213
1698
1823
1678
1511
1465
1325
976
717
760
854
823
709
753
859
766
369
55
-59
-113
113
197
557
887
1074
1313
1377
1603
1246
730
204
-335
-348
-690
-609
-289
163
820
1113
1379
1486
1456
1301
889
554
95
-290
-601
-870
-866
-1072
-1183
-1363
-1439
-1402
-1646
-1832
-2086
-2292
-2343
-2338
-2239
-2106
-1958
-1965
-1966
-1980
-2075
-2107
-2107
-1870
-1527
-651
319
1119
1356
966
554
188
-3
-449
-898
-915
-1090
-1032
-1198
-1187
-821
-759
-723
-605
-251
159
221
260
624
1192
1536
1477
1497
1697
1949
1775
1281
1013
741
487
48
-300
-354
-559
-803
-887
-596
-65
306
510
893
1501
1924
1937
1776
1584
1449
1157
695
494
477
528
497
462
533
529
344
69
19
183
490
740
1035
1352
1538
1536
1309
1120
876
453
84
-283
-261
-276
-202
46
329
766
959
1009
1008
964
927
790
648
565
441
269
16
-131
-393
-718
-1038
-1258
-1364
-1502
-1709
-1840
-1918
-1955
-1891
-1937
-1871
-1827
-1845
-1875
-2016
-2042
-2010
-1858
-1565
-1171
-388
598
1250
1277
749
152
-239
-451
-653
-929
-763
-982
-1066
-1271
-1471
-1225
-1288
-1214
-915
-388
94
239
280
581
906
960
785
709
875
1121
1207
1085
1095
920
658
358
6
-180
-590
-942
-935
-583
-56
336
647
1078
1580
1927
1918
1773
1600
1418
1193
851
615
469
332
181
70
3
-63
-136
-89
114
440
883
1192
1506
1671
1689
1471
991
680
299
-61
-279
-530
-441
-438
-417
-266
-184
132
422
639
761
835
846
743
637
521
446
304
128
59
-123
-402
-610
-948
-1127
-1424
-1681
-1887
-2045
-1978
-1933
-1829
-1807
-1631
-1622
-1639
-1572
-1631
-1506
-1346
-997
-247
820
1611
1694
1290
637
178
-17
-328
-434
-377
-630
-864
-1242
-1662
-1648
-1766
-1654
-1135
-468
163
430
439
508
541
248
-28
-142
45
486
820
1049
1274
1225
925
551
122
-190
-548
-876
-897
-575
-122
252
491
751
1129
1466
1592
1564
1612
1640
1627
1394
1045
786
591
382
231
138
170
176
207
214
356
776
784
944
984
1083
1225
1066
1087
792
446
4
-657
-850
-1007
-858
-580
-420
-23
320
345
415
381
342
425
490
630
679
655
470
207
-168
-533
-686
-860
-941
-994
-1260
-1493
-1850
-2075
-2114
-2098
-1888
-1603
-1537
-1416
-1453
-1543
-1324
-1026
-415
613
1663
2246
2027
1448
880
361
255
-111
-234
-156
-562
-756
-1352
-1704
-1682
-1743
-1445
-891
-254
126
273
146
196
135
-83
-186
-77
329
724
894
789
750
581
293
52
-164
-179
-124
-140
-107
-11
46
91
59
210
573
1019
1333
1491
1677
1761
1722
1446
1110
973
967
924
827
720
616
544
369
225
356
556
723
875
1057
1109
905
603
275
-13
-200
-493
-599
-705
-686
-594
-698
-659
-514
-298
-140
110
278
338
369
235
104
-54
-229
-242
-269
-252
-248
-272
-465
-769
-1117
-1582
-1838
-1947
-1959
-1881
-1704
-1548
-1404
-1465
-1430
-1480
-1185
-884
-256
743
1615
2260
1809
1373
862
617
838
578
794
542
207
-182
-1133
-1435
-1884
-1802
-1567
-1037
-328
-135
106
-44
52
48
-212
-223
-153
289
621
633
467
189
78
-132
-239
-185
-167
-41
-42
-35
-18
-43
-118
-171
-18
332
751
982
1107
1201
1268
1291
1229
1197
1330
1559
1689
1617
1400
1099
880
626
470
447
563
709
827
930
823
655
286
-67
-231
-352
-306
-391
-436
-465
-569
-726
-920
-899
-742
-426
-127
76
158
120
-13
-263
-476
-624
-655
-535
-319
-173
-251
-616
-988
-1295
-1566
-1689
-1659
-1557
-1452
-1394
-1493
-1539
-1604
-1549
-1368
-1023
-468
354
1296
1881
1896
1492
870
699
778
849
959
919
734
594
-39
-642
-961
-1100
-958
-818
-595
-421
-300
-389
-450
-343
-201
-12
111
364
697
848
696
297
58
-35
-149
-198
-297
-216
-34
-12
31
63
113
179
188
250
461
598
613
577
612
713
813
886
1050
1361
1609
1641
1470
1265
1128
974
802
694
699
784
769
646
441
295
191
58
-22
-73
-25
-16
-211
-438
-636
-761
-830
-860
-772
-582
-351
-179
-138
-147
-183
-213
-236
-247
-181
-69
-15
41
84
27
-107
-318
-545
-694
-790
-890
-949
-1020
-1138
-1267
-1465
-1618
-1629
-1498
-1275
-1042
-793
-540
-283
-135
-113
-266
-547
-646
-649
-458
-164
-161
-159
-226
-411
-394
-461
-509
-336
-276
-94
112
183
317
399
473
650
801
907
1064
1158
1220
1138
908
697
498
390
281
159
153
190
270
436
557
620
629
519
446
469
458
429
443
531
709
828
844
868
939
987
908
736
614
555
506
391
268
198
177
162
121
125
158
236
319
320
323
264
83
-64
-131
-125
-66
-122
-146
-136
-107
-90
-195
-335
-371
-336
-290
-246
-279
-211
-165
-166
-226
-364
-490
-570
-654
-791
-932
-1056
-1138
-1211
-1358
-1525
-1683
-1787
-1828
-1813
-1695
-1544
-1215
-989
-771
-667
-752
-740
-660
-539
-306
-187
-221
-149
-210
-172
-16
53
208
305
334
472
494
481
487
446
536
683
775
958
1162
1292
1404
1338
1216
1145
1039
930
772
557
419
312
235
234
280
363
391
365
341
318
306
271
184
149
177
222
299
355
406
452
449
440
471
502
530
488
403
326
229
145
79
52
149
300
421
517
536
560
586
518
387
279
253
287
319
280
219
129
17
-78
-206
-303
-366
-427
-432
-376
-326
-284
-334
-425
-551
-690
-868
-1020
-1127
-1219
-1288
-1404
-1529
-1662
-1774
-1916
-1949
-1936
-1876
-1734
-1534
-1369
-1160
-1064
-1044
-846
-642
-317
-61
1
32
18
-86
-11
97
304
596
662
700
736
735
799
744
604
595
560
578
646
660
748
857
912
1026
1113
1150
1152
1013
830
656
460
323
222
179
208
238
260
221
209
217
229
234
186
179
205
307
370
349
329
317
359
405
427
474
525
604
622
580
506
393
299
241
310
457
659
769
789
740
615
512
403
319
350
350
326
270
131
-7
-202
-404
-577
-665
-679
-639
-620
-585
-538
-529
-552
-632
-764
-858
-947
-1041
-1133
-1265
-1391
-1517
-1639
-1769
-1879
-1914
-1923
-1826
-1613
-1423
-1212
-1118
-1129
-1055
-881
-617
-228
34
191
282
222
195
277
354
550
673
701
813
818
881
891
808
763
714
640
596
514
426
370
298
283
350
447
573
627
583
509
381
282
183
105
86
86
103
136
143
166
189
208
228
291
419
564
676
699
666
630
615
554
535
551
650
830
915
962
916
741
630
517
453
535
568
618
708
680
675
605
443
407
318
255
221
125
47
-57
-252
-465
-642
-801
-875
-934
-986
-1010
-1025
-1004
-981
-960
-930
-927
-896
-886
-906
-952
-1073
-1208
-1336
-1472
-1586
-1650
-1644
-1589
-1374
-1179
-1010
-874
-928
-916
-779
-654
-347
-70
46
275
309
323
464
510
643
756
698
731
702
647
647
556
531
562
519
506
473
314
194
19
-93
-46
11
150
239
272
298
262
211
161
132
143
138
145
172
177
228
254
240
264
303
400
530
639
748
842
916
972
970
970
994
1027
1089
1133
1118
1129
1036
943
884
746
719
700
666
699
669
615
582
494
431
366
274
205
118
-8
-140
-292
-466
-604
-744
-855
-935
-1020
-1114
-1215
-1279
-1316
-1335
-1326
-1295
-1233
-1167
-1134
-1130
-1148
-1152
-1215
-1321
-1424
-1493
-1477
-1472
-1405
-1237
-1054
-862
-750
-786
-698
-583
-366
-64
76
171
210
207
356
585
731
907
924
944
953
831
700
565
477
470
454
413
427
373
295
174
10
-62
-68
-14
61
120
146
109
45
10
-1
47
81
73
97
89
96
63
-38
-52
-24
70
194
295
380
485
538
599
666
738
881
990
1080
1157
1198
1231
1218
1153
1086
991
915
891
877
901
878
796
707
608
570
552
525
514
479
397
253
48
-147
-318
-449
-560
-655
-733
-829
-965
-1119
-1283
-1429
-1522
-1571
-1572
-1515
-1484
-1485
-1514
-1566
-1573
-1551
-1524
-1479
-1421
-1417
-1309
-1201
-1128
-950
-894
-829
-609
-457
-160
121
163
233
238
237
471
622
824
1071
1144
1244
1244
1151
1083
953
805
754
647
593
532
388
290
154
6
-107
-160
-116
-45
-49
-109
-204
-250
-241
-234
-173
-147
-107
-61
-97
-85
-121
-211
-242
-264
-208
-90
-17
84
175
230
305
379
468
644
777
913
1081
1183
1299
1334
1262
1227
1185
1198
1254
1249
1214
1098
952
835
764
747
752
757
733
684
565
394
215
36
-89
-191
-283
-377
-491
-627
-799
-1003
-1180
-1313
-1374
-1412
-1470
-1543
-1674
-1755
-1828
-1874
-1875
-1840
-1779
-1646
-1565
-1512
-1362
-1274
-1141
-1029
-1062
-968
-761
-569
-188
36
97
240
189
245
473
590
867
1066
1141
1315
1352
1326
1290
1165
1091
1068
951
887
784
631
531
345
173
87
39
57
28
-57
-141
-263
-341
-385
-382
-315
-297
-251
-217
-204
-196
-258
-334
-358
-366
-345
-295
-284
-217
-157
-116
-27
86
248
428
540
643
762
845
934
993
1023
1109
1189
1264
1333
1332
1276
1174
1045
961
945
920
909
870
781
700
551
386
247
104
-10
-110
-215
-308
-425
-604
-768
-945
-1100
-1177
-1236
-1282
-1297
-1370
-1453
-1558
-1703
-1795
-1880
-1917
-1885
-1806
-1717
-1555
-1374
-1249
-1123
-1083
-1084
-955
-780
-540
-224
-63
52
129
91
196
392
562
840
1004
1101
1233
1254
1288
1308
1253
1263
1250
1190
1178
1057
883
722
527
402
344
299
291
248
122
6
-132
-228
-259
-266
-240
-220
-194
-201
-215
-240
-279
-303
-312
-291
-253
-205
-181
-166
-184
-212
-186
-125
-19
159
321
459
561
563
596
640
698
823
920
1009
1090
1106
1083
1032
951
907
870
842
825
788
717
609
441
285
153
57
20
-33
-72
-128
-226
-361
-534
-726
-865
-978
-1046
-1088
-1146
-1246
-1358
-1516
-1634
-1693
-1751
-1729
-1684
-1673
-1542
-1399
-1311
-1197
-1171
-1158
-1018
-851
-632
-327
-192
-88
-40
-86
7
182
348
624
765
865
1008
1012
1038
1046
1004
1083
1168
1196
1243
1183
1057
953
756
593
517
450
484
459
345
237
87
-39
-106
-197
-217
-233
-211
-194
-222
-262
-315
-358
-386
-350
-295
-214
-143
-112
-91
-103
-151
-149
-133
-53
85
198
300
349
378
397
423
485
571
653
745
800
817
816
778
742
726
731
743
728
684
604
470
326
166
38
-38
-75
-109
-140
-190
-280
-382
-519
-650
-717
-790
-853
-917
-1039
-1165
-1291
-1402
-1468
-1505
-1505
-1482
-1429
-1301
-1169
-1049
-990
-1034
-1030
-913
-723
-410
-131
9
126
132
125
242
340
519
721
833
958
1011
997
983
934
897
918
927
970
1004
949
890
786
674
616
553
514
485
410
321
235
118
35
-18
-77
-118
-172
-250
-289
-326
-352
-380
-417
-419
-390
-326
-254
-205
-174
-147
-136
-105
-24
63
144
210
241
266
302
331
389
445
466
526
556
596
657
673
673
652
610
612
616
585
565
492
400
321
229
142
65
-26
-110
-217
-328
-454
-568
-653
-731
-802
-875
-948
-1033
-1110
-1197
-1273
-1336
-1386
-1395
-1365
-1368
-1274
-1172
-1095
-948
-932
-922
-772
-688
-491
-258
-214
-88
8
45
247
425
546
750
805
859
964
981
1023
1063
1019
1057
1040
994
982
867
780
711
601
591
609
581
576
491
370
278
170
91
78
39
15
-27
-120
-177
-233
-309
-330
-364
-364
-319
-310
-309
-311
-323
-307
-256
-191
-118
-54
-7
45
96
172
216
255
324
363
407
453
466
465
473
456
453
453
438
427
414
374
322
239
152
76
-23
-106
-173
-214
-229
-293
-394
-515
-651
-767
-861
-919
-959
-1003
-1118
-1246
-1341
-1412
-1397
-1355
-1325
-1267
-1140
-1043
-926
-836
-836
-806
-717
-598
-350
-98
15
130
124
122
252
378
549
759
869
986
1025
1043
1076
1080
1080
1115
1109
1133
1144
1083
1054
978
887
838
775
732
713
609
507
383
239
192
136
109
111
61
25
-27
-105
-156
-210
-275
-269
-275
-263
-233
-224
-220
-208
-218
-211
-189
-173
-115
-55
-1
84
119
129
145
140
179
254
298
357
387
389
402
368
328
283
245
223
213
180
106
1
-123
-219
-264
-292
-332
-402
-498
-648
-790
-908
-990
-1025
-1056
-1107
-1147
-1203
-1272
-1301
-1359
-1364
-1339
-1292
-1155
-1024
-916
-824
-844
-816
-705
-564
-312
-112
3
120
180
242
392
499
667
781
831
900
919
957
985
996
1006
1017
1028
1049
1030
986
918
836
793
766
770
800
770
731
694
585
514
463
388
356
285
200
128
57
10
1
-31
-43
-52
-65
-27
-8
-9
-16
-61
-75
-64
-73
-11
24
46
85
72
39
73
71
105
163
206
253
272
250
210
171
127
103
84
78
44
3
-78
-187
-259
-307
-350
-377
-449
-527
-599
-701
-770
-839
-913
-967
-1027
-1118
-1219
-1275
-1376
-1399
-1371
-1379
-1265
-1109
-997
-838
-793
-840
-780
-734
-614
-339
-197
-82
24
22
92
245
348
524
652
730
862
905
919
911
885
872
914
938
950
942
885
808
754
712
715
748
739
709
628
513
435
393
363
373
389
370
373
363
329
307
230
150
136
125
140
185
179
189
201
175
183
201
207
295
338
311
320
243
186
203
184
182
235
238
240
259
214
182
162
110
72
52
-25
-87
-162
-289
-366
-439
-485
-517
-565
-639
-717
-809
-887
-941
-994
-1055
-1122
-1206
-1246
-1266
-1263
-1239
-1224
-1185
-1077
-963
-867
-786
-766
-759
-697
-616
-478
-294
-172
-48
13
50
121
220
328
469
567
629
682
697
701
706
687
681
686
685
688
675
619
540
464
397
372
361
333
302
229
143
69
23
-5
-10
-11
3
43
51
86
96
74
64
78
124
236
303
362
409
390
372
392
393
461
559
587
634
647
601
610
635
612
644
656
635
620
563
478
416
348
292
259
213
103
1
-114
-245
-312
-392
-493
-572
-672
-778
-862
-968
-1059
-1146
-1222
-1285
-1355
-1386
-1400
-1420
-1411
-1396
-1375
-1312
-1179
-1060
-905
-797
-748
-650
-536
-412
-236
-66
16
143
221
272
396
488
568
695
753
796
853
853
851
880
846
829
814
768
737
698
614
548
504
442
411
359
279
205
105
12
-38
-112
-151
-159
-208
-215
-201
-250
-254
-295
-324
-292
-243
-161
-60
13
68
106
139
222
315
412
525
597
671
744
758
776
796
802
843
879
892
897
875
816
780
731
660
614
516
393
280
135
24
-59
-165
-274
-379
-534
-688
-786
-889
-961
-1024
-1156
-1266
-1352
-1475
-1484
-1525
-1562
-1534
-1500
-1436
-1278
-1184
-1107
-955
-943
-860
-706
-598
-401
-205
-153
-2
84
160
352
492
579
753
784
847
955
951
1011
1043
979
972
963
885
908
827
735
691
593
536
524
445
384
287
146
64
-18
-85
-105
-152
-221
-280
-354
-429
-476
-503
-528
-509
-457
-445
-406
-392
-386
-337
-286
-212
-107
9
104
204
276
315
381
455
520
625
703
762
805
817
824
839
832
802
759
695
618
546
456
369
304
218
135
29
-86
-224
-315
-397
-502
-572
-699
-803
-902
-1028
-1103
-1146
-1217
-1186
-1183
-1183
-1121
-1090
-1040
-925
-888
-824
-730
-658
-532
-413
-275
-149
-38
49
170
256
393
482
570
652
712
780
855
873
888
875
831
840
834
802
786
743
671
632
559
501
447
356
286
208
112
58
-12
-71
-104
-176
-249
-308
-401
-427
-440
-468
-468
-495
-526
-519
-519
-502
-443
-400
-374
-295
-259
-198
-122
-99
-40
16
74
178
267
331
398
452
485
530
554
564
580
541
496
439
395
355
346
309
255
151
29
-85
-162
-230
-278
-331
-426
-515
-625
-727
-788
-849
-883
-868
-924
-901
-880
-888
-823
-787
-744
-645
-598
-540
-430
-367
-260
-152
-75
44
147
219
310
390
464
568
645
717
763
823
844
847
847
805
784
780
750
729
695
622
581
507
435
399
346
282
269
174
83
33
-61
-88
-120
-195
-224
-269
-326
-329
-369
-375
-370
-390
-396
-367
-349
-316
-273
-257
-212
-167
-126
-75
-10
37
94
150
190
243
298
326
366
388
375
386
367
351
336
306
275
264
246
203
167
83
-24
-113
-201
-258
-289
-341
-375
-448
-554
-625
-698
-754
-775
-807
-842
-829
-835
-821
-769
-736
-672
-575
-522
-432
-361
-323
-254
-181
-95
17
132
212
298
355
414
486
578
652
721
771
777
791
788
763
760
749
703
683
644
586
554
487
434
399
331
281
225
127
76
8
-72
-101
-161
-214
-223
-275
-312
-300
-338
-336
-323
-343
-326
-299
-303
-258
-237
-224
-176
-123
-91
-34
29
70
136
180
202
249
284
314
368
383
392
408
379
367
355
295
278
254
219
220
176
88
10
-94
-200
-256
-304
-358
-379
-439
-547
-612
-711
-792
-793
-823
-835
-799
-826
-814
-771
-792
-733
-672
-666
-573
-493
-455
-354
-298
-247
-111
-35
80
233
310
390
476
479
539
619
665
754
820
830
847
841
786
805
781
738
725
676
611
590
502
428
382
295
254
220
139
98
54
-45
-87
-154
-214
-226
-263
-296
-306
-358
-369
-372
-395
-354
-313
-288
-234
-216
-206
-170
-167
-126
-53
-7
71
135
145
181
222
233
276
309
319
357
358
339
312
262
218
193
174
161
160
122
60
-23
-145
-237
-286
-340
-363
-400
-484
-563
-652
-741
-779
-808
-823
-821
-813
-823
-804
-804
-812
-773
-739
-691
-599
-536
-456
-355
-295
-208
-106
-31
71
163
245
338
408
469
546
614
667
736
776
810
827
837
832
812
795
765
740
709
665
627
573
510
458
401
335
294
225
166
111
28
-19
-71
-123
-145
-166
-202
-204
-229
-253
-251
-280
-263
-217
-197
-140
-113
-121
-100
-84
-55
12
62
130
183
199
225
242
259
289
310
319
332
320
299
276
240
193
152
118
80
64
41
-23
-96
-191
-291
-353
-399
-441
-467
-532
-615
-701
-787
-840
-854
-867
-861
-856
-856
-851
-858
-832
-831
-802
-753
-704
-626
-547
-496
-419
-358
-294
-180
-96
14
109
164
240
314
359
480
548
606
679
687
704
739
741
767
804
797
818
813
766
759
714
653
626
565
531
509
461
408
354
279
220
173
133
94
63
24
-16
-46
-80
-112
-125
-138
-120
-99
-91
-76
-65
-60
-52
-39
-9
35
62
97
112
124
132
140
151
168
185
198
199
192
169
140
100
66
28
4
-12
-38
-57
-99
-142
-218
-287
-361
-427
-482
-528
-572
-627
-690
-742
-789
-791
-801
-812
-806
-816
-831
-831
-838
-837
-804
-771
-751
-697
-645
-612
-540
-484
-436
-334
-267
-175
-80
-27
46
109
161
244
316
371
458
494
554
591
612
634
641
664
668
683
702
706
697
680
647
628
600
570
554
531
495
463
408
368
341
297
293
275
248
252
222
178
163
103
73
91
80
73
86
49
30
37
15
35
63
71
89
101
90
83
102
84
109
108
87
102
68
33
18
-15
-61
-73
-113
-142
-143
-188
-224
-251
-313
-370
-410
-463
-511
-535
-571
-590
-632
-672
-710
-721
-740
-747
-729
-736
-719
-697
-681
-651
-619
-606
-561
-554
-535
-480
-444
-386
-313
-275
-232
-176
-146
-86
-29
14
85
143
185
254
292
330
375
395
420
457
483
526
558
569
594
595
608
612
606
600
610
603
596
607
603
597
589
552
519
511
486
476
466
438
420
397
354
338
329
309
315
308
279
258
217
191
188
177
157
133
127
109
94
79
65
43
20
13
-11
-18
-32
-60
-94
-126
-156
-191
-220
-252
-263
-277
-310
-331
-363
-421
-473
-533
-576
-592
-600
-608
-632
-656
-686
-707
-707
-696
-665
-639
-635
-636
-618
-622
-601
-560
-543
-498
-478
-460
-414
-372
-340
-276
-222
-176
-126
-105
-63
-27
7
51
97
146
202
230
257
276
284
313
340
380
428
470
488
490
487
498
517
536
563
586
598
590
583
581
563
553
547
539
541
543
539
532
521
508
482
461
455
442
431
401
383
366
323
296
280
262
244
228
190
176
137
103
76
48
21
-8
-35
-78
-118
-151
-182
-209
-224
-262
-295
-329
-370
-408
-443
-460
-464
-482
-502
-525
-561
-586
-605
-613
-609
-612
-628
-649
-666
-676
-670
-658
-647
-621
-603
-583
-558
-531
-507
-494
-454
-418
-372
-325
-293
-269
-241
-210
-170
-122
-71
-9
29
55
82
90
115
154
189
234
264
284
313
331
349
372
376
401
422
437
452
456
462
471
470
480
494
494
502
508
508
512
513
519
523
510
491
483
477
465
451
437
420
388
369
340
305
284
272
251
242
233
204
188
154
120
98
68
35
19
-19
-59
-79
-121
-166
-208
-245
-283
-314
-350
-368
-396
-435
-464
-490
-508
-530
-535
-555
-568
-593
-619
-628
-628
-608
-601
-599
-608
-617
-634
-613
-593
-568
-531
-511
-479
-449
-415
-376
-332
-315
-293
-253
-230
-178
-143
-107
-65
-42
-13
19
59
105
144
174
206
236
269
290
312
330
341
363
378
389
403
428
441
443
438
434
447
453
462
471
468
460
454
453
457
448
435
439
429
426
417
402
385
364
349
333
325
309
296
281
255
235
213
196
171
154
135
121
97
63
42
14
-6
-32
-58
-80
-108
-147
-173
-200
-232
-258
-301
-338
-368
-398
-427
-453
-476
-492
-499
-523
-544
-563
-557
-564
-576
-573
-580
-570
-562
-553
-549
-536
-529
-505
-481
-445
-409
-389
-355
-327
-305
-267
-233
-196
-154
-117
-86
-52
-17
20
52
80
115
140
180
204
231
260
276
297
329
349
374
400
400
413
426
426
438
437
435
437
427
424
416
407
411
422
425
421
410
395
383
356
335
334
305
291
298
294
276
268
252
248
245
221
220
203
191
180
179
160
147
136
114
100
71
56
42
24
5
-29
-54
-89
-124
-148
-171
-197
-222
-252
-277
-303
-334
-362
-392
-412
-427
-437
-440
-441
-455
-460
-477
-505
-512
-522
-526
-516
-506
-491
-491
-489
-473
-447
-416
-385
-355
-324
-300
-269
-242
-209
-181
-161
-133
-108
-76
-46
-16
14
55
90
129
167
190
213
233
239
240
260
271
300
315
319
330
337
338
343
340
341
343
349
352
344
340
333
317
306
303
298
302
297
274
253
239
232
212
216
214
208
208
194
185
181
171
161
154
138
141
121
107
85
69
54
44
38
18
1
-18
-33
-56
-74
-95
-117
-141
-171
-200
-225
-258
-279
-293
-300
-314
-339
-336
-346
-353
-369
-376
-385
-390
-385
-400
-396
-392
-385
-380
-368
-363
-350
-340
-329
-319
-294
-282
-274
-249
-226
-185
-150
-127
-100
-60
-34
-7
22
36
66
103
123
160
183
199
225
245
270
285
299
312
322
330
343
344
345
335
321
333
335
331
326
327
322
312
307
298
282
269
256
239
228
223
228
224
213
205
189
180
172
160
139
140
138
126
126
120
114
99
92
71
68
57
41
36
16
1
-26
-33
-43
-66
-81
-92
-105
-121
-150
-163
-185
-200
-210
-232
-247
-254
-272
-288
-297
-309
-300
-304
-304
-319
-326
-326
-340
-335
-335
-321
-309
-294
-286
-275
-273
-258
-244
-228
-192
-176
-148
-125
-115
-94
-82
-63
-44
-17
4
40
65
94
125
129
146
163
181
188
208
219
230
237
231
229
232
233
223
222
224
228
234
227
218
211
202
205
196
191
182
173
172
160
161
153
151
141
138
132
128
113
105
97
82
67
49
36
8
-4
-10
-18
-24
-36
-54
-67
-76
-95
-106
-117
-128
-135
-155
-163
-169
-184
-187
-199
-197
-207
-213
-213
-225
-228
-233
-235
-231
-246
-247
-251
-260
-259
-269
-266
-265
-263
-254
-237
-226
-212
-211
-204
-186
-179
-163
-132
-121
-98
-68
-64
-50
-39
-27
-6
9
31
53
63
68
92
107
107
120
134
151
162
177
198
198
208
209
220
237
257
276
290
307
300
297
295
287
291
282
284
288
283
276
264
252
235
233
229
226
217
212
213
209
187
168
158
143
145
132
123
112
100
74
51
35
20
7
-11
-25
-45
-61
-82
-91
-97
-109
-128
-145
-156
-187
-205
-225
-237
-242
-259
-274
-278
-290
-301
-310
-309
-313
-326
-329
-335
-325
-323
-320
-308
-298
-287
-276
-270
-258
-255
-246
-225
-218
-204
-195
-179
-164
-154
-141
-118
-89
-67
-38
-9
17
32
50
76
92
112
136
167
180
192
217
231
249
263
270
283
290
294
299
307
307
304
308
309
318
321
317
331
328
327
337
334
327
322
320
312
309
300
290
280
266
251
231
223
209
193
194
181
173
167
151
121
90
72
49
29
12
4
-13
-41
-58
-75
-95
-113
-136
-139
-148
-171
-191
-209
-226
-242
-260
-275
-290
-298
-305
-314
-320
-329
-330
-337
-340
-342
-342
-335
-327
-317
-320
-317
-321
-310
-298
-284
-266
-256
-241
-226
-206
-195
-172
-156
-142
-116
-103
-84
-67
-54
-39
-23
-6
3
18
45
64
82
99
116
129
141
151
167
176
183
198
206
214
220
223
235
242
234
244
242
230
231
222
218
218
222
226
221
216
213
214
202
191
173
164
163
149
150
148
140
127
110
104
97
85
88
93
73
61
49
33
21
10
-1
-14
-25
-37
-46
-65
-75
-88
-108
-120
-134
-144
-158
-171
-181
-187
-195
-200
-211
-216
-232
-243
-251
-259
-255
-260
-266
-269
-264
-265
-260
-258
-246
-235
-232
-225
-222
-214
-207
-190
-176
-155
-134
-117
-95
-76
-54
-44
-28
-5
14
25
37
54
64
79
86
99
112
119
133
142
156
161
162
181
189
198
202
199
199
196
196
189
195
188
182
184
178
182
174
162
156
155
152
152
155
148
136
133
126
118
106
100
92
81
70
65
68
64
61
39
20
7
-1
0
-15
-21
-31
-42
-40
-44
-55
-61
-61
-65
-86
-89
-99
-113
-123
-136
-137
-146
-154
-157
-160
-167
-170
-173
-177
-186
-190
-196
-204
-208
-204
-200
-199
-198
-197
-196
-191
-189
-182
-176
-166
-158
-149
-134
-122
-107
-103
-91
-81
-67
-43
-26
-11
0
13
32
43
46
64
90
109
127
134
141
156
163
176
182
183
197
201
212
216
220
224
223
219
212
211
202
199
191
182
171
156
137
127
126
107
105
95
90
87
63
56
47
35
29
19
8
-1
-7
-15
-21
-26
-31
-40
-48
-51
-57
-59
-63
-59
-62
-73
-73
-72
-76
-77
-79
-85
-85
-99
-106
-107
-110
-108
-109
-116
-126
-123
-117
-118
-120
-120
-119
-124
-124
-126
-133
-130
-127
-126
-116
-106
-104
-91
-79
-77
-73
-72
-65
-58
-53
-43
-27
-15
-4
9
26
41
57
72
80
92
108
115
126
132
136
143
144
158
161
165
178
185
195
198
200
203
200
197
193
188
179
167
156
151
148
134
126
111
99
84
66
57
45
21
6
-6
-14
-19
-38
-58
-76
-97
-108
-112
-134
-150
-160
-160
-157
-163
-167
-178
-186
-177
-173
-169
-163
-164
-167
-158
-160
-163
-159
-162
-163
-152
-141
-131
-116
-107
-100
-88
-82
-81
-81
-78
-72
-62
-53
-51
-50
-43
-41
-28
-19
-7
2
-1
5
0
8
10
13
27
27
32
41
51
59
69
78
83
80
81
92
102
115
128
137
152
157
168
175
188
203
209
215
211
212
207
207
214
213
210
206
205
205
202
200
185
175
164
144
137
128
119
102
88
69
53
38
23
11
-6
-24
-39
-57
-77
-94
-103
-112
-122
-134
-141
-151
-159
-167
-176
-174
-184
-198
-195
-194
-196
-194
-197
-197
-189
-194
-193
-179
-172
-163
-163
-156
-150
-150
-143
-138
-127
-119
-114
-99
-84
-75
-68
-69
-66
-60
-66
-61
-50
-44
-42
-40
-32
-26
-20
-15
-15
-9
0
10
12
12
7
12
21
25
38
50
63
76
76
84
95
101
112
126
135
134
140
151
165
171
169
173
179
182
183
181
185
191
187
181
168
162
155
140
133
123
113
108
100
91
76
62
50
37
27
6
-7
-23
-40
-58
-78
-92
-102
-106
-110
-112
-126
-132
-128
-136
-133
-132
-138
-137
-138
-134
-135
-139
-139
-139
-129
-122
-119
-114
-109
-101
-97
-95
-88
-84
-83
-74
-68
-63
-55
-50
-49
-50
-43
-40
-36
-31
-24
-17
-14
-7
-5
-1
4
6
15
16
19
20
25
33
33
36
46
59
67
76
85
96
111
115
114
119
125
130
133
140
141
147
151
153
163
162
166
167
165
168
165
167
168
161
151
144
139
126
118
113
98
87
76
59
39
29
24
15
1
-12
-28
-46
-62
-74
-92
-104
-114
-124
-126
-134
-144
-146
-152
-160
-169
-179
-181
-186
-186
-182
-185
-181
-179
-179
-169
-165
-165
-163
-161
-157
-150
-143
-135
-120
-119
-110
-100
-95
-80
-77
-76
-66
-62
-59
-61
-61
-58
-57
-56
-57
-57
-54
-51
-42
-30
-21
-24
-29
-28
-26
-21
-20
-15
-4
10
24
35
53
62
78
81
88
103
111
118
128
145
152
164
171
185
192
192
198
204
209
206
205
196
193
200
202
200
202
194
186
175
165
156
139
123
114
102
90
71
56
43
29
20
12
2
-8
-12
-31
-46
-58
-80
-90
-103
-117
-123
-136
-146
-151
-149
-150
-155
-154
-155
-157
-156
-157
-154
-154
-160
-165
-165
-163
-160
-155
-146
-137
-126
-118
-111
-105
-98
-88
-83
-74
-60
-54
-49
-50
-50
-49
-50
-44
-45
-40
-40
-40
-34
-31
-25
-13
-5
2
11
17
29
36
43
49
56
63
68
76
85
97
105
114
132
140
158
164
168
178
190
206
210
212
216
217
210
211
211
210
211
215
215
213
209
197
189
181
169
163
148
139
129
113
95
79
59
41
26
5
-11
-23
-35
-46
-62
-76
-90
-103
-114
-128
-132
-139
-147
-153
-167
-179
-183
-186
-192
-192
-185
-187
-191
-188
-193
-194
-187
-183
-173
-158
-147
-140
-128
-130
-126
-108
-98
-90
-81
-71
-65
-66
-58
-52
-53
-47
-48
-43
-36
-31
-27
-27
-19
-14
-7
-4
-4
8
20
24
28
38
46
51
65
72
78
90
97
107
111
110
122
126
125
134
136
143
142
148
153
158
163
157
157
152
146
144
139
135
135
130
132
125
126
118
109
101
82
68
59
47
32
25
12
-1
-21
-25
-38
-51
-62
-74
-82
-98
-115
-133
-144
-154
-162
-168
-173
-176
-177
-188
-192
-197
-201
-200
-199
-192
-193
-195
-199
-201
-205
-204
-202
-195
-187
-185
-170
-161
-160
-152
-139
-125
-111
-110
-101
-92
-93
-82
-76
-61
-58
-52
-40
-36
-27
-18
-12
-4
6
18
28
37
52
62
76
83
94
109
113
115
120
124
135
148
158
165
177
195
194
202
209
219
221
218
219
211
221
225
225
224
221
212
207
203
194
190
185
183
181
175
170
161
144
133
123
114
101
90
73
60
55
43
25
15
7
4
-10
-32
-33
-44
-51
-61
-69
-76
-93
-96
-99
-107
-113
-117
-119
-127
-134
-134
-136
-143
-139
-144
-146
-146
-160
-163
-162
-159
-145
-148
-146
-141
-140
-131
-125
-117
-114
-108
-106
-107
-102
-100
-90
-79
-72
-57
-43
-28
-21
-12
-5
-3
5
6
21
27
27
35
37
46
50
63
71
80
89
90
97
103
113
121
123
125
121
121
134
134
132
136
140
147
147
146
141
138
131
123
122
118
116
105
104
99
88
86
79
65
59
50
42
35
24
17
10
0
-12
-21
-27
-33
-44
-59
-67
-78
-86
-89
-94
-99
-102
-104
-116
-119
-130
-137
-139
-147
-149
-150
-144
-141
-142
-149
-150
-150
-150
-156
-161
-164
-160
-158
-160
-154
-151
-151
-149
-148
-149
-142
-139
-130
-120
-121
-107
-111
-105
-92
-83
-61
-52
-41
-34
-25
-9
2
7
14
23
32
40
45
56
67
78
81
88
91
100
108
109
117
120
125
122
124
132
131
130
125
125
126
134
133
128
134
128
136
130
118
113
108
99
90
91
85
83
79
76
74
58
52
46
44
40
31
24
17
11
-1
-11
-22
-35
-41
-48
-54
-60
-62
-71
-78
-82
-89
-96
-97
-101
-112
-112
-116
-122
-128
-131
-131
-136
-131
-127
-129
-128
-134
-126
-124
-128
-123
-119
-104
-105
-99
-96
-99
-95
-95
-91
-94
-87
-84
-79
-79
-69
-60
-51
-36
-37
-14
3
10
24
33
47
52
54
61
65
77
90
95
110
122
127
127
132
141
145
156
162
160
160
167
167
164
164
162
155
151
148
150
155
154
151
144
141
141
127
122
116
110
105
98
96
98
97
90
92
85
75
72
60
52
46
42
38
34
26
27
18
9
3
-5
-7
-8
-7
-11
-14
-20
-23
-30
-37
-47
-55
-58
-66
-69
-80
-84
-93
-100
-106
-122
-116
-122
-130
-128
-130
-123
-124
-127
-131
-139
-137
-133
-135
-133
-130
-124
-115
-105
-103
-102
-91
-80
-74
-59
-54
-55
-40
-28
-19
-15
-3
-4
3
14
19
24
33
46
56
64
66
65
57
70
70
69
83
86
89
90
94
92
81
76
71
65
56
53
54
48
47
42
39
35
25
27
28
23
21
14
16
18
17
13
5
5
1
1
0
-4
-2
-4
-6
-8
-9
-17
-12
-9
-15
-10
-8
-4
-6
-11
-8
-12
-17
-18
-22
-25
-29
-34
-37
-36
-45
-48
-45
-48
-55
-59
-58
-63
-63
-58
-55
-54
-51
-53
-46
-43
-52
-57
-66
-60
-51
-47
-42
-41
-45
-48
-41
-44
-42
-33
-29
-24
-19
-15
-12
-3
6
14
15
22
34
39
45
54
60
67
74
83
84
85
86
85
89
90
95
84
80
82
76
73
70
67
61
60
57
51
50
49
45
38
37
30
27
21
18
20
18
17
19
19
9
6
8
4
7
10
12
13
17
17
15
13
4
-1
-4
-7
-9
-11
-4
-4
-8
-6
-2
-1
0
1
-5
-11
-7
-4
-7
-9
-12
-15
-24
-30
-26
-33
-37
-37
-38
-37
-42
-48
-52
-51
-49
-46
-48
-42
-41
-41
-38
-36
-33
-25
-25
-21
-18
-13
-2
-4
-5
-2
9
12
15
26
31
30
33
32
30
33
35
39
39
42
44
41
41
42
41
43
40
43
43
45
44
40
44
41
42
38
41
42
32
30
24
25
21
21
18
14
9
-1
-5
-14
-14
-13
-18
-20
-22
-23
-28
-31
-33
-41
-43
-41
-37
-33
-33
-32
-37
-36
-37
-35
-40
-46
-41
-43
-42
-41
-41
-37
-35
-33
-37
-36
-37
-34
-38
-40
-31
-30
-36
-35
-30
-34
-35
-32
-34
-37
-33
-34
-32
-28
-27
-20
-22
-24
-21
-21
-20
-17
-16
-14
-9
-9
-9
-1
2
1
0
3
4
9
13
15
15
18
28
29
24
29
37
36
41
48
45
51
52
50
51
52
48
43
45
43
39
37
37
37
33
33
31
33
35
32
29
26
24
24
22
19
20
14
14
13
12
10
7
4
-3
-2
1
-1
-5
-1
-4
-7
-12
-12
-15
-19
-16
-22
-26
-23
-25
-30
-32
-30
-33
-32
-31
-32
-29
-31
-31
-32
-30
-24
-20
-21
-22
-21
-16
-15
-17
-17
-14
-14
-12
-13
-13
-11
-10
-12
-11
-6
-6
-7
-9
-7
-4
-6
-4
-1
3
11
13
12
16
16
15
15
16
20
24
26
25
29
32
30
26
25
27
28
26
26
26
27
26
25
30
30
31
30
28
27
28
22
23
23
23
22
15
16
10
8
6
5
1
2
0
-3
-3
-9
-14
-14
-17
-16
-17
-20
-19
-24
-27
-24
-31
-35
-37
-38
-42
-40
-37
-39
-33
-32
-36
-37
-33
-31
-33
-33
-29
-30
-30
-30
-30
-31
-30
-26
-27
-25
-23
-21
-19
-14
-11
-10
-9
-7
-4
-4
-2
0
3
7
10
13
14
16
18
19
19
18
19
21
24
24
27
32
34
34
34
35
36
35
34
34
34
33
33
31
33
31
26
27
26
24
23
22
19
20
18
14
13
12
10
7
6
1
0
-2
-5
-8
-11
-14
-16
-20
-22
-24
-26
-26
-25
-29
-28
-27
-25
-25
-23
-22
-23
-23
-25
-26
-25
-24
-26
-26
-27
-27
-26
-26
-23
-23
-23
-20
-19
-16
-14
-11
-11
-8
-7
-3
-4
-4
-5
-5
-3
-4
-3
-5
-3
-4
-4
-1
4
7
8
11
12
14
17
15
15
16
16
16
14
15
16
14
15
16
16
17
17
18
19
20
22
21
24
25
25
29
30
29
31
29
28
27
26
24
23
21
21
21
19
18
16
12
9
8
7
7
9
8
6
3
3
3
1
-1
-4
-3
-4
-9
-10
-13
-14
-16
-19
-18
-21
-23
-24
-24
-24
-23
-23
-24
-22
-20
-18
-19
-19
-19
-21
-23
-21
-22
-21
-19
-21
-21
-22
-19
-18
-19
-18
-16
-16
-12
-13
-11
-7
-6
-6
-5
-3
-1
-3
-4
-1
-2
-2
-2
-1
-2
-2
0
0
2
4
6
4
6
10
