2
2
1
2
2
3
4
5
6
6
7
8
9
10
10
9
9
8
6
5
4
2
3
2
2
2
3
3
2
3
4
4
4
6
6
6
6
6
6
6
6
6
5
5
4
4
4
2
1
0
-2
-3
-4
-4
-5
-6
-5
-5
-4
-4
-3
-1
1
1
2
1
2
0
-1
-1
-2
-3
-4
-7
-7
-7
-6
-6
-7
-6
-6
-3
-3
-3
-2
-1
-1
0
1
1
1
1
1
1
2
0
0
-1
-4
-5
-4
-6
-6
-6
-6
-6
-6
-5
-3
-2
-1
1
1
2
2
1
2
0
-1
0
-1
-1
-1
-1
-1
-1
-3
-3
-2
-1
-1
-2
0
-2
-1
1
0
1
2
3
2
4
5
4
4
4
4
4
3
2
2
2
2
1
0
1
0
2
3
3
4
5
4
5
5
5
5
4
3
2
1
1
-1
-3
-2
-4
-5
-5
-6
-6
-6
-6
-5
-4
-5
-4
-2
-2
-1
1
1
3
2
3
2
2
2
0
-1
-3
-3
-5
-5
-6
-7
-6
-7
-7
-6
-4
-3
-4
-3
-2
-1
-1
-2
-3
-2
-2
-2
-2
-1
-2
-2
-3
-3
-3
-3
-1
-2
-2
-1
-1
-2
-1
-1
-1
1
0
0
0
2
1
0
0
0
-1
-1
-2
-2
-1
-1
0
-1
-1
-1
0
0
2
3
4
3
4
3
4
4
3
2
2
2
2
2
0
-1
-1
-2
-2
-3
-2
-2
-1
0
1
1
1
3
3
4
4
4
4
4
5
5
5
4
3
4
3
4
3
3
2
2
1
-1
0
-1
0
0
1
0
0
1
1
1
1
1
0
1
1
2
1
2
1
2
2
2
2
2
2
2
2
2
2
1
1
1
1
1
1
3
2
2
3
2
3
1
0
0
-2
-1
-1
-1
-2
0
0
2
3
4
4
4
5
3
3
4
4
3
4
2
1
1
-1
-1
-2
-2
-5
-5
-6
-7
-7
-8
-7
-5
-4
-2
-1
-1
2
1
1
2
2
3
3
1
1
0
1
1
1
0
-1
-1
-2
-2
-3
-4
-5
-7
-7
-8
-7
-6
-6
-6
-5
-3
-4
-4
-4
-4
-3
-5
-4
-2
-2
-2
-1
-3
-3
-2
-2
-2
-3
-5
-6
-7
-6
-8
-7
-7
-7
-9
-6
-6
-7
-4
-5
-4
-4
-3
-3
-4
-3
-4
-3
1
2
3
5
6
6
8
7
8
6
6
7
6
6
5
4
5
4
5
3
2
3
1
0
0
-3
-1
-3
-1
-1
0
1
2
3
3
3
3
3
3
2
3
3
4
3
2
3
3
3
4
2
2
1
-1
0
-3
-2
-4
-4
-3
-4
-3
-3
-2
-3
-4
-3
-3
-3
-2
-2
-2
-1
-2
0
1
2
3
3
3
2
2
0
2
0
-1
-1
-2
-2
-5
-3
-4
-3
-2
-3
-4
-5
-5
-6
-3
-4
-3
-3
-1
-1
0
2
4
7
9
8
5
5
3
2
2
3
3
-1
-1
0
2
4
1
1
-2
-3
-4
-4
-6
-6
-6
-6
-3
-1
1
4
4
4
5
3
3
-1
2
1
-1
0
0
4
3
3
4
4
4
-1
1
-6
-7
-9
-9
-6
-7
-7
-7
-5
-3
2
5
5
2
-3
-4
-6
0
4
3
7
7
4
4
6
10
11
12
13
3
-2
-7
-11
-15
-9
0
1
2
4
-1
-7
-4
2
5
4
3
-8
-13
-10
-5
3
10
18
14
12
16
12
8
5
3
-2
3
6
-4
-4
-12
-13
-6
13
29
20
2
-9
-22
-28
-6
13
12
4
-13
-14
-13
1
23
27
20
10
-2
-4
-3
-1
-2
0
-1
2
7
14
15
4
-2
-4
-1
4
2
-2
-18
-31
-26
-17
1
13
11
2
-5
-4
2
-7
6
7
-4
-4
-6
-6
-12
-7
14
17
28
26
19
2
-12
-9
-11
-6
2
3
-3
-11
-18
-14
-5
9
18
16
6
-5
-19
-21
-17
-6
1
7
7
4
-5
-7
6
13
19
18
0
-7
-20
-16
0
-2
7
-3
-12
1
3
10
9
-6
-10
-22
-15
2
4
4
-10
-16
-14
-2
17
29
31
9
-10
-14
-17
-1
4
11
7
-5
-1
3
12
16
5
6
3
6
4
-7
-9
-19
-30
-21
-2
20
16
12
13
0
-8
-4
12
15
5
0
-13
-15
-2
-2
4
13
18
14
2
18
0
-21
-9
-7
-6
-2
3
2
-25
-15
-4
-4
11
20
22
6
-9
-11
-36
-5
9
19
24
7
7
-9
-10
9
3
13
9
14
4
-10
-17
-22
-7
4
8
10
14
-3
-19
-22
-10
-11
-18
5
15
4
-10
-24
-12
-18
28
33
21
7
-10
-2
-18
-11
23
-3
7
1
-8
-6
-10
-14
5
15
20
1
-32
-15
-16
-14
-11
-5
-5
-21
2
-5
-8
17
-6
11
1
3
8
-16
9
16
-8
-11
-11
-1
-2
9
22
13
-15
-15
11
1
22
8
-16
-14
-16
6
4
-6
26
-21
0
16
-11
-6
5
9
19
9
17
3
-19
-14
-15
14
39
9
-4
-8
-26
-18
-10
9
23
9
32
-12
-37
6
-33
-19
3
25
36
-13
-12
-32
-7
1
22
50
16
29
-53
-41
30
-10
34
13
1
5
-14
2
-11
-15
14
29
-1
29
-26
-51
-42
-31
38
21
48
43
-27
-11
-60
9
14
32
65
-10
-31
-41
-25
21
32
31
22
18
32
13
-28
-24
3
-44
-36
15
50
19
-19
-20
34
-15
-6
29
3
49
-21
-43
-31
-25
29
-15
-18
25
22
22
12
30
26
-23
-24
-8
11
-11
-29
-11
5
4
12
-11
0
-13
2
25
7
-30
-18
15
-9
-33
-20
4
18
-4
47
28
-14
-24
-32
13
5
-2
8
8
-4
-16
19
35
-17
-46
-34
23
16
-5
28
13
-58
-32
-41
10
24
-17
38
10
-24
-12
-24
9
6
2
3
33
-12
-8
3
-9
0
-15
26
29
-38
3
24
30
-20
7
17
-46
-21
3
62
5
-12
-22
-45
11
13
11
-19
-33
27
-34
55
47
-2
-33
-74
-11
7
65
36
7
17
-18
-33
-42
23
50
-9
5
-32
33
-19
14
48
-41
-13
-43
42
83
22
12
1
-59
-35
21
0
39
44
-48
-14
-32
23
35
-2
75
18
-11
10
-12
-8
-18
12
-23
-65
1
25
4
13
24
5
7
-25
-16
-2
-2
-13
-23
28
22
-55
-18
-10
1
23
45
37
-10
-34
-16
10
-52
1
1
43
18
-29
66
-18
5
-6
8
10
-40
-3
-24
10
10
-34
37
-3
-29
-2
-12
23
45
35
26
-50
-45
-25
-23
29
-14
7
16
-42
-61
-2
14
38
37
55
42
-70
-69
-22
15
101
3
-13
-42
-80
-9
-39
18
54
13
63
20
0
15
-62
-47
-16
-4
50
-10
-32
63
-6
-2
-16
-9
18
-17
-26
48
-46
-21
-46
17
28
-65
20
36
50
45
8
27
-49
-96
-12
-52
41
-25
-22
-20
-20
22
0
88
62
-30
-37
39
-2
-13
-20
7
-20
-62
44
57
14
12
-28
8
-68
61
66
-3
45
-56
14
-79
-30
11
-10
107
52
-39
-23
-47
-58
23
63
88
21
-113
-28
-6
-30
34
26
25
-30
-53
-45
-20
-24
-24
12
29
-17
-32
-27
18
-16
-106
-35
78
49
122
37
-33
-141
-193
-91
118
86
64
-33
-98
-104
-117
15
139
53
-21
22
14
-6
-93
3
-46
-58
64
70
13
-59
-47
46
47
123
9
-32
-74
-20
-37
20
171
128
139
76
-76
-131
-14
95
118
14
47
122
-30
-196
-47
135
71
60
90
127
79
-74
-1
-46
-85
-36
62
170
107
-45
-96
-3
-15
6
150
93
-35
-143
-33
189
52
15
-2
5
-40
-112
-59
145
193
63
6
-133
-346
-162
89
236
122
42
35
-120
-195
-19
56
81
43
-86
-79
-7
-54
-133
-99
-53
8
145
181
90
-60
-157
-141
-130
38
86
82
-9
-170
-88
-82
-61
13
31
91
19
-59
-2
-48
-101
-85
33
113
7
63
18
-58
-133
-75
183
179
167
37
-83
-152
-199
20
127
216
185
-31
-118
-236
-78
133
97
60
-4
18
-6
-101
-51
-22
13
43
87
102
-27
-16
-14
-70
-72
-11
-17
-22
40
13
66
-20
-89
-50
-27
104
48
-26
-131
-135
-136
-82
113
73
0
-85
-149
-112
-41
194
204
-74
-131
-164
-220
-171
-26
69
127
109
82
8
-131
-21
56
-25
22
22
84
48
-23
-1
-36
6
-1
-6
60
90
-37
10
-66
-45
18
-42
-34
-90
100
162
10
-5
-58
-106
-59
87
177
134
115
-50
-83
-29
74
89
109
56
-149
-158
-128
23
147
105
15
-92
-61
-31
-112
117
99
-6
-126
-112
-101
-187
-70
21
107
135
43
-97
-126
28
67
9
-49
-57
-17
-111
32
16
-96
-40
-30
141
141
92
8
-86
-107
-151
-92
42
184
112
-88
-46
-127
-159
-47
105
148
38
119
-39
-151
18
-76
19
23
32
119
32
56
-82
-103
101
70
206
204
146
28
-54
-46
-91
6
23
107
75
-126
-107
-99
43
109
109
101
-98
-144
-126
-5
103
112
-37
-142
-4
99
152
74
60
25
-65
-23
9
-74
-136
-7
58
65
96
105
-20
-161
-77
14
86
66
77
-3
-168
-168
-172
-73
45
166
201
110
49
21
-114
-83
104
91
-121
-52
29
-30
-128
-40
85
126
92
250
183
96
-19
-120
7
-41
17
-48
-71
-7
-114
-83
-103
-34
-1
17
176
109
-2
-136
-194
-54
41
95
71
-56
-73
-100
-11
80
149
186
63
-53
-59
-39
-62
-8
59
-31
12
-42
-38
25
48
86
-14
-1
22
-99
-198
-114
-117
-108
-95
-32
23
21
68
2
-3
38
46
77
43
22
-41
-151
-102
-15
32
67
22
24
-41
-12
13
14
-59
0
-17
-34
-9
5
-68
-58
-90
-10
-18
28
61
-62
19
-15
4
-44
-27
54
31
27
60
43
-47
-93
59
13
41
6
-29
-11
-39
51
39
27
66
47
65
89
-38
-98
-24
-74
-49
-17
17
83
-71
-70
74
-62
52
46
2
56
-67
-110
28
-61
-115
-83
-17
5
-15
53
54
15
-28
-58
28
50
26
11
9
61
6
25
135
89
96
79
116
107
10
35
-5
-27
-22
-70
-65
42
51
-22
21
12
-14
-65
-16
-47
-166
-63
-35
-91
-23
10
27
-47
-28
41
-31
13
24
87
244
183
10
-6
-49
-40
-71
38
130
25
-87
-71
-52
-63
-70
-111
-33
-34
-65
-18
-72
-110
-119
-109
-17
-1
13
6
61
-39
-41
13
9
38
20
84
75
20
11
-36
-1
94
44
-2
20
37
-7
-21
11
3
-8
-2
-6
31
7
35
40
-21
58
20
-25
-41
-8
50
108
71
113
118
112
90
21
85
45
26
23
-42
-56
-75
-39
54
6
116
57
51
-4
-3
-51
-19
-11
-155
-119
-31
-49
-40
14
6
67
22
28
51
-42
-78
-73
-152
-92
-62
-16
21
26
139
67
66
105
85
38
-10
-14
-58
-28
-36
-45
-65
-17
93
96
106
46
20
-12
-32
14
-20
-76
-167
-73
0
-20
36
71
43
14
1
-68
-78
-9
-14
0
37
63
48
4
118
219
175
67
71
-51
-85
-70
-26
-13
-15
-5
-10
-32
109
70
-44
-9
-19
-35
-48
-44
-114
-191
-198
-113
-122
0
44
51
32
33
-28
-54
-59
-4
-50
-47
-41
-1
-5
10
-5
-38
28
-37
27
75
54
66
-72
-68
-100
-64
15
6
9
39
44
-29
-12
18
23
30
40
50
49
33
8
27
67
51
15
46
46
24
-8
-35
-58
-73
-79
-65
-28
11
68
4
86
60
-9
-20
-45
-69
-63
-43
24
52
87
67
-5
-50
-60
-28
-5
46
43
30
22
-69
-93
-46
-35
21
29
29
15
-28
-18
-52
-100
-107
-45
-38
-31
12
35
60
70
37
64
84
47
21
38
14
-30
-61
-82
-121
-161
-75
-16
61
93
129
112
-13
-82
-170
-139
-97
-92
-81
-33
-42
-65
-53
-21
92
73
58
89
96
60
-5
0
13
24
-2
91
63
43
58
27
62
37
19
34
-5
-11
-62
-125
-120
-75
-28
27
124
113
104
72
36
40
7
-29
-47
-71
-46
-26
-4
14
81
125
97
116
117
84
14
-24
-46
-113
-81
-67
-96
-85
-60
-66
-60
17
77
127
125
98
57
7
38
33
-21
-68
-83
-77
-81
-1
37
47
52
79
120
94
70
61
63
-4
-31
-39
-34
10
13
19
14
-27
-47
-49
-14
24
27
1
-41
-29
-23
-14
9
7
-3
-29
-15
-2
-3
-8
-18
-18
-47
-65
-36
-15
23
10
-6
-8
26
34
6
21
-17
-39
-72
-116
-84
-54
-11
6
22
40
39
60
65
78
66
37
-9
-10
-7
-23
-2
23
18
-2
-24
-35
-62
-65
-58
-62
-68
-50
-52
-75
-80
-75
-43
-41
-30
-3
14
12
-6
-2
-6
-6
17
11
37
43
28
58
58
78
65
42
43
17
-10
-52
-74
-58
-75
-72
-64
-39
-12
-13
-4
2
16
-9
-9
4
-23
-21
8
9
5
-8
-11
-23
-2
1
-3
22
30
58
62
75
93
78
78
66
70
99
95
76
50
32
29
19
-12
-15
-31
-46
-53
-41
-15
-11
20
34
50
64
77
86
66
53
26
16
-1
-23
-32
-22
-14
-15
13
4
-23
-31
-46
-36
-56
-72
-78
-88
-85
-85
-73
-58
-56
-63
-67
-68
-77
-80
-94
-99
-75
-59
-29
-23
11
31
45
52
41
27
6
-26
-36
-30
-21
-20
-6
17
29
55
68
90
103
79
62
21
-23
-23
-52
-40
-15
-14
-10
13
40
55
55
35
45
13
-27
-29
-53
-73
-98
-118
-111
-97
-85
-79
-69
-75
-68
-69
-89
-70
-80
-76
-70
-57
-47
-15
-5
-2
6
15
10
-3
0
-1
-5
-12
-3
7
21
33
30
26
43
49
72
83
104
96
103
100
79
78
84
99
96
103
114
125
148
165
185
189
188
208
214
227
219
215
221
223
229
221
204
198
187
176
160
125
79
48
44
34
26
6
-19
-35
-37
-48
-59
-73
-100
-139
-175
-206
-223
-278
-333
-360
-395
-417
-441
-459
-495
-523
-540
-567
-601
-626
-635
-642
-666
-684
-679
-698
-714
-710
-707
-685
-605
-465
-298
-154
-4
189
461
716
956
1144
1287
1390
1453
1486
1433
1320
1150
936
726
576
396
177
-8
-138
-225
-295
-378
-430
-445
-442
-404
-379
-350
-297
-233
-120
20
177
356
506
669
869
1056
1219
1342
1403
1455
1499
1513
1456
1320
1164
1000
837
653
422
168
-53
-249
-453
-632
-807
-973
-1071
-1148
-1185
-1222
-1253
-1229
-1195
-1129
-1038
-944
-881
-822
-739
-655
-547
-499
-466
-444
-463
-460
-529
-616
-703
-842
-971
-1147
-1353
-1530
-1703
-1831
-1832
-1697
-1553
-1353
-1108
-730
-201
286
777
1159
1523
1921
2163
2281
2278
2169
1983
1741
1498
1282
1020
634
355
170
49
-42
-230
-371
-427
-440
-473
-596
-712
-793
-861
-911
-943
-946
-939
-887
-798
-596
-323
-36
263
570
927
1325
1704
1982
2161
2286
2384
2416
2288
2049
1739
1405
1110
767
440
131
-128
-327
-480
-576
-636
-661
-701
-686
-662
-634
-607
-638
-628
-589
-526
-436
-384
-301
-191
-45
101
230
340
437
546
598
610
572
474
358
229
50
-143
-362
-600
-844
-1091
-1315
-1535
-1746
-1966
-2127
-2250
-2350
-2452
-2560
-2589
-2590
-2515
-2403
-2171
-1800
-1447
-994
-567
55
753
1363
1976
2448
2940
3332
3502
3563
3460
3265
2900
2423
1937
1432
897
253
-266
-711
-1035
-1353
-1717
-1919
-2046
-2048
-2085
-2150
-2139
-2078
-1956
-1861
-1713
-1509
-1288
-992
-701
-296
121
554
1016
1450
1941
2391
2805
3106
3269
3389
3419
3341
3104
2751
2324
1873
1432
909
400
-75
-454
-746
-1015
-1208
-1331
-1355
-1346
-1277
-1181
-1055
-892
-764
-617
-459
-287
-94
65
221
377
555
687
778
856
911
958
922
851
723
577
411
194
-45
-308
-575
-844
-1138
-1426
-1699
-1925
-2172
-2382
-2541
-2688
-2788
-2892
-2930
-2889
-2789
-2643
-2330
-1912
-1432
-906
-400
284
1046
1738
2401
2860
3327
3726
3872
3870
3705
3403
2996
2458
1866
1333
745
74
-471
-950
-1299
-1630
-2020
-2244
-2346
-2360
-2394
-2447
-2422
-2312
-2116
-1986
-1812
-1580
-1301
-952
-602
-188
260
728
1207
1689
2154
2614
3008
3255
3420
3498
3482
3373
3081
2707
2253
1781
1312
790
293
-137
-451
-708
-933
-1091
-1173
-1144
-1081
-1020
-939
-841
-684
-547
-423
-299
-168
-24
88
188
293
414
515
578
622
666
685
653
592
501
389
260
77
-135
-358
-586
-792
-1064
-1310
-1529
-1779
-1958
-2146
-2323
-2426
-2572
-2643
-2702
-2715
-2668
-2595
-2310
-1956
-1525
-1072
-624
61
783
1472
2098
2559
3074
3453
3646
3674
3538
3244
2834
2331
1793
1278
631
-31
-581
-1026
-1349
-1755
-2154
-2381
-2499
-2530
-2642
-2724
-2728
-2628
-2482
-2393
-2226
-2002
-1693
-1358
-979
-503
31
571
1128
1705
2308
2905
3393
3720
3990
4130
4173
4063
3733
3351
2878
2362
1777
1125
517
-6
-451
-840
-1170
-1393
-1499
-1522
-1502
-1443
-1344
-1184
-994
-817
-628
-435
-250
-51
134
313
485
647
793
911
1021
1101
1156
1152
1113
1058
964
818
596
353
75
-205
-518
-884
-1204
-1561
-1870
-2152
-2420
-2602
-2808
-2966
-3095
-3163
-3146
-3117
-3011
-2726
-2278
-1817
-1285
-838
-123
696
1418
2147
2571
3111
3569
3719
3816
3596
3339
2903
2329
1779
1181
559
-190
-772
-1262
-1639
-2021
-2438
-2635
-2761
-2741
-2790
-2847
-2780
-2689
-2466
-2324
-2088
-1772
-1456
-1036
-634
-121
419
982
1554
2111
2736
3307
3784
4096
4325
4448
4452
4305
3927
3488
2945
2362
1727
977
294
-302
-790
-1215
-1566
-1815
-1932
-1910
-1874
-1765
-1628
-1434
-1182
-943
-691
-473
-243
-21
190
432
623
808
951
1082
1212
1278
1328
1289
1232
1162
1035
875
638
365
107
-216
-528
-853
-1200
-1471
-1831
-2094
-2354
-2597
-2714
-2954
-3046
-3118
-3165
-3050
-3029
-2721
-2300
-1880
-1275
-856
-104
744
1473
2285
2742
3342
3811
3993
4080
3873
3614
3164
2575
1959
1332
685
-96
-666
-1227
-1582
-1969
-2413
-2598
-2767
-2720
-2805
-2865
-2795
-2729
-2506
-2392
-2185
-1903
-1632
-1252
-892
-394
141
682
1255
1812
2433
3021
3540
3898
4199
4367
4410
4299
3956
3528
3002
2442
1792
1050
346
-281
-775
-1207
-1565
-1819
-1942
-1922
-1874
-1747
-1592
-1377
-1131
-878
-615
-387
-133
61
291
504
673
842
950
1077
1169
1253
1298
1265
1204
1118
993
827
594
320
35
-295
-564
-917
-1245
-1584
-1971
-2190
-2516
-2728
-2919
-3214
-3234
-3410
-3376
-3308
-3290
-2850
-2442
-1921
-1243
-795
95
983
1728
2628
3044
3697
4122
4252
4348
4050
3739
3200
2531
1883
1211
485
-362
-990
-1547
-1899
-2307
-2753
-2939
-3071
-2954
-3059
-3070
-2991
-2909
-2635
-2553
-2260
-1935
-1643
-1210
-815
-235
386
983
1579
2171
2827
3448
3956
4237
4482
4577
4574
4384
3939
3468
2850
2261
1568
809
124
-489
-948
-1375
-1708
-1908
-2011
-1977
-1893
-1763
-1560
-1335
-1074
-801
-517
-229
48
275
496
734
943
1143
1269
1380
1454
1498
1485
1401
1291
1138
950
702
380
43
-297
-693
-1040
-1414
-1787
-2119
-2489
-2759
-2989
-3214
-3356
-3529
-3629
-3645
-3647
-3541
-3411
-3048
-2519
-1987
-1312
-690
198
1188
2016
2920
3457
4103
4586
4740
4796
4470
4099
3496
2811
2123
1372
584
-319
-974
-1544
-1956
-2370
-2832
-3006
-3126
-3089
-3193
-3254
-3143
-3025
-2756
-2630
-2337
-1968
-1589
-1097
-627
-10
652
1318
1964
2614
3289
3931
4403
4686
4901
4958
4904
4613
4071
3481
2805
2139
1362
546
-186
-817
-1274
-1725
-2043
-2242
-2299
-2227
-2142
-1995
-1786
-1522
-1246
-941
-647
-344
-39
214
514
804
1077
1281
1458
1597
1720
1791
1736
1672
1507
1332
1075
753
405
1
-365
-824
-1217
-1624
-2038
-2373
-2786
-3030
-3273
-3492
-3589
-3810
-3788
-3789
-3752
-3542
-3387
-2724
-2201
-1546
-812
-217
1013
1819
2841
3606
4066
4892
4983
5212
5009
4596
4136
3259
2647
1767
1063
74
-818
-1415
-1975
-2238
-2840
-3111
-3291
-3257
-3199
-3392
-3259
-3240
-2932
-2735
-2581
-2191
-1891
-1367
-923
-349
341
1043
1748
2369
3038
3678
4308
4622
4806
4840
4782
4636
4105
3460
2700
2032
1322
463
-311
-1042
-1482
-1875
-2231
-2437
-2545
-2459
-2349
-2209
-2020
-1725
-1475
-1182
-867
-554
-138
135
452
734
1071
1386
1562
1743
1813
1956
1972
1864
1732
1488
1280
959
574
173
-240
-675
-1097
-1557
-1960
-2314
-2709
-3014
-3274
-3497
-3582
-3772
-3883
-3866
-3898
-3613
-3513
-2958
-2341
-1817
-857
-434
757
1760
2590
3708
3950
4893
5160
5282
5311
4709
4436
3474
2781
1886
1083
234
-834
-1444
-2105
-2307
-2861
-3194
-3376
-3405
-3162
-3395
-3254
-3240
-2924
-2589
-2499
-2091
-1798
-1213
-676
-114
547
1284
2048
2703
3343
3897
4538
4847
5019
4969
4803
4635
4077
3416
2548
1795
1109
276
-507
-1254
-1716
-2046
-2344
-2562
-2648
-2583
-2424
-2266
-2116
-1840
-1594
-1299
-1027
-716
-296
18
378
673
1061
1465
1708
1925
2023
2150
2217
2122
1922
1657
1360
1023
594
99
-335
-835
-1250
-1701
-2131
-2401
-2797
-3011
-3299
-3469
-3472
-3647
-3619
-3718
-3683
-3467
-3350
-2832
-2285
-1734
-867
-351
729
1811
2627
3798
4119
4969
5378
5392
5513
4846
4501
3591
2708
1891
918
113
-996
-1664
-2259
-2521
-2933
-3331
-3474
-3536
-3219
-3411
-3307
-3312
-3082
-2657
-2604
-2158
-1899
-1322
-703
-151
605
1312
2143
2854
3477
4066
4664
5007
5136
5016
4754
4522
3931
3232
2333
1485
831
40
-665
-1350
-1817
-2016
-2239
-2360
-2369
-2322
-2125
-1974
-1828
-1585
-1401
-1158
-955
-700
-292
30
396
717
1076
1573
1881
2122
2261
2331
2441
2308
2088
1780
1386
1045
537
30
-429
-961
-1341
-1819
-2180
-2427
-2752
-2889
-3216
-3222
-3391
-3366
-3417
-3640
-3425
-3678
-3241
-3172
-2586
-1944
-1525
-492
-68
1451
2188
3301
4147
4411
5485
5167
5561
4948
4412
3789
2537
1980
681
150
-1092
-1803
-2315
-2736
-2733
-3334
-3280
-3495
-3119
-3111
-3198
-3081
-3145
-2626
-2593
-2221
-1954
-1495
-782
-267
574
1252
2183
2934
3579
4205
4723
5184
5254
5163
4820
4486
3959
3211
2347
1401
691
-26
-698
-1318
-1804
-2026
-2138
-2194
-2186
-2118
-1978
-1809
-1682
-1507
-1357
-1194
-1008
-786
-453
-81
285
661
1053
1509
1914
2201
2395
2458
2499
2389
2161
1818
1395
954
449
-59
-585
-1053
-1497
-1892
-2242
-2482
-2742
-2888
-3136
-3222
-3265
-3386
-3289
-3592
-3441
-3565
-3453
-3113
-2762
-2041
-1504
-711
7
1260
2256
3383
4160
4635
5445
5373
5616
5059
4520
3807
2601
1928
768
169
-867
-1665
-2122
-2470
-2505
-2927
-3097
-3277
-3045
-3108
-3214
-3341
-3449
-3134
-3095
-2728
-2466
-1942
-1243
-619
324
1154
2192
2997
3680
4336
4875
5343
5411
5252
4873
4456
3901
3189
2315
1385
678
-43
-555
-1130
-1540
-1755
-1941
-1903
-1991
-1883
-1903
-1828
-1766
-1721
-1535
-1512
-1332
-1187
-820
-385
55
514
949
1480
1950
2356
2570
2692
2677
2597
2355
2018
1605
1096
616
52
-395
-897
-1318
-1709
-2084
-2228
-2537
-2606
-2859
-3064
-3029
-3292
-3128
-3454
-3496
-3490
-3623
-3238
-2993
-2361
-1725
-963
-231
975
2002
3145
4112
4493
5369
5349
5507
5115
4410
3867
2619
1905
860
218
-521
-1395
-1781
-2113
-2097
-2301
-2591
-2848
-2815
-2914
-3110
-3378
-3665
-3528
-3510
-3248
-2932
-2450
-1660
-960
29
955
1998
2960
3631
4277
4736
5147
5278
5091
4704
4227
3733
3113
2383
1534
848
253
-239
-702
-1147
-1394
-1632
-1747
-1876
-1960
-1987
-2044
-2066
-2074
-1968
-1807
-1620
-1367
-984
-463
103
617
1096
1643
2115
2512
2730
2804
2799
2658
2459
2076
1712
1278
777
294
-230
-632
-1044
-1470
-1820
-2183
-2355
-2616
-2827
-3040
-3254
-3324
-3448
-3567
-3652
-3769
-3713
-3638
-3154
-2482
-1899
-936
-497
852
1872
2978
4063
4306
5126
5139
5210
4955
4264
3715
2580
1844
1023
498
-86
-862
-1302
-1524
-1519
-1743
-2106
-2607
-2729
-2977
-3306
-3667
-4083
-4063
-4056
-3784
-3337
-2764
-1913
-1167
-179
807
1847
2805
3412
3938
4339
4704
4869
4760
4418
4066
3694
3311
2821
2139
1582
1000
561
117
-414
-742
-1247
-1562
-1905
-2156
-2290
-2524
-2607
-2688
-2507
-2242
-1965
-1652
-1222
-626
24
627
1109
1590
2027
2434
2663
2777
2770
2649
2507
2226
1974
1625
1220
754
293
-86
-475
-911
-1366
-1802
-2075
-2358
-2640
-2933
-3247
-3383
-3593
-3664
-3858
-3947
-3973
-3990
-3656
-3005
-2331
-1409
-797
115
1390
2357
3599
4084
4559
5003
4864
4878
4293
3842
3063
2142
1509
951
701
97
-525
-869
-1001
-1108
-1494
-2194
-2671
-3025
-3456
-3870
-4373
-4504
-4477
-4305
-3853
-3295
-2374
-1533
-681
261
1158
2194
2885
3359
3696
4011
4332
4488
4374
4166
3964
3771
3587
3129
2680
2133
1572
1038
365
-149
-791
-1393
-1995
-2478
-2662
-2882
-2970
-3090
-2963
-2606
-2195
-1767
-1374
-855
-294
295
787
1244
1670
1992
2283
2529
2726
2813
2743
2580
2449
2259
1979
1545
1025
545
104
-367
-868
-1347
-1834
-2127
-2530
-2724
-3050
-3268
-3450
-3679
-3748
-3895
-3956
-3934
-3925
-3501
-2745
-2112
-982
-469
669
1759
2723
3883
4201
4733
4844
4633
4532
3886
3491
2637
1853
1316
925
732
224
-295
-576
-778
-1040
-1521
-2274
-2742
-3354
-3878
-4328
-4721
-4657
-4665
-4354
-3844
-3093
-2051
-1246
-391
385
1242
2098
2691
3042
3311
3544
3839
4025
4050
4064
3950
3903
3709
3385
3051
2470
1865
1071
340
-235
-948
-1588
-2336
-2727
-2911
-2956
-2955
-2941
-2668
-2329
-1903
-1497
-1075
-612
-238
107
532
996
1407
1682
1921
2243
2547
2794
2803
2742
2635
2454
2182
1754
1260
768
190
-322
-780
-1216
-1575
-2087
-2348
-2674
-2891
-3071
-3477
-3569
-3947
-3967
-4108
-4141
-3925
-3475
-2654
-1883
-838
-197
1094
1922
3041
3861
4170
4676
4405
4351
3933
3546
3092
2292
1786
1344
1221
1013
578
197
-89
-517
-950
-1739
-2387
-3025
-3796
-4382
-4874
-4887
-4716
-4553
-4074
-3451
-2417
-1440
-657
83
685
1417
1946
2336
2578
2817
3057
3361
3586
3867
4078
4131
4120
3813
3596
3126
2483
1572
548
-269
-953
-1598
-2252
-2745
-2977
-2909
-2805
-2554
-2260
-1950
-1650
-1468
-1111
-761
-445
-266
-96
337
910
1454
1873
2247
2665
3039
3219
3246
3098
2814
2365
1838
1318
813
300
-241
-680
-955
-1218
-1439
-1793
-2063
-2460
-2735
-3174
-3427
-3894
-4159
-4426
-4514
-4200
-4027
-2932
-2298
-989
-78
791
2062
2611
3622
3907
3991
4200
3664
3578
3004
2764
2397
1886
1646
1491
1457
1288
767
339
-158
-902
-1574
-2615
-3270
-3935
-4633
-4879
-5089
-4571
-4141
-3570
-2841
-2103
-1107
-417
104
504
799
1155
1481
1680
2054
2400
2906
3447
3856
4378
4545
4631
4295
3680
3031
2121
1177
24
-1045
-1731
-2219
-2452
-2586
-2537
-2273
-2032
-1742
-1488
-1298
-1156
-1283
-1330
-1242
-984
-626
-346
192
869
1687
2434
2942
3364
3503
3449
3193
2752
2277
1642
1022
514
173
27
-166
-331
-483
-634
-821
-1197
-1672
-2259
-2991
-3542
-4111
-4327
-4560
-4559
-4431
-4081
-3476
-2855
-1770
-906
89
809
1226
2002
2278
2913
3122
3182
3423
3181
3282
3069
3076
2883
2399
1986
1597
1284
798
2
-726
-1416
-2150
-2658
-3347
-3647
-3958
-4171
-4101
-3964
-3405
-3002
-2607
-2166
-1686
-1024
-549
-144
229
572
1118
1714
2228
2832
3262
3804
4170
4348
4431
4151
3772
3015
2168
1386
633
-48
-793
-1421
-1681
-1803
-1800
-1865
-1899
-1830
-1902
-1907
-1972
-1968
-1852
-1814
-1420
-864
-80
691
1308
2051
2693
3234
3464
3434
3284
2947
2527
2085
1702
1420
1138
902
842
802
770
507
103
-365
-925
-1543
-2200
-2820
-3323
-3719
-3859
-3797
-3495
-3206
-2911
-2599
-2296
-1980
-1937
-1788
-1620
-1017
-500
260
813
1579
2370
3129
3927
4283
4411
4132
3570
3048
2369
1742
892
151
-309
-494
-534
-660
-925
-1209
-1586
-1969
-2402
-3004
-3495
-4026
-4314
-4284
-3979
-3308
-2669
-1896
-1088
-231
633
1196
1575
1730
1853
2038
2167
2322
2523
2703
2953
3172
3370
3462
3183
2681
1920
1152
408
-425
-1246
-1968
-2439
-2571
-2582
-2408
-2237
-2032
-1711
-1482
-1135
-961
-796
-612
-353
227
823
1501
2071
2575
3101
3469
3699
3677
3417
3022
2550
2118
1748
1371
968
632
394
299
175
-59
-466
-895
-1366
-1808
-2297
-2680
-3059
-3251
-3338
-3176
-2890
-2666
-2363
-2280
-2002
-1912
-1745
-1707
-1774
-1354
-716
19
961
1358
2252
2657
3194
3624
3499
3387
2733
2021
1446
934
710
208
-205
-305
-307
-151
-383
-754
-1239
-1960
-2498
-3170
-3658
-3862
-4122
-3970
-3649
-2894
-1930
-1201
-462
0
466
941
1137
1301
1210
1279
1565
1853
2335
2714
3099
3421
3469
3423
3146
2606
1825
786
-111
-854
-1362
-1801
-2153
-2244
-2154
-1959
-1799
-1701
-1641
-1606
-1603
-1444
-1214
-859
-414
115
904
1715
2556
3138
3452
3638
3543
3418
3048
2597
2102
1606
1348
1182
1073
967
770
609
373
51
-358
-931
-1525
-2120
-2592
-2919
-3045
-3058
-2976
-2776
-2509
-2149
-1896
-1815
-1812
-1904
-1904
-1950
-1876
-1814
-1262
-395
410
1461
1794
2584
2785
3026
3311
2919
2749
1998
1443
1082
864
841
471
208
107
36
-48
-453
-1029
-1647
-2410
-2863
-3293
-3514
-3410
-3522
-3185
-2798
-2102
-1327
-869
-438
-204
186
585
844
1123
1270
1570
1955
2298
2705
2971
3095
3115
2853
2651
2346
1797
1091
220
-332
-794
-1139
-1516
-1894
-2036
-2145
-2152
-2130
-2106
-1958
-1832
-1530
-1017
-413
232
758
1238
1857
2417
2913
3116
3114
3081
2920
2852
2707
2525
2299
1994
1794
1618
1413
1078
540
19
-522
-958
-1367
-1782
-2163
-2426
-2572
-2525
-2439
-2270
-2212
-2178
-2034
-2037
-1792
-1977
-1903
-1958
-1858
-1617
-1484
-1134
-796
201
849
1648
1998
2097
2434
2139
2372
2171
1830
1645
960
885
691
802
650
288
67
-144
-310
-647
-1242
-1810
-2380
-2853
-3035
-3252
-3009
-2846
-2678
-2245
-1816
-1109
-614
-358
-139
-21
375
638
921
1187
1434
1867
2252
2612
2956
3046
3069
2811
2417
2039
1410
741
-86
-764
-1227
-1543
-1715
-1868
-1895
-1791
-1677
-1535
-1438
-1343
-1186
-1032
-703
-255
273
823
1318
1890
2429
2914
3247
3420
3400
3235
3034
2745
2447
2066
1671
1313
1049
809
534
178
-232
-583
-995
-1356
-1703
-2037
-2280
-2507
-2581
-2525
-2369
-2202
-2108
-1929
-1712
-1564
-1374
-1448
-1275
-1290
-1182
-1063
-966
-765
-417
419
957
1633
1691
1853
1813
1716
1923
1696
1461
1091
599
514
441
516
244
-147
-363
-603
-697
-1033
-1451
-1936
-2378
-2655
-2736
-2675
-2397
-2319
-2119
-1815
-1387
-827
-467
-286
-131
70
510
864
1251
1568
1778
2148
2353
2611
2701
2608
2396
1931
1546
1148
664
168
-397
-827
-1080
-1191
-1242
-1343
-1401
-1397
-1408
-1305
-1180
-993
-765
-567
-101
432
1081
1624
2041
2478
2754
3032
3174
3147
2970
2655
2374
2100
1815
1559
1214
939
703
416
156
-246
-654
-1061
-1462
-1709
-1982
-2128
-2225
-2305
-2218
-2085
-1833
-1659
-1532
-1359
-1287
-1149
-1142
-1096
-1061
-1102
-1057
-1009
-857
-730
-175
362
881
1241
1300
1449
1298
1311
1308
1037
891
519
306
236
233
229
-38
-285
-436
-602
-697
-1028
-1395
-1790
-2149
-2298
-2418
-2302
-2154
-2066
-1808
-1537
-1091
-634
-329
-99
62
372
705
1013
1265
1423
1596
1802
1936
2054
2078
2056
1890
1597
1340
1012
664
223
-271
-638
-894
-1011
-1140
-1235
-1188
-1124
-961
-813
-584
-310
-31
275
640
1127
1575
1979
2304
2576
2774
2920
2960
2887
2591
2278
1941
1602
1274
911
607
349
113
-146
-405
-692
-935
-1246
-1503
-1720
-1871
-1981
-2069
-2081
-1970
-1793
-1577
-1447
-1272
-1150
-1070
-957
-984
-885
-995
-961
-1023
-1009
-940
-845
-317
203
736
1022
1018
1180
1046
1091
1114
868
810
457
359
288
290
338
96
-116
-237
-402
-531
-897
-1258
-1626
-1961
-2078
-2196
-2067
-1868
-1708
-1463
-1233
-850
-458
-199
43
178
423
663
864
1163
1369
1603
1810
1890
2004
1996
2010
1898
1563
1197
790
436
32
-364
-721
-954
-1044
-1107
-1058
-895
-727
-539
-398
-149
175
453
800
1072
1420
1741
2029
2318
2464
2623
2610
2462
2250
1911
1607
1239
923
652
417
259
102
-95
-310
-572
-828
-1102
-1388
-1609
-1834
-1913
-2012
-1987
-1874
-1686
-1451
-1250
-1072
-965
-917
-908
-915
-991
-1005
-1095
-1060
-1108
-954
-931
-638
-170
192
699
684
864
779
671
794
684
691
616
382
408
219
319
227
40
-87
-345
-480
-718
-968
-1142
-1456
-1643
-1794
-1856
-1664
-1581
-1353
-1290
-1129
-868
-636
-333
-133
83
359
550
849
1060
1290
1542
1683
1789
1820
1819
1785
1617
1392
1072
753
441
101
-152
-396
-512
-594
-603
-514
-378
-162
71
285
490
639
817
998
1221
1460
1648
1822
1885
1924
1962
1917
1797
1558
1312
1075
883
739
584
431
239
35
-205
-440
-671
-952
-1196
-1446
-1616
-1710
-1753
-1709
-1609
-1447
-1316
-1179
-1184
-1133
-1186
-1178
-1187
-1248
-1239
-1279
-1172
-1156
-961
-886
-691
-382
-137
276
386
488
480
374
550
574
767
775
672
613
366
336
186
98
-77
-284
-465
-625
-757
-840
-954
-1097
-1240
-1350
-1425
-1429
-1384
-1320
-1254
-1149
-961
-731
-446
-138
198
524
805
1034
1235
1405
1565
1649
1695
1696
1679
1595
1486
1357
1206
1019
794
532
312
126
19
7
40
121
180
224
229
258
332
451
608
746
881
1007
1077
1172
1210
1265
1263
1214
1106
948
834
726
647
566
468
335
150
-84
-301
-498
-721
-936
-1148
-1350
-1492
-1538
-1521
-1424
-1301
-1168
-1138
-1142
-1165
-1196
-1193
-1196
-1156
-1180
-1148
-1089
-1016
-891
-788
-613
-433
-224
-6
145
228
191
137
104
123
188
301
368
422
421
362
322
241
199
134
123
114
66
-9
-133
-279
-436
-555
-623
-694
-738
-809
-843
-850
-796
-691
-572
-408
-244
-57
111
240
344
447
565
702
828
938
1018
1079
1083
1069
1038
1000
964
902
831
771
728
685
684
656
630
584
533
486
414
376
324
319
349
363
386
423
437
444
416
385
360
278
202
119
104
114
126
158
165
159
88
-4
-100
-193
-255
-304
-310
-267
-207
-189
-154
-123
-112
-122
-143
-126
-145
-161
-245
-347
-417
-472
-475
-495
-514
-554
-611
-697
-785
-894
-985
-1076
-1155
-1195
-1196
-1117
-1006
-877
-746
-631
-511
-406
-331
-249
-182
-66
47
171
282
342
378
356
290
205
132
46
-33
-91
-144
-161
-196
-221
-246
-256
-266
-269
-266
-286
-274
-251
-183
-87
37
178
318
448
551
632
678
699
709
732
766
811
870
937
1009
1058
1098
1093
1057
979
857
736
617
552
502
464
421
380
327
283
219
114
11
-81
-158
-219
-250
-264
-219
-165
-106
-77
-73
-58
-41
-46
-61
-51
-42
-26
9
46
109
140
156
144
136
128
97
36
-51
-125
-204
-278
-327
-363
-451
-549
-701
-828
-945
-1069
-1158
-1229
-1249
-1217
-1134
-1035
-908
-784
-653
-544
-444
-352
-280
-199
-135
-45
61
169
250
317
346
348
287
235
152
47
-41
-128
-187
-269
-315
-355
-407
-411
-412
-382
-381
-379
-350
-293
-164
-39
74
182
275
339
405
447
513
578
638
721
766
847
905
939
963
937
928
856
778
673
578
525
461
457
458
473
453
436
379
308
211
165
108
107
119
148
169
177
244
297
368
385
411
376
315
226
139
63
3
-27
-43
-21
3
-3
-5
-88
-194
-275
-401
-453
-508
-502
-525
-610
-667
-783
-860
-979
-1038
-1034
-1089
-1092
-1165
-1178
-1139
-1106
-987
-860
-711
-627
-570
-495
-382
-296
-181
-82
-23
35
89
171
242
311
385
357
296
193
103
65
12
-6
-51
-77
-126
-174
-203
-224
-182
-147
-105
-88
-50
17
107
215
364
497
595
650
659
693
750
822
910
949
989
964
912
880
845
890
861
823
704
568
450
360
342
344
344
350
320
307
270
262
235
208
166
106
66
66
100
134
160
126
115
63
15
-18
-68
-112
-161
-208
-240
-245
-260
-252
-252
-243
-262
-337
-412
-486
-523
-568
-584
-591
-652
-730
-810
-872
-921
-967
-969
-998
-1048
-1067
-1057
-990
-940
-874
-810
-765
-705
-627
-504
-381
-263
-181
-97
-12
105
239
398
499
559
563
531
486
435
373
337
266
181
129
31
-31
-114
-178
-255
-319
-371
-395
-385
-324
-242
-117
-11
115
234
354
482
572
675
735
814
876
954
1034
1083
1130
1143
1132
1143
1077
1012
898
758
664
534
476
426
381
341
275
217
163
90
30
-35
-100
-138
-169
-169
-138
-129
-98
-95
-95
-89
-118
-130
-165
-178
-182
-192
-182
-181
-154
-168
-187
-247
-307
-337
-350
-339
-364
-418
-513
-589
-684
-736
-732
-750
-755
-784
-839
-853
-861
-826
-752
-676
-546
-450
-367
-273
-206
-132
-57
-27
29
72
131
255
323
397
442
413
383
364
321
331
275
210
137
18
-49
-132
-210
-237
-308
-326
-359
-386
-363
-370
-332
-280
-199
-84
38
155
271
373
487
565
624
679
729
799
867
926
980
975
938
877
821
773
717
655
569
480
399
346
318
327
335
321
310
259
203
145
85
51
31
25
30
22
19
22
11
-4
-35
-85
-111
-146
-167
-185
-182
-173
-188
-209
-271
-330
-397
-414
-406
-396
-395
-444
-542
-651
-729
-748
-751
-737
-735
-752
-783
-788
-749
-677
-594
-532
-464
-395
-333
-264
-187
-159
-129
-113
-75
-5
65
151
206
225
226
215
210
200
187
158
121
83
33
-2
-42
-58
-73
-115
-165
-216
-236
-229
-230
-204
-186
-132
-61
6
97
167
220
268
323
387
481
532
574
594
597
631
661
683
674
638
570
496
428
388
353
328
298
263
256
244
237
235
200
171
142
137
150
156
159
163
168
165
171
161
151
122
87
46
13
-3
-5
-11
-16
-31
-67
-121
-181
-233
-256
-263
-284
-322
-390
-468
-541
-623
-680
-703
-700
-702
-694
-710
-714
-725
-699
-625
-538
-436
-362
-281
-211
-159
-122
-110
-141
-140
-151
-128
-70
-18
38
65
73
92
108
125
127
103
81
37
-13
-45
-74
-90
-109
-142
-147
-140
-145
-137
-139
-141
-122
-109
-62
-6
73
174
256
322
354
394
437
503
563
609
647
659
663
663
671
652
612
536
461
402
367
350
327
301
271
253
245
228
209
188
159
147
152
169
166
157
169
181
200
211
205
191
166
148
117
97
78
68
60
46
31
-19
-72
-124
-155
-163
-179
-206
-255
-311
-367
-429
-482
-513
-548
-569
-596
-617
-623
-633
-613
-596
-546
-466
-392
-332
-286
-269
-255
-253
-267
-291
-311
-291
-270
-223
-167
-118
-90
-79
-75
-67
-68
-69
-89
-98
-87
-66
-46
-47
-48
-67
-67
-60
-48
-26
-16
2
-2
4
28
41
79
124
177
249
303
363
410
430
452
466
472
475
488
495
485
452
404
348
289
254
223
201
199
197
200
184
153
128
104
81
60
34
32
47
63
97
132
155
173
182
175
172
165
148
129
116
112
107
108
102
84
61
19
-34
-74
-89
-87
-104
-155
-217
-285
-338
-369
-371
-352
-349
-358
-388
-423
-427
-422
-414
-400
-382
-358
-333
-307
-299
-312
-339
-352
-360
-346
-331
-321
-298
-272
-223
-171
-120
-89
-61
-55
-42
-30
-31
-23
-19
-12
4
25
42
70
77
92
87
77
82
93
118
152
172
190
201
218
264
284
301
299
305
320
325
340
364
356
325
300
270
251
246
233
207
177
170
155
129
127
114
82
62
38
24
-4
-27
-49
-61
-27
14
52
74
80
87
95
93
90
87
80
73
94
113
134
145
143
124
95
74
50
13
-13
-49
-86
-109
-139
-160
-176
-198
-206
-214
-225
-223
-250
-268
-276
-264
-249
-258
-258
-272
-280
-274
-268
-264
-281
-297
-321
-335
-324
-314
-284
-267
-246
-208
-188
-166
-143
-137
-116
-81
-41
-12
20
63
77
93
94
103
108
116
138
153
181
212
224
244
267
298
323
340
360
368
369
374
364
348
332
309
310
319
313
309
280
241
214
201
177
147
137
128
124
113
97
43
-9
-54
-74
-68
-58
-53
-58
-58
-51
-49
-56
-68
-68
-69
-54
-37
-48
-60
-73
-77
-67
-63
-48
-44
-59
-72
-98
-106
-124
-138
-144
-154
-137
-131
-135
-159
-176
-184
-192
-181
-165
-158
-148
-145
-147
-152
-160
-163
-167
-155
-147
-136
-145
-165
-171
-182
-182
-169
-174
-154
-112
-78
-49
-32
-27
-17
-14
1
0
14
41
68
106
133
161
182
198
201
203
213
202
191
181
167
167
174
187
198
199
213
222
209
195
167
134
117
96
85
76
64
53
21
9
18
15
22
22
21
21
20
24
-17
-40
-63
-87
-93
-103
-95
-96
-97
-94
-88
-75
-46
-23
-17
-23
-29
-40
-55
-57
-66
-67
-58
-49
-56
-63
-61
-69
-84
-85
-65
-45
-33
-33
-34
-39
-31
-42
-76
-86
-90
-88
-86
-93
-93
-98
-98
-100
-105
-100
-102
-107
-122
-138
-141
-153
-167
-168
-166
-161
-144
-133
-115
-79
-61
-54
-50
-47
-29
-8
11
26
63
104
153
204
236
282
302
311
307
291
280
253
222
197
181
181
191
201
209
202
194
178
157
122
83
56
25
15
3
-4
-3
-7
-9
-11
-7
-2
3
4
3
0
-12
-29
-54
-62
-62
-55
-55
-62
-54
-46
-46
-55
-55
-47
-30
-43
-52
-63
-88
-104
-112
-120
-116
-105
-96
-80
-65
-48
-55
-72
-85
-96
-75
-60
-57
-42
-36
-18
-10
-22
-29
-22
-25
-24
-14
-11
-4
-8
-9
-15
-6
-4
-8
-6
-11
-16
-22
-41
-55
-68
-72
-64
-57
-50
-36
-22
-24
-19
-13
8
26
55
97
142
186
221
246
262
271
270
281
291
297
290
276
273
259
247
230
221
201
180
164
138
113
78
45
17
-12
-33
-36
-46
-52
-52
-54
-54
-62
-75
-85
-100
-99
-92
-89
-81
-74
-70
-67
-73
-68
-61
-67
-62
-61
-64
-69
-77
-97
-100
-99
-114
-111
-119
-109
-105
-110
-115
-118
-131
-134
-126
-133
-129
-133
-127
-132
-127
-116
-97
-73
-57
-39
-40
-40
-40
-54
-56
-62
-62
-60
-56
-42
-39
-35
-43
-64
-81
-90
-101
-111
-124
-123
-124
-127
-142
-145
-141
-136
-122
-99
-71
-46
-20
8
37
58
84
109
136
162
188
200
210
224
226
222
231
246
254
261
255
246
215
190
171
147
125
113
99
83
71
51
37
18
3
-1
-2
3
6
4
-4
-14
-32
-47
-47
-40
-28
-12
1
5
13
14
9
7
-2
-4
-17
-19
-22
-30
-33
-46
-57
-61
-56
-60
-63
-64
-65
-72
-93
-105
-115
-131
-139
-133
-123
-117
-97
-91
-87
-79
-71
-68
-82
-88
-103
-110
-114
-115
-109
-104
-90
-87
-85
-77
-76
-70
-79
-87
-97
-110
-113
-114
-115
-110
-103
-95
-84
-66
-50
-40
-25
-9
22
47
70
102
126
149
165
184
204
228
240
251
259
263
261
249
250
243
238
228
221
213
207
201
191
174
156
141
125
107
96
92
79
70
62
47
37
27
29
29
26
24
10
7
1
-1
-10
-22
-30
-43
-48
-57
-59
-68
-74
-76
-88
-96
-101
-107
-116
-123
-143
-152
-159
-166
-166
-170
-161
-157
-154
-150
-149
-133
-114
-107
-100
-89
-79
-70
-58
-57
-63
-74
-84
-89
-98
-97
-90
-77
-70
-65
-58
-53
-52
-58
-70
-78
-87
-93
-94
-99
-103
-99
-91
-88
-77
-62
-49
-33
-13
2
19
38
57
77
96
106
121
144
153
164
176
191
200
209
217
220
228
229
226
226
216
205
201
190
180
168
151
140
126
124
126
117
109
100
84
70
63
54
45
39
34
28
19
17
12
11
1
-5
-18
-33
-41
-59
-66
-78
-87
-96
-105
-113
-114
-123
-137
-139
-145
-152
-155
-158
-152
-146
-150
-149
-151
-148
-143
-148
-136
-132
-127
-113
-106
-97
-90
-89
-82
-75
-77
-77
-81
-89
-87
-83
-74
-64
-56
-47
-40
-39
-40
-41
-47
-56
-57
-60
-68
-70
-66
-63
-63
-60
-52
-47
-43
-28
-17
-5
1
0
2
2
9
25
33
45
62
76
94
112
133
152
168
177
185
186
187
187
182
172
159
156
153
154
160
157
163
160
156
149
140
133
128
124
118
113
101
100
90
82
75
74
67
59
57
45
35
25
22
14
7
0
-13
-34
-47
-57
-72
-83
-101
-109
-116
-116
-115
-114
-111
-117
-125
-133
-134
-137
-146
-143
-143
-133
-127
-119
-111
-105
-103
-100
-101
-103
-101
-105
-99
-98
-91
-84
-81
-75
-68
-59
-44
-37
-31
-32
-32
-30
-25
-21
-21
-17
-15
0
7
18
28
33
43
50
53
56
63
65
63
61
64
60
73
80
81
96
98
108
113
114
119
123
128
134
128
126
130
130
131
130
130
131
133
137
133
127
124
119
112
106
102
98
96
92
96
101
101
94
84
65
55
42
22
7
-8
-25
-34
-43
-61
-64
-78
-86
-92
-105
-112
-124
-129
-130
-132
-133
-129
-131
-125
-127
-132
-140
-141
-142
-147
-149
-146
-143
-132
-124
-118
-114
-109
-109
-112
-114
-115
-112
-116
-117
-114
-107
-105
-101
-95
-87
-83
-82
-75
-69
-67
-59
-47
-40
-32
-21
-14
-5
12
23
27
31
41
52
62
72
82
87
95
98
106
110
112
115
117
120
123
122
123
123
122
116
113
111
109
110
111
122
132
145
145
145
149
143
137
129
127
125
122
127
130
128
129
127
117
111
93
79
64
44
24
12
1
-6
-10
-13
-19
-24
-29
-36
-44
-55
-69
-76
-85
-93
-96
-103
-105
-104
-106
-111
-111
-115
-123
-138
-151
-154
-164
-163
-168
-168
-163
-161
-159
-162
-161
-164
-159
-159
-158
-152
-153
-154
-150
-137
-130
-124
-115
-114
-109
-105
-102
-99
-85
-75
-70
-58
-43
-28
-19
-10
-1
6
18
26
27
25
33
33
36
39
45
53
56
54
61
68
69
69
69
75
71
74
78
80
87
94
99
102
115
125
136
141
142
151
156
164
170
175
175
171
174
175
178
171
170
162
151
136
121
110
89
78
64
61
52
40
40
34
30
25
15
4
-15
-22
-23
-32
-34
-37
-38
-39
-44
-47
-53
-52
-62
-66
-75
-91
-101
-113
-115
-124
-123
-127
-131
-132
-134
-138
-151
-155
-160
-165
-164
-156
-153
-147
-142
-138
-128
-129
-126
-119
-118
-113
-103
-95
-86
-79
-73
-63
-54
-43
-34
-24
-14
-2
15
26
28
30
36
39
40
42
46
47
54
58
63
69
74
78
76
81
84
83
84
91
94
101
103
110
125
139
147
152
155
156
162
167
169
172
172
169
163
164
161
158
147
137
131
113
102
81
61
53
50
40
33
24
18
13
7
2
-4
-9
-20
-25
-29
-35
-41
-42
-53
-60
-65
-74
-83
-89
-95
-111
-117
-125
-133
-137
-144
-146
-146
-149
-155
-159
-169
-170
-175
-181
-177
-181
-185
-181
-179
-177
-172
-167
-168
-156
-151
-146
-139
-132
-117
-106
-103
-92
-80
-67
-52
-39
-22
-12
1
12
23
34
37
44
51
53
55
61
72
79
86
90
98
98
106
104
100
97
95
104
102
108
115
127
136
149
162
170
180
183
190
198
199
196
195
196
195
193
184
177
173
162
155
146
128
110
96
85
71
52
46
32
24
23
13
10
0
-10
-17
-28
-47
-61
-73
-81
-84
-92
-97
-104
-111
-116
-120
-128
-130
-141
-148
-153
-156
-160
-170
-171
-167
-157
-158
-157
-161
-165
-169
-170
-173
-175
-172
-172
-171
-166
-165
-163
-155
-147
-137
-127
-117
-112
-101
-85
-82
-70
-56
-47
-29
-16
-3
15
20
33
44
46
55
58
58
59
61
62
65
68
70
74
75
77
78
84
80
87
91
93
106
107
115
121
128
136
140
148
154
153
158
164
164
161
152
154
151
146
152
154
147
141
144
132
120
111
102
98
85
79
70
69
69
65
58
48
38
31
19
7
3
-5
-9
-16
-19
-24
-29
-39
-48
-53
-60
-71
-79
-87
-88
-96
-104
-101
-103
-106
-114
-118
-121
-128
-125
-128
-128
-133
-132
-126
-121
-107
-107
-101
-97
-100
-94
-94
-93
-93
-84
-74
-67
-57
-51
-41
-35
-25
-17
-15
-10
-13
-11
-7
3
10
12
17
17
18
17
18
28
37
46
48
45
44
45
55
56
61
61
65
73
81
87
91
93
94
98
99
100
97
95
97
96
95
95
88
85
81
78
74
67
66
61
59
59
54
50
43
41
39
33
28
25
19
13
8
-5
-11
-17
-21
-29
-32
-38
-44
-43
-53
-60
-67
-77
-84
-95
-96
-104
-114
-111
-119
-118
-119
-121
-118
-120
-121
-124
-125
-115
-114
-113
-105
-105
-98
-91
-81
-76
-75
-72
-62
-60
-58
-57
-49
-44
-35
-25
-16
-8
-2
10
16
24
33
39
45
60
67
69
74
68
74
80
82
88
90
94
96
95
98
99
104
106
109
107
103
109
112
117
115
115
112
112
108
104
101
96
94
87
81
74
66
54
54
46
39
36
28
17
4
-1
-2
-6
-13
-14
-10
-15
-19
-18
-22
-28
-40
-43
-51
-62
-63
-67
-68
-71
-72
-74
-77
-77
-80
-84
-88
-97
-105
-110
-112
-121
-120
-116
-122
-123
-124
-119
-115
-113
-110
-110
-114
-112
-108
-110
-105
-102
-93
-80
-73
-65
-65
-58
-52
-47
-43
-39
-31
-29
-22
-13
-9
2
14
25
36
42
51
56
60
61
62
65
67
70
71
71
70
72
75
78
82
83
84
89
89
98
90
95
101
97
96
100
101
98
100
93
93
87
83
79
71
77
71
71
62
51
54
52
51
47
41
32
27
23
13
9
7
9
10
14
13
7
8
1
-3
-6
-12
-23
-32
-31
-36
-40
-41
-46
-48
-54
-56
-64
-67
-70
-80
-80
-87
-89
-94
-95
-93
-94
-88
-91
-91
-96
-96
-99
-104
-107
-101
-96
-95
-84
-75
-62
-58
-57
-49
-44
-40
-35
-27
-19
-11
-8
-5
3
12
22
27
34
34
41
47
46
47
48
49
51
51
52
50
59
61
63
67
66
68
66
65
67
65
65
71
70
66
64
63
58
57
54
50
44
43
41
39
42
42
42
43
43
43
42
38
38
41
36
33
30
29
24
24
21
21
20
13
10
5
10
4
1
-4
-12
-13
-26
-34
-41
-41
-40
-42
-44
-48
-52
-57
-60
-67
-71
-72
-75
-74
-77
-78
-76
-78
-76
-77
-76
-77
-77
-74
-80
-83
-79
-78
-73
-69
-62
-58
-55
-46
-39
-34
-33
-33
-30
-25
-19
-19
-10
-6
-3
3
8
9
11
14
19
28
28
32
36
40
46
53
59
64
68
72
76
80
83
81
80
80
81
77
76
79
76
74
69
70
70
69
73
74
69
67
65
63
56
55
55
56
56
54
49
44
39
37
29
30
29
26
23
20
18
15
8
2
-2
-6
-17
-22
-25
-33
-30
-35
-38
-45
-47
-49
-58
-62
-66
-70
-76
-74
-77
-80
-81
-85
-86
-94
-97
-96
-93
-91
-94
-94
-98
-98
-94
-92
-90
-91
-87
-82
-74
-71
-66
-59
-56
-51
-50
-43
-42
-38
-35
-30
-25
-15
-7
-4
4
14
22
27
28
30
29
33
34
32
37
39
44
47
52
58
61
67
68
70
72
73
75
77
76
73
72
73
74
73
72
70
63
60
57
57
55
54
49
44
42
40
42
43
44
43
39
34
32
26
24
25
22
18
14
10
7
5
0
-2
-5
-6
-13
-20
-24
-29
-29
-31
-37
-38
-39
-44
-46
-47
-51
-52
-57
-61
-61
-62
-58
-62
-62
-60
-60
-59
-57
-57
-56
-57
-54
-50
-51
-49
-48
-38
-34
-27
-23
-17
-8
-4
4
5
8
7
7
9
12
17
19
21
24
28
30
30
32
31
30
30
27
31
30
33
35
36
38
37
39
39
36
39
39
38
40
39
37
40
40
40
40
40
35
34
33
37
32
25
25
16
16
16
15
15
12
16
16
14
14
11
8
8
5
7
4
3
1
2
-1
-2
-5
-10
-15
-15
-15
-19
-20
-20
-25
-27
-28
-33
-33
-34
-34
-37
-43
-45
-47
-46
-48
-47
-44
-43
-43
-46
-42
-37
-34
-31
-29
-28
-28
-26
-26
-25
-24
-24
-21
-19
-16
-13
-9
-3
-1
4
2
2
2
0
4
5
11
14
13
15
15
19
19
21
22
21
21
22
21
22
21
22
27
30
32
34
36
37
33
30
29
27
26
24
24
24
27
27
27
29
31
29
29
30
29
29
26
22
18
15
16
14
12
11
11
9
8
5
6
4
4
3
2
0
-2
-5
-7
-8
-10
-13
-19
-21
-24
-26
-28
-30
-29
-30
-33
-31
-31
-30
-30
-31
-30
-31
-33
-37
-38
-38
-38
-39
-40
-40
-39
-38
-37
-37
-34
-32
-29
-27
-26
-24
-20
-18
-18
-16
-14
-13
-12
-10
-10
-8
-6
-3
-2
3
6
8
9
11
14
14
16
18
19
20
19
19
17
20
22
23
24
25
27
28
30
33
33
34
35
34
34
34
34
35
34
34
32
31
28
29
30
28
27
25
24
23
23
23
23
22
20
20
18
17
16
13
10
9
5
3
2
0
-1
-3
-5
-8
-9
-12
-13
-16
-16
-18
-20
-22
-26
-29
-31
-33
-34
-33
-34
-35
-36
-36
-36
-36
-36
-37
-35
-34
-34
-35
-34
-33
-32
-31
-29
-29
-28
-28
-26
-26
-25
-25
-21
-20
-18
-16
-13
-11
-9
-8
-6
-2
0
0
2
4
7
8
9
11
13
14
14
16
18
19
21
24
25
26
26
28
28
30
31
30
29
29
28
28
29
30
30
30
30
31
32
32
33
32
32
30
29
28
27
27
26
25
24
24
24
21
18
17
17
16
13
11
9
5
3
2
1
-1
-4
-7
-10
-13
-15
-18
-18
-19
-20
-22
-24
-24
-26
-27
-28
-27
-28
-30
-30
-31
-32
-32
-33
-34
-34
-36
-35
-35
-33
-34
-33
-33
-33
-34
-33
-32
-30
-30
-29
-29
-27
-26
-25
-24
-22
-22
-20
-18
-16
-14
-11
-9
-5
-4
-3
-1
2
3
5
7
9
9
9
12
13
15
15
17
18
19
20
22
24
24
25
24
26
28
29
29
31
31
32
33
34
35
35
34
35
35
36
36
36
36
36
35
33
33
32
31
29
26
25
23
21
18
17
15
13
11
10
8
6
5
3
2
0
-2
-3
-5
-7
-9
-9
-12
-14
-15
-15
-17
-18
-20
-20
-23
-25
-26
-23
-24
-26
-29
-31
-31
-33
-35
-36
-35
-39
-38
-39
-38
-39
-39
-40
-38
-38
-37
-36
-34
-31
-30
-29
-29
-26
-25
-25
-22
-20
-20
-17
-15
-15
-12
-11
-9
-7
-5
-4
-3
-1
2
3
5
6
7
11
11
12
14
15
16
19
19
20
23
23
25
27
28
28
31
32
33
33
34
33
34
34
34
35
34
35
34
34
34
34
32
32
31
31
29
28
27
26
25
23
21
22
21
20
20
18
16
14
13
12
11
9
10
8
5
4
2
0
0
-2
-4
-4
-8
-9
-10
-11
-13
-15
-17
-18
-18
-21
-20
-22
-22
-24
-25
-26
-26
-27
-28
-27
-28
-27
-28
-26
-26
-24
-25
-24
-23
-22
-21
-20
-19
-20
-18
-18
-17
-16
-14
-14
-15
-15
-14
-13
-13
-12
-13
-12
-11
-10
-10
-8
-7
-7
-4
-5
-4
-3
-3
-2
-2
-1
1
3
4
6
7
7
8
7
10
11
10
11
12
13
12
13
14
14
15
15
14
14
14
14
14
14
14
15
14
13
15
14
16
15
13
13
12
12
12
12
11
11
9
8
8
9
10
9
9
8
7
7
6
4
4
3
2
2
1
0
1
0
0
-1
-1
-3
-3
-3
-4
-4
-5
-3
-5
-5
-5
-4
-5
-4
-4
-5
-4
-6
-6
-7
-7
-7
-7
-7
-6
-5
-6
-5
-4
-5
-6
-5
-6
-6
-7
-7
-6
-5
-5
-5
-3
-5
-3
-3
-2
-1
-1
-1
0
-1
-1
0
1
1
0
0
1
1
1
1
1
1
1
1
1
3
4
4
4
4
4
4
4
5
6
5
5
5
5
5
5
5
6
6
5
6
4
5
6
5
4
4
2
2
2
3
2
2
1
2
0
0
0
0
-1
-1
-2
-2
-2
-2
-3
-3
-3
-4
-4
-3
-3
-4
-4
-3
-4
-2
-2
-2
-4
-2
-3
-2
-2
-2
-1
-2
-1
-1
-1
0
1
0
0
1
-1
1
-1
0
0
-1
-1
0
1
0
1
0
0
0
-1
0
1
1
2
3
2
1
3
3
3
3
2
2
1
2
2
0
1
0
0
-1
-2
-2
-1
-1
-1
-1
-2
-1
0
0
1
1
0
0
-1
0
0
1
1
0
-1
0
0
0
-1
-1
0
0
0
-3
-2
-2
-2
-2
-2
-4
-3
-4
-4
-4
-4
-5
-6
-5
-5
-5
-4
-4
-5
-5
-6
-6
-5
-4
-3
-3
-3
-4
-5
-3
-2
-2
-2
-1
-2
-4
-3
-2
-2
-1
-2
-2
-2
-3
-2
-2
-2
-3
-3
-4
-3
-3
-2
-2
-2
-1
-2
-2
0
0
0
1
1
0
0
-1
0
1
