-3
-1
0
-1
1
-1
-3
-3
-3
-4
-1
-2
1
2
1
0
-1
-1
-4
-3
-4
-4
-2
-2
-1
0
-1
-2
-3
-4
-5
-2
0
1
3
4
4
2
0
-3
-5
-6
-4
-3
0
3
4
4
2
0
-2
-3
-2
0
1
3
4
2
2
0
-3
-3
-2
-2
0
1
4
5
4
3
0
0
-2
-1
-1
0
1
2
2
2
2
1
1
0
1
2
3
4
5
5
4
4
3
1
1
0
1
1
4
4
4
5
2
0
-1
-2
-2
1
2
2
1
1
0
-1
-2
-2
-1
0
1
2
3
3
1
0
-2
-2
-2
-1
0
1
2
2
1
1
0
-2
-2
-3
-3
-2
-1
0
0
1
0
-1
-2
-3
-3
-3
-1
0
0
1
0
0
-1
-3
-3
-3
-2
-1
0
1
2
2
1
0
-1
-2
-2
-1
0
0
1
1
-2
0
-4
-4
-4
-4
-3
-2
-1
0
0
-1
-2
-1
-2
-3
-3
0
0
1
3
0
-1
-1
-3
-3
-2
-2
0
0
1
0
0
-2
-2
-3
-1
-1
1
3
4
4
2
1
1
-1
0
1
-1
0
2
2
3
3
1
3
1
0
1
-1
0
2
2
1
2
2
2
-1
0
-1
0
3
2
3
5
3
2
2
-1
0
-1
-2
0
0
1
2
0
0
0
-1
2
-1
1
0
-1
-2
-4
-4
-2
-3
-4
-2
-2
-1
-1
0
0
1
-2
1
1
0
-1
-3
-3
-2
-1
0
1
-1
0
-3
-1
-3
-1
-1
-1
-2
-2
-3
-5
-5
-5
-3
-2
-1
-1
0
-3
-3
-3
-2
-2
-2
-1
-2
-2
-4
-3
-5
-4
-4
-3
-1
0
1
3
3
1
4
1
3
0
1
-2
-2
-1
-2
-2
-1
-1
-1
4
0
6
5
5
4
4
1
0
-1
-3
0
-2
1
2
4
2
3
0
3
2
3
5
2
3
-1
1
-1
-1
-2
0
-3
-1
-1
0
1
2
3
3
2
1
1
-2
-1
-3
0
-1
0
1
1
-1
0
1
0
3
2
4
3
3
0
0
-2
-1
-1
0
2
0
2
0
3
2
3
2
3
0
-1
-1
-2
0
-3
-1
-4
-1
-3
0
1
1
4
6
7
9
8
3
3
-2
-1
1
3
1
2
2
2
1
2
5
4
3
2
2
-2
-5
-7
-6
-7
-5
-5
-8
-8
-9
-7
-4
0
3
5
2
3
-1
0
1
-4
-1
-1
0
3
6
7
8
6
8
10
12
16
18
21
19
17
17
17
17
21
22
25
27
26
31
33
36
37
39
36
38
38
37
36
33
33
35
37
35
33
29
26
24
26
27
25
21
16
11
7
6
2
-2
-8
-10
-14
-18
-21
-24
-27
-27
-31
-37
-37
-40
-40
-36
-36
-39
-38
-44
-40
-45
-44
-40
-41
-35
-32
-29
-31
-38
-45
-44
-47
-38
-37
-36
-36
-40
-43
-44
-50
-53
-55
-61
-55
-62
-59
-63
-67
-71
-72
-68
-63
-58
-52
-45
-49
-45
-45
-37
-28
-18
-12
-6
-5
6
13
21
32
34
45
54
65
74
84
90
93
96
103
109
117
126
131
134
136
141
150
160
171
179
182
181
182
180
186
187
192
188
185
175
165
158
146
142
135
132
125
113
94
83
67
60
47
33
16
-3
-20
-32
-44
-59
-71
-92
-102
-114
-119
-128
-136
-145
-150
-164
-168
-186
-197
-208
-221
-226
-233
-242
-257
-272
-287
-285
-293
-285
-289
-294
-298
-302
-309
-308
-318
-320
-324
-324
-314
-318
-318
-327
-337
-329
-314
-300
-282
-285
-287
-286
-280
-259
-238
-229
-210
-205
-192
-173
-158
-129
-98
-58
-2
43
95
136
173
225
280
340
411
468
517
566
600
653
692
738
780
815
842
863
865
871
863
859
859
845
832
804
763
713
658
600
553
497
446
391
329
271
219
162
122
74
37
1
-38
-77
-116
-152
-186
-219
-252
-276
-302
-333
-359
-380
-399
-406
-413
-412
-419
-418
-420
-429
-433
-440
-444
-443
-460
-466
-476
-500
-522
-537
-560
-554
-564
-567
-567
-592
-598
-613
-623
-619
-626
-631
-626
-650
-642
-667
-674
-675
-679
-666
-636
-642
-604
-553
-480
-347
-280
-206
-182
-184
-126
-15
114
273
347
389
411
437
523
618
718
803
851
907
956
966
994
968
935
944
931
938
926
854
796
727
658
633
583
555
529
480
449
404
358
348
322
309
309
277
280
255
234
243
222
220
206
176
175
154
124
118
92
81
83
68
70
55
24
11
-29
-55
-56
-60
-41
-51
-71
-100
-140
-166
-185
-188
-182
-194
-204
-201
-245
-273
-301
-336
-343
-353
-361
-358
-390
-415
-459
-521
-561
-608
-626
-608
-621
-629
-676
-732
-780
-816
-822
-814
-824
-827
-851
-905
-935
-996
-1001
-1007
-990
-987
-968
-982
-935
-878
-719
-595
-483
-461
-461
-395
-260
-62
142
275
312
345
338
442
575
726
825
904
941
1011
1047
1076
1043
1002
986
964
985
963
925
867
780
706
673
616
601
563
512
485
438
400
379
361
374
377
363
347
326
329
337
330
339
338
348
361
354
356
339
313
315
327
342
372
383
381
365
353
348
330
307
288
267
244
212
186
152
103
66
28
-11
-38
-65
-96
-133
-186
-257
-308
-348
-376
-408
-427
-448
-477
-503
-549
-587
-607
-634
-638
-645
-662
-682
-709
-733
-767
-790
-795
-805
-818
-829
-867
-892
-895
-922
-911
-920
-924
-944
-975
-1014
-1037
-1070
-1082
-1039
-984
-865
-744
-613
-560
-527
-534
-494
-364
-176
10
188
259
271
305
355
486
629
762
866
954
999
1062
1086
1093
1069
1055
1059
1055
1054
1007
928
854
772
739
732
714
715
683
647
610
564
540
540
525
549
549
548
549
542
554
542
530
535
529
534
556
552
558
540
506
470
441
427
406
389
369
321
266
205
137
86
56
31
19
-2
-35
-81
-154
-212
-282
-341
-363
-377
-390
-433
-489
-551
-621
-655
-671
-678
-661
-665
-673
-682
-721
-763
-785
-806
-799
-789
-798
-808
-824
-865
-869
-884
-876
-872
-869
-872
-897
-928
-975
-988
-1038
-1024
-1045
-1041
-1079
-1083
-1135
-1116
-1116
-1072
-939
-794
-634
-538
-506
-538
-471
-359
-109
127
367
453
505
521
589
719
890
1053
1192
1297
1373
1452
1452
1461
1408
1385
1382
1394
1387
1356
1271
1160
1049
958
902
849
819
773
728
669
610
555
513
486
478
471
439
452
445
447
431
409
378
357
358
372
384
390
396
366
339
291
254
224
215
212
215
204
171
111
63
9
-31
-29
-51
-52
-68
-121
-173
-236
-320
-379
-432
-469
-491
-531
-568
-610
-661
-695
-740
-767
-784
-792
-778
-777
-801
-827
-868
-889
-896
-910
-904
-913
-920
-924
-943
-952
-951
-972
-977
-998
-1011
-1020
-1029
-1047
-1063
-1083
-1101
-1112
-1133
-1149
-1172
-1102
-1003
-814
-590
-463
-417
-452
-498
-379
-139
121
403
535
563
588
629
720
884
1024
1136
1247
1323
1396
1428
1392
1297
1237
1195
1228
1252
1241
1178
1083
948
833
761
704
685
645
624
583
547
497
466
440
428
422
407
421
450
485
524
538
502
455
423
406
427
479
497
527
523
495
466
411
360
344
347
349
377
375
344
297
228
144
97
58
30
27
-3
-52
-121
-223
-325
-396
-471
-504
-538
-581
-603
-636
-684
-733
-770
-811
-827
-827
-836
-852
-874
-907
-937
-967
-1014
-1022
-1047
-1055
-1068
-1087
-1098
-1081
-1104
-1128
-1148
-1189
-1198
-1233
-1250
-1278
-1315
-1349
-1401
-1441
-1395
-1301
-1088
-794
-643
-571
-623
-697
-582
-297
19
370
540
562
609
592
670
858
1033
1205
1382
1460
1555
1591
1567
1513
1412
1346
1319
1327
1328
1318
1237
1127
990
902
823
750
692
568
546
653
725
588
330
218
278
327
333
226
109
85
238
360
486
504
486
489
586
677
703
686
690
782
870
868
759
549
433
428
416
415
414
455
441
371
272
202
128
150
208
219
194
149
21
-125
-242
-371
-536
-678
-705
-727
-783
-896
-999
-1123
-1191
-1219
-1283
-1376
-1405
-1407
-1518
-1664
-1817
-1945
-1953
-1871
-1793
-1838
-1910
-1974
-1957
-1993
-2050
-2110
-2166
-2183
-2162
-2257
-2294
-1788
-837
378
1292
1503
1045
632
500
938
1410
1675
1776
1694
1350
945
309
-154
-90
345
924
1403
1524
1398
1123
871
800
799
899
1098
1374
1660
1751
1390
745
163
-35
-27
5
-73
-231
-274
-276
-363
-538
-639
-499
-165
213
560
766
820
839
851
915
980
1015
1118
1326
1515
1549
1352
1108
1031
1108
1186
1179
1157
1171
1191
1110
928
703
594
585
565
508
442
346
206
21
-100
-201
-254
-236
-195
-183
-214
-325
-543
-763
-867
-920
-949
-1016
-1088
-1189
-1332
-1512
-1719
-1904
-1977
-2008
-2024
-2021
-2008
-1991
-1986
-2016
-2032
-1978
-2006
-2071
-2201
-2228
-2266
-2274
-2364
-2489
-2550
-2305
-1473
-201
1435
2448
2360
1509
803
614
948
1415
1446
1316
936
461
-262
-873
-1068
-700
-35
827
1528
1701
1592
1236
1027
1111
1304
1345
1416
1659
1957
1920
1351
545
-64
-204
-141
-131
-186
-189
-78
75
224
336
490
764
1119
1442
1648
1640
1443
1245
1098
923
739
536
496
697
898
907
776
721
797
1061
1307
1420
1471
1479
1326
1007
655
331
105
-31
-79
-215
-358
-449
-551
-617
-566
-414
-255
-75
86
181
182
79
-162
-388
-525
-644
-755
-918
-1105
-1276
-1437
-1593
-1763
-1883
-1927
-1945
-1914
-1939
-1931
-1903
-1888
-1959
-1944
-1991
-2162
-2275
-2458
-2617
-2689
-2670
-2766
-2705
-2497
-1870
-525
1247
2431
2490
1787
907
577
712
1049
1009
756
403
-87
-720
-1244
-1531
-1238
-391
537
1352
1739
1713
1525
1415
1422
1389
1286
1261
1414
1686
1730
1230
522
-50
-276
-259
-232
-259
-195
93
452
744
915
1079
1290
1566
1714
1648
1446
1213
1006
800
505
188
-76
-121
98
391
589
688
876
1150
1424
1622
1686
1656
1620
1472
1080
558
111
-201
-405
-522
-630
-691
-585
-410
-247
-91
106
366
631
806
827
715
521
262
-40
-354
-660
-881
-1033
-1195
-1327
-1466
-1532
-1557
-1560
-1550
-1598
-1684
-1707
-1755
-1783
-1891
-2070
-2230
-2436
-2567
-2621
-2921
-3230
-3159
-3142
-3084
-2950
-2209
-883
1018
2541
2821
2120
1156
494
483
806
730
378
30
-305
-772
-1362
-1780
-1713
-772
440
1497
2171
2297
2227
2206
2065
1751
1395
1149
1235
1500
1615
1211
446
-237
-629
-632
-545
-533
-397
44
655
1160
1297
1290
1445
1758
1979
1827
1440
1055
813
586
166
-363
-698
-691
-338
135
438
629
915
1354
1682
1808
1861
1873
1869
1822
1560
935
227
-296
-590
-706
-773
-736
-547
-210
124
327
429
558
863
1165
1291
1192
927
591
242
-183
-682
-1085
-1263
-1254
-1209
-1276
-1416
-1499
-1494
-1497
-1443
-1457
-1648
-1562
-1600
-1705
-1978
-2262
-2502
-2943
-3155
-3349
-3493
-3493
-3330
-3118
-2939
-2482
-1324
563
2287
3064
2631
1548
731
282
480
231
-68
-626
-825
-1114
-1504
-2020
-2061
-1394
-221
1026
1800
2215
2265
2404
2377
2041
1462
905
771
955
1130
920
366
-276
-635
-777
-822
-829
-685
-110
655
1397
1783
1900
1989
2154
2225
2050
1610
1130
848
629
311
-220
-684
-741
-493
11
471
794
1135
1673
2160
2320
2251
2080
1991
1841
1548
913
213
-343
-731
-939
-1115
-1118
-890
-415
49
398
580
731
997
1216
1314
1203
989
682
395
18
-529
-1046
-1366
-1429
-1353
-1237
-1192
-1175
-1164
-1180
-1260
-1333
-1553
-1508
-1396
-1478
-1747
-2076
-2341
-2914
-3209
-3351
-3492
-3502
-3193
-3161
-3078
-2303
-815
1350
2921
3254
2405
1283
425
-20
-29
-347
-788
-1049
-1130
-1477
-1896
-2321
-2246
-1296
-34
1170
1937
2293
2383
2511
2440
1900
1199
655
593
858
1038
728
199
-234
-385
-333
-466
-637
-491
217
1180
1989
2328
2377
2451
2563
2445
1981
1362
874
707
581
171
-443
-895
-892
-456
76
572
949
1390
1945
2338
2371
2130
1866
1721
1532
1053
415
-290
-759
-962
-1083
-1222
-1196
-881
-308
260
671
849
921
1132
1345
1342
1161
900
657
449
115
-427
-972
-1292
-1325
-1232
-1140
-1104
-1035
-854
-821
-855
-1144
-1374
-1347
-1341
-1519
-1841
-2202
-2690
-3059
-3233
-3539
-3768
-3562
-3234
-3011
-2430
-1326
647
2582
3409
2937
1610
380
-338
-429
-641
-1193
-1601
-1740
-1806
-2015
-2311
-2527
-1878
-793
485
1543
2027
2180
2273
2281
1893
1271
549
231
375
698
727
292
-234
-480
-378
-245
-323
-434
-103
745
1781
2490
2668
2654
2689
2686
2334
1612
855
475
426
326
-85
-642
-865
-566
57
604
1036
1449
1942
2497
2723
2409
1906
1607
1445
1214
705
-79
-740
-1029
-1121
-1217
-1237
-1094
-615
141
754
999
1080
1151
1249
1258
1057
712
475
382
254
-53
-594
-1076
-1299
-1256
-1192
-1131
-1069
-972
-767
-648
-796
-1070
-1236
-1415
-1503
-1775
-2090
-2570
-2964
-3054
-3353
-3527
-3730
-3589
-3140
-2100
-145
1939
3420
3497
2659
1174
32
-584
-877
-1086
-1549
-1736
-1979
-2093
-2394
-2562
-2351
-1581
-435
669
1523
1896
2093
2077
1788
1196
464
-93
-156
139
430
446
65
-318
-496
-449
-327
-328
-248
164
958
1859
2533
2762
2762
2696
2508
2054
1297
630
303
265
232
-57
-402
-380
40
636
1154
1509
1908
2341
2807
2897
2492
1889
1423
1154
760
229
-417
-801
-953
-1013
-994
-1015
-879
-444
294
879
1143
1229
1339
1457
1426
1109
580
103
-59
-64
-168
-465
-783
-919
-916
-911
-977
-1048
-1035
-730
-510
-586
-858
-1091
-1275
-1456
-1642
-2083
-2651
-2948
-3018
-3205
-3361
-3359
-3317
-2613
-1126
1171
3097
3904
3516
2121
767
-428
-910
-1359
-1699
-1994
-2113
-2218
-2493
-2714
-2783
-2099
-1098
103
1021
1586
1921
2020
1794
1145
335
-428
-679
-511
-167
151
156
-59
-350
-507
-583
-575
-524
-202
416
1230
2032
2485
2681
2680
2530
2141
1491
783
334
171
148
12
-276
-374
-76
484
1090
1537
1879
2299
2696
2959
2794
2190
1508
1037
690
225
-319
-774
-918
-936
-926
-911
-887
-612
-95
594
1100
1304
1386
1502
1492
1313
904
315
-100
-353
-471
-518
-584
-632
-604
-578
-636
-782
-924
-921
-798
-702
-687
-790
-1038
-1290
-1520
-1974
-2547
-2835
-3229
-3352
-3172
-3144
-3180
-2883
-1632
453
2936
4298
4062
2810
1262
36
-699
-1028
-1765
-2195
-2223
-2278
-2399
-2695
-3034
-2640
-1464
-272
844
1502
1807
2104
2069
1467
453
-563
-1065
-920
-456
-29
32
-63
-147
-249
-339
-539
-692
-471
191
1047
1904
2396
2617
2727
2634
2305
1638
839
308
159
188
142
-113
-265
-83
422
1074
1668
2041
2384
2806
3099
2931
2261
1507
942
492
74
-420
-847
-893
-857
-864
-932
-1018
-900
-517
63
589
882
1079
1288
1337
1180
798
315
-46
-388
-604
-810
-947
-853
-611
-467
-476
-553
-734
-763
-682
-801
-905
-1036
-1091
-1230
-1509
-1934
-2549
-2785
-3005
-3214
-3142
-3137
-2935
-2166
-562
1809
4003
4849
4186
2653
1017
-123
-753
-1067
-1710
-2016
-2036
-2054
-2311
-2651
-2941
-2425
-1180
32
1088
1720
2058
2330
2196
1334
162
-943
-1459
-1193
-700
-286
-252
-403
-448
-488
-540
-690
-808
-501
269
1160
1974
2337
2448
2536
2423
2031
1383
651
262
253
304
275
74
-23
250
747
1361
1904
2311
2816
3209
3360
3057
2247
1334
672
217
-192
-592
-834
-746
-599
-432
-427
-589
-676
-478
6
423
627
730
936
1049
1006
636
-14
-566
-834
-917
-1051
-1189
-1201
-866
-477
-347
-477
-815
-935
-827
-757
-929
-1191
-1387
-1494
-1622
-2013
-2544
-3110
-3174
-3012
-3019
-3116
-2803
-1535
745
3653
5248
5216
3828
2082
737
-97
-502
-1194
-1633
-1870
-1808
-1982
-2381
-2962
-2874
-1838
-552
703
1370
1681
2064
2388
1986
913
-400
-1407
-1473
-1008
-525
-396
-478
-561
-549
-606
-852
-1134
-1065
-372
585
1536
2062
2225
2266
2225
1990
1508
838
339
260
367
424
271
28
89
479
1044
1603
2066
2584
3082
3389
3282
2601
1667
898
361
-69
-549
-902
-932
-773
-635
-539
-564
-559
-396
-44
259
371
385
443
510
540
436
101
-307
-641
-868
-1027
-1200
-1400
-1396
-1168
-846
-580
-604
-728
-822
-775
-761
-1050
-1433
-1706
-2010
-2111
-2278
-2696
-3087
-3170
-2921
-2934
-2309
-1064
1306
4091
5549
5448
3859
2098
703
219
-58
-760
-1254
-1636
-1597
-1854
-2167
-2850
-2668
-1672
-368
901
1512
1738
1849
2073
1659
817
-286
-1164
-1247
-827
-405
-381
-613
-885
-844
-787
-934
-1202
-1166
-489
567
1617
2040
2015
1932
1880
1686
1237
571
120
151
319
347
79
-212
-67
539
1222
1762
2265
2799
3394
3687
3412
2514
1470
725
216
-117
-563
-903
-903
-758
-645
-570
-534
-468
-129
350
701
739
628
488
355
296
24
-288
-594
-767
-773
-807
-1023
-1354
-1477
-1457
-1238
-1009
-930
-919
-785
-623
-691
-1003
-1496
-1928
-2243
-2413
-2708
-2930
-3171
-3167
-2970
-2697
-1689
39
2837
4799
5356
4525
2837
1563
776
663
17
-524
-1148
-1350
-1483
-1953
-2479
-2766
-2005
-891
457
1235
1541
1655
1722
1638
981
129
-772
-979
-608
-146
-8
-328
-705
-890
-805
-823
-909
-1045
-700
85
992
1601
1722
1684
1681
1715
1548
1144
674
465
432
355
90
-320
-421
-9
756
1533
2107
2613
3199
3701
3717
3214
2224
1283
625
220
-94
-567
-942
-1131
-1177
-1125
-958
-715
-330
201
731
1033
982
704
365
77
-112
-285
-529
-797
-966
-998
-1031
-1188
-1419
-1578
-1538
-1320
-1121
-1049
-1083
-1078
-1086
-1111
-1381
-1730
-2035
-2239
-2417
-2689
-3170
-3377
-3228
-3045
-2123
-264
2409
4408
4994
4231
2675
1457
970
995
770
178
-496
-951
-1249
-1834
-2445
-2749
-2144
-957
351
1271
1608
1599
1478
1247
692
-34
-746
-959
-554
-41
188
-98
-669
-1084
-1113
-1007
-943
-904
-599
43
796
1239
1156
956
951
1148
1285
1257
1052
952
851
623
168
-449
-774
-511
230
1125
1904
2503
3111
3529
3637
3270
2516
1756
1214
903
608
141
-479
-989
-1373
-1535
-1444
-1128
-601
107
860
1298
1279
989
619
249
5
-245
-505
-705
-851
-967
-1076
-1294
-1542
-1620
-1499
-1262
-1040
-938
-1013
-1104
-1207
-1398
-1627
-1967
-2228
-2256
-2346
-2458
-2677
-3013
-3175
-2976
-2005
-142
2578
4379
4580
3601
2035
1025
840
1309
1201
866
206
-431
-1036
-1826
-2632
-2824
-1905
-660
697
1451
1583
1482
1322
1011
415
-242
-835
-757
-206
256
197
-323
-943
-1249
-1120
-996
-809
-584
-102
574
1141
1190
831
527
445
680
847
897
935
1059
1070
801
248
-439
-682
-313
485
1264
1842
2311
2795
3224
3288
2941
2379
1948
1716
1500
1051
385
-305
-932
-1343
-1586
-1492
-1116
-462
247
782
977
887
771
566
392
193
7
-299
-636
-974
-1346
-1575
-1755
-1869
-1796
-1608
-1286
-999
-937
-1059
-1280
-1536
-1727
-1981
-2236
-2441
-2641
-2682
-2822
-2949
-2944
-2878
-2327
-786
1602
3861
4474
3771
2180
897
493
897
1357
1213
862
228
-243
-1081
-1988
-2614
-2175
-1006
354
1293
1371
1088
770
693
565
250
-255
-460
-91
356
367
-336
-1251
-1764
-1615
-1139
-743
-483
-149
453
1048
1245
849
408
288
631
1016
1052
856
669
574
444
130
-285
-464
-57
824
1704
2131
2214
2331
2509
2674
2554
2349
2265
2312
2324
1978
1235
251
-546
-1102
-1396
-1485
-1257
-685
85
716
889
779
583
496
533
621
585
375
35
-421
-966
-1522
-2012
-2203
-2191
-1982
-1763
-1432
-1242
-1129
-1039
-1166
-1314
-1604
-1765
-2110
-2449
-2832
-3080
-3102
-3107
-2925
-2731
-1567
554
3097
4369
3897
2449
848
495
828
1550
1449
1074
352
-173
-773
-1641
-2207
-2067
-958
378
1411
1353
693
16
-221
-46
68
-43
-176
148
566
504
-333
-1563
-2286
-2108
-1372
-794
-513
-401
-3
484
700
499
212
276
762
1288
1404
1095
644
294
29
-244
-547
-635
-214
697
1719
2396
2614
2623
2725
2807
2725
2509
2317
2272
2253
2119
1666
992
281
-295
-696
-1001
-1167
-997
-447
230
701
870
837
820
848
897
782
491
81
-256
-588
-1053
-1549
-1974
-2136
-2160
-2070
-1994
-1920
-1733
-1471
-1218
-1242
-1408
-1631
-1905
-2168
-2431
-2671
-3016
-3070
-2928
-2622
-1575
300
2620
3687
3502
2262
1027
782
1217
1955
1910
1448
392
-376
-1105
-1596
-1801
-1397
-314
828
1808
1681
930
-85
-562
-406
14
169
64
179
403
363
-385
-1503
-2293
-2179
-1431
-821
-627
-728
-640
-315
53
121
114
311
780
1263
1325
964
424
-2
-266
-433
-590
-680
-461
97
853
1463
1853
2255
2720
3131
3268
3078
2654
2227
1880
1613
1345
938
522
108
-295
-708
-1036
-1064
-817
-321
175
560
741
848
902
941
895
719
431
120
-267
-744
-1236
-1706
-2065
-2273
-2303
-2270
-2053
-1908
-1813
-1826
-1908
-1832
-1695
-1691
-1776
-1884
-2303
-2590
-2777
-2642
-2046
-673
1575
3100
3196
2038
693
284
1007
2179
2756
2481
1471
223
-891
-1704
-2026
-1697
-604
641
1722
1976
1348
374
-327
-316
183
601
525
266
98
20
-433
-1201
-1854
-1894
-1175
-538
-505
-948
-1321
-1253
-766
-264
81
417
799
1176
1197
827
333
56
61
140
66
-215
-546
-612
-337
140
650
1181
1972
2794
3356
3417
3062
2605
2198
2041
1986
1844
1421
863
225
-437
-985
-1251
-1067
-535
100
503
615
471
334
388
635
944
1149
1094
734
120
-655
-1359
-1866
-2069
-2068
-2029
-1978
-1928
-2049
-2307
-2452
-2481
-2244
-1986
-1822
-1837
-2109
-2583
-2845
-2739
-2263
-1140
831
2802
3385
2303
587
-510
39
1396
2751
2911
2309
978
-271
-1254
-1765
-1635
-903
250
1170
1610
1098
204
-481
-322
563
1426
1507
792
17
-429
-726
-1183
-1649
-1590
-992
-287
-370
-1147
-1983
-2095
-1480
-511
260
628
752
700
594
365
142
173
503
935
1050
640
-181
-940
-1126
-667
108
887
1555
2154
2584
2628
2383
2161
2216
2498
2848
2903
2501
1662
741
-68
-602
-841
-688
-302
12
99
-78
-285
-332
26
626
1167
1455
1332
818
69
-636
-1109
-1141
-1034
-944
-1221
-1807
-2469
-2833
-3027
-2916
-2556
-2031
-1597
-1527
-1888
-2471
-2825
-3036
-2787
-2347
-1424
60
2244
3445
2731
930
-603
-537
982
2651
3229
2464
1278
-148
-848
-1118
-824
-278
598
1176
1311
900
-133
-808
-538
781
2057
2404
1427
15
-712
-836
-738
-842
-810
-508
-122
-324
-1324
-2355
-2664
-1961
-660
485
831
496
-82
-448
-408
-65
380
879
1286
1359
798
-222
-1150
-1280
-521
618
1310
1349
1091
906
904
1100
1593
2287
2916
3241
3058
2332
1422
630
233
260
480
605
424
-40
-573
-937
-975
-697
-119
623
1189
1316
1027
469
-100
-464
-606
-530
-410
-498
-975
-1661
-2245
-2521
-2539
-2496
-2398
-2309
-2119
-2211
-2441
-2702
-2902
-2489
-2253
-2029
-1908
-1307
421
2293
2959
1912
462
-150
706
2136
2962
2419
1251
60
-587
-614
-236
215
576
886
936
686
218
-420
-443
578
1845
2489
1758
259
-673
-624
-51
228
34
-147
-366
-668
-1331
-2094
-2329
-1762
-749
225
516
29
-771
-1141
-778
102
861
1229
1183
873
363
-418
-1021
-969
-148
1036
1723
1468
805
288
228
641
1367
2141
2588
2634
2418
1898
1462
1100
953
1018
1082
909
358
-319
-794
-844
-613
-317
-75
151
350
355
261
161
202
247
87
-194
-540
-866
-1331
-1711
-1993
-2000
-1881
-2008
-2276
-2611
-2708
-2602
-2617
-2541
-2693
-2598
-2543
-2495
-2214
-1732
-80
1912
2815
2144
504
-329
280
1902
3152
2850
1659
176
-591
-670
-90
425
839
964
850
598
141
-209
-297
679
1914
2540
1931
228
-866
-769
180
966
932
493
-68
-672
-1349
-1970
-2112
-1491
-652
113
225
-354
-1182
-1557
-1016
105
1061
1326
984
538
176
-234
-570
-464
285
1183
1544
1056
426
263
549
1117
1687
2019
2033
1774
1460
1317
1392
1542
1509
1431
1335
1064
607
-13
-370
-205
125
106
-173
-396
-347
-118
71
155
268
356
142
-281
-659
-885
-1060
-1307
-1654
-1742
-1877
-2163
-2564
-2761
-2698
-2581
-2391
-2539
-2850
-2911
-2837
-2541
-2115
-1110
559
1892
2010
875
-150
-51
1358
2877
3361
2171
495
-807
-882
51
1072
1448
950
416
70
92
139
103
536
1697
2484
2176
746
-772
-895
116
1215
1477
732
-122
-776
-1083
-1120
-1053
-856
-655
-602
-532
-674
-1125
-1449
-1178
-193
784
905
223
-376
-223
354
543
250
115
496
939
887
543
445
775
1268
1509
1479
1310
1173
1165
1336
1594
1629
1366
944
735
914
1024
801
336
200
364
375
18
-374
-448
-270
-88
-195
-320
-365
-378
-451
-609
-768
-922
-1236
-1556
-1661
-1661
-1900
-2265
-2593
-2748
-2754
-2802
-2800
-2960
-2783
-2701
-2675
-2349
-1772
-191
1228
1569
812
-198
123
1154
2641
3075
2256
889
-265
-420
23
1043
1474
1094
349
-121
-49
457
916
806
1264
1631
1622
1054
113
42
860
1655
1617
590
-440
-870
-900
-543
-212
-240
-405
-832
-1137
-899
-595
-553
-593
-346
65
195
-123
-446
-172
684
1045
653
121
11
343
811
1056
1156
1305
1280
1042
864
903
1162
1333
1364
1289
1220
1076
746
699
986
1291
1085
583
244
233
377
353
189
65
22
-173
-497
-644
-575
-538
-704
-1025
-1170
-1263
-1494
-1629
-1636
-1619
-1726
-2043
-2531
-2716
-2651
-2532
-2731
-2978
-2975
-2932
-2714
-2421
-1402
203
1014
769
-322
-432
610
2247
3178
2530
1049
-98
-98
546
1401
1647
922
33
-527
-392
309
1107
1273
1355
1373
980
519
88
311
1256
2025
1907
868
-239
-626
-443
-89
115
-119
-606
-1028
-1306
-1059
-551
-302
-327
-351
-322
-271
-346
-353
-13
642
972
652
185
125
437
757
931
1034
1157
1212
1127
1024
1091
1223
1219
1062
1020
1114
1175
998
879
959
1096
912
504
424
752
1027
831
345
-50
-47
110
67
-98
-281
-537
-828
-1076
-1163
-1158
-1354
-1611
-1749
-1851
-2083
-2284
-2436
-2442
-2299
-2355
-2560
-2968
-3032
-3012
-2708
-2289
-1614
-371
84
-56
-746
-727
391
1786
2717
2276
1129
-41
-55
767
1726
2157
1309
-36
-818
-574
297
1163
1224
815
774
668
527
328
374
1154
1860
1778
892
-68
-235
254
595
498
26
-667
-1024
-931
-471
39
-73
-735
-1135
-831
-250
-27
-104
6
443
763
532
208
483
1169
1377
892
334
309
883
1420
1598
1484
1207
827
474
602
1116
1533
1384
875
655
818
914
647
502
704
924
710
134
-172
57
475
538
199
-213
-575
-899
-1049
-1054
-1009
-1233
-1658
-1938
-2076
-2170
-2312
-2423
-2464
-2466
-2659
-2969
-3109
-2949
-2727
-2493
-2353
-1352
-127
52
-618
-1484
-984
637
2123
2357
1305
248
-178
600
1362
1901
1751
625
-221
-327
296
1101
1391
706
333
438
490
590
449
602
1189
1271
728
96
60
644
1070
757
101
-458
-736
-578
-281
112
278
-214
-857
-997
-515
21
144
-81
-168
-18
92
101
424
1206
1736
1542
873
492
698
1239
1528
1480
1327
990
691
592
923
1370
1364
856
311
357
757
1039
1012
865
732
534
296
160
293
414
390
183
-64
-136
-258
-410
-564
-756
-1106
-1486
-1737
-1710
-1750
-2056
-2451
-2769
-2832
-2785
-2694
-2745
-2789
-2854
-2949
-2698
-2030
-602
9
-393
-1033
-1060
87
1296
1912
1272
440
-69
230
1166
1659
1753
785
-198
-406
242
1174
1492
884
-42
-38
357
660
752
560
718
782
503
69
-43
321
686
554
-33
-473
-640
-515
-115
249
359
-99
-810
-934
-376
312
388
17
-318
-128
187
280
350
532
898
960
850
874
1128
1478
1633
1596
1430
1194
891
805
1097
1478
1479
1012
630
670
964
1075
902
726
636
553
466
495
650
544
225
-25
-51
38
12
-170
-273
-375
-698
-1237
-1607
-1563
-1447
-1659
-2187
-2638
-2708
-2682
-2871
-3050
-3139
-3063
-2855
-2664
-2254
-1106
-459
-593
-1083
-1069
-132
982
1449
968
386
87
502
1275
1427
1329
618
-227
-296
240
999
1521
1115
190
-90
128
613
911
710
522
402
198
134
281
561
599
151
-520
-779
-602
-334
-111
-84
-156
-418
-758
-679
-199
255
282
-94
-316
-141
122
353
589
774
844
631
370
615
1134
1557
1551
1315
1317
1411
1433
1272
1199
1318
1352
1131
948
1034
1122
1082
850
741
826
781
594
493
523
537
370
110
-3
18
-94
-279
-358
-401
-504
-787
-1103
-1201
-1279
-1593
-1927
-2190
-2371
-2522
-2783
-3016
-3076
-3073
-2966
-2867
-2402
-1370
-923
-1135
-1501
-997
79
1092
1260
539
250
323
933
1638
1564
1312
561
-129
-109
437
1010
1195
662
-96
-3
404
813
893
637
493
291
25
28
449
831
628
-70
-785
-832
-545
-426
-391
-437
-463
-606
-795
-595
-116
113
-125
-427
-340
75
294
282
431
681
850
593
442
830
1279
1276
938
816
1167
1646
1673
1349
1140
1219
1309
1167
1144
1326
1376
1132
907
1015
1161
1010
682
517
598
643
462
274
274
244
38
-338
-517
-400
-401
-750
-1160
-1343
-1333
-1403
-1585
-1844
-2125
-2373
-2644
-2802
-2978
-2916
-2814
-2633
-2114
-1317
-1209
-1530
-1675
-1063
-90
703
678
225
186
468
1153
1625
1519
1219
577
128
358
870
1253
1180
456
-147
-49
327
624
622
424
301
180
-21
100
475
593
225
-323
-618
-439
-236
-397
-614
-690
-720
-848
-917
-629
-309
-304
-594
-735
-386
72
181
133
274
458
521
349
422
1058
1504
1374
901
683
1018
1428
1471
1198
1014
1045
1145
1254
1378
1456
1257
970
910
1206
1445
1294
981
784
710
660
595
547
514
289
-101
-356
-362
-226
-324
-680
-1024
-1163
-1194
-1394
-1629
-1873
-2062
-2179
-2252
-2466
-2718
-2708
-2632
-2469
-1824
-1318
-1337
-1529
-1443
-813
-18
375
228
1
119
513
1178
1409
1349
1189
684
547
777
1173
1398
1206
491
144
346
619
762
599
303
159
36
-16
250
578
455
-45
-518
-578
-251
-115
-370
-622
-676
-749
-869
-822
-614
-453
-518
-733
-734
-413
-146
-133
-120
44
201
234
172
289
751
1059
1050
944
997
1209
1336
1297
1110
979
925
936
1124
1297
1296
1062
814
800
1041
1184
1154
1121
1018
881
720
690
748
662
355
26
-134
-144
-242
-492
-779
-1020
-1085
-1263
-1418
-1612
-1819
-2049
-2222
-2216
-2374
-2448
-2511
-2491
-2127
-1510
-1277
-1545
-1552
-1171
-427
40
27
-167
-181
221
619
1052
1047
1049
881
584
656
994
1288
1337
991
508
501
712
836
773
597
365
191
15
44
301
392
67
-394
-542
-369
-167
-290
-572
-641
-599
-664
-763
-699
-564
-569
-681
-719
-556
-336
-259
-250
-106
53
78
32
144
431
680
733
626
697
917
1157
1218
1183
1211
1203
1184
1061
1094
1220
1138
1027
961
975
1001
982
1010
1129
1120
895
685
665
746
716
499
240
91
35
-103
-353
-572
-830
-960
-1111
-1236
-1363
-1611
-1818
-2080
-2167
-2268
-2360
-2292
-2317
-2011
-1406
-1198
-1409
-1550
-1237
-655
-192
-81
-298
-208
100
439
881
799
834
797
546
658
951
1176
1215
890
530
555
713
813
769
697
538
313
39
23
310
452
195
-281
-495
-402
-260
-283
-459
-539
-549
-597
-641
-553
-446
-510
-595
-585
-452
-282
-229
-210
-32
121
145
65
53
240
486
649
625
573
643
810
946
1040
1111
1062
1026
979
1109
1328
1259
1098
974
912
896
870
893
937
871
789
710
665
640
557
431
262
82
-57
-133
-269
-393
-617
-852
-1048
-1181
-1298
-1437
-1589
-1820
-1941
-2159
-2199
-2068
-1981
-1754
-1372
-1245
-1298
-1218
-1056
-685
-503
-420
-370
-234
-112
210
574
498
595
529
420
629
844
1030
1125
874
665
610
566
613
599
605
511
317
129
18
86
166
90
-92
-249
-304
-383
-442
-415
-409
-416
-468
-500
-410
-311
-274
-289
-322
-274
-187
-96
4
107
139
136
97
109
232
377
543
627
612
559
505
480
602
770
854
849
762
810
926
959
1008
1020
968
902
799
789
825
785
685
587
523
483
416
316
231
142
77
-30
-188
-279
-304
-406
-550
-730
-947
-1080
-1214
-1360
-1515
-1684
-1799
-1808
-1777
-1562
-1422
-1364
-1253
-1303
-1166
-982
-858
-645
-347
-331
-205
2
-43
155
302
295
470
592
584
813
878
865
802
651
605
577
615
570
432
310
189
50
36
-13
-74
-148
-213
-247
-267
-237
-251
-251
-240
-311
-325
-262
-225
-68
15
15
23
5
67
174
236
314
332
241
185
217
300
421
470
460
468
458
496
504
535
597
653
705
748
726
721
754
809
930
957
911
911
888
825
729
559
441
383
292
195
75
-75
-215
-345
-412
-438
-494
-580
-734
-949
-1082
-1213
-1349
-1446
-1561
-1702
-1646
-1444
-1416
-1299
-1324
-1447
-1303
-1132
-997
-608
-431
-403
-134
-155
-97
205
317
467
727
731
808
880
852
916
888
827
696
606
628
657
595
518
353
172
67
5
6
-1
-37
-213
-328
-323
-327
-302
-251
-262
-236
-265
-289
-268
-259
-170
-100
-78
-27
-19
-53
15
52
91
126
113
191
340
397
388
351
331
391
454
462
458
486
531
554
584
632
671
714
757
779
785
788
752
784
800
730
614
468
384
316
174
-17
-204
-376
-466
-558
-663
-729
-910
-1053
-1141
-1267
-1283
-1358
-1483
-1498
-1385
-1319
-1197
-1079
-1166
-1173
-1074
-1008
-746
-361
-313
-145
-20
-132
-1
242
381
704
952
962
1102
1099
1075
1051
1044
1016
922
861
808
695
567
468
291
238
201
90
-60
-117
-155
-213
-221
-296
-379
-360
-390
-447
-398
-413
-424
-434
-403
-358
-321
-319
-293
-285
-228
-171
-189
-130
-78
-15
44
74
114
237
306
425
491
499
542
557
597
668
655
631
672
651
714
777
795
848
867
805
734
677
639
587
463
331
226
146
-3
-216
-383
-494
-591
-746
-933
-1125
-1229
-1331
-1418
-1536
-1633
-1678
-1564
-1383
-1370
-1264
-1302
-1269
-985
-791
-693
-335
-296
-242
18
-47
61
309
381
512
765
759
954
1121
1167
1199
1154
1099
1031
1048
1027
944
779
665
500
386
342
288
199
118
7
-145
-159
-194
-304
-372
-425
-479
-416
-454
-528
-515
-516
-527
-557
-578
-525
-453
-412
-381
-381
-320
-207
-110
-47
19
47
103
191
265
336
433
531
583
630
632
674
756
805
835
871
880
893
886
838
805
796
740
632
497
408
356
206
32
-142
-233
-280
-381
-550
-755
-923
-1114
-1254
-1374
-1455
-1497
-1568
-1730
-1691
-1554
-1464
-1182
-1194
-1256
-1091
-1018
-774
-250
-181
-37
166
76
305
549
623
816
982
974
1139
1214
1278
1321
1334
1335
1262
1228
1161
1080
1029
983
829
709
574
513
420
354
264
77
10
-77
-164
-200
-277
-418
-427
-469
-504
-549
-615
-602
-595
-618
-679
-767
-762
-647
-573
-445
-390
-389
-273
-114
16
149
150
171
316
412
468
496
467
507
623
623
652
683
730
768
801
799
775
755
648
534
452
380
226
54
-106
-214
-282
-404
-577
-754
-933
-1070
-1208
-1318
-1445
-1541
-1707
-1815
-1874
-1825
-1672
-1594
-1432
-1383
-1343
-1198
-1007
-834
-426
-331
-247
-6
46
271
541
644
804
1056
1109
1342
1472
1525
1524
1490
1462
1397
1389
1397
1343
1242
1183
1028
952
885
819
721
623
517
393
307
234
137
23
-80
-209
-254
-313
-386
-485
-557
-578
-634
-715
-757
-758
-712
-645
-650
-616
-545
-433
-330
-256
-183
-112
12
169
255
312
383
441
535
615
635
649
699
725
750
775
740
723
705
631
554
483
394
272
105
-43
-152
-266
-387
-560
-728
-827
-984
-1163
-1313
-1471
-1591
-1688
-1884
-1943
-2018
-2000
-1846
-1807
-1654
-1529
-1475
-1293
-1058
-920
-506
-363
-201
78
115
294
566
688
932
1190
1197
1432
1565
1650
1736
1745
1681
1657
1633
1637
1612
1516
1435
1287
1215
1120
1032
884
799
699
557
450
364
237
166
62
-77
-134
-274
-374
-457
-520
-546
-603
-687
-680
-733
-765
-758
-781
-714
-649
-640
-576
-492
-397
-250
-198
-128
-16
75
185
274
288
334
437
541
661
726
715
728
739
752
717
631
534
417
264
83
-73
-177
-252
-374
-520
-642
-785
-937
-1091
-1332
-1444
-1529
-1687
-1804
-1903
-2027
-1993
-1889
-1885
-1725
-1639
-1596
-1483
-1307
-1108
-775
-524
-385
-166
-11
176
404
614
790
1014
1122
1294
1446
1548
1667
1716
1729
1753
1761
1734
1749
1630
1564
1507
1462
1430
1364
1273
1218
1163
995
837
675
577
534
450
287
164
34
-50
-127
-254
-353
-419
-439
-424
-467
-564
-613
-680
-643
-629
-646
-623
-593
-555
-470
-447
-418
-329
-275
-156
-57
28
126
212
298
412
477
512
538
577
608
596
530
433
350
249
122
-15
-131
-231
-345
-480
-573
-718
-884
-1060
-1265
-1398
-1482
-1592
-1731
-1887
-2018
-2043
-1991
-1916
-1824
-1744
-1703
-1638
-1479
-1286
-1023
-762
-649
-504
-325
-174
65
289
438
643
831
999
1177
1287
1394
1495
1549
1547
1559
1565
1580
1538
1436
1387
1368
1354
1317
1249
1165
1121
1044
951
881
807
716
608
475
406
356
251
137
-7
-94
-128
-179
-238
-270
-308
-310
-329
-362
-371
-378
-346
-291
-280
-287
-252
-246
-168
-99
-69
-10
63
148
220
257
273
331
416
513
566
575
539
495
473
431
322
158
-13
-110
-191
-306
-431
-611
-790
-925
-1087
-1240
-1318
-1457
-1551
-1674
-1835
-1916
-1963
-1955
-1869
-1790
-1723
-1661
-1653
-1489
-1336
-1122
-890
-752
-620
-435
-298
-116
125
263
469
635
817
956
1098
1224
1335
1427
1463
1427
1406
1437
1398
1352
1278
1225
1181
1171
1146
1059
1011
946
847
811
785
700
647
561
461
422
336
243
174
120
49
-5
-55
-91
-97
-108
-131
-168
-170
-195
-183
-123
-79
-38
10
6
21
72
77
113
179
200
240
276
285
341
400
429
446
457
464
475
448
372
253
110
3
-42
-124
-234
-378
-584
-756
-898
-1058
-1188
-1314
-1474
-1598
-1746
-1872
-1949
-2001
-2010
-1922
-1851
-1745
-1678
-1630
-1525
-1398
-1274
-1104
-947
-806
-601
-479
-328
-162
-1
171
366
514
666
815
926
1060
1175
1248
1260
1273
1262
1262
1238
1194
1174
1153
1122
1066
1003
932
913
859
820
796
745
679
606
536
480
432
360
314
261
238
208
156
126
126
95
112
112
76
73
39
29
78
147
203
252
274
268
294
337
394
464
511
504
518
536
517
534
515
493
497
464
400
334
218
113
47
9
-50
-154
-291
-464
-604
-748
-896
-1027
-1131
-1245
-1398
-1578
-1765
-1892
-1944
-1950
-1912
-1828
-1736
-1701
-1636
-1593
-1494
-1296
-1126
-956
-798
-670
-567
-416
-284
-140
25
169
294
424
566
673
794
890
957
1005
1045
1035
1010
970
965
967
944
935
858
780
748
706
653
634
581
553
547
480
437
378
311
310
280
271
279
228
204
199
182
205
214
212
237
218
190
195
215
268
334
378
406
427
468
514
545
570
566
582
612
643
637
593
548
516
495
481
421
342
244
120
55
6
-68
-167
-295
-438
-569
-715
-800
-907
-1004
-1070
-1233
-1389
-1509
-1644
-1698
-1681
-1703
-1647
-1597
-1558
-1493
-1447
-1371
-1240
-1105
-955
-798
-698
-561
-463
-355
-212
-63
76
233
361
472
594
685
756
802
870
878
864
830
779
758
738
704
665
628
605
563
498
447
382
366
349
300
292
258
219
199
148
112
161
159
187
222
214
219
200
176
180
240
275
306
310
315
333
389
424
463
536
575
609
626
624
622
653
667
705
691
666
640
594
558
503
414
307
235
163
118
32
-64
-227
-391
-492
-617
-707
-755
-852
-948
-1051
-1264
-1385
-1429
-1514
-1493
-1496
-1540
-1481
-1409
-1384
-1294
-1268
-1233
-1095
-988
-829
-719
-605
-513
-444
-349
-215
-103
36
174
227
347
442
522
606
695
722
753
741
695
677
640
625
589
575
510
458
389
321
270
210
194
187
181
160
166
109
82
65
20
38
86
105
134
165
147
162
172
211
256
322
370
386
420
453
494
552
609
621
673
691
725
752
749
768
772
769
761
759
735
708
627
541
449
397
365
321
261
167
32
-134
-272
-390
-470
-546
-602
-728
-857
-978
-1135
-1205
-1258
-1278
-1300
-1307
-1302
-1242
-1199
-1172
-1130
-1133
-1051
-970
-859
-742
-678
-600
-498
-453
-351
-212
-125
21
108
181
276
322
406
487
510
544
549
535
522
481
468
458
435
422
391
347
290
223
153
124
111
109
84
27
-49
-113
-123
-138
-102
-81
-61
-46
-55
-48
-24
-6
50
146
208
288
311
345
381
405
482
736
902
823
701
689
860
883
916
978
908
787
610
549
533
580
615
354
182
264
196
67
-34
-58
-136
-221
-307
-448
-562
-668
-725
-827
-902
-917
-898
-1073
-1218
-1151
-1154
-1124
-999
-892
-808
-746
-783
-731
-656
-533
-389
-289
-276
-161
-99
-215
-78
8
100
228
245
289
315
328
420
450
505
581
536
519
410
352
308
255
284
238
164
83
-4
-62
-146
-147
-143
-216
-191
-203
-273
-314
-305
-280
-296
-258
-221
-172
-139
-157
-94
-61
0
132
181
221
275
314
374
447
541
633
681
737
760
764
788
814
855
872
867
829
789
723
648
570
464
415
422
409
336
225
107
-21
-143
-194
-225
-279
-353
-473
-624
-763
-882
-876
-889
-944
-968
-1066
-1122
-1136
-1090
-985
-895
-795
-743
-756
-679
-604
-449
-323
-214
-79
-81
-18
20
21
110
173
243
302
330
322
355
350
396
438
460
449
432
356
269
265
187
209
192
163
78
-51
-121
-182
-186
-186
-182
-234
-300
-345
-385
-404
-360
-334
-250
-235
-221
-190
-160
-76
41
143
173
263
272
315
423
496
619
708
767
834
853
877
923
973
1000
1011
1022
975
885
779
689
628
576
514
478
458
381
275
133
-10
-74
-98
-105
-179
-295
-399
-614
-699
-767
-841
-837
-947
-928
-1002
-1078
-1068
-1112
-1077
-1003
-961
-866
-843
-750
-751
-685
-564
-485
-325
-238
-193
-128
-130
-90
21
67
178
220
265
279
257
267
315
350
447
432
461
388
303
273
260
286
263
253
163
81
-18
-64
-83
-106
-83
-85
-112
-188
-224
-235
-257
-229
-188
-187
-166
-164
-149
-110
-53
4
43
110
166
224
308
370
464
531
590
665
712
735
756
787
794
838
810
775
742
665
619
570
496
432
378
364
340
314
235
150
69
-39
-86
-136
-201
-270
-390
-495
-655
-721
-773
-833
-819
-881
-880
-946
-965
-881
-894
-868
-868
-840
-828
-825
-730
-723
-635
-614
-536
-429
-430
-328
-261
-176
-131
-70
58
50
126
101
156
213
169
252
195
278
262
257
245
153
217
212
194
198
131
171
136
108
97
45
71
-6
22
-17
-43
-31
-83
-45
-33
25
65
83
128
126
229
267
330
426
446
534
524
564
629
652
712
739
781
809
837
848
830
811
788
802
766
726
697
614
570
505
459
386
327
297
258
241
169
62
-37
-124
-189
-230
-282
-342
-418
-516
-619
-694
-711
-706
-702
-702
-779
-790
-837
-849
-804
-813
-788
-784
-792
-793
-765
-755
-731
-701
-681
-618
-598
-568
-524
-517
-487
-488
-413
-349
-305
-234
-233
-232
-215
-223
-205
-171
-154
-63
-80
-133
-103
-126
-114
-61
-47
16
51
63
63
50
38
56
97
128
167
203
179
196
236
261
317
398
468
531
582
576
598
643
713
783
811
841
889
885
879
883
894
908
916
904
880
840
815
788
744
714
664
631
599
554
511
437
361
304
223
165
117
85
51
-5
-85
-182
-243
-276
-315
-349
-398
-427
-474
-509
-531
-560
-570
-631
-619
-626
-642
-628
-664
-657
-674
-690
-683
-683
-663
-663
-663
-666
-664
-636
-619
-595
-580
-580
-590
-589
-584
-570
-558
-528
-508
-484
-487
-506
-522
-483
-424
-389
-353
-303
-237
-243
-226
-217
-160
-99
-51
-20
-16
27
64
107
138
221
325
376
420
445
489
539
596
663
693
744
759
750
742
758
788
817
838
854
846
798
771
772
755
737
723
701
692
658
597
548
521
498
487
445
411
373
328
296
254
211
183
166
129
83
40
10
-6
-13
-17
-47
-105
-147
-200
-237
-265
-287
-278
-302
-335
-377
-427
-435
-434
-434
-439
-463
-482
-495
-519
-560
-586
-587
-587
-584
-600
-627
-636
-640
-631
-617
-599
-594
-613
-640
-670
-671
-646
-620
-577
-561
-544
-531
-563
-555
-524
-455
-375
-338
-303
-285
-280
-261
-204
-125
-58
3
35
110
151
162
204
249
344
423
475
513
558
562
578
591
624
690
724
701
692
663
645
617
594
625
643
661
630
588
569
538
532
513
512
523
492
453
411
402
388
369
348
341
322
290
253
236
219
219
203
190
145
89
58
25
19
-4
-29
-50
-70
-90
-125
-177
-201
-203
-196
-214
-253
-299
-318
-338
-367
-390
-398
-420
-448
-472
-509
-518
-531
-545
-555
-581
-603
-613
-636
-619
-605
-597
-584
-550
-544
-537
-528
-516
-482
-460
-446
-443
-427
-395
-355
-336
-316
-259
-207
-173
-134
-107
-45
-1
45
109
145
192
212
233
259
258
295
333
370
421
445
444
413
412
405
430
447
452
465
438
412
382
391
401
405
426
403
385
359
338
342
343
353
325
304
259
246
231
215
233
227
238
225
205
191
153
127
117
115
114
100
73
29
-1
-29
-41
-48
-67
-48
-47
-71
-90
-115
-113
-100
-91
-106
-132
-163
-188
-204
-207
-204
-209
-221
-254
-277
-300
-315
-319
-309
-298
-303
-312
-314
-311
-299
-286
-274
-256
-245
-219
-208
-220
-234
-229
-215
-175
-143
-125
-109
-106
-95
-75
-48
-17
21
50
74
86
92
101
109
114
132
142
162
175
177
172
159
154
154
153
167
201
214
208
192
176
165
171
162
166
185
182
173
147
111
89
86
79
81
77
57
40
8
-14
-33
-53
-54
-48
-46
-64
-79
-96
-126
-134
-156
-151
-133
-118
-109
-120
-134
-138
-130
-119
-89
-73
-65
-72
-67
-60
-61
-59
-41
-28
-32
-33
-39
-43
-38
-37
-38
-38
-37
-39
-41
-43
-58
-61
-58
-50
-42
-51
-52
-71
-65
-59
-53
-48
-55
-46
-47
-49
-35
-27
-18
-10
-2
3
7
19
19
37
61
76
78
76
76
97
102
99
117
132
145
147
141
133
135
145
161
170
172
172
169
153
160
165
163
161
167
171
166
152
125
111
100
93
81
54
36
26
12
2
-16
-35
-54
-78
-101
-126
-153
-172
-169
-175
-199
-213
-221
-219
-215
-215
-200
-194
-183
-168
-151
-131
-120
-98
-79
-57
-40
-40
-29
-14
2
13
24
27
11
5
21
31
41
55
66
79
96
97
86
72
78
82
70
69
77
75
75
64
26
13
23
33
28
38
55
73
88
89
77
67
67
69
62
58
73
94
120
118
105
102
108
117
129
140
161
180
179
180
180
178
172
167
161
157
151
145
123
99
68
38
28
33
23
1
-23
-60
-88
-128
-149
-172
-186
-199
-226
-241
-259
-275
-300
-313
-317
-338
-345
-341
-341
-341
-339
-337
-339
-312
-288
-273
-254
-232
-212
-204
-194
-178
-157
-137
-97
-63
-29
-4
15
25
37
56
59
81
107
128
137
137
146
160
165
172
187
205
216
215
213
203
190
178
176
180
171
159
143
125
102
81
76
70
68
68
69
74
84
87
81
73
73
83
79
79
88
93
118
138
146
147
146
153
167
182
188
203
214
227
225
208
194
189
175
159
137
118
104
77
50
31
17
-14
-37
-62
-90
-116
-141
-167
-197
-217
-237
-253
-283
-315
-334
-351
-352
-352
-355
-356
-355
-355
-362
-349
-339
-322
-300
-280
-258
-246
-223
-207
-196
-185
-164
-143
-128
-110
-94
-76
-59
-49
-29
5
35
57
73
80
79
81
93
109
117
123
132
132
134
125
132
130
129
137
149
162
152
134
120
107
99
89
94
93
95
113
109
112
101
100
106
110
118
130
138
143
151
144
146
159
179
190
211
219
225
224
216
223
218
214
210
208
200
183
161
133
108
97
84
75
66
51
29
4
-18
-44
-69
-100
-125
-143
-167
-195
-215
-228
-249
-273
-297
-314
-331
-342
-338
-342
-337
-339
-342
-331
-323
-308
-299
-280
-269
-260
-234
-222
-212
-197
-187
-173
-156
-136
-120
-99
-74
-56
-37
-19
15
47
64
83
92
99
111
125
126
140
148
147
155
153
165
162
170
184
189
185
178
174
164
170
165
157
161
159
157
150
144
138
130
126
129
136
144
141
144
145
143
141
143
142
131
129
119
118
124
117
109
106
93
86
83
83
79
70
58
42
26
12
-3
-14
-18
-33
-54
-71
-84
-101
-121
-132
-146
-159
-176
-190
-197
-211
-216
-230
-239
-240
-239
-236
-239
-241
-250
-258
-262
-268
-257
-241
-237
-230
-217
-206
-196
-183
-170
-152
-131
-107
-93
-80
-56
-50
-44
-33
-22
1
20
43
50
62
78
87
107
115
128
134
140
150
149
147
142
142
152
153
158
170
172
176
170
172
173
172
172
169
170
176
184
181
185
184
183
190
190
189
180
178
182
171
159
151
141
126
119
110
104
99
95
94
84
67
55
37
9
-14
-38
-52
-61
-79
-88
-101
-117
-126
-139
-156
-172
-188
-199
-203
-207
-213
-216
-221
-230
-239
-245
-245
-244
-243
-241
-235
-232
-230
-225
-217
-209
-207
-203
-197
-179
-164
-146
-139
-130
-121
-111
-94
-84
-73
-65
-54
-39
-23
-16
-6
4
16
36
46
51
62
75
87
98
100
108
112
113
116
119
123
133
145
150
161
166
167
172
165
168
177
187
192
189
190
195
195
185
187
191
191
198
202
202
200
191
180
164
154
143
134
123
109
102
97
93
84
64
45
27
18
6
-8
-22
-42
-60
-84
-104
-125
-142
-150
-150
-154
-162
-169
-179
-189
-198
-199
-200
-205
-207
-203
-207
-205
-211
-219
-219
-210
-197
-186
-176
-168
-166
-156
-141
-131
-116
-101
-94
-77
-63
-55
-38
-32
-20
-11
2
14
23
33
41
58
66
71
84
79
77
78
76
79
85
94
97
101
104
107
110
112
121
121
127
134
129
133
128
128
136
137
132
130
131
122
120
111
109
121
120
120
117
113
109
98
88
79
68
60
51
45
44
39
35
25
12
-2
-19
-41
-54
-68
-72
-84
-99
-110
-124
-130
-134
-134
-141
-141
-142
-146
-152
-162
-170
-169
-168
-163
-165
-172
-175
-174
-161
-155
-145
-138
-123
-115
-110
-104
-99
-91
-80
-67
-52
-48
-46
-44
-42
-33
-28
-19
-16
-5
0
10
31
42
52
52
56
56
56
59
60
63
66
69
71
73
67
69
71
77
82
91
101
113
125
126
131
134
141
146
152
156
162
163
161
161
161
161
159
155
145
137
134
129
130
125
122
116
108
104
88
74
60
39
25
3
-21
-37
-49
-62
-87
-92
-94
-94
-90
-94
-96
-103
-113
-121
-131
-141
-151
-167
-176
-174
-177
-171
-170
-172
-160
-164
-158
-149
-140
-130
-127
-127
-125
-129
-130
-132
-128
-125
-116
-95
-80
-65
-55
-49
-41
-38
-28
-16
-3
2
4
4
9
23
32
37
40
35
45
48
36
45
47
47
66
73
69
91
92
95
116
107
111
128
120
120
132
128
132
142
144
154
161
158
166
166
169
172
173
172
168
161
145
138
131
124
121
102
89
72
57
52
36
30
22
2
-11
-18
-38
-50
-55
-65
-75
-90
-105
-113
-126
-137
-142
-150
-152
-159
-161
-167
-168
-171
-171
-169
-170
-166
-166
-167
-165
-165
-156
-149
-150
-146
-144
-136
-128
-122
-109
-100
-97
-90
-86
-83
-74
-61
-48
-41
-34
-23
-14
0
12
22
32
44
49
56
63
70
80
84
82
81
90
91
100
110
108
117
130
132
140
141
142
145
150
148
153
152
159
164
158
157
156
158
154
152
144
141
137
137
135
129
124
108
105
98
91
79
68
56
45
37
29
16
6
-6
-23
-35
-46
-57
-71
-88
-107
-124
-131
-145
-155
-163
-177
-180
-182
-187
-191
-191
-191
-191
-187
-188
-180
-181
-183
-186
-182
-175
-172
-165
-168
-166
-158
-147
-134
-120
-103
-93
-83
-74
-75
-67
-58
-48
-35
-25
-15
-2
6
13
21
22
30
28
33
37
47
58
62
72
81
87
94
108
112
111
119
122
127
133
134
135
146
153
160
167
161
168
169
167
164
166
168
164
156
149
148
147
148
149
145
144
138
136
136
124
114
107
95
86
72
62
48
41
32
13
-3
-25
-31
-46
-58
-65
-77
-92
-105
-112
-115
-121
-125
-124
-133
-135
-141
-147
-147
-148
-156
-158
-160
-167
-163
-170
-175
-177
-177
-170
-164
-156
-147
-141
-140
-133
-125
-124
-121
-115
-105
-100
-90
-80
-81
-79
-70
-65
-56
-49
-46
-35
-31
-29
-16
-5
1
7
12
22
32
35
43
54
56
69
79
87
99
103
110
120
131
134
144
146
156
166
171
166
161
163
163
163
159
163
163
154
150
139
136
127
121
115
114
114
103
103
94
85
74
61
56
43
40
27
13
-3
-11
-31
-37
-39
-48
-50
-58
-59
-70
-76
-90
-100
-105
-110
-112
-118
-121
-122
-123
-129
-136
-139
-141
-142
-139
-135
-134
-133
-135
-129
-118
-115
-110
-96
-88
-79
-65
-62
-57
-60
-62
-63
-67
-56
-52
-46
-44
-44
-34
-23
-14
-3
7
10
14
23
24
24
30
36
39
39
46
49
52
57
68
77
83
95
101
106
101
101
108
109
109
110
118
121
121
121
121
124
123
125
124
122
122
121
122
115
110
102
96
87
77
78
71
63
50
36
17
5
1
-10
-19
-26
-32
-40
-42
-44
-43
-48
-54
-58
-66
-71
-77
-85
-95
-102
-108
-117
-122
-123
-125
-126
-124
-123
-121
-125
-126
-125
-124
-123
-128
-126
-121
-128
-127
-125
-124
-122
-118
-110
-105
-96
-95
-89
-86
-80
-72
-70
-58
-50
-37
-29
-23
-16
-11
-9
-7
3
8
16
23
31
38
47
59
63
66
75
93
98
106
117
120
125
130
131
140
147
145
146
148
153
156
161
161
156
159
159
157
159
162
161
157
153
144
138
131
123
113
99
92
85
78
68
61
52
43
35
22
13
1
-8
-15
-28
-37
-41
-51
-56
-57
-72
-77
-87
-96
-101
-104
-104
-111
-120
-124
-128
-138
-141
-138
-143
-150
-150
-147
-146
-150
-148
-146
-144
-139
-133
-130
-131
-130
-125
-115
-105
-96
-89
-88
-81
-77
-72
-68
-65
-61
-51
-43
-37
-35
-27
-14
-6
6
11
22
31
41
53
62
69
70
80
88
90
98
103
112
114
118
125
130
135
136
140
143
146
148
147
144
144
140
134
139
135
127
117
116
112
107
98
85
80
71
66
55
40
31
21
15
6
-1
-6
-5
-10
-22
-30
-38
-46
-51
-57
-69
-77
-85
-94
-103
-112
-115
-119
-125
-124
-125
-128
-131
-132
-136
-134
-135
-135
-131
-130
-123
-125
-125
-130
-125
-122
-124
-120
-114
-109
-111
-107
-105
-99
-90
-84
-79
-69
-60
-56
-55
-48
-44
-46
-36
-34
-15
-7
-1
13
22
34
42
54
69
81
93
107
112
121
124
126
133
135
145
149
154
159
163
166
170
174
171
171
174
177
174
169
167
162
155
153
146
141
139
130
125
115
108
105
92
79
76
73
64
58
50
38
25
14
10
4
-9
-18
-26
-37
-37
-46
-51
-53
-65
-73
-84
-89
-97
-107
-108
-110
-120
-125
-135
-140
-143
-149
-150
-159
-159
-158
-159
-155
-153
-154
-155
-154
-156
-151
-150
-147
-144
-136
-137
-133
-126
-121
-115
-117
-114
-110
-102
-96
-91
-78
-72
-61
-48
-39
-28
-18
-9
-3
3
14
19
24
37
48
57
59
69
79
84
91
95
107
108
110
115
116
116
122
131
134
135
135
140
142
146
147
144
139
139
136
133
130
130
129
126
124
120
117
106
103
98
90
83
81
77
67
63
58
48
38
30
26
20
13
10
7
3
-3
-7
-13
-18
-22
-30
-35
-41
-49
-53
-58
-64
-74
-78
-87
-95
-99
-108
-111
-112
-116
-116
-120
-126
-126
-131
-129
-131
-135
-133
-132
-131
-132
-127
-123
-123
-120
-118
-121
-115
-110
-102
-99
-97
-85
-79
-73
-69
-64
-59
-51
-42
-34
-24
-18
-8
-3
3
8
14
16
23
30
41
51
52
62
71
81
89
91
97
101
101
107
104
106
109
109
108
110
116
117
116
115
112
112
112
105
100
95
93
92
90
91
82
83
81
71
59
53
49
44
38
31
24
22
15
7
5
2
-4
-10
-9
-6
-13
-22
-33
-36
-37
-43
-47
-54
-55
-59
-68
-68
-75
-82
-85
-89
-95
-96
-93
-96
-94
-90
-91
-84
-83
-83
-82
-83
-77
-79
-80
-77
-70
-70
-68
-61
-59
-57
-49
-43
-34
-29
-20
-9
-4
-1
7
15
18
22
28
38
41
49
57
59
64
70
71
80
84
84
92
94
94
96
95
91
93
94
93
92
90
93
90
86
89
84
87
86
86
83
79
80
70
65
62
57
48
41
35
25
22
19
13
16
12
5
2
-2
-6
-4
-10
-20
-24
-28
-30
-37
-41
-45
-46
-52
-57
-59
-64
-63
-62
-67
-71
-79
-83
-84
-84
-81
-84
-85
-92
-95
-94
-101
-105
-103
-104
-104
-103
-100
-100
-99
-94
-89
-88
-83
-72
-70
-63
-58
-52
-46
-43
-36
-35
-29
-24
-15
-9
-1
10
19
24
26
30
31
38
44
49
53
51
53
53
53
56
59
63
67
71
68
70
65
64
67
66
65
68
71
66
62
60
53
48
45
46
43
43
43
43
37
32
28
25
22
19
14
8
2
-4
-7
-10
-12
-13
-16
-22
-21
-22
-28
-29
-30
-35
-36
-38
-37
-36
-35
-37
-36
-38
-40
-40
-38
-42
-45
-43
-44
-42
-42
-44
-42
-42
-34
-31
-35
-30
-31
-33
-33
-29
-26
-28
-25
-22
-23
-25
-24
-24
-24
-22
-20
-19
-17
-14
-9
-7
-4
-1
3
4
7
10
12
11
9
12
19
23
28
27
26
25
28
34
37
42
43
44
47
46
47
42
41
43
42
43
42
42
38
38
35
35
33
32
38
34
31
28
24
22
23
19
18
17
14
11
6
6
5
3
-1
-1
-4
-5
-7
-8
-9
-9
-13
-11
-14
-12
-11
-14
-13
-14
-16
-16
-19
-19
-21
-23
-25
-25
-26
-23
-22
-22
-19
-23
-23
-21
-22
-23
-27
-31
-32
-33
-31
-31
-32
-27
-24
-23
-21
-20
-15
-14
-12
-13
-11
-14
-15
-10
-10
-11
-9
-6
-6
-5
-4
-2
2
7
6
9
10
11
17
20
21
31
37
36
36
37
41
44
40
39
42
40
38
39
41
38
36
33
32
32
32
32
27
27
25
22
22
19
21
19
17
19
17
14
13
12
10
12
11
13
8
6
9
7
4
0
-4
-5
-6
-11
-11
-13
-16
-19
-25
-28
-29
-31
-36
-36
-36
-38
-39
-40
-42
-44
-43
-44
-42
-43
-44
-40
-37
-37
-37
-33
-33
-34
-31
-27
-26
-27
-28
-26
-27
-27
-25
-25
-24
-24
-21
-20
-17
-16
-11
-11
-12
-7
-3
-4
0
1
2
4
4
7
9
12
15
17
19
20
22
22
22
25
26
29
32
30
31
31
32
31
30
29
30
30
30
27
28
29
26
25
23
23
24
24
23
23
20
20
18
16
15
15
11
8
5
4
4
3
2
2
-1
-1
-3
-2
-3
-4
-4
-6
-8
-11
-11
-13
-16
-16
-17
-18
-19
-21
-19
-20
-18
-18
-18
-19
-18
-17
-19
-18
-18
-19
-19
-19
-18
-19
-16
-14
-14
-16
-15
-14
-13
-12
-10
-9
-7
-6
-8
-6
-5
-5
-3
-2
-2
0
1
2
3
4
6
6
10
11
12
13
14
14
16
15
17
18
18
21
22
22
21
23
22
24
23
23
23
23
23
23
22
21
22
20
21
22
23
22
20
21
21
19
17
17
14
13
13
11
9
8
6
6
4
2
3
1
-3
-5
-7
-9
-10
-13
-15
-16
-18
-19
-20
-22
-21
-20
-21
-22
-21
-20
-20
-20
-16
-17
-18
-16
-16
-19
-16
-16
-16
-15
-15
-15
-13
-14
-13
-12
-12
-10
-10
-10
-9
-8
-8
-8
-8
-7
-6
-6
-5
-2
-1
-1
0
1
3
5
5
7
9
9
9
8
9
9
10
11
10
12
13
13
15
17
16
17
18
16
16
16
16
16
13
11
11
10
9
8
7
7
7
5
4
4
2
2
1
-1
-2
-4
-5
-6
-7
-8
-7
-9
-10
-11
-11
-11
-11
-11
-11
-11
-11
-10
-11
-10
-9
-10
-10
-10
-10
-8
-8
-7
-6
-7
-5
-4
-4
-4
-3
-3
-3
-3
-2
-2
-1
0
0
0
0
0
-1
0
0
0
0
1
2
1
-1
0
0
0
0
2
2
3
4
3
4
4
5
5
5
6
7
7
6
7
6
7
7
7
7
6
6
6
6
5
5
3
3
3
2
1
-1
-2
-2
-3
-4
-5
-6
-6
-7
-8
-8
-8
-10
-10
-11
-10
-11
-11
-11
-11
-11
-12
-10
-10
-8
-8
-6
-5
-4
-4
-2
-2
-1
0
0
1
1
1
2
2
3
5
5
5
5
5
5
4
4
4
5
4
4
4
6
5
5
6
5
5
7
8
8
8
8
10
9
8
9
11
10
11
11
11
12
11
11
11
11
10
10
9
9
8
8
8
6
7
6
7
5
4
3
2
2
1
0
0
-1
-2
-2
-3
-3
-4
-6
-5
-6
-6
-7
-8
-7
-9
-8
-8
-8
-7
-8
-7
-7
-7
-8
-7
-8
-6
-7
-7
-6
-5
-5
-5
-6
-5
-4
-4
-4
-3
-3
-3
-2
-3
-2
-3
-2
-2
-3
-3
-2
-1
-1
-1
0
1
0
0
0
1
2
1
1
2
