SAMPLES:	9369
BITSPERSAMPLE:	16
CHANNELS:	1
SAMPLERATE:	16000
NORMALIZED:	FALSE
4
5
5
3
4
0
1
0
0
2
2
3
1
2
1
-1
-1
-2
-2
-2
-2
-3
-2
-4
-5
-5
-4
-2
-1
2
3
5
4
5
4
5
3
6
4
5
6
6
5
4
4
1
2
0
3
4
6
5
5
5
3
3
2
2
0
1
1
0
-1
-2
0
-2
-1
-1
0
2
1
2
0
1
-1
0
-2
0
-2
0
-1
-1
-2
-2
-4
-4
-1
-2
3
0
3
0
4
1
-1
-2
-3
-3
-4
-3
-7
-7
-10
-8
-10
-9
-10
-8
-7
-6
-7
-8
-9
-10
-9
-8
-8
-7
-7
-5
-6
-5
-5
-4
-4
-1
1
4
6
7
9
7
11
6
8
6
10
9
9
7
7
5
7
8
6
8
7
8
6
6
4
2
-2
-2
-4
-3
-3
-4
-5
-6
-8
-8
-7
-7
-3
-2
0
4
3
6
5
6
5
8
4
7
6
6
6
5
5
3
7
5
10
8
10
8
8
8
8
5
7
3
6
3
3
-2
1
-5
-3
-1
-5
2
0
4
3
6
2
7
0
3
0
-1
-6
-3
-9
-7
-9
-12
-9
-11
-6
-7
0
-5
3
-3
1
-1
-2
-3
-3
-6
-4
-8
-12
-10
-16
-15
-13
-13
-11
-6
-8
-3
-3
-6
-2
-3
-7
-2
-6
-7
-7
-6
-11
-3
-12
-4
-5
-1
-1
7
3
8
10
4
13
6
10
9
8
5
9
4
5
3
2
5
6
2
11
5
11
10
8
9
9
6
4
6
-2
2
-1
-6
0
-7
-5
-5
-6
-3
1
1
0
11
0
12
7
8
9
10
3
10
2
1
3
-1
-4
3
-4
1
4
-2
7
4
4
4
6
-3
7
-5
-1
-2
-10
-8
-9
-13
-10
-7
-15
-4
-9
-9
0
-7
-6
0
-10
-3
-5
-9
-7
-3
-13
-4
-7
-14
-2
-10
-4
0
-1
1
7
3
6
13
1
10
8
7
11
8
7
10
5
3
8
-2
6
5
9
8
17
5
20
10
12
19
15
19
23
21
22
27
14
22
24
15
30
23
23
29
28
20
33
16
26
28
20
25
29
16
20
15
4
16
6
5
14
7
9
17
2
10
7
-2
2
1
-13
-3
-15
-23
-19
-31
-38
-32
-48
-41
-45
-51
-50
-50
-62
-56
-63
-68
-62
-64
-64
-50
-65
-49
-60
-51
-59
-50
-60
-51
-54
-67
-52
-74
-62
-77
-73
-82
-69
-87
-70
-81
-79
-74
-82
-81
-79
-80
-87
-71
-88
-64
-68
-62
-48
-42
-33
-11
-2
11
37
35
52
62
58
74
80
76
93
101
98
122
109
122
132
133
143
158
165
173
193
176
202
192
191
202
184
188
179
172
160
163
150
149
154
136
156
142
152
149
147
145
144
131
128
122
105
106
88
86
79
72
65
56
39
33
19
0
0
-18
-27
-28
-53
-56
-70
-92
-95
-116
-128
-142
-150
-171
-172
-189
-208
-202
-240
-238
-250
-273
-270
-300
-309
-336
-341
-375
-367
-380
-389
-367
-385
-368
-358
-366
-348
-352
-342
-325
-313
-299
-277
-262
-254
-227
-214
-183
-145
-131
-88
-73
-49
-15
-8
35
51
94
123
166
208
252
308
336
403
440
497
554
586
644
662
693
702
705
710
689
690
643
637
601
567
549
500
486
449
426
392
368
334
294
266
210
187
140
101
77
37
16
-8
-30
-48
-58
-69
-75
-84
-98
-108
-123
-141
-149
-171
-183
-198
-215
-229
-249
-266
-286
-295
-322
-332
-348
-364
-383
-405
-431
-446
-475
-498
-516
-527
-546
-554
-569
-573
-566
-587
-577
-590
-575
-571
-570
-568
-573
-571
-588
-591
-601
-589
-574
-580
-549
-563
-517
-514
-464
-403
-317
-218
-100
32
173
317
451
572
706
795
907
952
992
1005
969
941
880
845
784
738
680
628
598
555
528
481
439
392
341
294
240
189
139
98
71
58
69
95
138
198
255
330
388
459
510
555
563
557
535
489
423
349
276
188
124
43
-14
-48
-75
-99
-93
-94
-87
-69
-70
-49
-48
-54
-49
-64
-68
-71
-78
-75
-82
-99
-118
-136
-160
-172
-211
-251
-293
-358
-391
-444
-499
-555
-603
-646
-684
-718
-760
-799
-839
-858
-895
-871
-899
-859
-877
-843
-867
-833
-845
-845
-806
-849
-799
-881
-858
-934
-945
-950
-916
-833
-742
-532
-372
-107
91
258
493
685
912
1087
1213
1281
1320
1273
1182
1136
1010
918
819
695
645
591
542
508
449
395
359
323
266
242
161
101
52
-19
-31
-58
-63
-50
-20
44
124
204
307
425
515
596
659
683
729
734
722
712
668
634
581
531
473
438
406
389
410
410
455
446
454
437
427
427
413
393
348
324
272
237
182
128
80
31
-33
-92
-168
-236
-315
-376
-439
-507
-570
-620
-655
-691
-693
-717
-716
-732
-740
-745
-762
-768
-778
-773
-778
-759
-770
-756
-751
-750
-772
-775
-794
-822
-836
-880
-886
-927
-911
-964
-959
-990
-994
-994
-1010
-1015
-1024
-1017
-1002
-951
-888
-765
-603
-379
-145
73
242
487
685
922
1080
1194
1233
1218
1127
1025
923
773
658
532
432
392
352
324
311
285
290
313
329
321
324
309
310
306
280
322
344
404
476
555
688
769
889
995
1100
1168
1191
1203
1187
1172
1099
1013
910
792
699
605
526
455
389
342
320
326
330
334
319
273
234
179
129
84
29
-12
-50
-78
-123
-143
-174
-188
-207
-227
-251
-297
-351
-442
-492
-560
-608
-648
-699
-713
-730
-745
-772
-770
-787
-784
-796
-808
-808
-815
-820
-839
-860
-887
-897
-923
-941
-963
-994
-999
-1043
-1041
-1088
-1084
-1109
-1134
-1128
-1159
-1135
-1168
-1120
-1170
-1128
-1170
-1114
-1031
-926
-757
-535
-260
44
312
528
801
1073
1322
1552
1644
1677
1671
1526
1412
1264
1090
944
790
667
589
546
470
445
416
390
425
394
387
378
349
335
307
304
343
393
461
552
659
774
917
1014
1129
1216
1256
1271
1216
1145
1069
949
810
686
516
415
330
225
174
121
95
142
171
201
251
237
239
244
203
189
162
127
104
77
24
17
-14
-56
-86
-144
-199
-260
-339
-443
-511
-625
-680
-756
-824
-855
-905
-912
-920
-923
-939
-938
-945
-938
-936
-977
-978
-1016
-1046
-1064
-1092
-1103
-1098
-1112
-1125
-1095
-1134
-1115
-1136
-1169
-1196
-1198
-1269
-1228
-1286
-1300
-1247
-1253
-1181
-1094
-967
-792
-465
-131
292
687
957
1254
1590
1837
2072
2146
2095
2008
1814
1486
1246
925
627
396
154
35
-9
-57
-66
-17
-7
59
120
102
151
140
150
172
133
176
273
395
551
718
888
1092
1270
1410
1559
1614
1593
1524
1365
1220
1023
784
567
372
189
79
35
23
77
159
224
370
506
605
707
723
724
694
625
528
462
342
243
178
63
18
-47
-135
-181
-274
-373
-474
-604
-743
-839
-935
-1024
-1080
-1152
-1130
-1108
-1100
-1050
-1030
-976
-936
-890
-864
-840
-868
-881
-906
-948
-958
-1007
-1036
-1109
-1159
-1271
-1291
-1406
-1439
-1510
-1559
-1555
-1619
-1580
-1589
-1530
-1484
-1374
-1263
-1131
-906
-693
-193
195
659
1039
1312
1722
2040
2325
2402
2410
2211
2020
1699
1283
989
567
256
12
-184
-204
-230
-231
-179
-89
-9
68
110
68
142
118
153
206
223
417
618
862
1125
1381
1608
1798
1929
1961
1966
1800
1556
1304
961
672
344
58
-141
-268
-305
-270
-148
22
291
515
740
949
1099
1233
1258
1209
1133
998
841
677
510
371
248
142
82
33
-31
-80
-174
-284
-409
-582
-741
-914
-1073
-1216
-1312
-1401
-1423
-1409
-1361
-1260
-1188
-1109
-1028
-966
-918
-890
-887
-920
-950
-1065
-1152
-1275
-1392
-1522
-1663
-1819
-1929
-2016
-2118
-2101
-2180
-2123
-2100
-1965
-1841
-1613
-1487
-1306
-1105
-896
-545
-132
343
825
1256
1545
1864
2223
2484
2664
2640
2439
2221
1845
1373
951
514
131
-151
-378
-429
-386
-342
-254
-147
-58
55
118
92
139
118
152
227
271
460
700
979
1294
1565
1790
1974
2053
2020
1938
1677
1332
950
505
158
-177
-467
-631
-682
-610
-389
-112
199
614
976
1316
1597
1736
1813
1844
1731
1592
1376
1107
886
645
421
262
132
26
8
-49
-79
-131
-252
-357
-512
-692
-853
-1022
-1181
-1288
-1375
-1408
-1399
-1353
-1287
-1180
-1093
-1003
-927
-884
-829
-823
-846
-921
-1044
-1202
-1360
-1562
-1764
-1966
-2203
-2396
-2554
-2701
-2698
-2707
-2612
-2460
-2267
-2032
-1732
-1463
-1171
-816
-543
-50
470
1020
1481
1803
2024
2390
2674
2815
2778
2537
2205
1847
1321
835
375
-62
-341
-540
-557
-453
-341
-225
-74
101
208
312
241
243
269
313
426
518
730
1036
1389
1743
2020
2229
2322
2312
2158
1897
1538
1003
469
-75
-482
-759
-968
-1058
-992
-775
-429
0
431
870
1284
1638
1920
2108
2168
2147
2032
1868
1624
1365
1087
807
548
308
116
-68
-199
-292
-364
-419
-504
-599
-707
-824
-948
-1068
-1174
-1285
-1358
-1397
-1401
-1357
-1304
-1246
-1163
-1085
-977
-892
-823
-799
-796
-881
-998
-1218
-1491
-1785
-2118
-2419
-2720
-2946
-3157
-3220
-3269
-3146
-2987
-2705
-2399
-2005
-1683
-1279
-974
-520
-64
638
1187
1698
2021
2226
2641
2865
3051
2856
2622
2124
1709
1079
471
9
-500
-729
-892
-841
-617
-406
-177
31
290
422
555
485
430
480
469
590
717
919
1286
1639
1978
2237
2370
2348
2176
1848
1389
910
269
-309
-839
-1200
-1310
-1324
-1196
-953
-578
-104
355
789
1209
1599
1890
2138
2198
2211
2220
2139
2073
1960
1749
1517
1216
866
587
271
-14
-266
-463
-550
-560
-583
-595
-599
-600
-539
-555
-646
-767
-925
-1032
-1112
-1190
-1233
-1194
-1117
-972
-843
-719
-622
-568
-603
-749
-1006
-1341
-1740
-2180
-2612
-2993
-3341
-3546
-3700
-3685
-3549
-3324
-3013
-2670
-2274
-1930
-1398
-1051
-491
10
812
1484
2111
2434
2597
2887
3061
3114
2769
2298
1637
1053
345
-289
-747
-1117
-1198
-1168
-923
-494
-110
198
411
613
722
779
628
499
504
563
770
1005
1297
1749
2163
2489
2624
2571
2311
1846
1231
523
-140
-816
-1390
-1748
-1845
-1624
-1278
-827
-336
180
704
1071
1318
1408
1437
1439
1708
2019
2208
2392
2333
2390
2546
2469
2218
1792
1184
548
-19
-713
-1062
-1355
-1475
-1195
-877
-405
46
329
465
559
427
127
-292
-830
-1091
-1284
-1408
-1392
-1332
-1018
-665
-341
-164
-196
-370
-706
-1188
-1794
-2396
-3043
-3570
-3924
-4112
-3973
-3804
-3533
-3198
-3002
-2656
-2376
-2184
-1943
-1656
-1304
-544
436
1310
2219
2720
3036
3521
3553
3428
2782
1838
794
-122
-1152
-1822
-2186
-2383
-2021
-1587
-871
-5
576
1021
1264
1328
1316
1127
745
488
499
665
1108
1532
2048
2635
3043
3283
3134
2690
1992
1051
87
-851
-1577
-2103
-2331
-2220
-1740
-983
-221
506
1029
1456
1663
1570
1393
1081
793
647
622
945
1666
2388
2944
3280
3218
3092
2764
2017
1157
142
-836
-1546
-2038
-2260
-1998
-1564
-828
69
794
1425
1702
1599
1294
786
153
-432
-952
-1233
-1193
-1049
-762
-433
-179
28
29
-209
-691
-1370
-2096
-2869
-3483
-3903
-4109
-4129
-3954
-3638
-3191
-2794
-2522
-2413
-2409
-2511
-2554
-2507
-2352
-1711
-749
577
1653
2706
3139
3655
3836
3632
2924
1727
377
-920
-1994
-2910
-3224
-3249
-2857
-2057
-1168
-48
876
1323
1481
1378
1246
1051
764
473
569
967
1601
2307
2869
3402
3743
3704
3267
2423
1381
182
-958
-1847
-2400
-2521
-2381
-1904
-1116
-105
810
1484
1796
1856
1757
1413
937
557
321
392
763
1229
1913
2728
3344
3663
3540
2965
2169
1234
173
-834
-1592
-2136
-2193
-2038
-1570
-847
-95
600
1139
1444
1520
1373
1021
570
194
-97
-159
-126
35
314
508
614
482
197
-302
-913
-1648
-2343
-2936
-3350
-3629
-3719
-3596
-3297
-2950
-2711
-2605
-2602
-2605
-2785
-2961
-3145
-3022
-2679
-1873
-566
921
2196
3033
3313
3588
3648
3284
2272
962
-474
-1506
-2469
-3203
-3383
-3336
-2847
-2252
-1556
-722
-111
89
77
74
152
311
375
561
1246
2071
2880
3419
3698
3878
3733
3175
2239
1226
221
-795
-1553
-2001
-1946
-1618
-1232
-719
-7
749
1227
1364
1160
1005
882
669
519
575
875
1405
1888
2346
2742
2939
2938
2652
2237
1706
967
149
-560
-965
-1089
-1054
-984
-836
-479
-272
-3
-60
-106
-111
-177
-72
9
235
546
877
1143
1396
1582
1546
1427
1030
573
92
-541
-1109
-1701
-2081
-2297
-2422
-2525
-2626
-2637
-2637
-2547
-2600
-2682
-2814
-2858
-2852
-2781
-2691
-2345
-1890
-1164
-93
1155
2121
2754
2764
2641
2529
2178
1502
530
-501
-1414
-2027
-2722
-2943
-2935
-2827
-2457
-2098
-1559
-979
-779
-754
-639
-332
-23
295
498
1083
1952
2627
3085
3262
3300
3156
2676
1895
1089
343
-509
-1182
-1526
-1471
-1073
-757
-450
123
781
1280
1433
1292
1209
1266
1172
1038
1085
1285
1640
1901
2023
2262
2404
2203
1890
1613
1471
1342
813
208
-110
-226
-232
-381
-438
-512
-280
-502
-669
-769
-837
-703
-697
-493
-18
533
930
1147
1337
1473
1553
1269
806
419
-24
-392
-862
-1312
-1580
-1784
-1933
-2068
-2187
-2345
-2521
-2665
-2839
-2842
-2880
-2992
-2930
-2781
-2555
-2056
-1620
-746
645
1976
2837
3107
2986
2678
2562
1890
1048
341
-684
-1374
-2067
-2771
-2757
-2795
-2840
-2635
-2286
-1782
-1392
-1441
-1494
-1037
-645
-254
117
430
1254
1983
2284
2477
2554
2521
2182
1608
911
444
-34
-750
-1069
-1109
-864
-500
-449
-236
265
749
1048
1171
1190
1342
1512
1421
1467
1640
1792
1977
1983
2074
2253
2184
1829
1484
1368
1287
1214
880
562
481
394
272
66
-20
-154
-326
-582
-992
-995
-1166
-1167
-911
-601
0
539
915
1260
1476
1467
1249
900
382
59
-357
-788
-948
-1163
-1208
-1320
-1437
-1533
-1751
-1968
-2304
-2453
-2586
-2737
-2686
-2882
-2603
-2481
-2201
-1643
-1056
173
1465
2583
3091
3033
2909
2446
2269
1624
922
446
-540
-1043
-1772
-2302
-2353
-2680
-2760
-2710
-2326
-1923
-1692
-1615
-1451
-879
-572
-260
0
273
949
1276
1436
1574
1685
1742
1474
1133
709
320
-201
-897
-1192
-1304
-1135
-937
-859
-390
246
893
1313
1490
1606
1663
1607
1400
1329
1436
1595
1834
1945
2182
2497
2516
2299
1883
1588
1318
1044
772
522
462
355
155
-1
-210
-321
-534
-740
-945
-909
-792
-737
-439
-178
251
620
784
943
947
794
553
266
-104
-366
-635
-861
-895
-938
-1108
-1252
-1501
-1709
-1907
-2148
-2440
-2407
-2441
-2460
-2302
-2367
-2156
-1959
-1623
-1116
-27
1480
2560
3383
3205
3085
3064
2470
2284
1349
921
237
-415
-1027
-1611
-1703
-2104
-2247
-2269
-2089
-1583
-1571
-1475
-1220
-921
-463
-402
-258
-57
377
591
657
909
951
1118
1037
761
699
240
-255
-827
-1224
-1317
-1287
-1187
-1070
-556
51
549
1025
1185
1326
1374
1218
1161
1151
1301
1516
1744
1983
2277
2495
2462
2303
2151
1919
1795
1584
1335
1099
803
437
3
-371
-651
-943
-1164
-1334
-1318
-1238
-1027
-691
-364
2
346
527
589
506
308
23
-245
-426
-636
-797
-1030
-1040
-1055
-1126
-1265
-1539
-1742
-1993
-2192
-2442
-2568
-2551
-2486
-2380
-2201
-1919
-1693
-1397
-977
-156
1386
2586
3263
3172
2890
2762
2524
2315
1740
1550
1079
646
194
-625
-838
-1358
-1796
-1804
-1678
-1352
-1176
-1192
-883
-397
-148
-149
-205
-161
145
301
164
278
415
482
557
443
323
172
-284
-734
-927
-956
-941
-862
-843
-514
-78
110
289
399
477
571
574
595
851
1196
1516
1775
1991
2161
2304
2382
2174
2198
2219
2186
2113
1831
1675
1403
1022
629
73
-265
-814
-1039
-1386
-1568
-1369
-1312
-1030
-667
-233
154
314
328
314
189
-130
-425
-703
-908
-972
-1167
-1346
-1349
-1304
-1430
-1648
-2006
-2380
-2458
-2733
-2795
-2738
-2801
-2655
-2592
-2241
-1868
-1268
-693
420
2049
2920
3324
3003
2513
2424
2248
2082
1765
1767
1361
1157
480
-244
-439
-1192
-1398
-1309
-1040
-622
-561
-598
-396
-20
-17
-186
-332
-281
165
266
288
445
499
528
397
124
-131
-340
-669
-911
-786
-635
-386
-202
-164
134
343
384
340
195
102
121
151
180
390
772
1156
1549
1750
1923
2108
2089
2141
2156
2190
2226
2124
1983
1694
1519
1225
843
455
-26
-301
-787
-1148
-1453
-1649
-1548
-1415
-969
-579
-122
233
356
363
164
-110
-465
-666
-907
-1018
-1186
-1327
-1428
-1539
-1698
-1910
-2113
-2380
-2451
-2575
-2573
-2619
-2778
-2708
-2658
-2489
-1932
-1374
-13
1471
2650
3109
2838
2674
2283
2172
2048
1697
1836
1406
1232
716
4
-223
-852
-929
-798
-401
-82
-10
13
-7
120
-154
-453
-600
-589
-95
87
271
420
392
435
208
6
-313
-633
-763
-869
-606
-389
-220
-16
112
364
492
547
489
490
492
373
303
75
35
196
347
606
936
1341
1774
2026
2095
2243
2288
2259
2125
1911
1748
1533
1378
1139
833
517
-32
-474
-927
-1139
-1273
-1389
-1287
-1047
-698
-482
-401
-331
-228
-175
-247
-388
-542
-688
-837
-1131
-1365
-1615
-1808
-2029
-2183
-2356
-2385
-2488
-2534
-2574
-2690
-2650
-2719
-2600
-2311
-1800
-1093
133
1564
2419
2603
2375
1956
1864
1792
1860
1692
1668
1470
1157
686
141
-177
-647
-609
-446
-166
109
65
111
268
358
316
86
-39
108
282
291
203
51
-121
-251
-495
-699
-844
-945
-835
-656
-353
-55
64
182
262
398
585
696
787
862
919
904
712
459
305
370
496
687
852
1000
1316
1411
1724
2283
2379
2432
2302
2104
1797
1650
1766
1395
1231
865
491
-102
-745
-979
-1451
-1484
-1286
-1066
-869
-778
-675
-654
-593
-521
-450
-497
-705
-757
-1012
-1208
-1476
-1703
-1938
-2061
-2114
-2340
-2591
-2700
-2834
-2986
-3093
-3056
-2956
-2629
-1963
-1387
123
1421
2513
2560
2246
2033
1738
1671
1617
1417
1490
1172
980
380
55
-84
-428
-222
-152
245
327
137
-62
-183
-51
-48
-39
102
374
756
739
630
263
-39
-234
-651
-789
-1009
-1171
-1166
-1126
-912
-626
-411
-239
-38
272
581
868
976
1102
1233
1191
1116
830
596
571
582
703
738
1012
1301
1501
1566
1580
1629
1589
1689
1769
1788
1853
1799
1749
1450
1211
967
588
306
11
-185
-444
-681
-914
-1066
-1151
-1204
-1132
-1063
-877
-740
-751
-831
-1028
-1179
-1278
-1411
-1486
-1608
-1764
-1896
-2076
-2205
-2361
-2584
-2774
-2934
-2866
-2800
-2349
-1922
-1051
434
1319
1774
1510
1491
1604
1888
2190
1900
2007
1567
1347
667
-129
-161
-532
-312
-37
248
494
389
137
-132
-82
-38
-62
-42
174
628
640
421
123
-263
-308
-528
-736
-852
-1036
-1072
-1253
-1332
-1214
-1092
-963
-764
-426
-26
342
448
486
711
862
1053
1039
950
1099
1173
1189
1145
1010
1060
1196
1317
1436
1447
1477
1297
1277
1266
1362
1525
1442
1569
1437
1350
1222
743
650
464
410
251
-81
-271
-554
-738
-980
-1107
-1193
-1242
-1241
-1374
-1460
-1592
-1734
-1785
-1903
-1870
-1908
-1932
-1935
-2149
-2236
-2396
-2442
-2402
-2443
-2180
-1957
-1365
-411
606
1210
926
984
648
1045
1659
1673
2107
1753
1767
1514
632
313
-39
32
214
519
593
557
437
-1
-2
-27
154
280
164
625
884
810
528
-88
-284
-250
-301
-479
-742
-856
-864
-1038
-1258
-1274
-1222
-1083
-863
-690
-346
-64
11
89
186
455
713
770
909
1207
1465
1623
1448
1145
992
922
1003
1107
1187
1251
1158
1046
943
921
963
964
943
919
972
936
780
619
558
641
651
622
365
93
-120
-364
-636
-910
-1002
-1076
-1136
-1275
-1434
-1610
-1785
-1937
-2153
-2242
-2293
-2228
-2273
-2306
-2314
-2337
-2195
-2084
-1782
-1407
-672
457
1173
1219
958
578
660
1273
1568
1717
1661
1368
1497
1012
444
98
-100
83
483
617
579
472
82
73
-6
109
300
351
666
1038
1116
944
497
35
-19
-69
-137
-288
-590
-683
-745
-890
-941
-987
-940
-774
-646
-510
-404
-384
-315
-285
-177
71
277
483
739
1037
1368
1561
1466
1291
1119
1039
1134
1125
1024
877
681
618
641
726
901
991
959
900
728
482
233
-19
-67
69
217
288
180
8
-143
-321
-555
-793
-894
-875
-841
-959
-1145
-1339
-1503
-1627
-1737
-1811
-1834
-1829
-1909
-2042
-2125
-2092
-2021
-1821
-1538
-945
-110
575
757
612
312
334
773
1162
1413
1466
1218
1221
975
540
350
73
152
430
557
626
420
83
-74
-138
29
273
296
376
617
783
845
619
235
127
139
268
272
-33
-256
-405
-551
-595
-675
-709
-635
-521
-394
-344
-371
-383
-434
-393
-188
37
238
447
554
718
905
942
965
937
1049
1233
1310
1209
904
617
510
479
456
485
587
722
778
659
493
247
22
-67
-186
-205
-140
-160
-224
-349
-465
-556
-683
-689
-592
-478
-374
-402
-528
-692
-823
-974
-1162
-1319
-1395
-1420
-1543
-1670
-1785
-1764
-1612
-1423
-1163
-670
-189
28
-32
-361
-384
17
458
822
861
575
568
486
367
336
131
92
217
288
440
443
220
90
5
77
338
442
500
563
550
627
635
533
496
411
429
481
366
237
59
-29
32
92
147
193
210
269
299
217
141
30
-37
-8
14
116
288
405
507
501
452
447
398
386
528
640
738
709
433
291
274
368
609
649
652
751
681
662
542
312
231
136
39
7
-102
-136
-161
-313
-393
-485
-508
-450
-438
-427
-417
-518
-588
-712
-830
-878
-1057
-1268
-1421
-1577
-1686
-1811
-1903
-1867
-1746
-1522
-1427
-1407
-1373
-1391
-1265
-944
-706
-251
92
189
377
343
378
551
572
655
736
683
732
683
547
509
395
385
435
423
572
710
722
721
548
410
421
393
491
555
566
641
583
478
423
346
364
396
370
423
451
497
544
469
385
319
224
258
312
336
415
417
403
392
323
219
167
133
160
239
283
280
308
347
383
460
431
404
503
553
638
663
566
507
397
265
122
-52
-163
-262
-400
-500
-597
-666
-716
-789
-796
-816
-834
-840
-890
-940
-1044
-1189
-1354
-1492
-1562
-1583
-1597
-1472
-1393
-1363
-1353
-1596
-1719
-1605
-1461
-1094
-765
-651
-356
-217
-129
154
311
581
967
1124
1249
1242
1077
1000
915
856
859
812
833
854
784
735
548
370
302
273
368
472
494
523
467
425
435
328
281
257
260
337
409
400
411
350
332
372
307
285
236
178
206
214
179
162
146
176
246
302
321
303
254
216
205
233
236
244
266
313
411
506
538
566
615
619
613
534
404
304
203
91
-10
-142
-247
-373
-521
-678
-844
-972
-1067
-1153
-1188
-1177
-1211
-1263
-1405
-1566
-1608
-1607
-1521
-1307
-1221
-1160
-1119
-1278
-1306
-1183
-1095
-775
-564
-552
-393
-438
-445
-191
-20
294
662
866
1127
1299
1290
1272
1180
1048
1007
970
995
1034
1006
902
742
616
526
461
442
416
435
413
290
210
153
148
199
212
224
284
285
267
180
23
-93
-181
-223
-168
-46
92
241
296
276
243
193
183
263
335
406
499
521
547
559
501
483
495
503
575
584
535
528
484
440
414
376
360
385
402
362
291
153
20
-97
-242
-390
-541
-675
-801
-919
-1064
-1173
-1300
-1427
-1547
-1698
-1786
-1819
-1857
-1718
-1569
-1519
-1404
-1465
-1515
-1323
-1176
-939
-594
-552
-443
-355
-457
-307
-114
13
349
630
795
1024
1035
999
1072
1095
1183
1281
1266
1242
1239
1155
1025
895
722
596
597
599
621
615
480
351
234
113
34
-66
-141
-90
-24
46
43
-73
-175
-201
-218
-242
-260
-255
-150
-78
-61
-87
-141
-143
-93
-33
87
230
372
508
591
656
677
661
693
771
904
1024
1085
1111
1115
1032
878
739
615
530
440
296
147
8
-135
-253
-369
-458
-506
-582
-710
-818
-983
-1159
-1322
-1519
-1636
-1697
-1760
-1750
-1632
-1560
-1471
-1461
-1591
-1619
-1520
-1379
-1077
-755
-632
-477
-402
-435
-288
-121
1
284
484
620
843
890
936
1061
1076
1123
1185
1158
1191
1213
1109
993
820
678
657
664
669
667
576
436
323
178
76
-13
-139
-220
-226
-236
-246
-315
-427
-453
-458
-455
-457
-448
-409
-291
-234
-290
-326
-314
-216
-36
76
122
210
218
285
390
427
509
568
573
671
745
769
824
817
831
901
902
872
855
765
700
609
458
342
213
33
-135
-336
-528
-700
-879
-1023
-1137
-1223
-1325
-1482
-1631
-1701
-1780
-1697
-1540
-1455
-1299
-1284
-1399
-1284
-1147
-962
-592
-511
-444
-311
-389
-307
-90
12
336
633
751
998
1078
1052
1102
1008
956
1036
1051
1134
1233
1193
1146
1032
870
798
743
689
655
561
429
320
166
54
4
-76
-132
-159
-227
-242
-284
-393
-468
-535
-561
-560
-555
-547
-477
-399
-378
-358
-348
-272
-106
9
89
183
234
348
487
530
567
597
615
710
806
881
977
989
968
929
838
781
718
639
567
475
359
263
150
40
-94
-226
-352
-493
-610
-750
-943
-1168
-1405
-1611
-1736
-1800
-1836
-1787
-1663
-1609
-1544
-1540
-1585
-1430
-1214
-970
-577
-389
-283
-90
-102
-13
211
295
541
811
885
1088
1165
1119
1209
1237
1261
1375
1362
1338
1342
1236
1128
1008
869
819
826
820
821
738
588
445
272
93
-31
-146
-258
-303
-395
-487
-537
-639
-714
-731
-766
-739
-694
-713
-683
-649
-663
-653
-639
-599
-488
-376
-268
-172
-80
41
152
234
333
393
472
607
657
712
767
739
744
753
726
745
704
619
572
452
336
222
53
-120
-273
-437
-530
-618
-710
-820
-992
-1165
-1351
-1492
-1546
-1603
-1584
-1500
-1489
-1392
-1384
-1456
-1361
-1269
-1127
-758
-579
-448
-231
-232
-105
137
233
516
832
956
1227
1369
1373
1495
1505
1497
1606
1597
1548
1553
1407
1301
1234
1093
1045
1017
969
981
921
785
674
505
360
264
145
58
-2
-110
-203
-305
-431
-539
-658
-751
-796
-829
-818
-812
-842
-839
-876
-916
-920
-899
-776
-580
-425
-274
-210
-207
-112
-67
-13
112
198
338
480
538
592
583
554
550
527
533
511
492
464
390
267
102
-84
-248
-324
-421
-462
-561
-757
-870
-1059
-1238
-1312
-1465
-1531
-1405
-1370
-1310
-1228
-1347
-1370
-1248
-1226
-983
-692
-605
-316
-202
-249
-92
-7
122
473
646
843
1106
1176
1301
1393
1368
1438
1528
1546
1635
1645
1572
1558
1478
1394
1369
1303
1252
1196
1066
950
818
660
538
436
352
288
224
138
61
-18
-109
-234
-335
-450
-537
-539
-574
-604
-593
-652
-712
-702
-757
-706
-598
-574
-454
-394
-424
-358
-361
-361
-237
-159
-35
123
210
290
331
298
294
276
261
301
298
278
218
91
-61
-194
-322
-381
-394
-427
-475
-596
-777
-977
-1149
-1277
-1358
-1416
-1372
-1302
-1205
-1108
-1158
-1214
-1240
-1233
-1070
-834
-686
-481
-390
-390
-320
-246
-105
161
460
691
933
1008
1045
1099
1107
1160
1230
1281
1363
1438
1443
1417
1334
1238
1199
1205
1191
1189
1142
1054
968
848
735
666
581
521
483
378
283
169
16
-102
-215
-344
-365
-390
-404
-369
-386
-448
-456
-510
-542
-461
-468
-414
-331
-346
-333
-289
-301
-232
-147
-119
-26
46
80
157
152
122
125
74
78
96
75
93
82
25
-14
-114
-204
-251
-339
-412
-472
-664
-811
-960
-1145
-1195
-1289
-1397
-1409
-1400
-1327
-1199
-1197
-1168
-1190
-1165
-1070
-956
-762
-598
-497
-378
-331
-272
-77
11
210
395
504
647
733
743
818
884
949
1060
1105
1179
1256
1271
1272
1227
1148
1120
1103
1120
1107
1035
927
826
735
644
577
532
504
483
434
338
244
157
76
55
38
-1
-5
-48
-112
-145
-212
-291
-292
-311
-317
-260
-273
-270
-221
-229
-198
-122
-69
33
142
203
262
261
254
254
218
195
143
99
87
50
21
-18
-112
-190
-264
-330
-370
-433
-484
-577
-675
-763
-882
-940
-1014
-1105
-1129
-1190
-1191
-1131
-1142
-1141
-1184
-1236
-1159
-1077
-923
-728
-652
-501
-421
-378
-185
-74
74
265
340
452
553
569
649
708
746
835
839
862
905
878
864
822
769
778
757
758
780
754
690
629
564
501
495
489
434
390
333
214
169
98
14
26
20
24
70
28
-23
16
-26
-20
24
-16
12
66
32
60
87
79
163
198
228
297
328
348
420
416
434
472
449
447
431
374
353
326
232
188
56
-98
-184
-296
-396
-452
-574
-737
-832
-983
-1065
-1063
-1117
-1143
-1129
-1226
-1184
-1136
-1163
-1067
-1089
-1108
-974
-931
-819
-595
-586
-458
-358
-420
-285
-195
-147
79
179
230
410
447
499
639
631
694
786
767
822
835
775
779
748
699
708
671
635
598
532
446
394
322
282
278
214
181
137
55
-10
-13
-55
-32
4
-36
-23
-31
-131
-118
-119
-148
-27
-10
2
86
77
94
181
165
225
316
357
460
511
487
530
522
532
586
566
548
525
470
411
409
329
257
193
83
-10
-78
-192
-297
-378
-514
-612
-719
-865
-943
-1004
-1104
-1161
-1279
-1323
-1297
-1266
-1192
-1142
-1141
-1019
-935
-854
-663
-612
-514
-380
-370
-277
-150
-118
45
160
211
348
405
416
516
535
569
627
593
616
637
621
661
684
658
665
652
613
583
513
436
397
347
302
286
245
209
183
90
17
-32
-87
-88
-95
-133
-135
-149
-182
-175
-171
-173
-105
-88
-45
39
64
111
171
182
233
307
329
405
462
495
549
569
580
641
663
661
656
607
566
582
526
465
406
241
115
32
-85
-139
-158
-281
-357
-468
-635
-750
-834
-934
-981
-1020
-1082
-1034
-1041
-1034
-976
-990
-981
-903
-866
-719
-573
-526
-407
-361
-314
-157
-63
49
202
274
373
451
426
467
522
527
585
606
598
630
624
616
602
560
537
492
468
436
370
316
252
180
145
125
77
57
-11
-89
-131
-206
-244
-262
-298
-303
-294
-326
-311
-310
-333
-279
-262
-250
-165
-120
-37
73
92
125
183
199
281
385
423
533
612
646
722
755
763
790
757
742
726
683
671
639
545
465
330
177
117
24
-8
-49
-168
-290
-462
-653
-765
-869
-930
-917
-962
-951
-956
-1002
-971
-988
-978
-931
-915
-832
-731
-659
-534
-488
-419
-323
-271
-126
6
100
237
293
314
406
409
462
545
534
558
572
492
470
428
362
362
311
273
263
195
175
157
88
74
33
-29
-30
-81
-164
-186
-262
-295
-276
-329
-363
-363
-448
-458
-421
-465
-423
-352
-336
-259
-199
-174
-86
-25
46
138
196
256
339
394
486
568
640
739
821
886
939
937
923
894
866
860
851
824
756
681
568
453
347
260
191
127
9
-135
-298
-461
-572
-675
-756
-831
-873
-929
-979
-998
-1014
-992
-942
-909
-869
-815
-788
-737
-666
-590
-500
-392
-324
-251
-178
-137
-53
19
101
206
272
330
375
370
375
421
411
433
462
433
424
385
295
231
178
94
69
23
-58
-95
-164
-252
-284
-349
-397
-380
-403
-388
-376
-433
-450
-483
-508
-453
-417
-395
-328
-309
-281
-213
-177
-120
-53
21
91
183
280
358
446
532
615
722
823
904
983
1012
1038
1032
963
934
918
903
924
908
825
751
626
492
405
288
195
132
31
-98
-213
-369
-470
-551
-660
-704
-763
-813
-829
-863
-884
-875
-882
-840
-792
-750
-644
-587
-541
-451
-413
-353
-229
-174
-89
5
17
97
165
194
264
320
341
383
402
373
377
362
343
348
324
295
277
208
157
88
20
1
-66
-132
-190
-289
-360
-385
-451
-491
-493
-551
-578
-597
-668
-675
-639
-635
-573
-490
-447
-382
-319
-297
-235
-158
-105
15
109
170
274
348
398
490
574
650
763
821
866
923
926
916
917
900
903
919
902
882
829
741
642
522
404
332
247
173
121
-15
-134
-244
-390
-480
-556
-632
-652
-693
-752
-763
-815
-825
-795
-781
-739
-693
-661
-604
-547
-497
-440
-380
-283
-192
-99
5
50
106
169
187
255
310
342
413
444
455
465
439
430
410
372
340
304
244
212
176
115
78
5
-87
-138
-190
-255
-279
-335
-421
-453
-519
-577
-567
-626
-652
-621
-661
-621
-550
-559
-463
-408
-394
-290
-232
-161
-1
94
171
289
341
419
515
552
637
708
727
776
800
797
834
831
797
780
739
711
699
664
611
579
505
421
363
278
206
156
81
-15
-98
-205
-298
-364
-454
-496
-522
-570
-583
-595
-640
-646
-652
-669
-644
-612
-577
-533
-504
-477
-427
-365
-298
-242
-165
-96
-64
8
55
107
189
225
246
288
303
312
338
312
311
308
267
241
211
168
137
92
21
-3
-32
-61
-82
-130
-170
-191
-209
-237
-253
-281
-316
-347
-380
-420
-411
-394
-361
-319
-300
-284
-244
-201
-160
-84
-44
28
115
138
193
263
304
400
497
559
636
694
724
762
775
744
735
699
654
632
593
555
519
468
433
413
338
281
204
88
11
-54
-125
-159
-195
-300
-360
-440
-505
-503
-512
-522
-515
-551
-570
-562
-588
-570
-562
-550
-505
-476
-453
-385
-357
-324
-250
-245
-177
-105
-95
-23
26
22
101
127
126
198
206
223
261
236
227
231
169
168
151
89
103
57
13
13
-38
-80
-93
-151
-162
-172
-219
-193
-220
-251
-226
-237
-211
-168
-164
-144
-117
-122
-86
-60
-51
-22
4
32
87
138
181
259
309
355
412
443
468
525
556
588
626
630
640
646
617
602
614
580
558
542
505
466
412
356
272
203
152
98
76
18
-65
-138
-226
-285
-311
-333
-362
-396
-432
-472
-518
-543
-550
-549
-543
-526
-518
-516
-504
-506
-513
-503
-502
-482
-449
-432
-394
-378
-361
-324
-306
-267
-237
-237
-209
-184
-198
-165
-155
-151
-114
-93
-75
-61
-51
-51
-33
-53
-66
-72
-100
-107
-90
-94
-75
-65
-83
-50
-32
-16
21
64
82
123
136
148
175
182
208
238
258
286
340
361
393
419
430
442
462
497
525
560
578
600
598
590
588
577
569
590
583
563
572
542
505
478
418
382
364
308
298
275
186
137
65
-8
-22
-52
-87
-110
-177
-225
-267
-354
-373
-383
-410
-383
-399
-431
-442
-465
-475
-439
-432
-415
-381
-389
-375
-378
-423
-439
-420
-432
-401
-387
-409
-392
-408
-426
-414
-398
-385
-320
-303
-281
-255
-264
-248
-246
-246
-239
-216
-198
-169
-159
-130
-110
-103
-84
-75
-49
-24
13
31
58
60
72
84
91
127
150
178
206
223
249
273
285
305
325
346
374
406
426
447
444
444
448
437
454
461
458
450
446
428
424
424
422
425
415
418
406
400
375
336
322
293
261
225
183
145
103
49
11
-27
-57
-59
-80
-99
-119
-144
-160
-182
-214
-235
-251
-259
-246
-244
-261
-274
-303
-312
-302
-306
-299
-280
-278
-291
-312
-351
-356
-347
-338
-327
-330
-337
-350
-348
-347
-350
-335
-329
-312
-291
-290
-281
-272
-280
-263
-246
-233
-192
-189
-176
-141
-143
-121
-98
-78
-49
-17
-10
0
20
22
44
74
70
73
105
113
132
156
161
203
235
227
242
245
230
254
263
249
288
282
265
282
262
277
308
323
350
362
333
334
319
296
313
306
305
305
295
294
276
250
240
219
222
216
195
182
156
139
121
119
106
94
74
66
43
19
9
-19
-41
-70
-88
-111
-121
-137
-153
-166
-191
-209
-225
-232
-247
-243
-244
-252
-252
-262
-284
-288
-285
-298
-294
-291
-287
-274
-274
-285
-274
-272
-267
-254
-243
-233
-225
-221
-205
-182
-176
-155
-150
-140
-126
-119
-110
-97
-79
-60
-41
-34
-25
-10
-10
-15
1
1
18
42
42
46
48
49
57
64
75
109
122
133
153
155
169
165
163
183
191
192
201
193
187
198
173
173
194
218
245
251
251
252
248
250
250
256
266
253
255
232
209
203
184
188
190
170
162
155
124
96
66
44
30
20
21
13
-15
-32
-70
-103
-118
-156
-167
-173
-191
-196
-205
-207
-206
-212
-206
-207
-205
-185
-189
-185
-167
-156
-162
-150
-147
-151
-141
-140
-140
-143
-129
-122
-125
-119
-112
-96
-94
-81
-61
-58
-54
-41
-32
-20
-10
-17
-20
-27
-31
-38
-41
-49
-52
-52
-67
-61
-55
-48
-41
-38
-26
-31
-28
-19
-19
-16
-13
-24
-27
-21
-20
-10
-2
5
19
17
13
16
0
8
19
30
56
68
82
99
95
98
96
89
106
101
110
124
110
107
103
101
100
88
73
77
73
64
51
31
16
3
-1
-4
1
-18
-25
-30
-48
-59
-71
-82
-86
-90
-87
-88
-79
-75
-79
-75
-74
-63
-59
-48
-33
-16
-8
-9
-14
-24
-18
-11
-1
1
6
-2
-7
-9
-10
-10
-4
-4
-3
14
8
17
20
18
26
28
33
28
35
28
29
30
20
17
2
-8
-20
-22
-18
-16
-11
-7
11
13
21
36
37
40
43
46
46
55
50
55
50
53
60
53
52
43
37
32
29
16
12
21
32
34
29
22
11
3
-5
-19
-34
-54
-69
-74
-90
-105
-114
-121
-119
-122
-124
-122
-115
-114
-108
-114
-110
-100
-97
-92
-94
-92
-101
-102
-102
-93
-88
-81
-70
-68
-54
-47
-24
-12
1
20
33
52
65
72
86
87
98
113
116
116
107
97
85
85
81
80
80
78
75
54
53
57
41
40
34
23
17
-2
-14
-19
-31
-42
-41
-42
-46
-56
-67
-67
-73
-71
-59
-54
-38
-18
3
19
28
42
51
59
71
75
77
87
98
85
86
93
90
89
87
85
78
76
72
58
50
43
35
22
15
7
-6
-12
-24
-38
-54
-59
-64
-69
-81
-88
-99
-106
-118
-130
-136
-135
-126
-125
-105
-103
-97
-95
-90
-78
-77
-61
-51
-35
-28
-23
-9
2
22
37
63
91
104
116
139
151
165
175
181
188
195
198
192
190
180
170
157
148
137
123
120
106
94
96
78
75
73
59
54
51
44
37
23
13
9
3
-5
-11
-24
-27
-33
-33
-33
-28
-10
-2
0
-1
-6
-17
-6
2
6
24
22
31
35
25
32
23
14
13
16
20
14
-1
-6
-12
-21
-33
-35
-46
-58
-59
-70
-86
-104
-123
-141
-142
-160
-169
-174
-193
-209
-221
-231
-235
-230
-233
-222
-211
-211
-205
-204
-203
-196
-190
-177
-165
-150
-135
-125
-104
-90
-78
-52
-29
-8
13
32
49
75
89
110
121
138
156
168
174
178
180
191
194
187
192
189
190
182
173
166
160
149
143
141
134
136
128
122
117
117
111
95
81
71
64
57
51
46
42
47
53
51
52
50
56
62
70
70
73
84
88
93
95
86
81
84
78
77
68
59
52
35
30
21
10
-2
-16
-22
-34
-49
-65
-87
-110
-119
-135
-143
-155
-169
-175
-194
-203
-222
-234
-236
-238
-239
-240
-234
-231
-237
-249
-251
-256
-250
-235
-220
-208
-191
-179
-173
-155
-140
-119
-94
-79
-61
-39
-20
-6
12
28
51
69
92
114
124
136
151
166
167
175
181
189
196
195
189
190
200
197
194
188
181
179
168
162
148
131
125
126
125
117
111
99
86
81
72
68
62
49
36
34
28
25
28
23
24
24
31
28
28
25
20
24
13
4
-5
-14
-24
-27
-39
-41
-38
-49
-50
-57
-64
-72
-77
-83
-98
-108
-118
-120
-122
-124
-135
-142
-156
-160
-162
-160
-163
-171
-169
-171
-159
-157
-153
-150
-137
-131
-121
-118
-117
-109
-110
-104
-102
-98
-84
-61
-40
-20
-1
17
38
58
74
97
119
140
161
170
174
173
185
198
218
219
227
225
221
221
208
203
203
197
192
189
178
175
153
144
137
126
119
108
100
87
80
71
68
51
37
30
25
26
21
10
-1
-11
-18
-23
-28
-35
-39
-53
-59
-60
-62
-61
-67
-73
-78
-79
-93
-100
-102
-109
-114
-113
-115
-116
-119
-128
-121
-122
-124
-123
-124
-128
-130
-122
-118
-116
-110
-110
-116
-110
-112
-116
-108
-111
-109
-107
-111
-101
-102
-108
-111
-103
-104
-100
-88
-79
-70
-67
-54
-48
-44
-42
-34
-13
-1
14
25
33
52
71
87
97
103
111
124
136
145
146
144
145
144
147
148
152
158
157
153
154
148
144
135
127
133
127
123
124
113
98
90
78
68
60
50
40
26
14
-4
-15
-12
-10
-20
-20
-23
-28
-39
-48
-52
-60
-58
-51
-49
-50
-48
-52
-63
-63
-67
-64
-60
-59
-55
-59
-59
-66
-62
-62
-59
-58
-57
-65
-69
-69
-82
-81
-85
-83
-88
-92
-89
-95
-94
-88
-84
-75
-63
-56
-44
-35
-26
-14
-14
-11
-1
-1
9
25
33
33
37
39
44
40
38
52
58
59
62
61
64
61
60
75
72
69
70
69
71
65
54
50
51
56
61
64
69
70
71
68
72
74
75
75
71
73
72
62
55
53
49
47
40
37
30
18
10
-3
-11
-16
-12
-14
-20
-28
-33
-45
-56
-59
-69
-73
-76
-76
-88
-86
-92
-97
-102
-103
-98
-103
-94
-90
-86
-90
-97
-97
-97
-92
-87
-76
-73
-72
-71
-67
-60
-53
-42
-42
-48
-33
-29
-24
-16
-16
-9
-3
5
15
21
25
27
26
32
38
40
45
48
52
54
61
70
75
82
86
90
92
92
94
101
103
102
106
109
109
110
109
110
114
111
110
108
107
104
102
99
94
93
92
87
83
80
78
74
71
59
54
48
43
46
39
37
30
21
12
1
-7
-19
-33
-43
-60
-71
-78
-95
-106
-108
-116
-122
-124
-128
-134
-135
-139
-140
-135
-134
-131
-128
-133
-136
-138
-133
-130
-132
-123
-118
-111
-108
-104
-99
-93
-85
-77
-71
-67
-64
-59
-55
-50
-45
-34
-25
-12
9
16
23
31
35
39
45
55
56
60
64
64
69
74
73
73
66
58
59
56
55
55
49
48
43
50
51
56
61
64
72
74
79
80
87
87
95
102
105
110
109
108
103
108
105
107
106
106
106
95
87
82
76
65
62
56
41
33
26
15
8
-2
-13
-20
-29
-36
-47
-60
-71
-82
-97
-98
-101
-108
-109
-114
-124
-134
-142
-150
-158
-161
-165
-163
-162
-166
-164
-160
-162
-157
-151
-142
-137
-127
-123
-122
-118
-111
-103
-87
-70
-55
-42
-31
-16
-8
3
17
31
47
61
70
75
78
86
91
94
101
111
108
110
107
105
109
110
114
106
109
112
115
115
113
112
107
107
106
108
115
113
113
107
106
107
103
108
109
111
108
103
96
92
87
83
79
71
70
66
58
47
39
34
24
17
15
7
4
-3
-11
-17
-25
-31
-39
-47
-58
-65
-79
-83
-91
-101
-109
-119
-125
-132
-136
-142
-150
-157
-162
-165
-166
-167
-165
-169
-163
-165
-167
-158
-153
-143
-133
-129
-121
-117
-107
-95
-85
-73
-70
-64
-53
-41
-31
-28
-22
-13
-2
5
16
30
40
47
53
62
70
82
86
88
97
99
103
110
114
119
123
127
128
130
132
132
129
128
123
118
112
108
103
98
98
98
96
96
93
88
88
83
80
78
78
74
74
75
70
68
60
55
44
42
46
41
38
26
20
10
5
-4
-12
-20
-28
-34
-40
-47
-60
-64
-75
-79
-80
-81
-80
-82
-86
-90
-92
-97
-95
-93
-95
-97
-98
-101
-107
-110
-113
-113
-110
-114
-114
-110
-112
-112
-110
-107
-107
-99
-92
-92
-88
-90
-87
-83
-82
-71
-65
-54
-42
-35
-28
-21
-15
-5
1
4
13
25
35
43
53
58
59
58
64
73
82
84
90
90
90
99
100
110
114
109
110
111
111
114
110
107
103
106
107
104
103
95
88
77
73
70
70
67
62
58
51
47
42
34
30
23
14
6
3
-1
-7
-15
-21
-27
-34
-29
-30
-37
-48
-54
-61
-64
-58
-63
-63
-69
-74
-78
-79
-76
-80
-84
-88
-89
-86
-88
-87
-89
-96
-97
-102
-102
-96
-99
-98
-97
-104
-104
-102
-104
-96
-92
-83
-74
-70
-69
-61
-57
-58
-56
-50
-40
-38
-28
-26
-25
-21
-14
-3
7
23
34
43
50
59
69
81
87
94
103
110
116
124
127
132
133
131
138
144
145
144
147
145
151
156
155
157
151
143
137
135
130
122
114
106
95
92
82
74
71
65
65
62
60
57
48
42
39
32
26
21
13
-3
-6
-15
-25
-33
-40
-50
-61
-66
-74
-75
-76
-87
-90
-92
-98
-98
-101
-102
-111
-117
-118
-125
-129
-132
-133
-135
-133
-135
-136
-132
-131
-128
-123
-116
-120
-116
-117
-118
-116
-112
-105
-101
-92
-85
-85
-84
-82
-76
-71
-59
-48
-40
-35
-27
-14
-8
0
14
22
24
34
41
45
54
58
61
64
70
71
76
82
81
83
83
83
87
91
96
103
103
104
108
103
103
107
97
94
95
93
93
92
88
83
77
71
69
63
59
53
48
41
36
34
30
25
18
12
9
-1
-14
-18
-23
-27
-27
-30
-35
-37
-41
-47
-55
-62
-72
-76
-84
-88
-90
-96
-101
-102
-105
-106
-105
-110
-109
-112
-114
-113
-114
-115
-111
-102
-92
-93
-86
-80
-75
-68
-64
-59
-55
-48
-43
-33
-25
-15
-6
5
12
18
28
31
42
51
54
56
65
76
75
81
84
85
87
84
93
98
97
101
102
104
110
114
117
121
122
117
117
115
113
108
101
91
83
80
74
73
65
59
52
44
38
35
24
19
12
2
-2
-8
-9
-18
-28
-32
-39
-46
-48
-51
-53
-50
-50
-53
-59
-57
-64
-72
-74
-78
-86
-89
-94
-91
-93
-98
-100
-103
-102
-101
-102
-105
-104
-103
-107
-109
-110
-116
-110
-106
-110
-106
-100
-89
-84
-76
-73
-77
-68
-65
-62
-52
-45
-43
-38
-33
-27
-21
-19
-13
-8
-4
8
14
24
38
42
55
63
69
77
84
86
94
95
100
108
116
124
127
130
130
132
131
135
138
133
136
140
140
146
145
146
148
147
144
139
138
133
127
120
110
102
96
87
81
73
67
69
63
58
50
42
36
30
19
8
2
-11
-25
-35
-47
-53
-53
-58
-62
-69
-73
-75
-75
-80
-80
-83
-92
-91
-99
-103
-108
-109
-115
-125
-118
-127
-134
-125
-130
-136
-137
-136
-138
-138
-132
-123
-119
-118
-114
-115
-115
-110
-101
-99
-88
-80
-76
-67
-69
-62
-56
-54
-48
-43
-38
-33
-22
-13
-4
6
15
22
22
27
33
39
42
41
50
51
54
64
68
70
77
80
89
92
92
100
101
105
110
110
113
114
108
104
100
97
92
84
84
81
72
69
70
66
63
63
62
61
55
44
42
42
36
30
24
19
13
4
2
2
-4
-8
-15
-22
-25
-29
-34
-39
-41
-45
-54
-58
-62
-60
-63
-62
-60
-65
-65
-70
-72
-76
-84
-89
-91
-88
-92
-89
-82
-78
-70
-69
-65
-61
-58
-54
-49
-45
-48
-40
-42
-40
-36
-36
-36
-30
-28
-25
-17
-14
-4
-6
-3
5
7
12
19
23
25
32
38
47
54
56
57
56
61
67
67
68
70
76
82
79
80
79
75
75
75
72
69
68
65
68
68
66
64
64
63
64
63
64
59
52
53
49
51
46
45
47
46
48
49
51
50
45
39
34
27
26
20
12
9
-1
0
0
-1
-2
-7
-11
-19
-19
-23
-20
-24
-23
-22
-27
-25
-25
-26
-28
-31
-32
-32
-33
-34
-43
-45
-44
-51
-56
-62
-63
-61
-59
-58
-60
-55
-55
-57
-53
-50
-45
-42
-42
-44
-39
-36
-28
-23
-21
-15
-3
2
4
6
10
17
16
21
27
35
41
41
43
41
44
45
42
44
43
44
40
39
42
43
45
50
55
58
58
62
62
60
66
74
77
76
71
71
74
72
71
71
71
69
71
65
60
52
47
47
42
44
46
41
32
28
27
23
22
16
11
8
4
-1
-3
-4
-13
-17
-25
-24
-26
-26
-27
-28
-30
-38
-39
-43
-46
-50
-60
-61
-62
-62
-61
-61
-59
-61
-61
-62
-58
-56
-53
-52
-56
-54
-52
-54
-51
-46
-42
-40
-36
-36
-37
-33
-28
-27
-29
-28
-25
-22
-23
-24
-24
-27
-24
-25
-26
-24
-28
-35
-41
-37
-26
-19
-7
-6
-7
-10
-16
-21
-15
-1
9
15
13
9
13
15
18
26
33
43
48
48
48
43
42
43
44
46
50
55
51
47
43
40
44
36
35
33
28
21
12
4
1
-6
-7
-8
-9
-9
-9
-13
-17
-16
-19
-21
-18
-20
-23
-23
-30
-32
-35
-31
-28
-28
-27
-33
-36
-35
-35
-35
-34
-30
-28
-33
-33
-32
-29
-28
-24
-21
-22
-23
-25
-26
-24
-27
-25
-22
-19
-20
-23
-21
-22
-18
-19
-17
-14
-11
-10
-9
-11
-6
-4
-5
0
0
1
2
0
0
3
8
10
11
15
17
22
22
27
32
35
34
35
36
35
38
39
39
45
48
53
50
46
43
41
42
41
44
42
39
36
30
25
23
21
21
18
16
17
13
9
7
7
9
7
2
-2
-7
-12
-16
-19
-25
-25
-24
-27
-29
-34
-37
-39
-38
-37
-36
-37
-38
-44
-48
-49
-49
-51
-50
-49
-49
-50
-50
-51
-51
-50
-48
-47
-47
-47
-49
-51
-53
-53
-50
-50
-46
-43
-43
-39
-40
-38
-38
-36
-32
-28
-25
-24
-22
-18
-13
-11
-9
-3
-1
0
4
8
13
18
21
22
23
25
27
30
31
33
33
32
34
37
36
37
39
41
43
44
45
45
47
47
47
49
49
48
45
43
45
45
44
45
48
48
45
41
41
41
38
37
35
32
31
29
27
27
24
22
22
18
17
16
11
8
4
0
-3
-5
-6
-7
-11
-15
-18
-23
-27
-27
-26
-27
-28
-30
-31
-34
-38
-39
-38
-39
-40
-40
-41
-40
-41
-45
-45
-44
-41
-40
-38
-35
-34
-36
-38
-37
-37
-36
-36
-34
-34
-35
-35
-31
-30
-28
-25
-23
-23
-24
-24
-24
-23
-23
-21
-20
-19
-15
-14
-13
-9
-7
-3
1
4
6
6
7
7
10
10
12
15
18
19
20
21
22
23
23
23
23
26
27
27
29
31
31
29
28
31
33
32
32
32
32
30
27
25
23
25
25
25
22
21
17
12
8
6
3
3
3
2
0
1
0
-3
-5
-5
-6
-7
-10
-13
-14
-15
-16
-17
-12
-11
-8
-7
-8
-6
-7
-6
-7
-6
-4
-5
-7
-10
-10
-10
-8
-6
-5
-3
-4
-6
-7
-8
-8
-9
-11
-10
-9
-9
-8
-9
-8
-9
-9
-7
-8
-7
-7
-6
-7
-9
-9
-6
-5
-4
-3
-1
1
1
2
4
7
6
6
8
8
9
8
9
10
11
12
11
13
13
13
13
12
13
14
15
15
15
16
15
14
15
13
12
12
10
12
11
12
11
10
9
8
7
6
5
2
1
-2
-4
-6
-8
-8
-9
-9
-9
-8
-8
-9
-11
-11
-9
-11
-10
-9
-9
-10
-11
-10
-10
-8
-7
-6
-6
-5
-6
-7
-7
-7
-7
-7
-7
-7
-8
-7
-8
-7
-6
-5
-5
-6
-6
-7
-7
-8
-8
-7
-6
-6
-6
-7
-6
-7
-8
-8
-8
-8
-7
-8
-6
-6
-5
-5
-4
-4
-2
-1
0
1
3
4
5
6
8
9
10
11
12
13
14
15
15
15
16
18
17
16
16
18
18
19
20
20
20
19
19
18
16
15
14
15
15
14
14
14
11
10
7
6
4
4
3
3
3
2
-1
-2
-5
-7
-5
-4
-2
-2
-3
-3
