4
4
7
9
10
10
9
6
2
-3
-6
-10
-11
-11
-10
-8
-4
-1
2
6
8
10
11
13
15
16
19
21
23
25
27
28
27
26
24
21
19
14
10
5
1
-2
-3
-4
-3
-2
0
-1
-1
-5
-10
-15
-20
-23
-27
-27
-26
-26
-24
-21
-20
-18
-16
-14
-12
-10
-8
-7
-5
-2
1
3
5
5
5
4
2
0
-2
-5
-8
-11
-13
-13
-11
-12
-11
-11
-11
-11
-13
-13
-14
-17
-18
-18
-19
-19
-18
-14
-11
-7
-3
0
2
6
11
13
17
19
22
24
26
29
32
32
32
32
30
26
24
18
15
14
14
13
14
13
14
13
11
10
5
2
-1
-5
-7
-9
-9
-9
-9
-7
-7
-6
-3
-2
1
4
4
5
6
7
10
11
12
11
11
8
5
3
-3
-8
-13
-17
-20
-21
-21
-20
-17
-16
-16
-15
-16
-17
-19
-24
-25
-26
-27
-27
-26
-24
-21
-18
-15
-12
-9
-6
-2
0
3
5
11
14
19
23
25
30
31
31
29
28
23
21
18
16
14
12
11
11
11
13
13
12
12
11
10
8
5
3
1
0
-1
-2
-1
-1
0
2
2
3
4
4
4
5
5
7
10
11
11
10
8
6
4
1
-2
-4
-7
-9
-10
-11
-12
-15
-17
-19
-21
-24
-25
-26
-25
-27
-27
-29
-31
-32
-32
-31
-31
-29
-26
-25
-22
-20
-17
-15
-13
-12
-11
-8
-9
-6
-5
-2
-2
-1
-2
-1
-1
1
2
4
5
7
9
9
10
8
7
6
4
3
4
3
5
4
6
6
5
5
4
4
4
6
9
11
12
13
14
14
14
15
13
14
13
11
10
11
11
10
10
9
10
10
10
11
11
11
10
8
5
3
2
1
0
-1
-2
-4
-5
-6
-6
-7
-9
-10
-12
-11
-12
-9
-8
-6
-3
0
0
2
1
3
5
6
8
9
10
14
18
19
24
24
26
25
25
24
26
25
26
24
25
23
21
18
16
15
14
13
13
14
13
11
9
6
5
2
0
2
3
5
6
6
5
5
3
-1
-2
-4
-4
-4
-4
-2
-2
0
0
-1
-2
-3
-5
-6
-7
-7
-10
-12
-15
-19
-24
-27
-31
-32
-34
-35
-36
-39
-42
-44
-46
-46
-46
-46
-45
-43
-40
-37
-34
-31
-29
-28
-27
-26
-23
-21
-17
-16
-12
-10
-6
-2
-2
0
1
2
2
2
1
0
-1
-1
-2
-1
-1
0
1
0
2
3
4
5
6
7
8
8
10
12
13
16
18
21
24
26
28
31
31
33
32
34
35
37
39
41
42
44
44
43
43
42
42
38
37
36
34
31
30
25
24
19
18
16
16
14
15
13
14
14
11
13
13
16
18
19
25
27
27
29
30
30
31
30
30
30
29
30
28
26
24
20
16
11
6
3
0
-3
-6
-11
-15
-18
-24
-27
-32
-33
-33
-36
-36
-37
-41
-42
-46
-46
-48
-49
-51
-49
-51
-50
-50
-48
-48
-48
-46
-43
-42
-40
-39
-37
-34
-33
-31
-33
-31
-31
-32
-33
-35
-35
-37
-38
-37
-39
-41
-42
-43
-43
-43
-41
-40
-38
-37
-32
-33
-30
-27
-25
-22
-19
-16
-12
-11
-5
0
2
5
9
12
15
19
23
26
30
35
38
43
47
49
52
53
54
53
54
57
59
60
64
62
63
62
62
59
57
57
55
55
55
54
52
51
49
48
44
45
45
45
44
45
41
41
38
35
32
29
28
24
22
21
20
18
15
10
6
-1
-2
-9
-16
-18
-23
-25
-27
-32
-36
-42
-45
-49
-55
-55
-60
-63
-60
-61
-61
-59
-60
-56
-53
-53
-44
-44
-35
-28
-25
-21
-16
-16
-5
-8
5
9
10
19
24
27
33
34
38
45
43
46
48
45
51
48
56
53
45
48
40
37
39
24
28
21
26
24
20
18
19
16
18
19
22
17
19
21
24
21
24
20
16
17
11
5
0
3
-1
-4
-7
-12
-18
-26
-28
-28
-30
-32
-28
-26
-28
-30
-37
-41
-48
-52
-53
-58
-69
-68
-69
-76
-83
-88
-95
-102
-108
-112
-115
-119
-120
-114
-112
-116
-108
-117
-113
-108
-117
-112
-116
-118
-125
-128
-131
-139
-151
-144
-144
-150
-143
-138
-135
-124
-115
-114
-105
-98
-84
-75
-55
-31
-21
3
36
58
77
105
132
165
195
231
254
277
313
345
377
406
433
458
479
504
512
518
517
518
507
490
475
431
401
370
329
288
240
184
139
90
46
-3
-48
-70
-115
-145
-166
-193
-213
-208
-217
-157
-178
-186
-111
-169
-156
-94
-185
-145
-116
-161
-138
-195
-159
-226
-322
-256
-263
-436
-386
-349
-464
-519
-455
-497
-576
-589
-504
-541
-592
-486
-443
-461
-408
-323
-320
-306
-225
-169
-133
-69
5
73
120
172
232
274
287
341
394
414
434
463
466
462
452
455
418
394
396
383
350
320
297
263
210
171
154
91
59
50
29
3
-5
-14
-24
-37
-26
-22
-27
-26
1
10
3
20
30
40
44
72
91
95
102
125
125
115
112
114
106
92
97
91
76
72
73
64
45
34
23
7
-9
-7
-43
-47
-72
-86
-107
-129
-136
-159
-96
-163
-71
-98
-112
-76
-68
-61
-107
-27
-7
-149
24
16
-133
10
-98
-36
-133
-181
-90
-243
-299
-185
-307
-392
-314
-374
-436
-395
-407
-431
-386
-380
-334
-331
-326
-319
-292
-248
-213
-173
-120
-58
-8
49
115
153
185
242
294
334
370
385
406
413
429
421
410
369
335
335
289
249
223
178
139
99
68
29
-28
-28
-37
-50
-38
-42
-43
-50
-45
-44
-64
-67
-62
-52
-26
-4
2
21
55
87
123
158
200
232
262
285
302
306
300
306
333
331
309
294
271
238
221
204
140
93
82
40
-13
-42
-34
-77
-127
-91
-154
-92
-195
-91
-125
-199
-35
-187
-233
-82
-168
-269
-129
-227
-209
-200
-202
-333
-193
-309
-332
-240
-272
-304
-381
-395
-275
-517
-528
-235
-530
-590
-348
-483
-626
-493
-441
-556
-497
-348
-408
-440
-313
-248
-308
-196
-81
-107
-40
104
94
114
200
224
208
302
348
352
384
417
409
389
435
413
389
406
417
388
360
330
333
304
301
268
219
171
140
120
91
70
58
49
34
38
56
46
50
90
126
131
167
211
225
253
299
315
311
323
355
353
374
377
341
332
312
287
276
253
257
237
214
206
170
117
86
43
34
14
-6
-43
-60
-110
-128
-145
-197
-231
-198
-227
-236
-214
-199
-135
-243
-165
-46
-277
-153
-74
-210
-125
-66
-73
-262
-101
-125
-416
-202
-196
-348
-371
-258
-258
-553
-429
-257
-544
-520
-364
-436
-580
-430
-445
-581
-464
-463
-499
-426
-317
-393
-363
-217
-251
-242
-83
-100
-77
38
98
109
167
264
265
283
371
417
370
431
459
409
449
452
426
428
436
425
395
374
375
344
335
330
270
263
211
154
154
144
111
126
134
127
95
113
122
108
149
210
206
244
280
270
323
281
313
342
279
379
355
338
372
291
339
274
209
267
213
140
192
141
38
51
37
-61
-62
-64
-73
-134
-131
-72
-117
-250
-179
-87
-301
-288
-135
-215
-331
-285
-140
-307
-524
-171
-288
-373
-385
-176
-213
-398
-366
-151
-315
-466
-229
-249
-456
-270
-429
-397
-322
-556
-264
-455
-490
-277
-514
-413
-274
-463
-464
-313
-352
-415
-298
-271
-266
-256
-184
-157
-200
-144
-40
-93
-35
74
50
75
184
204
175
265
317
308
360
438
417
387
409
418
380
368
381
361
315
345
326
238
231
244
187
147
146
120
91
71
68
69
56
60
81
100
127
149
139
181
182
220
269
239
272
364
336
380
384
380
392
331
312
365
312
253
306
286
171
121
161
54
-8
48
-9
-81
-57
-136
-110
-105
-199
-152
-171
-77
-207
-148
-75
-150
-253
-161
-98
-299
-273
8
-337
-220
-255
-149
-123
-546
37
-123
-551
-108
-286
-249
-321
-253
-179
-337
-263
-283
-308
-358
-247
-336
-445
-150
-361
-464
-174
-261
-313
-343
-103
-197
-384
-87
-101
-306
-197
-106
-218
-195
-93
-94
-96
-99
-71
-52
-93
20
16
-7
104
91
121
149
181
198
197
222
249
261
264
261
279
280
230
268
242
232
240
273
229
191
232
200
163
175
185
148
137
172
151
160
247
216
268
302
262
311
313
314
290
363
452
277
378
409
309
321
260
276
212
137
196
77
80
68
-21
-18
-72
-31
-153
-122
-105
-187
-186
-197
-143
-239
-182
-161
-207
-210
-198
-112
-300
-263
-11
-304
-254
-17
-238
-171
-181
-137
-223
-125
-155
-132
-155
-162
-97
-135
-240
-72
-212
-155
-148
-236
-159
-128
-112
-277
-137
-8
-279
-178
-25
-180
-148
-76
-130
-177
-39
-251
-139
-112
-241
-68
-210
-202
-70
-312
-229
-170
-328
-301
-151
-235
-306
-135
-217
-264
-174
-181
-185
-178
-108
-95
-68
-17
32
77
76
161
207
238
316
346
370
449
447
471
464
490
450
489
500
486
485
482
489
459
433
398
357
355
397
329
368
399
362
334
357
372
258
326
275
267
267
194
257
143
78
194
18
-5
68
-150
-56
-97
-204
-204
-199
-303
-244
-285
-315
-267
-305
-383
-342
-354
-379
-275
-343
-303
-199
-343
-245
-117
-366
-103
-138
-234
-34
-95
-113
40
-126
-62
14
5
-120
28
71
-76
-20
-76
-13
-35
-188
112
-65
-176
135
-88
-125
82
-16
-79
-35
10
-121
-34
-31
-285
89
-130
-206
-6
-150
-157
-195
-280
-54
-396
-202
-210
-316
-285
-241
-286
-373
-244
-332
-359
-233
-234
-287
-205
-170
-190
-139
-53
-79
-1
77
114
175
227
284
285
333
375
407
440
452
497
523
549
548
526
505
511
443
461
421
389
345
331
285
235
195
212
225
117
201
196
111
58
153
107
0
141
86
-82
129
5
-24
6
-43
62
-123
-109
13
-118
-181
-90
-17
-252
-173
-14
-302
-167
-112
-251
-31
-266
-110
40
-369
-9
38
-277
36
55
-150
211
-126
218
3
-58
327
-175
94
267
-174
117
108
-77
-55
-29
69
-188
-3
-18
-86
-191
-66
-152
-108
-185
-77
-164
-122
-242
-158
-196
-125
-354
-162
-41
-420
-256
-93
-330
-402
-129
-288
-248
-315
-140
-279
-246
-198
-200
-325
-88
-248
-274
-90
-200
-200
-128
-142
-124
-172
-87
-8
-135
14
31
-52
20
72
69
105
113
184
207
215
269
284
300
295
313
391
343
354
374
356
363
322
300
304
273
267
313
228
263
220
189
179
169
189
140
140
156
162
118
112
138
149
144
91
168
214
43
205
179
133
192
34
252
179
-56
172
95
26
-5
84
37
-75
-19
38
-118
-69
35
-61
-78
3
-41
-42
-129
-50
-32
-150
2
-82
-91
-106
-13
-179
-120
-57
-137
-62
-193
-107
16
-472
17
-149
-276
-166
-153
-98
-293
-100
-182
-110
-268
-173
-132
-174
-120
-236
-233
63
-353
-218
-25
-280
-152
-181
-77
-245
-71
-148
-232
-172
-15
-314
-214
-57
-224
-274
-194
-78
-273
-329
-34
-212
-366
-76
-229
-306
-217
-220
-234
-292
-152
-247
-244
-214
-208
-207
-167
-134
-139
-39
-58
36
46
73
107
152
191
234
248
277
240
279
305
267
299
342
309
285
379
358
270
337
343
316
333
264
391
226
263
403
178
335
285
167
323
97
165
222
4
175
93
77
120
14
50
57
-11
32
-16
-17
-33
-64
-46
-53
-145
-144
-13
-135
-170
-55
-86
-128
-115
-15
45
-184
93
30
-38
44
26
128
-134
96
45
-88
10
-79
32
-90
-126
168
-219
53
39
-109
102
35
62
-24
138
79
-183
100
42
-106
-104
68
-42
-314
11
-175
-219
-85
-296
-28
-242
-273
-17
-309
-199
-143
-380
-190
-265
-391
-373
-284
-414
-439
-326
-423
-354
-468
-410
-261
-489
-372
-267
-333
-169
-243
-167
-149
-156
-86
-100
-33
17
-14
91
113
106
166
235
212
309
402
415
466
519
510
538
554
545
528
520
463
492
442
386
362
364
315
261
266
245
199
143
246
183
102
261
150
28
292
91
22
145
68
19
27
-28
82
-94
-111
63
-49
-185
63
-99
-116
39
-169
-26
31
-138
-23
38
-73
-25
61
-27
26
40
6
71
17
110
66
108
78
151
97
123
203
-32
293
53
45
257
62
-7
95
4
23
-57
106
-160
78
-123
-70
-58
-229
54
-302
-202
123
-419
-149
-58
-300
-254
-279
-282
-299
-398
-301
-336
-436
-333
-412
-399
-355
-408
-347
-259
-428
-255
-316
-367
-353
-346
-373
-236
-351
-325
-296
-359
-342
-239
-268
-159
-196
-214
-120
-188
-95
-49
-24
33
142
150
215
266
273
328
352
400
440
483
491
431
525
488
448
493
466
447
455
391
419
364
323
386
201
361
231
201
254
196
255
173
184
232
96
126
121
105
129
70
135
74
135
-35
204
-7
96
204
-38
212
114
-70
192
-10
53
34
46
142
-102
85
53
-1
-30
-73
179
-76
-101
154
-25
-54
4
-95
73
-218
5
-70
-88
-107
-41
-116
-199
-72
-188
-259
-131
-44
-323
-40
-156
-218
-318
-92
-177
-208
-317
95
-408
-377
5
-381
-148
-229
-305
23
-356
-262
-135
-134
-267
-391
69
-296
-289
-135
-187
-309
-210
-249
-223
-288
-214
-303
-307
-370
-111
-577
-153
-174
-485
-240
-191
-209
-238
-40
-98
-148
-10
-56
-58
174
45
92
271
248
232
397
404
342
442
549
504
555
570
510
541
499
552
486
455
512
388
423
475
306
319
346
215
181
299
213
119
301
168
181
188
96
174
203
-10
156
293
-67
147
53
34
178
-46
103
214
-59
184
85
-72
93
-16
-134
66
2
-150
78
-79
-166
18
-128
-141
71
-172
-33
-6
-196
46
-231
-138
1
-270
-66
-62
-211
-119
-184
-213
-223
-198
-294
-109
-277
-330
-10
-423
-260
-146
-317
-180
-358
-18
-178
-380
-75
-194
-370
-87
-199
-125
-216
-47
-187
-217
-72
-290
-182
-75
-297
-220
-127
-201
-240
-283
-130
-371
-294
-113
-399
-356
-114
-369
-423
-244
-237
-433
-336
-128
-207
-77
-41
-134
-97
-127
-45
61
152
185
265
237
282
370
337
427
407
458
587
615
553
600
463
425
509
375
424
429
355
352
327
266
201
114
77
73
94
14
73
52
-17
36
-20
69
-36
-13
69
92
20
156
52
-14
21
14
60
167
98
137
224
11
122
-32
5
-101
18
41
0
-28
25
113
-281
-145
203
-186
-158
213
39
31
-123
92
-23
-209
-23
220
-139
-8
261
-116
-212
-16
-58
-271
-209
155
-66
-280
-133
-126
-309
-474
109
-227
-252
43
-495
-254
-199
-506
-150
-430
-134
-188
-393
-205
-232
-554
-209
-317
-349
-261
-231
-379
-352
-410
-329
-348
-454
-315
-190
-285
-562
-206
-480
-556
-394
-228
-384
-319
-93
-124
-258
-44
-123
-248
-15
199
273
269
343
381
179
319
581
563
646
799
755
827
777
710
713
605
714
768
716
707
605
370
331
258
243
255
232
191
114
-37
18
-108
-223
-107
-105
33
-13
-29
38
-81
-207
-25
23
-13
113
120
81
83
102
100
28
118
244
159
259
318
84
80
142
77
92
114
239
144
54
135
44
13
-18
21
151
147
75
-19
6
-41
-98
7
60
37
-54
-30
-77
-126
-107
-129
-144
9
-274
-20
-282
-289
-5
-368
28
-122
-378
-73
-431
-105
-189
-472
-2
-550
-396
-330
-539
-174
-521
-523
-290
-642
-442
-530
-625
-431
-550
-444
-453
-702
-611
-522
-748
-622
-379
-527
-664
-526
-443
-481
-401
-84
-190
-321
-183
-62
-39
128
360
290
333
344
440
568
667
850
793
798
1017
966
959
862
829
976
887
926
984
718
571
495
447
425
454
347
220
59
24
-69
-189
-101
-151
-173
-46
-61
-134
-153
-177
-111
-62
34
124
68
61
1
-2
124
100
174
243
303
273
200
142
115
214
183
279
380
207
151
-7
0
93
-29
76
71
-78
-114
-174
-281
-342
-312
-225
-195
-219
-255
-391
-410
-405
-330
-220
-288
-198
-277
-418
-266
-358
-365
-151
-134
-187
-165
-172
-137
-225
-112
12
-135
-97
-118
-124
-241
-207
3
-282
-409
-215
-486
-551
-519
-465
-508
-601
-709
-608
-910
-867
-701
-824
-779
-622
-637
-742
-686
-552
-379
-268
-243
-88
-176
-143
237
378
426
459
642
596
672
999
1112
1096
1000
1095
1192
1252
1243
1091
1111
1040
1089
1007
932
913
677
491
517
561
428
268
142
29
-29
-59
-19
-98
-157
-211
-245
-161
-148
-137
-218
-190
-163
-196
-67
-34
-77
-61
-23
73
136
94
49
186
239
184
273
163
133
178
151
248
321
94
-24
-68
10
85
46
28
-109
-268
-235
-206
-168
-257
-333
-336
-397
-423
-346
-432
-463
-404
-384
-339
-414
-389
-402
-467
-339
-291
-247
-292
-339
-294
-224
-210
-147
-201
-241
-332
-244
-267
-303
-216
-382
-342
-424
-436
-506
-537
-698
-568
-639
-674
-570
-858
-871
-863
-977
-699
-660
-644
-721
-545
-381
-534
-379
-456
-238
-50
58
362
335
325
292
334
719
1057
1247
1085
1021
932
1186
1298
1434
1436
1306
1238
1065
1103
1172
1050
1031
904
771
759
638
494
386
282
311
276
128
56
-84
-130
-43
-30
11
-27
-126
-210
-205
-104
-10
-17
-74
-64
-68
10
43
115
124
33
47
79
68
74
54
-30
43
2
-1
17
-41
-2
-25
-26
-25
-113
-152
-215
-221
-200
-207
-275
-374
-453
-422
-417
-411
-338
-391
-446
-437
-443
-416
-401
-371
-377
-365
-332
-359
-296
-300
-291
-279
-276
-255
-303
-309
-282
-331
-401
-287
-369
-392
-428
-391
-530
-529
-499
-587
-590
-710
-625
-723
-894
-725
-716
-788
-717
-593
-280
-435
-630
-560
-383
-171
153
251
192
117
60
226
612
1049
1259
975
743
768
1082
1424
1394
1301
1241
1111
1024
1053
1159
1219
1014
785
726
718
720
599
499
462
430
329
275
167
147
141
159
141
126
58
-5
-15
111
208
247
190
66
105
242
377
491
306
164
116
177
356
378
290
115
-132
-140
41
127
119
-113
-265
-300
-251
-140
-158
-271
-430
-488
-416
-378
-401
-440
-566
-611
-557
-507
-522
-622
-639
-594
-604
-583
-522
-562
-511
-475
-413
-351
-366
-418
-430
-361
-366
-291
-358
-421
-465
-494
-410
-405
-418
-418
-564
-573
-604
-600
-546
-676
-683
-798
-807
-699
-642
-609
-700
-623
-375
-463
-508
-498
-390
-165
-119
2
120
74
93
206
501
877
1039
965
776
829
1154
1365
1348
1297
1168
1090
1057
1074
1216
1183
981
768
641
713
738
621
529
363
310
237
222
204
169
159
142
76
91
59
34
71
83
155
167
137
129
178
298
432
483
451
286
302
437
524
587
483
313
175
118
248
317
238
75
-142
-188
-135
-133
-163
-297
-456
-496
-538
-490
-494
-622
-685
-754
-748
-668
-701
-744
-817
-791
-734
-757
-712
-671
-648
-627
-539
-462
-429
-467
-431
-360
-297
-315
-311
-307
-310
-266
-317
-316
-383
-398
-503
-550
-479
-597
-592
-739
-740
-678
-732
-651
-649
-735
-469
-411
-348
-436
-615
-460
-188
-48
188
75
-38
27
-4
494
821
960
878
574
635
1003
1302
1444
1256
1065
1065
983
1098
1246
1149
1068
684
529
657
695
644
493
293
254
146
84
156
91
154
68
-35
-15
-18
-5
40
59
110
35
12
14
79
275
382
411
376
308
248
406
579
711
658
441
309
289
389
563
576
406
193
-20
21
170
188
98
-187
-402
-446
-391
-283
-324
-538
-685
-834
-776
-654
-661
-715
-865
-972
-990
-943
-821
-754
-827
-849
-861
-844
-739
-653
-563
-534
-562
-544
-571
-493
-396
-359
-361
-431
-431
-459
-469
-539
-454
-544
-632
-650
-722
-694
-626
-626
-637
-466
-324
-390
-424
-563
-353
19
112
213
84
32
139
275
728
1034
1108
918
685
768
1253
1566
1600
1397
1158
1193
1193
1311
1461
1376
1178
805
671
787
872
776
604
320
274
144
106
202
192
174
21
-125
-77
-23
15
20
18
30
4
-62
1
108
171
196
187
224
264
245
277
341
436
422
371
306
324
307
358
400
359
274
102
3
-4
21
50
-106
-303
-439
-507
-479
-463
-517
-609
-780
-867
-829
-812
-805
-875
-961
-1020
-1001
-977
-915
-905
-925
-930
-894
-861
-825
-763
-755
-736
-703
-661
-659
-597
-597
-609
-555
-621
-613
-688
-662
-633
-765
-743
-893
-871
-814
-783
-760
-657
-445
-450
-531
-632
-524
-72
115
259
280
108
179
206
633
1108
1347
1210
874
750
1108
1629
1772
1638
1331
1211
1171
1217
1492
1508
1414
1001
672
698
894
906
743
429
246
144
30
106
144
135
55
-144
-183
-85
-33
15
55
60
79
4
4
95
265
428
440
424
400
422
458
476
607
642
623
532
470
553
566
591
562
526
476
398
319
251
196
77
19
-154
-256
-358
-424
-484
-620
-654
-775
-870
-882
-918
-915
-960
-1069
-1118
-1136
-1118
-1036
-1003
-1011
-1030
-1061
-979
-920
-868
-807
-849
-853
-854
-789
-740
-743
-700
-797
-757
-762
-844
-797
-953
-903
-929
-1039
-832
-927
-1010
-772
-673
-492
-547
-804
-595
-316
20
366
281
232
305
229
739
1212
1498
1501
1047
949
1247
1709
1968
1751
1471
1374
1159
1220
1369
1382
1391
927
543
591
658
733
535
278
205
16
-92
-110
-97
18
-38
-268
-181
-129
-81
-20
-22
165
261
230
202
226
428
576
660
741
810
792
743
718
794
938
978
928
871
802
708
665
658
731
708
581
398
217
162
94
87
21
-164
-361
-572
-697
-708
-723
-850
-994
-1144
-1205
-1175
-1133
-1065
-1131
-1198
-1241
-1219
-1089
-1009
-964
-928
-946
-880
-814
-752
-723
-706
-693
-708
-640
-677
-689
-785
-692
-831
-740
-854
-915
-992
-1066
-909
-921
-850
-788
-654
-665
-692
-852
-613
-293
119
188
249
124
273
414
829
1289
1552
1519
1195
1060
1376
1823
2026
1779
1549
1369
1269
1198
1252
1298
1195
823
435
355
375
335
137
-53
-114
-226
-398
-554
-528
-411
-333
-443
-441
-401
-412
-382
-236
-11
191
142
76
102
370
610
788
856
847
868
809
1021
1304
1257
1129
825
863
1034
1132
1190
983
652
475
383
582
696
506
141
-257
-381
-286
-249
-399
-722
-945
-1035
-1158
-1157
-1164
-1320
-1416
-1482
-1415
-1293
-1320
-1365
-1308
-1220
-1033
-961
-897
-894
-881
-729
-593
-510
-504
-591
-693
-530
-478
-495
-585
-753
-707
-889
-700
-784
-948
-782
-1147
-961
-880
-776
-362
-658
-712
-769
-725
-118
124
257
328
217
206
498
824
1361
1675
1430
1343
1174
1516
1949
1886
1898
1674
1537
1455
1221
1182
1238
1080
813
502
289
311
18
-168
-218
-307
-224
-504
-723
-695
-615
-479
-377
-361
-289
-298
-394
-183
40
310
434
280
347
425
618
832
942
1039
1079
1030
965
1113
1235
1596
1515
1130
992
778
953
1135
1142
1080
582
68
-36
-23
280
288
-166
-535
-933
-958
-784
-827
-867
-1114
-1335
-1401
-1517
-1400
-1359
-1481
-1420
-1368
-1344
-1315
-1433
-1361
-1154
-1004
-830
-865
-940
-874
-877
-586
-427
-451
-451
-661
-635
-658
-504
-588
-716
-785
-915
-1049
-1045
-952
-928
-956
-874
-659
-488
-603
-713
-621
-269
270
487
594
517
496
539
852
1390
1828
1883
1525
1246
1338
1734
1998
1870
1736
1551
1392
1151
975
1016
1016
827
473
271
130
-25
-294
-452
-383
-366
-462
-750
-899
-779
-608
-447
-356
-215
-153
-183
-140
94
378
617
691
712
819
885
1011
1070
1233
1371
1379
1353
1251
1278
1301
1447
1551
1400
1169
857
753
838
928
920
642
170
-136
-301
-261
-94
-212
-505
-854
-1129
-1148
-1130
-1142
-1197
-1328
-1397
-1497
-1564
-1519
-1487
-1404
-1257
-1165
-1157
-1215
-1287
-1211
-1005
-801
-660
-700
-750
-842
-847
-643
-550
-456
-539
-727
-838
-860
-918
-873
-925
-1023
-1083
-1197
-1142
-1098
-1112
-853
-609
-520
-467
-672
-597
-195
158
519
760
721
736
663
881
1409
1878
2003
1745
1407
1503
1690
1735
1638
1496
1421
1283
937
686
574
493
320
76
13
-17
-298
-711
-948
-822
-527
-505
-698
-812
-823
-709
-593
-375
-45
144
140
73
155
483
734
859
957
1164
1314
1322
1234
1272
1473
1623
1633
1518
1456
1395
1307
1289
1245
1216
1009
773
612
651
679
510
178
-151
-322
-335
-355
-451
-626
-864
-1098
-1212
-1189
-1177
-1216
-1341
-1421
-1398
-1390
-1406
-1420
-1368
-1220
-1071
-958
-901
-916
-897
-855
-763
-527
-294
-277
-483
-618
-521
-397
-318
-305
-233
-345
-492
-598
-553
-500
-525
-562
-649
-646
-611
-596
-610
-532
-444
-227
-103
-104
-251
-163
54
440
603
721
621
574
668
872
1165
1284
1239
1076
984
1025
1073
1037
815
651
569
585
517
278
15
-168
-162
-101
-89
-163
-292
-427
-512
-484
-323
-130
-27
-40
-25
96
242
414
582
688
718
790
911
1052
1118
1154
1128
1087
1142
1242
1281
1193
1048
872
750
690
657
571
425
257
58
-89
-182
-243
-316
-406
-518
-622
-756
-844
-896
-920
-911
-935
-962
-1022
-1053
-1035
-997
-944
-900
-881
-886
-877
-847
-748
-678
-614
-556
-499
-424
-373
-301
-232
-161
-94
-55
-46
-45
3
48
86
131
148
128
117
109
120
153
182
184
149
147
129
128
153
154
172
180
163
113
88
80
102
113
89
28
-42
-50
-82
-83
-98
-185
-259
-347
-406
-441
-470
-509
-558
-595
-637
-658
-663
-655
-643
-618
-564
-563
-525
-459
-392
-303
-204
-95
28
120
169
249
389
541
646
718
772
831
934
1023
1073
1137
1189
1232
1253
1271
1284
1318
1344
1324
1287
1243
1186
1103
1051
1011
962
863
701
535
410
336
232
111
-47
-207
-366
-498
-575
-649
-741
-867
-990
-1066
-1084
-1086
-1135
-1198
-1246
-1270
-1251
-1205
-1140
-1098
-1081
-1046
-975
-899
-804
-733
-668
-576
-480
-387
-318
-212
-120
-55
-21
29
103
154
185
211
257
307
354
355
366
362
391
421
450
490
482
476
445
427
433
428
412
378
360
319
297
266
232
188
126
72
24
21
-30
-91
-182
-262
-310
-359
-385
-411
-424
-453
-518
-549
-538
-509
-484
-471
-444
-398
-337
-274
-194
-101
6
82
183
287
378
477
547
627
684
755
809
842
870
919
949
940
940
946
976
955
934
914
896
875
827
772
716
672
580
465
376
317
270
167
40
-77
-208
-314
-417
-514
-582
-662
-753
-866
-948
-982
-1027
-1046
-1069
-1070
-1098
-1146
-1162
-1156
-1106
-1060
-1018
-1006
-985
-932
-844
-728
-603
-493
-419
-373
-279
-158
-29
90
151
186
226
274
338
436
491
519
493
479
490
498
530
544
567
581
568
552
541
572
618
665
688
763
847
717
417
102
-46
58
264
417
352
7
-377
-566
-359
149
450
253
-331
-898
-1082
-866
-448
-160
-261
-642
-1028
-1145
-860
-411
-85
-31
-230
-507
-629
-486
-188
109
273
272
178
157
326
635
890
982
862
640
506
569
789
913
820
509
257
241
474
745
830
598
260
-17
-183
-18
117
191
-30
-332
-333
-395
-259
-217
-344
-390
-466
-391
-424
-601
-614
-610
-713
-648
-466
-311
-416
-475
-590
-414
-446
-406
-285
-297
-236
-188
-244
-242
-248
-146
-39
47
97
149
177
188
222
252
293
260
253
352
489
545
555
368
274
286
450
490
432
436
327
161
197
368
425
367
246
432
287
-9
196
71
10
18
-121
-180
-350
-454
-376
-451
-388
-531
-730
-735
-633
-486
-681
-632
-597
-532
-418
-441
-561
-465
-492
-300
-144
11
18
-146
-111
-114
18
225
377
522
635
547
497
382
452
717
1014
1142
1009
779
611
614
647
719
696
580
499
506
473
279
-13
-290
-334
-204
-94
-130
-279
-497
-690
-783
-800
-746
-678
-568
-562
-611
-741
-817
-815
-724
-552
-402
-335
-312
-251
-149
-82
-107
-102
-59
79
200
307
315
254
219
218
247
285
327
372
396
411
408
392
424
405
359
314
294
346
396
453
491
431
281
161
122
176
248
247
173
85
2
-69
-139
-178
-187
-188
-150
-191
-200
-211
-264
-320
-409
-423
-365
-374
-321
-345
-347
-387
-420
-416
-395
-357
-360
-389
-453
-480
-534
-462
-454
-447
-483
-475
-446
-505
-512
-507
-364
-267
-132
-2
152
316
406
321
280
350
588
923
1159
1282
1242
1089
986
968
1059
1173
1155
1005
803
653
578
425
215
-99
-367
-561
-699
-767
-835
-895
-1070
-1314
-1504
-1529
-1424
-1295
-1231
-1208
-1180
-1065
-861
-631
-395
-214
-81
73
261
519
768
942
1026
1053
1108
1174
1278
1375
1452
1459
1352
1232
1121
1036
949
819
691
582
473
367
252
136
8
-134
-259
-325
-381
-411
-439
-434
-450
-454
-435
-405
-367
-319
-270
-207
-128
-63
13
54
48
13
12
11
43
67
68
36
-71
-166
-248
-309
-386
-486
-591
-651
-732
-782
-918
-1013
-1092
-1140
-1143
-1172
-1150
-1175
-1132
-1086
-1043
-993
-945
-889
-698
-548
-222
122
525
851
936
928
919
1057
1316
1595
1785
1904
1847
1761
1601
1535
1498
1413
1192
826
529
335
201
-45
-405
-811
-1152
-1452
-1660
-1775
-1753
-1747
-1848
-1986
-2026
-1883
-1688
-1517
-1426
-1313
-1105
-779
-426
-26
355
657
880
1043
1238
1471
1719
1866
1916
1924
1931
1953
1990
1998
1918
1726
1451
1197
1022
902
747
538
256
-4
-227
-364
-452
-553
-697
-888
-969
-968
-859
-738
-686
-665
-632
-524
-391
-247
-136
-19
91
178
252
347
442
462
444
357
292
261
224
172
46
-101
-280
-435
-584
-714
-816
-949
-1100
-1287
-1411
-1510
-1494
-1540
-1570
-1628
-1609
-1537
-1431
-1339
-1237
-1115
-910
-673
-358
108
588
1073
1271
1412
1467
1695
1866
2110
2204
2333
2342
2272
2172
2059
2003
1798
1444
965
610
351
143
-227
-604
-999
-1319
-1641
-1942
-2091
-2091
-2090
-2226
-2344
-2309
-2028
-1719
-1518
-1365
-1164
-845
-504
-125
271
725
1099
1379
1563
1822
2132
2333
2334
2184
2048
1979
1960
1888
1754
1543
1315
982
660
395
187
3
-243
-522
-784
-908
-944
-963
-1010
-1047
-1076
-1053
-991
-880
-741
-587
-444
-307
-126
63
300
457
553
611
659
730
793
813
795
713
607
459
363
239
151
-133
-383
-643
-801
-914
-1113
-1200
-1442
-1461
-1727
-1642
-1731
-1682
-1807
-1888
-1839
-1750
-1628
-1541
-1398
-1280
-1032
-956
-591
-498
126
386
955
1210
1518
1752
1851
2029
2061
2274
2303
2320
2166
2081
2003
2014
1847
1618
1202
824
461
40
-360
-795
-999
-1268
-1503
-1775
-1909
-1866
-1886
-1910
-1980
-1844
-1651
-1404
-1268
-1015
-700
-287
42
360
723
1151
1529
1718
1951
2127
2347
2348
2289
2196
2137
2009
1732
1452
1235
1057
793
436
51
-214
-458
-695
-968
-1171
-1291
-1377
-1439
-1440
-1322
-1214
-1111
-1049
-911
-698
-473
-297
-175
-24
162
377
547
721
817
894
887
857
826
772
702
572
429
261
125
-64
-233
-430
-624
-821
-1060
-1235
-1398
-1494
-1599
-1660
-1727
-1709
-1724
-1700
-1668
-1616
-1516
-1465
-1383
-1304
-1137
-1018
-824
-740
-501
-303
-38
306
716
1106
1398
1505
1622
1730
1810
1909
1935
1981
1954
1806
1652
1579
1573
1485
1196
808
524
220
-79
-494
-850
-1073
-1359
-1620
-1819
-1761
-1621
-1549
-1641
-1585
-1426
-1132
-926
-770
-504
-201
74
328
633
1069
1498
1720
1883
2022
2209
2304
2222
2120
1999
1858
1624
1316
1114
972
796
528
236
-39
-243
-528
-778
-980
-1106
-1182
-1261
-1282
-1176
-1042
-876
-718
-566
-362
-257
-126
-18
136
261
341
427
534
673
742
800
779
780
674
503
323
135
-19
-216
-442
-600
-718
-828
-961
-1130
-1235
-1350
-1471
-1583
-1653
-1661
-1662
-1670
-1618
-1523
-1412
-1294
-1207
-1075
-943
-808
-726
-676
-588
-491
-321
-185
63
413
846
1192
1463
1623
1767
1834
1814
1832
1780
1756
1610
1432
1301
1303
1307
1229
959
674
420
102
-242
-638
-941
-1224
-1533
-1781
-1842
-1759
-1588
-1518
-1475
-1353
-1158
-926
-777
-638
-435
-203
18
267
604
1050
1423
1662
1830
2007
2182
2265
2218
2078
1895
1669
1438
1201
1024
870
685
486
273
121
-63
-290
-525
-742
-899
-998
-1027
-1018
-912
-760
-587
-393
-172
30
196
268
285
316
312
312
308
314
364
389
406
397
360
301
168
-35
-238
-448
-654
-888
-1110
-1250
-1362
-1420
-1489
-1520
-1548
-1558
-1576
-1580
-1540
-1518
-1482
-1486
-1412
-1316
-1206
-1051
-917
-763
-595
-496
-413
-287
-235
-91
-60
100
435
735
1097
1343
1529
1769
1876
1943
2046
1983
1914
1713
1415
1316
1253
1237
1142
910
803
671
452
146
-217
-560
-883
-1328
-1613
-1762
-1739
-1635
-1620
-1478
-1221
-895
-592
-399
-270
-63
41
164
329
570
922
1175
1390
1636
1880
2114
2233
2174
2054
1872
1626
1356
1050
788
540
303
133
18
-54
-114
-253
-410
-561
-694
-756
-834
-886
-893
-878
-743
-533
-258
53
257
433
530
592
639
628
547
422
282
190
130
61
51
13
-36
-131
-280
-414
-597
-829
-1064
-1317
-1518
-1648
-1747
-1772
-1774
-1729
-1644
-1551
-1436
-1344
-1263
-1225
-1209
-1175
-1126
-1052
-972
-865
-752
-582
-461
-261
-122
1
97
181
454
727
1026
1210
1361
1528
1706
1818
1987
2010
1987
1844
1618
1471
1357
1292
1092
827
604
508
322
116
-177
-470
-773
-1118
-1397
-1548
-1615
-1643
-1692
-1678
-1476
-1163
-853
-632
-445
-204
36
219
399
600
812
988
1146
1345
1593
1826
1998
2009
1973
1920
1797
1565
1283
966
694
396
133
-78
-195
-263
-351
-456
-546
-541
-538
-545
-627
-654
-660
-622
-528
-380
-161
8
146
288
423
553
622
582
482
383
268
171
26
-98
-202
-311
-374
-416
-482
-588
-757
-935
-1092
-1269
-1434
-1610
-1758
-1854
-1898
-1876
-1782
-1693
-1561
-1463
-1362
-1230
-1087
-1007
-953
-923
-907
-799
-759
-627
-525
-390
-229
-86
93
384
698
965
1210
1328
1578
1734
1856
1949
2004
1989
1934
1739
1613
1520
1399
1247
965
742
602
449
207
-79
-365
-602
-918
-1213
-1430
-1556
-1609
-1691
-1700
-1533
-1245
-919
-677
-479
-206
90
316
510
691
902
1085
1215
1395
1638
1893
2066
2110
2100
2124
2097
1954
1687
1373
1065
728
413
139
-70
-226
-396
-545
-605
-609
-602
-610
-671
-691
-674
-652
-603
-506
-383
-209
-75
67
257
379
488
531
514
470
382
274
145
13
-94
-226
-351
-444
-544
-640
-781
-915
-1025
-1152
-1297
-1467
-1643
-1749
-1840
-1893
-1899
-1873
-1790
-1694
-1564
-1404
-1229
-1087
-970
-894
-790
-702
-628
-552
-499
-425
-350
-216
-70
85
273
578
853
1158
1376
1573
1771
1873
1962
1998
1953
1900
1755
1525
1380
1228
1115
907
657
499
408
232
13
-257
-488
-712
-994
-1229
-1409
-1496
-1553
-1593
-1559
-1322
-1015
-693
-437
-161
203
500
733
910
1061
1210
1332
1416
1570
1741
1915
2012
2020
2042
2059
1989
1795
1524
1223
906
549
221
-60
-292
-484
-657
-778
-802
-773
-724
-696
-683
-603
-551
-491
-399
-293
-168
-54
32
155
263
369
456
488
504
477
415
333
233
106
-18
-185
-354
-502
-643
-767
-904
-1043
-1170
-1291
-1420
-1538
-1608
-1653
-1693
-1723
-1736
-1726
-1672
-1575
-1466
-1337
-1240
-1111
-992
-857
-732
-638
-542
-492
-440
-376
-285
-195
-83
13
249
521
839
1137
1349
1577
1755
1869
1952
1945
1868
1755
1495
1291
1110
956
778
516
290
195
109
-45
-240
-459
-630
-857
-1107
-1309
-1436
-1517
-1576
-1623
-1495
-1217
-908
-621
-357
1
394
711
950
1172
1375
1557
1647
1728
1823
1930
1991
1968
1936
1943
1915
1761
1559
1299
1056
786
476
163
-118
-361
-579
-786
-924
-963
-973
-961
-958
-892
-761
-640
-524
-384
-257
-110
-21
54
138
198
257
267
264
260
269
263
237
174
111
0
-133
-267
-410
-578
-774
-981
-1165
-1316
-1446
-1535
-1599
-1616
-1624
-1615
-1588
-1526
-1459
-1386
-1329
-1242
-1148
-1042
-946
-821
-694
-563
-454
-373
-270
-231
-130
-114
-29
43
148
384
634
873
1092
1281
1472
1670
1757
1848
1823
1734
1604
1392
1186
1050
882
654
411
202
147
43
-116
-317
-521
-676
-848
-1047
-1188
-1276
-1343
-1389
-1398
-1227
-942
-680
-455
-184
156
544
827
1058
1296
1522
1725
1840
1934
2050
2137
2130
2069
1988
1952
1844
1622
1358
1118
912
671
392
122
-103
-310
-516
-716
-857
-946
-1010
-1073
-1083
-1031
-911
-790
-653
-487
-304
-133
-4
92
144
191
196
191
163
166
151
121
76
36
1
-70
-148
-258
-377
-543
-734
-945
-1133
-1291
-1426
-1545
-1630
-1663
-1647
-1599
-1543
-1452
-1347
-1248
-1147
-1043
-940
-844
-765
-687
-592
-528
-455
-390
-348
-292
-220
-161
-61
22
196
451
659
896
1058
1249
1453
1586
1672
1709
1649
1566
1382
1165
1014
864
686
446
231
117
64
-84
-269
-492
-653
-773
-956
-1111
-1229
-1295
-1339
-1376
-1300
-1062
-799
-571
-355
-68
304
650
908
1139
1378
1603
1776
1895
2024
2143
2200
2169
2093
2037
1962
1782
1513
1251
1026
810
558
292
59
-145
-342
-547
-725
-846
-914
-997
-1036
-1025
-941
-839
-737
-614
-454
-276
-119
-10
70
135
171
181
153
126
100
65
-7
-62
-98
-143
-211
-297
-401
-512
-654
-818
-982
-1150
-1279
-1412
-1521
-1601
-1624
-1635
-1621
-1576
-1512
-1402
-1308
-1186
-1059
-952
-827
-737
-663
-565
-521
-474
-453
-443
-406
-361
-290
-203
-56
171
421
674
896
1127
1349
1521
1642
1697
1682
1627
1480
1283
1102
948
781
562
335
207
129
-5
-182
-387
-523
-642
-812
-994
-1145
-1228
-1286
-1342
-1332
-1167
-925
-690
-462
-176
202
570
854
1081
1333
1598
1826
1975
2102
2234
2309
2320
2258
2202
2152
2018
1799
1549
1321
1112
869
595
325
93
-126
-345
-548
-699
-811
-913
-986
-1010
-951
-864
-769
-659
-500
-343
-176
-65
35
118
186
218
203
203
171
138
70
21
-29
-78
-156
-249
-345
-449
-545
-684
-824
-966
-1091
-1211
-1310
-1385
-1436
-1464
-1494
-1494
-1467
-1389
-1307
-1195
-1085
-987
-873
-768
-680
-614
-580
-561
-548
-565
-557
-553
-504
-454
-329
-101
159
437
677
921
1171
1398
1553
1653
1653
1607
1509
1327
1146
987
828
611
390
223
168
73
-80
-255
-413
-529
-694
-893
-1081
-1208
-1298
-1366
-1403
-1310
-1104
-892
-693
-425
-47
363
700
966
1246
1539
1802
1973
2081
2184
2266
2291
2240
2160
2101
1993
1803
1568
1363
1171
948
681
395
159
-52
-270
-504
-707
-850
-945
-1027
-1077
-1059
-1006
-923
-825
-682
-493
-305
-151
-33
71
172
272
308
298
266
235
203
147
93
29
-48
-132
-214
-313
-397
-508
-635
-775
-894
-997
-1106
-1210
-1299
-1368
-1418
-1445
-1436
-1396
-1344
-1280
-1203
-1094
-994
-879
-778
-698
-631
-601
-578
-570
-566
-529
-504
-480
-384
-188
59
339
560
798
1074
1318
1523
1638
1660
1647
1554
1363
1156
973
791
563
298
111
36
-57
-211
-387
-529
-619
-737
-927
-1096
-1219
-1298
-1392
-1462
-1405
-1226
-1041
-850
-610
-264
141
492
801
1089
1410
1697
1892
2008
2131
2238
2254
2187
2096
2010
1894
1710
1485
1291
1116
925
685
425
212
24
-185
-416
-629
-762
-876
-975
-1043
-1049
-1007
-932
-823
-682
-498
-321
-153
-8
107
241
345
383
403
395
386
367
321
259
195
117
35
-50
-154
-259
-386
-523
-651
-790
-918
-1043
-1162
-1263
-1350
-1420
-1456
-1461
-1457
-1417
-1373
-1297
-1212
-1126
-1028
-945
-859
-798
-747
-711
-679
-654
-620
-570
-533
-411
-222
15
288
518
792
1104
1362
1587
1726
1797
1806
1726
1553
1365
1174
955
707
437
264
164
37
-120
-285
-399
-469
-584
-741
-894
-1011
-1109
-1204
-1284
-1237
-1110
-975
-830
-616
-285
93
432
720
1043
1371
1676
1881
2011
2154
2240
2245
2184
2096
2020
1900
1707
1480
1282
1106
923
693
441
244
52
-143
-339
-534
-679
-796
-925
-1002
-1025
-990
-924
-862
-759
-615
-460
-307
-173
-51
66
155
196
227
250
261
261
232
208
167
114
44
-36
-119
-217
-332
-462
-580
-720
-847
-976
-1102
-1203
-1289
-1363
-1411
-1438
-1431
-1416
-1393
-1331
-1243
-1149
-1061
-989
-920
-849
-797
-755
-734
-707
-657
-616
-566
-401
-185
54
285
507
785
1081
1338
1541
1646
1708
1708
1620
1450
1285
1094
866
597
347
211
92
-71
-245
-391
-473
-544
-685
-854
-975
-1055
-1132
-1204
-1244
-1154
-1041
-914
-739
-471
-132
208
489
782
1118
1429
1684
1852
1997
2137
2218
2221
2180
2121
2039
1915
1734
1552
1387
1190
971
729
507
308
112
-84
-279
-450
-585
-707
-818
-887
-917
-903
-891
-840
-754
-656
-546
-434
-313
-196
-94
2
78
132
169
198
213
210
205
178
151
97
38
-36
-124
-234
-329
-445
-562
-690
-815
-939
-1061
-1156
-1247
-1319
-1361
-1366
-1361
-1340
-1298
-1235
-1178
-1115
-1055
-975
-909
-865
-847
-817
-771
-689
-622
-499
-289
-39
219
452
681
948
1221
1406
1547
1596
1619
1576
1430
1243
1080
889
659
422
235
139
30
-154
-319
-427
-508
-608
-771
-933
-1028
-1108
-1196
-1250
-1247
-1153
-1034
-898
-684
-365
-38
259
508
811
1150
1442
1653
1812
1949
2055
2112
2081
2047
1999
1895
1752
1577
1440
1314
1139
923
721
554
397
225
27
-141
-307
-447
-589
-704
-777
-827
-862
-869
-822
-746
-649
-575
-476
-351
-223
-109
-9
65
131
176
194
203
192
157
120
71
19
-39
-120
-208
-297
-381
-465
-568
-699
-820
-932
-1040
-1143
-1250
-1337
-1383
-1412
-1426
-1405
-1370
-1313
-1256
-1194
-1121
-1040
-961
-899
-852
-776
-684
-586
-482
-353
-138
109
340
543
745
968
1180
1330
1418
1464
1457
1385
1254
1105
958
802
601
406
245
156
47
-116
-262
-363
-437
-551
-693
-824
-896
-954
-1028
-1063
-1032
-940
-824
-688
-503
-238
42
277
502
746
1005
1224
1384
1506
1618
1702
1757
1751
1735
1717
1676
1583
1458
1349
1242
1103
932
775
626
489
328
151
-15
-164
-313
-449
-573
-672
-737
-796
-829
-830
-794
-726
-659
-571
-459
-348
-263
-193
-136
-93
-55
-32
-21
-20
-19
-23
-21
-32
-44
-63
-106
-170
-241
-343
-472
-616
-774
-905
-1032
-1141
-1227
-1299
-1318
-1312
-1302
-1266
-1206
-1144
-1079
-1018
-964
-904
-847
-811
-742
-649
-529
-404
-273
-85
153
389
606
810
1016
1224
1370
1458
1497
1489
1432
1325
1172
1028
871
671
468
289
173
63
-65
-216
-302
-360
-441
-542
-641
-715
-774
-857
-906
-902
-848
-771
-682
-540
-336
-86
146
367
595
838
1061
1223
1354
1462
1537
1581
1583
1591
1582
1550
1489
1424
1344
1297
1216
1079
963
798
644
477
296
106
-48
-212
-342
-471
-593
-627
-671
-691
-666
-623
-594
-539
-497
-444
-389
-360
-330
-316
-325
-288
-274
-260
-253
-250
-233
-222
-223
-222
-218
-267
-314
-384
-482
-568
-679
-802
-922
-1023
-1088
-1141
-1189
-1210
-1180
-1144
-1089
-1025
-953
-866
-824
-748
-696
-648
-581
-532
-479
-412
-322
-237
-107
-8
145
317
448
578
707
799
891
940
939
915
871
773
688
559
417
312
195
105
32
-10
-42
-58
-99
-123
-137
-159
-186
-216
-239
-246
-253
-257
-240
-184
-92
22
141
270
423
560
670
764
864
950
992
1009
1016
1032
1030
1008
1005
994
987
979
947
923
897
837
782
701
621
547
454
340
250
173
91
38
-48
-97
-134
-165
-187
-205
-248
-272
-281
-315
-329
-352
-392
-418
-447
-461
-457
-466
-467
-449
-419
-390
-358
-344
-342
-358
-383
-419
-471
-542
-605
-677
-753
-802
-841
-854
-863
-846
-817
-777
-738
-706
-666
-622
-585
-539
-510
-479
-440
-436
-404
-389
-331
-281
-216
-159
-74
32
106
206
272
373
436
493
524
545
555
535
517
481
466
430
378
326
287
251
215
166
125
95
75
48
5
-27
-46
-53
-62
-60
-36
-2
37
84
141
231
316
407
489
562
642
720
786
821
868
887
919
934
945
962
971
979
963
948
930
900
850
775
688
589
493
372
248
149
67
-14
-92
-162
-220
-274
-320
-366
-385
-417
-436
-467
-502
-527
-548
-570
-584
-599
-597
-594
-582
-581
-560
-537
-524
-498
-508
-513
-530
-555
-587
-633
-686
-727
-751
-765
-764
-755
-742
-718
-681
-640
-588
-545
-512
-481
-462
-445
-433
-414
-406
-383
-350
-313
-274
-249
-195
-149
-78
-7
60
103
149
190
222
253
260
262
249
235
215
194
172
174
164
167
175
181
200
198
186
184
180
163
144
120
110
104
87
75
89
118
162
197
241
311
379
458
513
578
646
713
767
810
861
909
954
972
997
1019
1022
1016
985
943
910
865
801
729
645
570
498
403
301
204
103
21
-72
-147
-204
-261
-338
-405
-448
-502
-539
-587
-621
-650
-656
-664
-666
-659
-652
-639
-629
-619
-611
-594
-584
-593
-599
-600
-591
-585
-585
-582
-588
-583
-578
-565
-556
-536
-522
-507
-488
-474
-447
-412
-379
-349
-315
-279
-239
-210
-191
-179
-156
-143
-119
-108
-87
-55
-15
23
53
97
132
161
185
211
211
226
217
196
179
161
148
127
128
117
120
128
134
135
141
147
144
153
133
129
118
105
107
105
129
159
189
222
291
360
424
501
570
645
692
720
761
784
805
831
835
847
859
867
868
861
845
838
818
777
741
677
603
527
428
338
234
144
52
-38
-115
-181
-240
-284
-333
-392
-433
-473
-525
-569
-610
-654
-677
-717
-737
-735
-735
-719
-702
-683
-649
-608
-576
-545
-521
-504
-499
-474
-470
-470
-458
-476
-474
-474
-462
-454
-431
-412
-387
-364
-356
-334
-315
-291
-273
-264
-232
-208
-196
-171
-156
-138
-117
-94
-69
-24
24
64
100
119
137
152
147
149
145
139
135
128
118
117
113
118
123
139
159
167
187
191
177
164
156
138
121
106
78
64
49
41
59
74
94
124
165
199
240
288
345
393
431
456
496
534
572
604
630
665
684
700
689
678
681
668
638
610
577
530
467
393
328
260
187
118
66
14
-40
-80
-121
-161
-199
-236
-269
-305
-335
-375
-405
-426
-459
-476
-485
-494
-487
-471
-454
-429
-394
-363
-337
-309
-278
-251
-238
-228
-223
-217
-216
-225
-224
-221
-223
-220
-214
-210
-208
-204
-202
-192
-175
-170
-154
-131
-123
-114
-116
-105
-93
-90
-84
-73
-62
-50
-37
-34
-27
-21
-18
-27
-38
-49
-57
-55
-61
-67
-69
-66
-59
-63
-44
-21
15
38
46
60
77
88
82
78
70
71
68
60
54
53
69
80
92
117
160
198
238
276
312
364
392
428
459
479
505
518
541
552
562
561
565
558
543
535
514
493
451
405
349
301
244
184
135
78
28
-22
-58
-91
-125
-165
-200
-223
-263
-296
-324
-350
-383
-429
-465
-491
-518
-535
-547
-543
-529
-508
-482
-458
-431
-399
-375
-352
-329
-312
-288
-268
-260
-249
-235
-239
-235
-229
-225
-206
-194
-174
-159
-143
-136
-121
-111
-108
-88
-71
-58
-51
-44
-42
-39
-46
-48
-39
-43
-34
-30
-31
-17
-14
-6
1
1
-1
-3
3
16
39
59
75
96
118
142
148
168
193
212
223
222
218
206
198
192
184
176
178
178
184
202
217
244
266
286
315
353
386
414
427
428
444
455
454
450
439
439
426
406
403
382
368
344
324
301
268
248
213
168
122
80
43
-3
-53
-97
-125
-155
-185
-208
-236
-265
-288
-312
-349
-377
-397
-412
-428
-446
-443
-432
-419
-406
-378
-339
-302
-265
-232
-191
-158
-133
-108
-94
-85
-80
-71
-69
-69
-73
-68
-56
-57
-59
-53
-47
-47
-44
-43
-35
-35
-39
-35
-32
-31
-25
-15
-18
-17
-14
-8
0
-1
-4
3
12
15
19
12
12
3
1
7
15
27
26
32
44
58
67
74
85
93
97
102
103
100
101
92
93
85
88
93
98
105
119
137
156
177
193
213
231
255
278
304
335
355
364
365
369
369
364
354
347
339
322
295
262
239
214
183
145
105
76
50
19
-14
-43
-67
-93
-127
-165
-197
-223
-245
-276
-298
-303
-318
-330
-351
-367
-370
-376
-378
-368
-351
-335
-313
-291
-277
-257
-232
-224
-209
-187
-170
-151
-132
-124
-115
-107
-95
-87
-86
-78
-80
-74
-69
-64
-70
-74
-70
-73
-63
-55
-43
-38
-33
-38
-45
-48
-56
-57
-67
-66
-68
-67
-57
-52
-51
-51
-52
-52
-47
-39
-36
-31
-33
-34
-29
-20
-6
0
23
36
53
69
78
86
87
102
106
109
113
104
94
83
80
92
108
121
139
154
173
186
208
233
253
272
291
308
310
310
317
322
317
304
294
295
287
272
249
224
191
153
116
76
46
8
-22
-51
-81
-101
-119
-143
-163
-189
-213
-231
-253
-269
-291
-303
-313
-323
-326
-327
-307
-302
-290
-271
-256
-235
-214
-188
-169
-139
-115
-83
-59
-38
-21
-17
-5
7
7
4
9
2
-1
-4
-7
-7
-17
-27
-27
-24
-22
-28
-34
-44
-54
-61
-70
-75
-80
-91
-100
-99
-91
-95
-93
-89
-81
-67
-56
-40
-33
-26
-23
-21
-18
-12
-3
1
14
29
51
76
99
117
138
148
156
165
157
157
155
150
141
125
128
136
140
146
154
167
183
194
203
214
222
229
234
242
250
259
264
260
257
262
267
259
255
234
216
192
161
127
92
53
11
-20
-55
-79
-101
-127
-149
-168
-185
-194
-205
-223
-239
-255
-259
-263
-267
-275
-272
-266
-268
-252
-239
-218
-201
-189
-172
-154
-143
-133
-119
-107
-82
-67
-53
-45
-40
-38
-33
-35
-40
-35
-44
-52
-59
-66
-67
-77
-87
-93
-91
-96
-105
-110
-108
-102
-103
-103
-96
-81
-79
-74
-72
-56
-42
-38
-29
-25
-11
-1
9
14
21
33
39
41
44
53
70
86
105
120
138
162
163
171
175
184
190
190
190
178
184
181
172
167
160
157
164
167
173
182
188
196
192
196
199
199
204
192
191
200
197
197
194
177
156
138
118
97
76
43
11
-10
-32
-54
-82
-107
-122
-134
-142
-153
-152
-151
-155
-153
-160
-158
-149
-139
-137
-135
-127
-121
-118
-123
-118
-106
-99
-91
-95
-85
-73
-59
-55
-52
-51
-46
-39
-43
-40
-48
-50
-61
-69
-77
-87
-93
-113
-122
-129
-127
-131
-143
-157
-159
-164
-157
-146
-139
-129
-124
-114
-100
-84
-77
-74
-71
-62
-56
-49
-42
-47
-47
-54
-50
-47
-47
-39
-25
-17
-4
11
23
44
54
60
76
86
103
119
132
146
158
170
169
167
169
168
154
152
147
145
145
151
165
173
194
206
218
236
242
239
238
226
222
214
193
178
158
131
110
93
70
49
36
14
0
-8
-17
-19
-23
-30
-36
-33
-41
-41
-39
-37
-42
-35
-31
-35
-36
-48
-58
-69
-81
-85
-85
-90
-91
-90
-83
-73
-71
-64
-61
-59
-50
-42
-35
-19
-24
-33
-37
-45
-56
-77
-93
-104
-126
-131
-143
-144
-136
-137
-133
-136
-128
-118
-109
-91
-86
-75
-74
-73
-67
-63
-65
-69
-69
-69
-66
-70
-70
-71
-73
-79
-81
-78
-70
-67
-59
-46
-33
-9
11
34
61
74
93
106
110
117
112
115
111
105
105
100
97
93
91
84
92
108
126
141
154
162
174
177
174
181
174
172
163
163
159
151
152
136
124
114
90
75
56
42
26
14
4
2
-1
-13
-20
-27
-23
-25
-31
-30
-30
-26
-32
-46
-52
-61
-72
-91
-102
-107
-105
-91
-92
-90
-97
-96
-86
-79
-73
-70
-67
-61
-57
-51
-44
-36
-30
-34
-33
-31
-31
-41
-47
-60
-62
-72
-92
-100
-110
-118
-121
-124
-121
-109
-96
-78
-66
-60
-53
-56
-60
-67
-73
-82
-85
-86
-89
-80
-74
-76
-77
-69
-62
-65
-58
-56
-58
-53
-35
-18
5
28
41
64
76
96
114
124
134
122
114
106
88
80
70
53
48
48
59
70
88
110
126
146
161
175
186
189
192
196
196
199
199
196
192
185
181
165
148
132
114
92
74
56
40
27
20
16
12
15
14
17
24
31
28
28
19
3
-16
-34
-50
-83
-107
-128
-141
-153
-166
-165
-168
-164
-159
-153
-134
-116
-102
-84
-79
-71
-62
-63
-62
-70
-68
-74
-85
-95
-110
-119
-128
-130
-141
-148
-157
-159
-155
-150
-138
-127
-109
-94
-85
-78
-69
-66
-63
-69
-74
-83
-83
-85
-95
-98
-107
-115
-119
-118
-102
-86
-67
-41
-17
10
30
53
73
87
102
111
126
131
136
142
147
147
146
142
134
121
114
108
97
102
103
104
111
120
129
147
159
172
185
193
204
212
211
205
196
180
164
131
113
94
80
70
56
44
30
31
20
11
0
-7
-12
-5
-3
0
3
7
-2
-9
-13
-27
-34
-50
-70
-88
-106
-125
-144
-154
-156
-156
-157
-151
-144
-137
-122
-112
-104
-96
-85
-80
-89
-91
-98
-106
-98
-98
-102
-105
-117
-117
-120
-130
-132
-141
-141
-136
-137
-128
-123
-120
-117
-121
-118
-116
-116
-113
-118
-118
-113
-110
-104
-99
-96
-90
-83
-78
-70
-65
-57
-48
-37
-32
-14
-3
13
29
45
62
80
98
111
132
146
152
157
157
157
158
157
160
161
168
177
184
187
190
194
201
209
212
208
209
213
214
223
226
230
233
230
223
215
203
197
183
166
151
137
129
109
88
67
55
48
49
47
46
51
47
48
44
38
38
34
25
9
-6
-6
-17
-28
-40
-54
-63
-77
-92
-110
-118
-125
-129
-125
-124
-120
-114
-105
-97
-93
-85
-77
-76
-75
-76
-86
-97
-114
-125
-139
-146
-147
-148
-149
-149
-152
-149
-145
-146
-144
-140
-133
-126
-121
-110
-101
-90
-80
-76
-75
-72
-72
-69
-66
-65
-58
-55
-43
-38
-36
-30
-27
-16
-3
17
32
45
60
75
85
94
105
108
111
114
120
125
132
133
128
123
122
123
118
114
111
109
109
109
111
106
106
109
105
100
92
89
85
79
72
61
57
53
52
44
34
33
30
30
30
24
17
14
6
3
-3
-11
-17
-19
-26
-31
-30
-29
-28
-38
-41
-46
-51
-53
-51
-49
-47
-40
-33
-31
-36
-37
-44
-53
-62
-70
-73
-75
-83
-81
-82
-83
-78
-79
-79
-78
-73
-68
-63
-54
-50
-53
-51
-48
-51
-52
-56
-57
-64
-70
-76
-87
-90
-99
-102
-101
-92
-80
-65
-52
-35
-16
-4
1
-1
4
4
0
-1
-3
-5
-3
-1
2
2
8
18
24
32
41
48
60
72
84
98
109
114
115
116
117
119
121
116
106
97
89
78
62
52
45
42
46
51
56
64
71
77
72
68
63
53
45
32
19
14
11
5
-2
-15
-27
-36
-44
-46
-50
-50
-48
-47
-43
-42
-43
-42
-41
-44
-44
-38
-37
-39
-45
-47
-59
-74
-85
-95
-103
-104
-96
-89
-84
-81
-79
-81
-84
-84
-84
-89
-90
-88
-89
-83
-81
-80
-79
-83
-84
-79
-77
-72
-68
-65
-61
-58
-54
-56
-54
-52
-50
-44
-38
-36
-35
-25
-16
-15
-8
0
8
18
26
34
48
61
75
84
93
99
103
111
114
119
121
130
136
141
143
139
133
131
131
123
120
121
127
134
140
146
147
152
153
150
152
152
150
139
123
115
105
90
73
56
43
41
40
36
37
42
47
51
52
44
40
44
45
38
29
24
20
5
-8
-25
-37
-46
-54
-62
-69
-69
-67
-65
-63
-66
-67
-65
-65
-61
-61
-59
-62
-61
-63
-71
-76
-91
-107
-122
-131
-135
-140
-145
-153
-159
-160
-165
-165
-159
-156
-152
-144
-135
-127
-119
-113
-111
-115
-119
-132
-140
-140
-144
-150
-148
-143
-139
-128
-113
-103
-90
-73
-63
-56
-45
-29
-22
-15
-9
1
12
16
15
21
27
28
26
23
23
20
28
39
46
54
65
77
84
88
96
101
108
109
108
106
103
105
97
92
88
88
90
95
100
99
107
110
110
118
121
128
131
133
135
134
134
131
131
131
124
114
104
95
87
76
66
62
57
55
56
60
65
66
67
67
69
64
54
43
33
22
12
1
-13
-19
-23
-25
-28
-37
-38
-32
-36
-48
-60
-66
-66
-64
-65
-68
-71
-68
-69
-75
-78
-81
-83
-88
-90
-91
-91
-92
-92
-94
-92
-92
-93
-93
-93
-92
-90
-88
-87
-82
-83
-82
-85
-77
-73
-73
-70
-67
-64
-59
-51
-45
-40
-38
-40
-40
-36
-32
-33
-34
-30
-30
-26
-20
-19
-20
-19
-13
-4
4
19
30
35
39
43
44
40
38
38
38
40
38
33
27
22
22
19
15
11
13
18
24
31
34
37
39
41
46
42
45
50
50
47
40
31
22
17
12
9
3
2
8
18
28
32
38
43
44
45
45
41
41
46
48
49
45
39
33
28
23
12
4
2
3
2
3
2
4
8
9
10
9
17
26
35
45
44
37
31
20
7
2
-3
-5
-6
-9
-9
-5
-4
-5
-8
-8
-1
4
13
17
23
26
26
26
22
15
11
7
1
0
-1
-3
-6
-8
-13
-18
-22
-23
-22
-16
-7
6
15
23
29
30
23
18
15
13
11
7
5
4
0
-6
-14
-21
-26
-28
-26
-23
-19
-13
-11
-12
-8
-15
-23
-27
-31
-30
-29
-30
-32
-38
-45
-52
-57
-65
-67
-68
-66
-62
-56
-47
-42
-38
-35
-35
-32
-30
-27
-20
-16
-11
-8
-7
-9
-10
-15
-17
-19
-19
-19
-19
-19
-22
-23
-23
-23
-27
-28
-28
-25
-19
-13
-4
-1
0
0
1
0
-3
-6
-6
-5
-3
-2
0
2
0
3
3
5
9
16
24
33
40
46
49
50
51
52
52
55
59
62
61
59
57
56
52
46
40
33
32
31
33
36
39
41
44
45
47
47
49
52
54
56
58
58
57
53
46
40
33
28
27
23
24
25
26
27
25
24
24
25
27
27
27
28
30
28
24
19
14
6
-4
-15
-23
-32
-35
-36
-39
-43
-48
-51
-49
-48
-45
-44
-40
-32
-25
-21
-22
-23
-24
-29
-32
-34
-40
-45
-49
-56
-61
-67
-71
-74
-76
-74
-70
-66
-61
-56
-52
-49
-50
-48
-47
-46
-45
-50
-54
-55
-58
-61
-67
-71
-76
-78
-79
-79
-75
-72
-63
-55
-47
-37
-30
-21
-14
-4
4
8
13
17
20
22
21
21
18
15
11
10
10
12
14
16
20
22
29
34
36
38
43
47
49
50
53
55
56
55
51
45
41
38
32
30
29
29
31
35
38
41
45
47
52
57
59
64
69
74
78
76
71
67
61
56
51
45
41
35
32
28
22
16
10
5
2
1
3
6
11
18
22
25
24
21
19
16
11
9
8
8
8
3
-1
-9
-16
-19
-22
-24
-23
-20
-13
-8
-3
-2
-2
-4
-5
-6
-6
-7
-7
-7
-10
-16
-25
-38
-48
-58
-67
-71
-70
-67
-62
-58
-54
-53
-51
-50
-46
-41
-34
-25
-15
-5
-1
3
-1
-7
-13
-20
-23
-24
-23
-20
-14
-12
-11
-12
-14
-14
-13
-9
-3
6
14
19
23
21
15
7
-1
-8
-13
-15
-13
-13
-14
-16
-21
-28
-33
-35
-33
-28
-17
-4
8
19
25
27
26
23
19
18
19
21
24
25
27
24
16
7
-3
-9
-10
-8
-1
5
12
17
18
18
14
11
10
13
17
24
28
29
27
22
14
5
-5
-9
-10
-5
2
10
17
21
22
20
18
16
18
23
33
41
49
53
52
46
35
22
10
2
-2
-2
-1
0
0
-1
-5
-11
-17
-19
-17
-11
0
10
17
21
21
18
13
8
4
4
8
14
18
19
17
10
1
-8
-13
-15
-11
-3
8
19
28
31
29
23
15
8
4
5
7
11
12
9
2
-9
-22
-33
-43
-48
-47
-42
-37
-32
-29
-30
-33
-36
-36
-34
-31
-24
-15
-7
-1
-2
-7
-18
-27
-34
-39
-40
-36
-32
-28
-24
-26
-31
-35
-41
-42
-40
-34
-24
-15
-5
0
0
-4
-11
-19
-24
-27
-27
-22
-19
-16
-17
-22
-30
-38
-41
-42
-38
-30
-21
-9
0
4
5
4
2
1
2
5
11
16
21
21
14
7
-3
-11
-15
-17
-11
-4
5
12
16
18
15
12
11
11
14
21
28
36
40
41
37
30
21
12
7
5
6
10
13
16
17
15
14
14
15
20
28
38
47
53
56
54
48
40
33
29
27
27
29
30
30
26
19
11
3
-2
-2
-1
4
10
18
23
24
23
21
15
11
10
10
10
11
10
8
4
-3
-8
-14
-16
-17
-13
-8
-3
2
4
5
4
1
0
2
5
10
14
16
16
12
5
-3
-12
-19
-22
-25
-25
-22
-20
-19
-21
-22
-24
-26
-27
-24
-19
-13
-7
-2
0
-1
-4
-9
-14
-18
-21
-21
-21
-21
-22
-25
-29
-33
-36
-37
-36
-31
-24
-18
-12
-9
-7
-7
-8
-10
-12
-13
-11
-11
-11
-12
-15
-20
-26
-32
-35
-36
-32
-28
-23
-16
-11
-5
-2
1
3
6
9
14
18
21
21
20
17
13
9
4
0
-2
-2
-2
1
3
4
4
7
9
13
17
23
29
34
38
39
37
34
29
25
21
19
17
15
14
13
13
11
10
9
11
14
19
25
31
37
40
42
43
41
39
36
33
31
28
25
20
13
8
3
-2
-6
-5
-3
1
6
9
12
14
15
16
16
17
19
21
22
21
20
16
9
2
-5
-12
-17
-20
-23
-23
-20
-19
-19
-18
-18
-16
-15
-11
-8
-3
1
2
1
-2
-7
-12
-19
-24
-27
-28
-29
-28
-29
-29
-30
-31
-31
-31
-26
-22
-16
-8
-3
0
1
1
-2
-8
-10
-14
-16
-18
-20
-23
-26
-30
-37
-41
-43
-44
-41
-36
-29
-22
-13
-7
-3
-1
-3
-4
-4
-4
-3
-3
-1
-1
-3
-7
-11
-16
-19
-19
-17
-13
-8
-2
4
7
7
9
9
10
13
16
20
23
24
22
17
12
5
-1
-6
-9
-9
-6
-2
2
6
8
8
10
10
13
17
22
28
32
37
39
38
34
30
25
21
17
15
14
14
14
13
11
8
5
7
7
12
18
23
28
31
32
28
25
22
18
15
14
13
14
15
13
11
7
4
0
-2
-2
2
6
12
17
21
23
23
21
19
17
16
15
15
14
11
8
2
-6
-14
-20
-23
-26
-25
-24
-22
-20
-19
-20
-21
-24
-23
-21
-19
-16
-10
-8
-7
-8
-12
-18
-23
-27
-31
-32
-31
-30
-28
-27
-28
-29
-29
-29
-27
-25
-20
-16
-11
-6
-3
-3
-6
-10
-14
-19
-21
-24
-26
-24
-27
-30
-32
-35
-38
-39
-39
-36
-32
-26
-20
-14
-10
-6
-4
-3
-3
-3
-2
-1
1
2
1
0
-3
-7
-11
-14
-14
-14
-10
-6
-1
4
7
10
12
14
14
17
18
21
22
23
22
19
16
10
5
1
-2
-2
0
2
4
8
11
14
18
21
24
28
34
40
45
48
48
47
45
40
36
30
28
23
22
21
20
19
18
17
15
15
16
16
18
21
24
25
27
27
24
21
18
13
10
7
5
3
1
-1
-3
-5
-6
-8
-6
-4
0
3
9
14
17
20
19
19
17
14
13
10
9
5
1
-3
-8
-13
-19
-24
-27
-29
-30
-29
-28
-25
-24
-22
-21
-21
-20
-20
-18
-16
-14
-13
-12
-13
-14
-16
-20
-23
-24
-25
-23
-22
-21
-18
-17
-14
-13
-11
-10
-8
-5
-3
-2
1
2
-1
-3
-8
-12
-18
-22
-25
-26
-28
-28
-28
-27
-27
-28
-26
-24
-21
-16
-9
-4
1
4
8
9
10
8
7
5
4
5
5
