1
2
1
2
2
2
2
2
2
2
2
2
2
2
2
2
2
3
3
1
2
1
2
2
2
2
3
1
0
0
0
1
0
0
0
0
1
0
-1
0
-1
-1
0
-1
-1
1
1
0
0
2
1
1
1
0
0
0
1
0
0
0
0
-1
0
-1
-1
0
0
0
0
0
2
1
0
0
-1
-2
-2
-2
-2
-2
-2
-3
-2
-3
-3
-2
-1
-2
-2
-1
-1
0
-1
0
-1
-1
-1
-2
-1
-2
-2
-1
0
0
0
1
0
0
-1
-1
0
-1
-1
-1
-1
0
0
-1
-1
-1
0
-1
-1
-1
-1
-1
-1
-1
-1
0
0
1
0
1
1
0
0
1
0
0
0
-1
-1
0
1
-1
0
0
1
-1
0
-1
0
-1
1
0
0
0
0
0
0
0
0
1
0
2
2
2
2
1
2
3
2
2
2
1
2
2
2
3
2
3
3
3
4
3
3
3
3
2
3
2
3
3
2
2
3
3
2
2
1
1
1
0
1
1
0
0
1
-1
-3
0
0
1
0
0
-1
-1
0
0
0
2
1
0
0
0
0
1
2
2
2
1
1
2
1
1
0
-1
0
0
0
0
0
-1
-1
-2
-1
-1
-2
-3
-2
-1
-1
0
-2
-2
-3
-3
-3
-2
-1
0
-1
-1
-1
-1
-1
-1
0
0
-1
0
-1
-1
-1
-2
-1
-1
-1
-1
-1
-1
-2
-2
-2
-1
-1
-1
0
-2
-2
-1
-1
-2
-2
-1
-1
-2
-2
-2
-2
-2
-2
-3
-3
-2
-2
0
0
-1
-1
-1
-1
-1
-1
-2
-1
-2
-2
-1
-2
-2
-2
-2
-3
-2
-1
-2
-2
-2
-1
-1
-2
-2
-3
-2
-3
-2
-2
-2
-2
-2
-2
-1
-1
-1
-1
-1
0
0
1
2
2
3
3
4
2
3
2
3
2
3
2
3
3
3
3
3
2
2
0
-1
-3
-5
-5
-7
-6
-6
-7
-8
-8
-8
-8
-7
-6
-5
-3
-3
-3
-4
-7
-6
-5
-4
-4
-5
-5
-4
-3
-1
0
-2
-2
-2
-2
-5
-3
-3
-5
-4
-4
-5
-6
-10
-11
-14
-11
-8
-6
-4
-3
-3
-6
-7
-6
-8
-4
0
-1
1
3
6
6
13
14
19
24
23
27
25
21
20
17
20
24
24
26
24
20
18
17
17
19
17
13
7
0
-4
-2
-4
-8
-7
-8
-8
-5
-3
1
5
6
2
-2
0
-5
-7
-9
-7
-4
-5
2
8
9
10
2
-7
-5
-4
1
-2
-1
-4
-6
-8
-13
-15
-20
-20
-22
-23
-21
-17
-21
-18
-16
-15
-8
-6
2
8
18
17
14
18
11
15
12
18
18
17
17
20
20
11
18
17
17
26
37
44
50
51
49
44
38
39
42
37
42
53
54
53
54
40
36
32
21
21
19
23
21
30
29
36
31
32
32
29
32
28
29
28
32
27
35
40
44
43
57
48
33
24
14
16
1
9
5
-6
-11
-10
-8
-26
-36
-39
-45
-39
-39
-26
-24
-32
-43
-57
-66
-70
-71
-70
-60
-57
-59
-60
-51
-64
-70
-68
-64
-61
-63
-68
-67
-69
-71
-67
-65
-66
-68
-73
-78
-63
-72
-70
-58
-47
-33
-22
-16
-19
-15
-5
15
18
24
20
14
5
-7
-7
-9
-10
-7
-3
10
12
24
21
21
18
16
21
17
21
17
9
18
17
24
7
0
6
-2
-2
-1
-3
-8
-14
-11
-11
-12
-16
-27
-23
-20
-16
-23
-33
-23
-31
-24
-21
-23
-19
-21
-12
1
8
22
11
21
23
28
32
37
48
52
58
65
58
45
41
35
24
22
18
18
18
8
5
6
-8
10
0
12
13
13
9
-4
-18
-19
-31
-24
-21
-6
-8
-5
-9
-22
-16
-9
-7
2
1
0
-6
-7
2
17
20
30
8
20
-6
30
16
89
45
118
36
138
11
227
582
561
676
161
52
-437
-534
-105
233
585
331
128
-61
-248
269
352
803
557
352
231
37
344
354
366
225
-112
-11
239
476
694
471
327
-12
-292
-273
-287
-209
-292
-397
-368
-508
-367
-538
-603
-627
-797
-483
-834
-425
-497
-593
-787
-1023
-909
-745
-463
-289
-171
-163
-306
-258
-467
-197
-123
-366
-308
-283
-73
50
121
216
116
54
-15
89
175
348
404
260
228
234
269
323
392
391
324
330
405
539
615
571
393
334
231
311
423
458
520
361
316
343
279
365
245
258
122
95
261
159
286
112
5
-55
-94
34
105
44
65
-184
-234
-198
-250
-199
-370
-456
-549
-656
-558
-586
-542
-695
-875
-929
-1061
-851
-964
-1030
-980
-1252
-1262
-1403
-1343
-1128
-1020
-724
-540
-394
-426
-556
-505
-310
-103
320
443
607
730
658
811
947
931
1170
1215
1289
1490
1472
1457
1283
992
822
745
768
710
783
682
485
431
152
172
97
-102
-81
-335
-310
-183
-119
43
3
33
60
182
313
425
570
626
706
855
954
1146
1175
1068
1030
913
1008
1092
1149
1141
941
733
519
420
356
269
137
-80
-257
-399
-521
-529
-777
-974
-1182
-1277
-1273
-1261
-1222
-1282
-1442
-1448
-1621
-1545
-1518
-1536
-1412
-1587
-1526
-1490
-1705
-1738
-1803
-2083
-1778
-1673
-1462
-695
-758
-429
-574
-947
-577
-686
-171
308
364
576
533
661
770
1196
1332
1352
1528
1389
1575
1830
1828
1909
1649
1209
1247
986
1058
1128
810
721
414
280
221
176
56
-283
-575
-914
-956
-749
-677
-526
-563
-764
-593
-557
-404
-147
-279
-68
-30
92
445
583
868
960
1133
1336
1570
1779
1680
1630
1434
1452
1531
1445
1512
1329
1101
981
705
567
499
289
149
-124
-308
-522
-732
-912
-1253
-1484
-1756
-1779
-1878
-1809
-1823
-1876
-1828
-1947
-1912
-1859
-2006
-1784
-2084
-2091
-2049
-2325
-1921
-2051
-1740
-1327
-942
-551
-376
-309
-414
-213
-129
206
555
594
996
1166
1319
1799
1988
2146
2250
2191
2120
2346
2296
2423
2288
1923
1790
1509
1323
1196
1018
731
519
248
23
-17
-215
-472
-773
-1292
-1426
-1455
-1434
-1259
-1243
-1304
-1153
-1054
-882
-649
-536
-424
-424
-286
-75
377
596
870
1045
1161
1581
1974
2182
2220
2082
1767
1719
1644
1682
1678
1493
1293
1136
899
861
778
381
114
-299
-567
-656
-825
-1023
-1381
-1743
-2100
-2297
-2393
-2397
-2360
-2512
-2589
-2595
-2678
-2491
-2353
-2626
-2433
-2823
-2745
-2693
-2887
-2229
-2260
-1616
-823
-694
-153
-71
-176
185
147
693
954
1080
1490
1619
1972
2292
2804
2990
2923
3069
2798
2836
2875
2593
2587
2053
1924
1836
1442
1418
1085
725
401
8
-177
-473
-575
-859
-1310
-1586
-1820
-1786
-1782
-1813
-1638
-1775
-1582
-1283
-1222
-870
-756
-568
-524
-457
-160
238
637
933
1221
1415
1750
2202
2401
2487
2493
2304
2296
2136
2031
2032
1784
1701
1527
1365
1291
1193
972
550
179
-251
-415
-606
-882
-1072
-1484
-1721
-1985
-2200
-2340
-2435
-2428
-2577
-2501
-2585
-2495
-2480
-2632
-2701
-2903
-2986
-3069
-3025
-2823
-2535
-2097
-1308
-1115
-547
-389
-326
211
74
737
979
1010
1510
1616
2045
2547
3003
3323
3414
3485
3401
3448
3302
3063
2916
2374
2229
2069
1728
1760
1425
982
648
53
-249
-541
-1012
-1209
-1790
-2121
-2325
-2357
-2391
-2421
-2327
-2489
-2296
-2212
-2060
-1786
-1706
-1547
-1343
-1307
-846
-410
-94
333
548
828
1178
1786
2080
2389
2352
2134
2225
2001
2226
2389
2216
2151
1986
1754
1751
1753
1538
1240
752
385
179
-13
-237
-395
-942
-1328
-1476
-1915
-1826
-2099
-2194
-2348
-2591
-2476
-2603
-2421
-2670
-2587
-2951
-3096
-3003
-3408
-2833
-3006
-2345
-1678
-1505
-674
-634
-192
35
186
609
738
991
1226
1562
1933
2406
3020
3287
3569
3752
3691
3787
3559
3285
3013
2524
2270
2160
1821
1809
1506
1193
914
412
126
-439
-878
-1458
-1919
-2323
-2452
-2488
-2511
-2534
-2432
-2504
-2366
-2153
-2185
-1912
-2105
-1863
-1796
-1602
-1105
-732
-264
-24
464
738
1211
1775
1982
2292
2156
2130
2246
2110
2388
2444
2429
2492
2372
2446
2281
2217
1970
1522
1158
725
641
311
139
-111
-583
-847
-1108
-1363
-1595
-1965
-2231
-2488
-2738
-2714
-2690
-2799
-2881
-2969
-3178
-3239
-3399
-3344
-3373
-3306
-2773
-2454
-1915
-1456
-1064
-568
-291
247
591
721
877
1024
1213
1544
2158
2709
3176
3589
3839
4077
4089
4051
3854
3288
2853
2481
2180
1942
1902
1661
1433
1201
895
651
134
-321
-1000
-1781
-2345
-2662
-2795
-2854
-2772
-2748
-2675
-2454
-2247
-2091
-2073
-2150
-2209
-2330
-2183
-1913
-1477
-1042
-570
15
469
1169
1735
2138
2243
2202
2153
2106
2163
2178
2309
2341
2433
2686
2813
2945
2942
2641
2223
1686
1215
865
470
109
-224
-596
-816
-904
-1122
-1368
-1692
-2123
-2462
-2838
-2986
-3193
-3374
-3404
-3671
-3430
-3635
-3503
-3181
-3583
-3117
-2967
-2632
-2027
-1950
-1310
-968
-582
79
627
969
1147
1524
1515
1780
2286
2548
3116
3343
3603
4112
4188
4396
4460
3890
3530
3114
2552
2296
1937
1654
1373
1087
853
711
408
0
-322
-1186
-1838
-2204
-2762
-2962
-3167
-3388
-3235
-3130
-2792
-2387
-2301
-2138
-2097
-2127
-2193
-1968
-1830
-1716
-1229
-1016
-320
391
1034
1908
2126
2374
2541
2460
2424
2374
2288
2150
2206
2265
2476
2752
2844
3066
2855
2450
2244
1682
1245
702
81
-465
-918
-1156
-1320
-1418
-1666
-1729
-2002
-2299
-2410
-2759
-3101
-3309
-3814
-3852
-4147
-4122
-3804
-3884
-3383
-3035
-2415
-2096
-1575
-1306
-1054
-560
-437
362
372
670
1130
1244
1779
2308
2845
3233
3595
3765
4028
4202
4194
4232
3854
3384
3181
2686
2485
2266
1953
1618
1372
1046
813
557
-23
-309
-1137
-1715
-2135
-2522
-2871
-3022
-3247
-3308
-3131
-2981
-2646
-2511
-2445
-2404
-2289
-2340
-2063
-1929
-1798
-1393
-1179
-628
-5
670
1256
1794
2041
2348
2586
2575
2737
2620
2511
2579
2534
2675
2877
2864
3031
2869
2726
2481
2271
1826
1373
841
128
-210
-761
-1040
-1329
-1743
-1935
-2102
-2297
-2242
-2489
-2640
-2928
-3290
-3509
-3933
-3932
-4185
-3987
-3899
-3436
-2798
-2493
-1713
-1356
-763
-394
56
510
510
681
744
912
1177
1653
2237
2678
3183
3669
4058
4314
4423
4367
3935
3508
3010
2553
2049
1749
1442
1158
1044
927
923
646
437
-41
-681
-1325
-1869
-2402
-2921
-3281
-3523
-3595
-3454
-3084
-2763
-2439
-2246
-1988
-1857
-1792
-1644
-1673
-1613
-1557
-1294
-926
-267
366
1059
1648
2050
2598
2850
3008
3049
2875
2678
2602
2450
2464
2483
2528
2640
2626
2609
2545
2433
2039
1639
1029
352
-148
-778
-1243
-1740
-2206
-2373
-2630
-2601
-2551
-2669
-2556
-2913
-3039
-3430
-3867
-3809
-4315
-4164
-3943
-3697
-3109
-2702
-1924
-1333
-756
26
613
875
952
1172
1103
1047
1359
1567
1922
2367
2875
3532
3983
4371
4750
4520
4169
3839
3147
2593
1963
1428
929
639
549
517
520
386
356
-87
-586
-951
-1618
-2229
-2787
-3378
-3765
-3889
-3751
-3421
-3139
-2748
-2339
-1957
-1635
-1403
-1217
-1330
-1269
-1219
-1200
-717
-391
114
767
1193
1945
2487
2920
3238
3270
3175
3063
2930
2674
2550
2323
2196
2241
2146
2197
2226
2029
1903
1558
1068
663
57
-569
-1151
-1876
-2324
-2596
-2849
-2870
-2918
-2932
-3010
-3001
-3183
-3322
-3426
-3714
-3644
-3632
-3511
-3212
-2951
-2582
-1955
-1449
-724
91
381
910
1220
1350
1551
1701
1787
1876
2063
2256
2776
3082
3470
3951
3895
3952
3887
3490
3178
2584
1941
1347
839
403
303
48
-133
-118
-466
-551
-764
-1078
-1510
-1932
-2523
-2957
-3195
-3405
-3259
-3293
-3121
-2797
-2521
-2053
-1602
-1374
-1125
-981
-824
-590
-380
-3
167
582
858
1321
1845
2223
2671
2801
2967
3110
3186
3195
3127
2916
2675
2459
2339
2168
2035
1874
1605
1393
1051
802
500
9
-382
-963
-1524
-1910
-2313
-2466
-2783
-2895
-3038
-3256
-3284
-3539
-3405
-3569
-3476
-3005
-3060
-2619
-2461
-2242
-1757
-1584
-851
-383
-99
463
772
1111
1335
1748
1985
2096
2436
2576
2912
3068
3213
3491
3334
3348
3432
3135
2990
2624
2166
1703
1199
930
576
310
33
-164
-461
-770
-807
-1144
-1466
-1729
-2213
-2510
-2759
-2871
-2846
-2960
-2818
-2685
-2480
-2155
-1828
-1534
-1398
-1166
-945
-744
-375
-30
216
565
803
1234
1610
1885
2226
2302
2436
2521
2695
2694
2740
2710
2516
2490
2272
2211
2004
1688
1439
1042
713
390
96
-295
-697
-1119
-1581
-1844
-2121
-2320
-2524
-2728
-2940
-3112
-3384
-3605
-3517
-3848
-3564
-3215
-3227
-2581
-2533
-2034
-1491
-1354
-440
-297
-53
336
510
834
941
1488
1604
1897
2296
2460
3072
3101
3423
3646
3254
3400
3278
2985
2842
2405
2044
1646
1296
1103
858
593
293
94
-321
-625
-648
-1102
-1341
-1630
-2127
-2276
-2553
-2653
-2674
-2880
-2817
-2711
-2583
-2322
-1990
-1770
-1625
-1266
-1144
-820
-414
-190
275
378
706
1136
1385
1821
2003
2160
2280
2416
2627
2653
2779
2692
2627
2599
2384
2417
2166
1897
1686
1158
919
509
162
-152
-669
-933
-1424
-1628
-1895
-2044
-2195
-2561
-2534
-2999
-3158
-3354
-3581
-3519
-3661
-3253
-3213
-2871
-2478
-2150
-1501
-1232
-429
-151
57
526
494
818
893
1166
1360
1493
1955
2262
2763
3033
3429
3597
3484
3545
3364
3100
2749
2330
1819
1468
1071
969
768
486
464
144
-25
-293
-480
-842
-1240
-1569
-2026
-2246
-2476
-2587
-2616
-2758
-2652
-2522
-2467
-2159
-1996
-1806
-1615
-1421
-1144
-929
-532
-263
119
366
637
1080
1297
1630
1879
1945
2185
2305
2446
2590
2579
2653
2614
2602
2508
2418
2241
1955
1725
1290
968
593
199
-117
-550
-879
-1142
-1467
-1616
-1884
-2108
-2273
-2507
-2683
-3005
-3181
-3403
-3494
-3319
-3233
-3033
-2768
-2490
-1987
-1657
-1091
-519
-381
108
359
537
809
935
1204
1230
1422
1725
2048
2431
2693
3107
3157
3236
3442
3230
3153
2791
2376
1996
1455
1187
920
626
397
254
15
-174
-232
-446
-754
-1012
-1415
-1701
-1963
-2238
-2319
-2608
-2712
-2670
-2653
-2542
-2299
-2111
-1989
-1699
-1509
-1188
-883
-593
-203
34
283
669
977
1214
1489
1625
1735
1951
2105
2265
2421
2409
2524
2561
2524
2601
2457
2253
2023
1700
1340
999
568
192
-203
-651
-916
-1286
-1477
-1715
-1897
-2067
-2375
-2371
-2744
-2894
-3066
-3447
-3235
-3336
-3189
-2893
-2880
-2408
-2128
-1724
-1076
-823
-385
-3
330
602
854
1175
1217
1416
1555
1718
2093
2230
2569
2817
2759
3079
3152
3135
3157
2842
2618
2206
1817
1478
1073
736
355
149
-164
-342
-334
-625
-729
-966
-1305
-1414
-1721
-1880
-2103
-2395
-2485
-2596
-2584
-2578
-2423
-2312
-2204
-1871
-1689
-1335
-952
-649
-242
-10
314
702
946
1187
1402
1509
1595
1837
1929
2052
2170
2167
2314
2368
2427
2515
2445
2277
2112
1796
1431
1099
654
178
-286
-770
-1122
-1383
-1675
-1755
-1920
-2117
-2158
-2359
-2504
-2606
-2872
-2900
-2964
-3116
-2902
-2953
-2700
-2303
-2040
-1367
-1068
-643
-172
88
510
716
1049
1165
1256
1527
1553
1912
2006
2211
2516
2460
2781
2859
2947
3025
2873
2742
2476
2250
1977
1649
1331
924
629
313
7
-120
-452
-651
-837
-1129
-1241
-1438
-1589
-1763
-1995
-2146
-2269
-2328
-2373
-2346
-2373
-2366
-2185
-2076
-1829
-1557
-1270
-879
-632
-212
177
543
884
1096
1341
1416
1608
1737
1807
1867
1837
1946
1959
2058
2153
2173
2195
2077
1981
1753
1449
1150
698
260
-216
-693
-1103
-1458
-1743
-1965
-2087
-2186
-2239
-2356
-2415
-2518
-2634
-2481
-2638
-2501
-2492
-2498
-2122
-2113
-1538
-1228
-1001
-405
-179
311
625
940
1291
1317
1632
1744
1968
2167
2166
2454
2351
2468
2671
2621
2774
2660
2541
2432
2146
2052
1788
1481
1202
825
594
232
74
-184
-528
-670
-1024
-1164
-1350
-1574
-1659
-1929
-2047
-2131
-2215
-2180
-2213
-2188
-2227
-2146
-2024
-1908
-1653
-1472
-1163
-965
-673
-243
46
449
728
1011
1247
1409
1659
1800
1855
1869
1868
1875
1883
1945
1964
1909
1864
1748
1662
1449
1226
968
551
197
-236
-603
-961
-1322
-1632
-1955
-2150
-2352
-2420
-2484
-2614
-2551
-2559
-2534
-2406
-2348
-2166
-1992
-1824
-1467
-1252
-1076
-700
-444
-147
229
551
861
1081
1329
1578
1806
1976
2165
2329
2298
2392
2488
2472
2523
2436
2357
2260
2093
2014
1843
1601
1368
1111
814
547
384
107
-173
-409
-704
-880
-1071
-1250
-1408
-1689
-1867
-2001
-2119
-2190
-2185
-2194
-2247
-2130
-2052
-1881
-1675
-1504
-1195
-1022
-841
-491
-244
29
320
529
784
1017
1261
1511
1650
1732
1849
1924
1916
1974
1984
1889
1847
1700
1599
1482
1246
1089
764
412
95
-259
-588
-983
-1226
-1549
-1898
-1976
-2292
-2324
-2442
-2561
-2289
-2574
-2315
-2164
-2202
-1762
-1745
-1249
-1112
-1007
-506
-487
-51
135
448
817
793
1326
1437
1682
2015
2013
2367
2267
2405
2567
2430
2559
2381
2335
2219
2031
2078
1807
1697
1530
1199
1102
736
592
341
-41
-189
-582
-728
-940
-1113
-1236
-1565
-1633
-1874
-1981
-2041
-2250
-2206
-2378
-2365
-2272
-2264
-1960
-1843
-1558
-1259
-1080
-713
-478
-171
51
227
483
642
908
1110
1282
1481
1546
1728
1828
1830
1948
1863
1829
1704
1528
1444
1174
1019
754
449
175
-165
-363
-723
-1002
-1248
-1597
-1789
-2100
-2211
-2392
-2514
-2355
-2517
-2312
-2238
-2100
-1736
-1711
-1207
-1045
-921
-540
-467
-136
5
266
547
629
1021
1205
1535
1802
1944
2293
2234
2393
2551
2478
2569
2405
2342
2237
2035
2033
1867
1740
1564
1383
1250
943
865
591
285
94
-299
-455
-702
-900
-1029
-1313
-1455
-1635
-1740
-1891
-2035
-2120
-2260
-2238
-2276
-2215
-2052
-1949
-1735
-1481
-1218
-944
-638
-355
-121
87
267
501
684
821
1045
1201
1326
1521
1668
1761
1826
1855
1863
1821
1678
1576
1400
1114
915
626
325
22
-273
-526
-859
-1038
-1275
-1481
-1653
-1940
-2022
-2272
-2320
-2310
-2481
-2319
-2339
-2127
-1883
-1658
-1206
-1133
-755
-508
-343
18
91
403
481
607
939
1027
1357
1556
1767
2003
2006
2268
2312
2354
2364
2173
2176
1966
1922
1863
1639
1590
1386
1256
1111
880
770
477
213
-42
-368
-527
-775
-891
-1119
-1325
-1412
-1592
-1602
-1760
-1843
-1960
-2078
-2060
-2137
-2056
-1985
-1884
-1669
-1492
-1176
-876
-611
-270
-52
168
410
631
829
989
1123
1230
1367
1496
1629
1719
1767
1778
1769
1684
1574
1457
1224
1045
780
512
281
22
-209
-505
-733
-1057
-1241
-1491
-1751
-1842
-2207
-2168
-2305
-2466
-2270
-2414
-2130
-1943
-1716
-1246
-1186
-797
-577
-406
-94
-51
297
295
411
696
655
1029
1130
1369
1670
1669
2048
2160
2267
2386
2264
2309
2104
2048
1981
1721
1685
1418
1339
1204
976
981
666
521
305
-8
-135
-398
-513
-752
-980
-1121
-1326
-1378
-1561
-1653
-1787
-1968
-1971
-2082
-2055
-2035
-1965
-1772
-1686
-1400
-1140
-857
-528
-300
46
244
462
717
822
991
1045
1173
1277
1315
1464
1483
1542
1553
1527
1498
1333
1241
1068
833
603
346
131
-117
-369
-628
-889
-1133
-1349
-1518
-1720
-1911
-1973
-2114
-2186
-2146
-2206
-2072
-1927
-1747
-1402
-1273
-981
-677
-501
-227
-45
171
292
422
593
667
865
968
1154
1338
1400
1682
1829
1981
2157
2153
2211
2151
2087
2029
1863
1725
1530
1386
1203
1023
954
714
579
398
137
31
-187
-330
-491
-733
-898
-1060
-1197
-1351
-1464
-1614
-1759
-1827
-1942
-1913
-1885
-1887
-1737
-1646
-1465
-1228
-985
-699
-481
-204
42
294
525
702
900
979
1105
1250
1292
1404
1445
1491
1509
1450
1449
1336
1244
1113
923
757
507
342
154
-86
-250
-518
-740
-929
-1205
-1353
-1617
-1779
-1821
-2030
-1991
-2029
-2054
-1853
-1781
-1465
-1236
-1069
-691
-555
-307
-118
24
233
234
435
506
578
784
797
1034
1089
1182
1461
1510
1774
1864
1913
2045
1950
2021
1909
1805
1703
1463
1375
1093
963
812
548
458
177
33
-83
-255
-308
-502
-649
-806
-951
-1048
-1249
-1343
-1539
-1717
-1791
-1963
-1940
-1954
-1922
-1756
-1695
-1476
-1230
-991
-674
-430
-146
77
311
566
690
861
959
1084
1206
1231
1354
1358
1354
1383
1301
1276
1172
1088
1000
822
679
509
384
194
-15
-199
-484
-695
-909
-1159
-1366
-1614
-1773
-1857
-2001
-1993
-1944
-1935
-1781
-1627
-1407
-1163
-994
-713
-529
-364
-182
-26
157
182
313
414
472
662
736
906
1010
1082
1290
1382
1553
1657
1726
1815
1792
1848
1788
1723
1655
1464
1362
1137
951
817
590
435
207
23
-102
-241
-327
-462
-579
-701
-807
-905
-1066
-1179
-1316
-1460
-1574
-1687
-1749
-1757
-1736
-1638
-1519
-1376
-1164
-889
-622
-390
-116
135
358
591
761
927
1053
1157
1296
1357
1391
1457
1467
1427
1382
1289
1229
1132
1001
894
757
627
509
383
184
-32
-229
-500
-717
-973
-1236
-1415
-1700
-1829
-1873
-1971
-1911
-1848
-1748
-1589
-1457
-1194
-975
-825
-635
-488
-358
-286
-126
20
33
160
265
398
556
613
818
920
995
1165
1257
1406
1484
1575
1653
1622
1657
1603
1561
1449
1258
1143
900
720
569
337
185
-22
-162
-258
-404
-476
-586
-680
-797
-925
-1029
-1195
-1293
-1411
-1533
-1620
-1720
-1711
-1679
-1646
-1526
-1376
-1186
-987
-730
-459
-208
72
301
585
793
937
1180
1300
1415
1498
1542
1610
1594
1590
1553
1470
1366
1271
1180
1017
889
765
599
483
314
165
9
-222
-410
-638
-879
-1116
-1358
-1549
-1741
-1843
-1917
-1960
-1871
-1816
-1685
-1490
-1334
-1019
-841
-669
-401
-302
-126
7
107
217
269
388
457
553
659
745
906
948
1072
1226
1269
1425
1470
1548
1602
1547
1585
1504
1406
1268
1092
931
675
498
284
57
-111
-327
-443
-578
-683
-716
-827
-896
-982
-1070
-1142
-1244
-1328
-1423
-1490
-1542
-1558
-1514
-1489
-1389
-1259
-1106
-894
-709
-453
-180
53
323
563
806
1012
1199
1391
1499
1614
1677
1713
1730
1649
1619
1517
1381
1274
1134
1019
861
723
599
436
295
137
-21
-198
-405
-594
-815
-1019
-1218
-1401
-1568
-1739
-1848
-1895
-1909
-1875
-1788
-1696
-1537
-1359
-1126
-884
-700
-470
-274
-104
46
185
310
371
451
522
590
672
755
850
929
994
1094
1198
1293
1373
1411
1427
1402
1356
1296
1185
1039
875
694
515
319
129
-48
-245
-421
-574
-698
-819
-899
-950
-1033
-1071
-1113
-1143
-1152
-1182
-1173
-1175
-1161
-1131
-1096
-1011
-947
-825
-676
-534
-321
-125
103
354
565
820
1035
1227
1414
1549
1664
1722
1777
1774
1739
1685
1572
1472
1324
1161
1018
855
707
556
399
268
105
-36
-184
-353
-508
-685
-847
-1022
-1184
-1348
-1507
-1601
-1691
-1721
-1731
-1730
-1642
-1556
-1397
-1215
-1023
-783
-614
-386
-176
-28
145
242
363
442
481
586
618
685
754
815
906
940
1024
1111
1163
1205
1204
1212
1161
1079
1036
896
759
630
454
310
110
-55
-215
-414
-532
-696
-812
-908
-1000
-1032
-1106
-1123
-1115
-1120
-1076
-1054
-1024
-964
-940
-880
-837
-782
-686
-593
-464
-333
-180
-3
184
393
595
791
991
1143
1293
1404
1476
1540
1532
1520
1459
1373
1274
1140
1017
860
698
570
415
283
148
6
-118
-277
-396
-526
-668
-788
-937
-1050
-1186
-1311
-1414
-1525
-1591
-1637
-1644
-1609
-1540
-1417
-1282
-1120
-929
-724
-508
-326
-132
35
159
281
391
478
537
603
665
709
752
807
878
923
955
1003
1037
1051
1040
1030
986
921
867
783
679
555
417
281
106
-47
-200
-365
-511
-641
-738
-823
-871
-881
-885
-875
-854
-813
-750
-713
-663
-616
-577
-531
-478
-413
-357
-266
-168
-69
63
199
375
526
670
809
932
1054
1139
1220
1262
1268
1247
1197
1130
1031
936
806
662
529
371
248
119
0
-110
-234
-330
-416
-516
-601
-684
-786
-878
-968
-1057
-1145
-1210
-1254
-1285
-1285
-1268
-1195
-1104
-1015
-886
-746
-593
-451
-294
-138
-24
81
198
298
381
454
527
590
642
694
741
758
772
785
797
795
781
781
753
725
693
645
594
513
438
333
209
84
-43
-155
-298
-410
-505
-598
-652
-695
-721
-725
-723
-671
-624
-587
-527
-474
-418
-380
-343
-287
-243
-184
-121
-57
10
86
184
270
345
431
520
615
692
748
807
843
842
828
788
735
659
550
454
327
202
88
-5
-97
-192
-268
-329
-397
-440
-482
-543
-559
-601
-675
-740
-777
-793
-812
-819
-796
-778
-716
-653
-598
-498
-418
-326
-211
-127
-13
109
214
301
361
461
530
584
642
677
720
733
746
764
747
730
693
647
605
574
561
549
538
487
443
383
285
201
117
32
-69
-144
-231
-316
-371
-421
-452
-478
-481
-474
-455
-416
-394
-380
-325
-303
-276
-252
-228
-182
-154
-125
-106
-58
-6
5
40
54
84
143
176
228
269
312
339
339
329
289
257
227
160
90
10
-47
-111
-181
-220
-272
-316
-345
-365
-375
-390
-406
-406
-410
-425
-434
-437
-451
-455
-456
-435
-410
-394
-332
-288
-246
-178
-120
-75
-30
38
80
149
238
292
351
408
458
508
540
551
557
568
565
554
557
534
486
460
436
405
390
401
401
386
356
311
274
220
159
94
37
-18
-62
-110
-158
-187
-218
-254
-280
-298
-290
-287
-274
-255
-262
-250
-245
-226
-203
-187
-164
-146
-149
-146
-128
-133
-138
-139
-138
-129
-122
-104
-70
-44
-20
3
41
64
65
64
44
23
-1
-27
-65
-88
-133
-176
-193
-209
-226
-213
-213
-203
-175
-161
-135
-126
-104
-79
-68
-55
-49
-26
5
18
29
43
58
64
70
75
88
111
153
204
255
302
349
380
389
401
412
415
407
407
391
358
344
319
290
263
237
232
212
193
182
155
125
93
64
21
-27
-77
-118
-161
-218
-269
-310
-330
-368
-389
-419
-438
-431
-443
-430
-431
-421
-396
-384
-375
-350
-333
-312
-297
-284
-263
-244
-226
-210
-190
-185
-162
-136
-116
-88
-67
-41
-14
13
31
53
59
53
55
51
49
48
36
23
18
24
27
31
49
53
54
71
94
110
132
148
154
168
162
152
153
148
149
149
162
167
162
170
175
204
226
253
280
307
330
347
366
370
369
371
364
348
336
306
276
254
219
194
147
111
89
45
14
-27
-53
-84
-111
-151
-190
-226
-275
-318
-350
-386
-396
-396
-432
-427
-435
-430
-426
-424
-397
-370
-346
-326
-297
-277
-264
-234
-232
-216
-176
-150
-107
-81
-76
-67
-65
-61
-36
-29
-5
9
16
32
28
53
82
112
128
141
155
154
154
149
134
136
135
115
118
106
107
101
79
103
120
137
156
171
175
184
196
199
212
185
192
194
193
210
197
209
217
225
239
234
237
257
246
240
246
250
259
243
236
221
198
179
150
105
62
38
4
-40
-86
-140
-178
-219
-266
-289
-301
-319
-323
-340
-348
-342
-345
-355
-366
-358
-366
-369
-378
-379
-363
-344
-333
-315
-285
-247
-191
-153
-110
-76
-55
-31
-8
15
53
76
85
102
115
130
140
160
169
165
163
166
177
173
168
168
168
157
153
146
134
145
155
142
108
97
103
88
88
78
73
85
78
83
93
98
108
115
136
144
149
157
166
176
182
200
193
201
203
199
206
201
197
195
176
163
147
138
120
89
80
58
38
16
-5
-29
-65
-105
-125
-149
-184
-217
-255
-284
-320
-333
-350
-359
-360
-361
-355
-349
-330
-319
-307
-299
-313
-299
-268
-257
-223
-193
-166
-140
-121
-83
-50
-23
7
38
74
102
134
162
174
199
204
214
244
232
231
224
213
193
170
143
115
110
78
73
70
50
41
47
54
54
62
61
60
56
44
42
40
29
29
40
36
23
18
15
13
8
8
13
39
65
78
88
108
115
116
127
126
124
132
125
122
102
90
81
68
62
49
32
26
14
-6
-17
-30
-49
-66
-80
-103
-121
-143
-175
-194
-222
-249
-264
-300
-312
-320
-321
-331
-321
-288
-271
-239
-208
-172
-143
-101
-64
-41
-23
-5
-1
14
37
40
62
72
82
112
132
157
173
187
211
226
243
267
273
268
270
258
235
202
165
124
82
46
19
3
-29
-57
-59
-72
-74
-77
-72
-60
-55
-47
-42
-32
-51
-61
-71
-88
-111
-114
-119
-128
-120
-111
-86
-69
-48
-20
6
30
42
53
69
78
83
80
73
68
52
19
-9
-37
-57
-69
-83
-71
-76
-72
-75
-76
-72
-82
-71
-82
-80
-95
-121
-128
-153
-187
-206
-219
-236
-238
-235
-216
-197
-171
-151
-121
-86
-59
-31
-17
6
27
45
53
61
67
65
69
86
89
104
133
146
167
178
202
226
247
262
267
273
267
255
242
233
209
177
143
110
68
42
24
11
1
-11
-14
-15
-15
-15
-3
1
-11
-10
-16
-36
-52
-70
-84
-99
-110
-118
-121
-99
-85
-58
-44
-30
-15
4
34
41
59
82
88
81
71
58
46
32
23
14
-2
-10
-17
-12
-4
-3
-1
4
16
26
22
26
19
9
-4
-16
-31
-55
-75
-100
-112
-115
-113
-106
-100
-86
-74
-50
-26
-15
-12
-2
5
7
7
9
7
2
13
-2
3
13
21
42
49
69
81
96
115
119
124
133
142
154
149
130
113
106
87
60
40
33
13
3
2
-5
-8
-25
-33
-46
-52
-51
-51
-47
-53
-63
-74
-85
-96
-97
-101
-110
-116
-119
-107
-99
-88
-85
-77
-54
-48
-46
-41
-34
-22
-22
-18
-8
-20
-26
-32
-44
-45
-58
-63
-62
-54
-48
-65
-52
-54
-67
-56
-59
-59
-64
-70
-63
-65
-66
-73
-81
-72
-80
-85
-69
-50
-32
-19
-7
0
2
16
12
11
25
33
42
44
51
46
54
56
52
66
69
72
75
76
94
99
106
113
103
96
89
93
100
97
114
117
119
118
103
98
86
70
58
57
59
49
45
45
39
34
30
26
23
28
32
41
47
40
34
33
21
6
6
1
-7
-9
-11
-13
-12
-12
-12
-9
-7
-8
-14
-10
-11
-17
-27
-36
-51
-62
-69
-80
-87
-90
-85
-78
-76
-83
-82
-84
-91
-95
-91
-87
-80
-71
-66
-70
-77
-78
-69
-52
-52
-49
-48
-42
-28
-16
-11
-9
0
3
10
20
32
48
59
54
43
49
44
39
37
37
40
39
41
41
37
29
21
25
35
39
41
38
36
28
29
28
26
21
15
15
14
7
-2
-2
-5
-17
-25
-26
-26
-20
-20
-19
-12
-6
-13
-26
-36
-50
-67
-68
-73
-75
-70
-67
-70
-71
-79
-82
-69
-55
-43
-37
-38
-33
-34
-44
-56
-63
-61
-66
-60
-53
-51
-40
-33
-29
-20
-27
-26
-23
-10
-3
1
20
27
39
42
42
50
56
68
67
73
83
81
74
69
65
59
52
59
68
71
78
84
100
93
92
96
89
84
75
67
73
65
62
62
59
57
42
43
43
45
55
59
63
64
61
58
52
48
41
39
38
27
25
27
17
9
7
-2
0
-6
-12
-16
-25
-24
-26
-28
-38
-47
-55
-68
-79
-95
-95
-106
-112
-124
-129
-129
-125
-121
-128
-123
-114
-103
-101
-90
-84
-90
-87
-87
-85
-88
-77
-61
-53
-45
-40
-27
-20
-8
-7
1
19
26
45
57
72
77
84
95
97
106
111
108
103
93
88
85
75
74
66
56
54
50
51
52
51
47
43
40
35
28
23
11
-3
-12
-18
-27
-36
-42
-52
-53
-50
-41
-28
-22
-19
-15
-3
10
17
20
22
25
16
18
20
16
10
8
13
6
2
1
2
-1
5
4
7
8
11
15
15
5
-3
-4
-16
-18
-19
-22
-21
-22
-12
-10
-7
-1
-4
0
6
11
15
18
27
28
35
42
34
40
42
46
53
53
57
55
55
56
52
59
67
85
100
100
99
95
95
89
78
68
55
46
39
28
15
-1
-15
-30
-42
-54
-62
-59
-54
-52
-61
-64
-61
-66
-70
-76
-89
-102
-107
-110
-122
-131
-138
-140
-134
-125
-112
-107
-92
-77
-62
-56
-54
-50
-40
-35
-30
-24
-23
-20
-27
-26
-35
-44
-42
-48
-48
-44
-42
-35
-30
-20
-8
1
12
12
14
16
15
14
5
-2
-8
-12
-13
-15
-1
11
23
37
45
59
69
74
84
93
111
122
121
133
130
126
124
120
119
115
115
114
112
115
116
117
118
117
119
118
116
99
84
72
57
43
15
-8
-25
-45
-65
-85
-95
-96
-103
-109
-118
-121
-117
-116
-118
-118
-118
-119
-122
-135
-150
-158
-166
-159
-153
-151
-138
-132
-112
-99
-89
-73
-58
-45
-39
-33
-25
-21
-10
3
11
10
9
7
3
7
4
3
10
18
20
24
29
37
44
53
60
74
80
87
93
89
85
74
69
72
72
75
77
82
90
94
103
104
115
122
127
139
137
138
145
142
133
120
111
103
90
79
72
69
67
64
56
49
43
39
30
25
24
16
9
-7
-27
-45
-68
-95
-113
-129
-135
-144
-147
-151
-157
-160
-159
-159
-154
-145
-135
-131
-130
-131
-138
-145
-150
-149
-142
-135
-133
-128
-115
-105
-95
-86
-71
-57
-53
-44
-40
-31
-24
-21
-18
-28
-31
-33
-35
-32
-35
-28
-23
-27
-29
-29
-26
-18
-5
17
30
42
55
58
67
64
59
60
61
64
70
72
76
82
85
94
102
110
121
130
138
153
160
158
156
149
138
127
113
108
103
94
86
77
70
63
64
62
55
58
61
65
69
63
55
49
37
22
11
-1
-14
-21
-37
-49
-53
-56
-54
-59
-62
-53
-51
-50
-45
-41
-39
-39
-40
-46
-44
-50
-54
-51
-45
-40
-35
-26
-26
-23
-18
-15
-10
-4
-5
-1
-7
-7
-8
-13
-8
-15
-21
-28
-26
-25
-24
-20
-14
-12
-14
-22
-24
-22
-20
-14
-8
-7
-4
-7
-16
-19
-30
-42
-36
-39
-38
-37
-32
-20
-16
-12
-8
7
20
29
33
31
36
41
33
30
30
31
35
26
22
16
16
22
22
28
25
23
23
15
16
17
13
19
14
11
16
4
-5
-13
-18
-19
-22
-21
-21
-20
-24
-21
-19
-26
-26
-25
-28
-27
-24
-18
-19
-24
-24
-25
-19
-19
-18
-9
-5
0
6
6
8
9
5
8
8
1
2
6
-3
1
3
-8
-9
-11
-8
-10
-1
7
0
-3
-7
-1
-1
3
9
-2
-4
-4
-3
3
8
11
6
4
-1
-7
-6
0
7
15
20
28
24
21
29
34
36
37
36
39
44
48
53
58
54
51
51
47
53
53
49
53
46
44
38
26
27
18
11
11
6
2
-6
-9
-16
-17
-23
-28
-35
-42
-49
-55
-61
-68
-69
-73
-83
-87
-89
-88
-90
-96
-96
-91
-87
-85
-79
-84
-86
-82
-80
-75
-73
-66
-61
-61
-64
-64
-66
-64
-61
-59
-51
-46
-42
-40
-41
-37
-37
-36
-33
-31
-26
-24
-23
-20
-25
-24
-25
-31
-20
-7
-1
8
16
21
23
21
24
30
40
50
55
59
60
64
63
64
71
74
80
83
87
86
86
91
92
99
99
100
99
94
95
90
82
76
69
61
55
46
43
36
37
31
22
21
20
20
17
22
15
5
-5
-7
-7
-18
-18
-24
-30
-33
-39
-44
-49
-51
-49
-43
-39
-33
-28
-28
-26
-22
-20
-16
-13
-14
-6
-2
-4
2
-2
-6
-7
-8
-7
-1
6
7
9
7
1
-3
-5
-8
-8
-15
-19
-21
-25
-28
-27
-19
-18
-14
-17
-21
-19
-13
-5
1
5
2
-4
-11
-14
-14
-18
-17
-17
-13
-9
-2
6
8
9
12
15
18
27
37
41
42
34
31
29
23
27
18
23
20
11
6
0
-3
-8
-14
-17
-18
-27
-29
-34
-34
-39
-40
-40
-42
-40
-37
-36
-38
-35
-34
-36
-29
-26
-23
-16
-20
-25
-19
-17
-18
-11
-8
-3
-4
-3
-2
1
6
10
17
20
17
21
23
22
19
16
10
6
4
6
12
10
8
5
0
-5
-6
-8
-1
3
2
3
-2
-6
-11
-8
-8
-3
2
3
6
4
5
3
0
-2
3
4
4
12
11
14
22
25
24
27
26
27
26
27
29
30
32
26
33
31
31
31
29
28
25
27
22
21
21
16
14
2
-3
-5
-7
-3
-4
-1
-1
-4
-8
-9
-15
-17
-15
-7
-5
1
7
4
1
-3
-1
4
5
6
11
13
13
10
12
17
27
31
36
46
48
48
51
51
49
49
45
39
34
33
32
31
27
26
20
17
13
10
9
1
-1
-6
-11
-17
-24
-25
-24
-22
-27
-32
-36
-38
-39
-36
-29
-26
-26
-28
-31
-35
-34
-29
-23
-18
-14
-18
-24
-30
-35
-34
-34
-32
-33
-34
-31
-32
-28
-25
-24
-21
-21
-20
-20
-17
-17
-18
-22
-27
-30
-34
-37
-38
-37
-36
-35
-37
-36
-37
-36
-30
-27
-24
-20
-20
-23
-23
-20
-15
-9
-3
2
0
0
-1
-3
3
14
23
32
37
36
37
33
30
35
42
45
51
49
44
43
40
39
40
42
43
47
48
51
51
48
45
40
37
35
34
34
30
27
21
15
7
2
0
-2
-1
-2
-3
-6
-10
-12
-14
-13
-13
-13
-13
-17
-21
-26
-28
-31
-26
-23
-20
-21
-25
-31
-37
-35
-30
-25
-20
-20
-24
-32
-40
-40
-41
-42
-36
-34
-35
-35
-35
-38
-39
-39
-40
-38
-36
-30
-24
-21
-21
-26
-30
-33
-31
-26
-18
-12
-9
-13
-15
-16
-15
-10
-4
4
7
13
15
16
19
19
25
29
33
36
36
37
36
35
36
37
39
41
44
40
40
36
34
34
35
40
42
41
37
31
24
20
18
18
18
15
13
7
4
0
-6
-8
-9
-8
-7
-2
-2
-5
-10
-16
-21
-24
-22
-18
-13
-12
-12
-16
-19
-22
-21
-15
-10
-5
-3
-2
-3
-4
-6
-5
-5
-4
-1
0
2
3
0
-1
0
-1
1
6
7
9
9
8
8
8
12
14
16
14
13
11
8
6
6
10
12
14
15
13
15
16
18
19
22
26
31
32
31
31
25
23
22
22
24
25
26
23
20
16
15
12
10
10
10
10
9
8
3
-2
-4
-6
-9
-11
-14
-15
-19
-22
-23
-30
-34
-34
-34
-36
-38
-41
-45
-48
-49
-49
-49
-47
-48
-48
-49
-51
-48
-47
-44
-38
-36
-36
-35
-34
-35
-33
-31
-26
-23
-19
-15
-14
-13
-13
-9
-7
-4
0
5
7
9
12
14
16
18
22
27
28
33
37
38
38
40
41
42
