-1
-2
-2
-2
0
-1
-1
1
0
1
1
-1
-1
-2
-2
-2
-3
-2
-1
1
1
2
3
2
2
0
0
1
2
1
-1
-1
-2
1
2
3
2
1
0
1
2
2
3
5
6
5
4
4
4
6
6
4
3
4
4
5
6
7
7
3
3
2
4
6
7
5
2
3
3
4
5
5
4
2
1
-1
-2
-1
0
1
-1
-1
0
3
3
1
-1
-2
-2
-4
-4
-2
-1
0
-2
-2
-2
-4
-3
-3
-3
-3
-5
-5
-5
-4
-2
-1
0
-1
-1
0
0
1
0
0
0
-2
-1
-1
1
2
1
1
-1
-4
-3
-1
3
3
2
0
0
1
2
2
2
1
0
-1
-3
-2
-1
0
1
0
0
-2
-2
-1
0
-1
-1
-1
1
1
2
3
3
1
0
-2
-1
0
1
2
0
0
0
0
0
0
0
0
0
-2
-4
-4
-2
-1
-2
-1
-2
-2
-1
-1
0
0
-1
-4
-6
-4
-2
0
1
-1
-1
-1
-1
-2
-1
0
0
-3
-5
-4
-2
0
1
1
-1
-4
-4
-1
-1
-1
-1
-2
-2
-2
-2
0
0
0
0
0
0
-1
1
2
0
-1
-2
-1
-3
-1
0
2
0
-1
0
2
2
2
2
4
3
2
2
2
3
2
2
3
4
4
3
1
2
4
5
3
1
1
2
4
3
2
4
4
1
0
-1
-1
0
-1
-1
-3
-3
-1
1
4
4
2
0
-2
1
3
3
1
0
-1
-1
0
0
2
2
0
-1
-2
0
0
0
0
-1
-2
-1
0
3
3
4
1
0
-1
0
1
0
0
-2
-2
-2
0
3
0
-2
-4
-2
0
0
0
-1
-2
-2
-3
-2
-1
-1
-2
-3
-2
-2
-2
-1
-2
-3
-3
-3
-3
-3
-2
-1
-2
-4
-2
-1
2
2
0
0
-1
0
2
2
2
1
0
1
3
4
6
5
2
1
0
3
4
2
2
-1
-2
-1
2
5
3
1
0
0
1
3
1
2
0
-1
0
2
4
3
1
0
0
0
2
3
2
0
-1
-1
1
3
3
1
-1
0
0
2
2
0
-1
-2
-3
-2
0
2
1
0
-1
-1
0
1
2
3
1
1
-1
-3
-3
0
-1
-2
-3
-2
-1
1
1
0
-1
-2
-1
0
0
0
0
-3
-3
-2
-2
-2
-3
-1
-2
-1
-1
-3
-3
-3
-1
-1
-1
-3
-5
-6
-4
-1
-4
-5
-7
-8
-8
-4
-2
-3
-6
-8
-6
-3
0
0
-1
-4
-7
-5
-1
0
1
-1
-2
-1
1
4
4
3
0
0
2
4
4
5
2
0
1
4
6
6
3
2
3
3
4
5
5
5
3
4
4
6
5
5
6
4
5
6
6
6
5
3
1
0
2
5
5
3
0
-3
-1
1
3
1
-1
-5
-5
-2
2
0
-4
-7
-8
-5
-2
0
0
-4
-8
-8
-6
-3
-2
-3
-4
-7
-5
-2
-3
-2
-5
-8
-6
-5
-4
-3
-3
-4
-5
-4
-1
0
0
1
0
2
2
3
4
4
5
6
8
8
6
5
5
7
8
8
9
9
8
8
8
10
10
9
8
8
5
4
5
5
4
4
5
4
5
5
5
4
4
1
0
3
2
4
3
0
0
-1
-1
0
-1
-4
-4
-4
-2
-2
-1
-1
-3
-4
-3
-1
-1
-2
-5
-5
-5
-4
-6
-5
-6
-9
-8
-8
-5
-3
-1
-1
-1
0
3
4
1
2
-3
-3
-3
-3
-1
-1
-2
-3
-4
-1
1
0
3
0
0
1
1
3
2
2
1
-1
-1
0
1
0
1
-2
0
0
0
0
1
1
0
0
1
3
4
5
2
1
0
0
-1
-2
-4
-4
-4
-2
1
2
2
0
0
2
3
4
3
1
-1
-1
0
-2
-4
-6
-6
-8
-6
-2
2
2
2
2
4
4
4
1
-1
-5
-5
-4
-2
-1
1
-1
-2
0
1
3
1
2
0
1
2
3
1
2
1
0
0
0
1
0
1
2
1
0
-3
-3
-5
-5
-4
-5
-3
-1
-1
-1
-2
-4
-3
-4
-6
-9
-12
-13
-11
-11
-9
-8
-8
-7
-7
-6
-5
-5
-5
-6
-7
-8
-10
-11
-11
-14
-14
-13
-10
-5
0
4
7
5
6
7
8
7
5
6
6
8
9
12
13
11
10
10
11
9
9
9
10
10
11
13
12
13
12
13
13
13
12
14
14
15
15
14
15
16
13
13
10
9
13
14
14
13
9
8
6
3
2
-2
-6
-7
-8
-5
-4
-4
-3
-2
-3
-3
-2
-1
2
0
-1
-1
-3
-1
1
1
0
0
-1
4
6
7
8
4
3
4
5
4
3
-2
-3
-1
-2
2
2
0
-2
-6
-6
-6
-5
-6
-7
-10
-10
-12
-13
-9
-11
-13
-13
-14
-12
-12
-13
-13
-15
-15
-14
-14
-16
-18
-20
-18
-15
-13
-12
-12
-16
-19
-17
-15
-14
-17
-19
-17
-18
-15
-12
-10
-8
-10
-11
-15
-14
-16
-15
-16
-17
-19
-24
-24
-27
-28
-29
-28
-29
-28
-25
-24
-19
-19
-14
-10
-7
-3
1
6
9
17
25
33
40
44
50
52
58
63
68
71
76
75
74
79
79
83
82
79
76
69
67
65
61
57
56
48
47
43
38
40
34
31
31
30
29
30
25
23
23
20
22
21
17
13
9
10
10
9
7
6
1
-2
-1
-4
-2
-7
-12
-15
-21
-24
-27
-31
-32
-35
-42
-44
-47
-54
-53
-60
-64
-68
-73
-76
-80
-86
-88
-89
-95
-93
-99
-103
-106
-115
-114
-115
-119
-122
-124
-128
-126
-126
-126
-117
-119
-115
-112
-109
-101
-92
-82
-74
-65
-65
-55
-51
-45
-32
-26
-15
-5
1
11
21
28
40
42
48
57
59
66
76
79
93
104
114
130
134
141
147
147
161
176
184
189
195
193
203
210
216
222
217
217
210
205
203
201
188
183
176
171
166
152
147
136
126
121
110
96
90
79
65
59
54
47
36
26
21
13
6
4
-7
-18
-23
-41
-50
-61
-77
-86
-100
-114
-129
-154
-170
-183
-200
-211
-223
-240
-247
-268
-285
-281
-285
-287
-297
-311
-321
-321
-332
-344
-353
-371
-380
-386
-380
-371
-382
-374
-353
-347
-339
-340
-332
-322
-316
-307
-295
-283
-274
-259
-256
-236
-219
-200
-180
-170
-144
-134
-104
-76
-22
33
85
163
230
318
393
479
557
630
691
730
765
774
779
775
774
779
766
745
709
686
663
640
620
591
556
510
473
422
368
305
254
194
142
102
64
42
28
31
38
64
83
101
119
128
145
156
170
177
168
167
163
140
120
98
55
3
-56
-102
-164
-229
-295
-367
-423
-473
-506
-531
-551
-578
-594
-604
-610
-610
-629
-643
-654
-645
-617
-616
-596
-582
-568
-539
-508
-485
-464
-472
-490
-501
-540
-557
-597
-634
-660
-690
-719
-735
-735
-746
-701
-639
-517
-374
-244
-86
60
254
456
659
826
963
1059
1124
1169
1167
1161
1115
1039
974
905
858
800
728
660
601
551
483
418
309
214
105
-10
-110
-221
-310
-374
-415
-424
-394
-358
-303
-218
-108
24
148
267
377
484
599
701
778
826
864
867
862
854
808
755
678
578
491
380
276
179
72
-22
-96
-171
-231
-289
-351
-390
-438
-465
-466
-459
-437
-396
-357
-287
-220
-165
-85
-7
68
142
191
230
231
200
157
106
40
-41
-148
-260
-365
-478
-579
-687
-771
-840
-924
-979
-1047
-1097
-1127
-1181
-1186
-1179
-1163
-1114
-1093
-1076
-1023
-979
-921
-880
-844
-787
-737
-673
-584
-457
-303
-117
66
211
419
606
818
1011
1106
1200
1239
1230
1192
1137
1035
949
819
690
618
522
460
362
261
202
149
95
28
-45
-142
-213
-295
-358
-384
-425
-421
-393
-330
-221
-88
51
224
409
597
789
947
1074
1191
1272
1327
1336
1298
1229
1148
1071
983
893
791
708
635
557
497
431
359
274
176
77
-36
-145
-270
-397
-506
-576
-615
-626
-621
-603
-537
-464
-381
-300
-242
-182
-134
-84
-49
-48
-45
-50
-53
-60
-84
-122
-174
-235
-312
-385
-454
-539
-624
-705
-788
-837
-874
-915
-944
-994
-1020
-1063
-1087
-1094
-1137
-1134
-1144
-1120
-1109
-1086
-1047
-1026
-983
-978
-930
-883
-833
-753
-703
-575
-426
-255
-34
137
372
626
884
1116
1288
1418
1484
1514
1470
1417
1293
1151
989
794
688
579
472
372
271
198
164
109
23
-36
-128
-175
-225
-293
-310
-320
-267
-203
-108
25
199
379
576
809
1008
1208
1348
1447
1550
1620
1650
1604
1514
1411
1305
1189
1040
876
700
559
422
307
206
89
-5
-121
-228
-347
-457
-567
-665
-728
-783
-791
-778
-724
-667
-602
-503
-408
-321
-258
-204
-152
-91
-49
-37
-23
-23
-45
-82
-129
-192
-249
-316
-412
-517
-637
-754
-877
-992
-1092
-1178
-1236
-1300
-1339
-1377
-1411
-1382
-1402
-1394
-1393
-1387
-1359
-1340
-1339
-1339
-1296
-1284
-1220
-1179
-1115
-1035
-930
-808
-558
-310
-11
309
519
899
1216
1536
1832
1971
2092
2160
2138
2050
1925
1696
1494
1255
995
873
687
522
371
202
119
70
-33
-138
-221
-350
-397
-468
-552
-556
-561
-502
-377
-235
-17
228
475
751
1030
1294
1530
1712
1847
1946
1981
1967
1868
1714
1524
1309
1113
892
683
495
313
173
63
-30
-115
-176
-256
-319
-386
-472
-534
-609
-661
-691
-704
-682
-643
-595
-511
-394
-294
-204
-121
-54
15
44
39
-7
-60
-114
-179
-259
-362
-442
-544
-639
-753
-876
-980
-1098
-1182
-1262
-1326
-1346
-1361
-1370
-1356
-1341
-1302
-1275
-1267
-1263
-1246
-1235
-1234
-1268
-1321
-1304
-1320
-1331
-1314
-1305
-1210
-1080
-946
-653
-361
-3
369
613
1028
1413
1790
2094
2218
2296
2305
2206
2030
1824
1500
1228
927
602
436
210
39
-107
-260
-327
-396
-483
-566
-633
-736
-751
-795
-846
-804
-756
-596
-379
-139
165
490
835
1198
1573
1902
2192
2355
2449
2494
2454
2342
2088
1811
1530
1256
990
692
432
217
83
-44
-111
-170
-211
-231
-291
-300
-355
-403
-451
-489
-497
-491
-456
-425
-353
-278
-165
-36
41
113
125
123
115
72
-17
-135
-257
-372
-483
-617
-737
-851
-972
-1077
-1195
-1291
-1371
-1457
-1497
-1530
-1525
-1530
-1530
-1490
-1501
-1440
-1438
-1429
-1413
-1458
-1472
-1508
-1543
-1554
-1597
-1602
-1595
-1556
-1467
-1359
-1097
-734
-306
151
497
904
1394
1863
2346
2586
2698
2756
2696
2539
2313
1946
1554
1184
763
490
257
7
-168
-362
-466
-463
-502
-579
-645
-742
-793
-788
-844
-824
-758
-659
-431
-167
151
542
931
1354
1807
2184
2491
2680
2723
2715
2618
2409
2092
1671
1271
900
573
256
-24
-216
-317
-282
-241
-128
-28
78
186
234
297
271
216
122
50
15
9
23
15
64
110
197
260
277
260
192
119
-7
-150
-372
-564
-746
-903
-1017
-1170
-1282
-1370
-1423
-1447
-1467
-1480
-1477
-1465
-1451
-1389
-1366
-1320
-1338
-1357
-1327
-1388
-1410
-1498
-1633
-1729
-1874
-2003
-2122
-2230
-2289
-2272
-2152
-1982
-1627
-1140
-577
93
630
1194
1833
2382
2901
3168
3213
3214
3029
2672
2275
1759
1270
847
373
55
-132
-315
-394
-499
-581
-522
-502
-557
-602
-685
-762
-760
-819
-802
-677
-487
-148
232
655
1138
1629
2072
2504
2834
3025
3083
2946
2729
2391
1952
1423
799
257
-191
-523
-774
-914
-933
-799
-510
-177
218
535
833
1075
1222
1326
1303
1189
1018
828
658
533
405
289
225
168
182
175
111
29
-94
-239
-413
-612
-850
-1043
-1237
-1406
-1545
-1681
-1734
-1790
-1812
-1790
-1778
-1693
-1570
-1470
-1364
-1271
-1205
-1145
-1131
-1163
-1248
-1393
-1588
-1889
-2207
-2497
-2790
-2973
-3198
-3313
-3170
-2967
-2406
-1644
-895
61
850
1595
2519
3191
3777
4052
3887
3683
3327
2702
2110
1348
530
31
-492
-789
-839
-991
-949
-817
-719
-478
-305
-309
-243
-306
-392
-328
-392
-314
-98
110
542
1047
1503
2043
2499
2855
3219
3344
3278
3056
2599
2105
1521
841
156
-547
-1123
-1502
-1705
-1732
-1616
-1384
-1000
-469
93
686
1156
1552
1884
2050
2148
2112
1961
1751
1518
1256
1036
826
613
443
267
164
44
-111
-269
-439
-591
-731
-893
-1087
-1232
-1368
-1430
-1445
-1481
-1488
-1487
-1448
-1379
-1328
-1256
-1222
-1161
-1074
-1046
-953
-993
-1090
-1163
-1423
-1643
-1988
-2430
-2815
-3268
-3694
-3924
-4049
-3947
-3545
-2922
-1890
-790
398
1396
2410
3405
4218
4831
4816
4593
4041
3311
2423
1427
423
-468
-1125
-1668
-1815
-1844
-1767
-1530
-1341
-1002
-680
-449
-350
-275
-266
-194
-43
40
339
708
1176
1787
2350
2887
3332
3630
3739
3721
3417
2882
2186
1327
558
-214
-947
-1597
-2108
-2362
-2372
-2166
-1821
-1339
-760
-144
509
1111
1651
2082
2356
2513
2543
2509
2348
2110
1820
1523
1263
1016
797
530
296
87
-77
-252
-461
-670
-881
-1002
-1136
-1205
-1265
-1309
-1247
-1174
-1031
-933
-841
-756
-670
-575
-503
-455
-456
-483
-588
-716
-936
-1192
-1534
-1948
-2367
-2861
-3369
-3861
-4317
-4646
-4712
-4767
-4455
-3991
-3197
-1770
-603
816
1862
2794
3934
4730
5235
5162
4684
3903
3150
1989
904
-141
-1308
-1922
-2501
-2663
-2478
-2350
-2115
-1779
-1390
-977
-588
-585
-436
-251
-98
334
582
1018
1650
2278
2995
3634
4108
4387
4442
4123
3706
2991
2007
951
-229
-1123
-1859
-2467
-2890
-3061
-2890
-2444
-1843
-1185
-402
337
1058
1647
2074
2446
2635
2750
2701
2568
2418
2173
1875
1536
1196
906
638
318
48
-187
-397
-529
-723
-896
-1009
-1075
-1100
-1121
-1140
-1138
-1057
-967
-778
-568
-359
-106
140
378
588
780
848
806
620
277
-143
-675
-1351
-2011
-2787
-3462
-4028
-4610
-4965
-5235
-5309
-5110
-4749
-4168
-3265
-2052
-569
809
2052
2941
3893
4670
5203
5249
4720
4011
3007
1896
627
-574
-1696
-2543
-3137
-3470
-3333
-3071
-2708
-2368
-1954
-1405
-959
-678
-600
-394
-99
370
790
1211
1867
2589
3396
4023
4457
4664
4575
4184
3463
2628
1573
403
-794
-1802
-2390
-2717
-2767
-2694
-2316
-1643
-859
-59
631
1325
1913
2367
2649
2758
2875
2923
2893
2698
2461
2221
1940
1560
1083
639
215
-155
-535
-835
-993
-1049
-1075
-1133
-1131
-1064
-948
-918
-983
-997
-972
-866
-760
-634
-382
-26
357
701
1006
1254
1421
1410
1148
655
41
-763
-1564
-2496
-3377
-4089
-4695
-5014
-5227
-5162
-4994
-4441
-3814
-2950
-1668
-284
1124
2297
3048
3795
4508
4877
4933
4350
3463
2564
1394
143
-1018
-2215
-2992
-3457
-3740
-3573
-3248
-2873
-2303
-1839
-1382
-865
-652
-507
-307
-171
218
641
989
1562
2133
2729
3353
3658
3683
3528
3042
2416
1654
650
-324
-1206
-1852
-2082
-2094
-1851
-1386
-825
-95
616
1200
1679
2000
2228
2373
2366
2374
2350
2318
2327
2234
2177
2122
1929
1653
1277
807
394
-89
-596
-948
-1222
-1289
-1273
-1293
-1220
-1116
-995
-893
-917
-1017
-1023
-1028
-934
-797
-659
-356
-2
376
725
936
1039
1017
707
236
-396
-1131
-1918
-2725
-3386
-3917
-4191
-4310
-4321
-4124
-3753
-3238
-2503
-1608
-315
1001
2152
3032
3567
4213
4674
4852
4453
3691
2633
1473
183
-1125
-2196
-3138
-3704
-3927
-3792
-3184
-2571
-1996
-1491
-956
-476
-181
-237
-397
-336
-224
35
210
484
1049
1639
2139
2451
2523
2421
2091
1444
714
42
-694
-1315
-1751
-1768
-1331
-739
-123
512
1183
1818
2230
2345
2263
2119
1922
1644
1511
1425
1612
1816
1940
2110
2245
2330
2159
1795
1228
734
151
-401
-881
-1242
-1262
-1189
-1053
-926
-790
-645
-601
-683
-902
-1082
-1277
-1385
-1402
-1304
-1021
-658
-273
81
363
543
534
240
-221
-798
-1496
-2138
-2814
-3249
-3526
-3665
-3552
-3499
-3070
-2743
-2199
-1590
-645
663
1778
2773
3277
3788
4395
4773
4717
4091
3252
2191
1077
-314
-1539
-2519
-3253
-3477
-3486
-2943
-2165
-1449
-825
-265
264
550
527
122
-95
-187
-281
-278
-377
-107
337
667
884
930
857
576
112
-471
-869
-1206
-1559
-1625
-1396
-668
206
927
1579
2155
2643
2736
2405
1909
1504
1101
683
315
325
803
1344
1886
2184
2484
2805
2762
2396
1806
1130
554
-9
-556
-740
-714
-560
-280
-123
129
258
50
-313
-774
-1216
-1528
-1875
-2113
-1972
-1648
-1165
-710
-369
4
188
93
-204
-729
-1346
-1986
-2593
-3060
-3294
-3283
-3163
-2849
-2562
-2038
-1680
-1416
-1015
-469
755
1713
2604
3014
3417
3966
4411
4463
3911
3119
2009
917
-396
-1632
-2464
-3107
-3197
-3001
-2344
-1375
-559
62
543
1008
1230
1107
567
161
94
36
59
-22
40
323
410
322
17
-458
-1111
-1843
-2469
-2730
-2668
-2532
-2101
-1267
-7
1372
2316
2924
3269
3360
3085
2258
1368
630
56
-261
-509
-353
334
1169
1889
2378
2587
2626
2449
1835
1283
634
122
-152
-309
-106
331
702
1016
1195
1203
1111
672
-68
-704
-1357
-1834
-2078
-2211
-2013
-1610
-1177
-765
-543
-480
-523
-862
-1334
-1807
-2374
-2849
-3140
-3271
-3050
-2768
-2449
-2100
-1846
-1662
-1466
-1330
-1064
-151
940
1997
2901
3259
3858
4350
4512
4296
3434
2278
1114
-127
-1446
-2197
-2825
-2853
-2444
-1934
-864
35
576
1023
1168
1156
1093
654
283
361
424
684
895
908
1186
1152
728
206
-639
-1559
-2461
-3284
-3600
-3368
-2935
-2221
-1232
18
1402
2320
2774
2965
2846
2505
1881
1078
514
220
88
194
426
913
1483
1765
1800
1610
1272
754
253
-156
-309
-300
-134
253
712
1293
1684
1812
1714
1417
996
362
-364
-953
-1319
-1517
-1520
-1358
-1117
-746
-510
-417
-508
-802
-1178
-1718
-2331
-2727
-3037
-3201
-3130
-3045
-2768
-2475
-2256
-2074
-2030
-2064
-2106
-1937
-1751
-923
412
1685
3006
3605
4084
4303
4387
4010
3194
1992
662
-296
-1392
-1940
-2245
-2271
-1725
-1154
-376
284
563
690
744
656
587
502
390
774
1298
1678
2025
1971
1810
1453
604
-235
-1131
-2030
-2725
-3165
-3133
-2540
-1776
-1043
-198
634
1471
1950
1860
1690
1492
1307
1187
947
935
1145
1422
1705
1896
1996
2015
1827
1334
791
223
-316
-653
-797
-594
-184
213
603
897
1204
1314
1222
872
437
54
-308
-602
-894
-972
-888
-720
-526
-442
-386
-404
-505
-778
-1178
-1585
-1972
-2283
-2587
-2717
-2796
-2750
-2728
-2705
-2686
-2608
-2617
-2546
-2493
-2392
-2011
-1425
-253
1247
2494
3324
3722
3773
3870
3575
2946
2064
1132
181
-476
-1268
-1629
-1678
-1732
-1398
-1031
-572
-161
-118
-134
64
311
575
780
940
1515
2104
2248
2174
1715
1252
705
-109
-817
-1420
-1869
-2108
-2111
-1804
-1204
-671
-315
80
460
825
974
858
871
974
1215
1427
1508
1657
1831
1981
2003
1897
1820
1644
1442
1175
889
559
269
138
126
366
504
603
588
476
501
372
250
25
-213
-342
-434
-538
-644
-741
-743
-651
-626
-692
-730
-819
-871
-980
-1274
-1484
-1754
-1982
-2203
-2516
-2707
-2835
-2885
-2919
-2848
-2813
-2754
-2593
-2475
-2087
-1522
-864
558
1920
2961
3585
3551
3477
3260
3033
2378
1845
919
250
-234
-916
-971
-1229
-1496
-1382
-1258
-974
-783
-919
-802
-341
21
506
849
1119
1771
2039
1958
1774
1231
660
85
-569
-925
-1182
-1478
-1571
-1423
-1054
-621
-411
-329
-41
286
575
745
896
1132
1397
1617
1727
1658
1563
1443
1410
1399
1330
1423
1400
1455
1504
1432
1139
882
741
653
700
659
654
675
453
456
326
148
48
-190
-338
-375
-485
-667
-833
-960
-935
-895
-968
-903
-857
-813
-794
-961
-1134
-1393
-1654
-1935
-2274
-2559
-2851
-3036
-3251
-3329
-3321
-3206
-2892
-2531
-1889
-1308
-29
1502
2721
3398
3375
3151
2890
2616
2279
1904
1600
1154
852
228
-155
-388
-962
-1261
-1459
-1491
-1376
-1408
-1391
-956
-406
121
575
816
1265
1600
1493
1307
964
484
66
-375
-635
-686
-854
-1044
-1060
-882
-614
-451
-454
-345
-1
320
597
807
1072
1346
1597
1676
1656
1595
1483
1431
1461
1457
1431
1459
1227
1168
1145
1006
872
723
644
621
699
626
672
527
419
619
494
434
404
191
-12
-215
-635
-954
-1228
-1469
-1457
-1549
-1536
-1214
-1059
-914
-746
-823
-946
-1152
-1443
-1644
-2023
-2344
-2593
-2896
-3064
-3124
-3012
-2959
-2529
-2093
-1558
-744
558
1790
2527
2745
2620
2501
2403
2346
2085
1880
1606
1355
970
406
153
-381
-887
-1125
-1348
-1337
-1325
-1408
-1174
-730
-280
193
493
768
1125
1076
868
654
247
-72
-350
-581
-564
-547
-702
-744
-666
-510
-370
-384
-361
-85
209
502
731
948
1260
1503
1693
1740
1666
1524
1339
1253
1151
1126
1214
1220
1265
1216
1133
836
655
518
370
435
376
419
444
365
480
556
511
537
461
281
129
-190
-596
-877
-1200
-1365
-1418
-1535
-1470
-1283
-1168
-1001
-982
-1099
-1117
-1287
-1439
-1691
-1904
-2189
-2289
-2482
-2657
-2678
-2639
-2432
-2035
-1555
-894
439
1633
2409
2627
2217
2145
1858
1828
1830
1740
1839
1686
1507
942
511
-20
-691
-1005
-1241
-1256
-1188
-1219
-999
-616
-256
67
260
405
668
759
530
359
86
-263
-405
-623
-686
-613
-731
-799
-681
-480
-303
-217
-268
-122
219
454
716
950
1185
1486
1641
1804
1876
1741
1506
1260
1112
918
984
1190
1144
1252
1127
1037
682
391
312
119
208
168
198
161
44
183
134
126
228
243
164
56
-181
-501
-807
-1109
-1345
-1407
-1525
-1414
-1225
-1198
-1012
-1083
-1149
-1302
-1435
-1601
-1788
-1933
-2072
-2164
-2278
-2256
-2305
-2229
-2000
-1630
-1076
-393
1132
1901
2459
2291
1871
1856
1595
1968
1899
2138
2178
1874
1575
771
375
-315
-928
-998
-1118
-933
-859
-861
-656
-364
-97
-10
186
329
631
696
415
317
18
-239
-378
-625
-608
-579
-711
-693
-602
-492
-430
-463
-513
-307
96
422
890
1248
1597
1972
2067
2083
1894
1658
1449
1339
1303
1287
1330
1201
1094
990
851
748
541
426
320
210
153
2
-12
-38
20
141
166
216
124
10
-293
-573
-780
-1068
-1115
-1210
-1146
-1046
-1143
-1089
-1143
-1234
-1303
-1335
-1337
-1303
-1344
-1450
-1677
-1699
-1917
-1969
-2190
-2387
-2279
-2248
-1951
-1758
-1289
-981
-10
1128
1887
2224
1813
1863
1659
1990
2286
2151
2445
1859
1702
1035
132
-127
-949
-1122
-941
-883
-713
-721
-757
-487
-41
41
146
178
234
613
433
167
50
-226
-216
-235
-294
-264
-392
-571
-762
-703
-684
-682
-669
-557
-18
484
929
1244
1475
1807
1934
1886
1707
1485
1470
1443
1472
1547
1538
1611
1444
1328
1098
750
594
335
375
344
238
236
88
146
98
42
-48
-252
-275
-443
-525
-656
-781
-714
-769
-730
-747
-844
-978
-1106
-1181
-1208
-1269
-1250
-1135
-1060
-1053
-1306
-1465
-1860
-1974
-2122
-2384
-2208
-2445
-2089
-2085
-2045
-1678
-1676
-934
-754
273
1066
1719
1844
1533
1798
1750
2461
2376
2411
2218
1400
1161
-59
-707
-963
-1272
-865
-597
-311
-16
-8
-23
-5
65
-58
-50
-60
21
453
376
329
309
196
310
198
69
-141
-355
-552
-705
-743
-707
-447
-242
47
495
843
1094
1136
1172
1272
1305
1313
1310
1443
1663
1859
1818
1648
1601
1546
1488
1246
1004
916
929
975
935
772
559
362
126
-121
-252
-318
-351
-306
-281
-280
-296
-398
-500
-598
-666
-733
-746
-781
-713
-600
-528
-493
-517
-537
-693
-848
-1257
-1520
-1863
-2021
-2091
-2224
-2007
-2057
-1845
-1924
-2053
-1985
-2151
-1973
-1924
-1465
-1053
-108
937
1695
2114
1813
1572
1352
1526
1396
1281
741
172
153
-415
-596
-761
-810
-330
151
343
368
154
-206
-169
-178
-202
-27
51
305
783
825
683
378
46
45
44
16
2
-14
-37
63
89
43
47
20
46
255
483
730
824
788
872
947
979
880
767
816
1045
1331
1489
1533
1548
1532
1565
1479
1371
1257
1038
885
637
383
177
3
-68
-87
-88
-121
-148
-279
-449
-588
-751
-802
-746
-650
-448
-223
-65
4
-101
-286
-494
-657
-737
-770
-762
-795
-858
-914
-929
-1002
-1046
-1122
-1243
-1332
-1476
-1519
-1581
-1565
-1433
-1327
-1129
-864
-628
-430
-208
88
336
293
-68
-516
-902
-795
-611
-282
-144
-461
-545
-695
-670
-511
-405
-406
-103
158
490
794
563
459
331
312
397
433
291
303
383
450
637
559
521
527
596
730
839
791
690
649
638
821
906
903
892
820
817
764
581
378
238
195
275
363
468
606
738
790
778
710
691
716
663
668
648
659
693
679
633
561
437
319
276
300
369
388
337
384
457
476
476
342
261
213
140
12
-133
-265
-356
-367
-434
-484
-504
-485
-488
-524
-613
-797
-927
-1033
-1049
-1061
-1118
-1104
-1072
-993
-1025
-1132
-1284
-1460
-1644
-1798
-1949
-2053
-2039
-2061
-1932
-1757
-1631
-1464
-1495
-1547
-1410
-1250
-983
-691
-667
-477
-272
-161
170
387
494
833
965
1026
1167
997
1008
1096
1015
1038
1094
1082
1202
1239
1154
1207
1144
1109
1124
1110
1151
1210
1123
977
908
796
783
719
559
492
463
443
452
402
346
338
262
200
154
116
179
313
404
483
505
468
487
526
529
586
574
546
582
524
529
566
590
698
783
794
807
721
617
577
481
355
259
147
110
129
75
12
-78
-200
-313
-441
-543
-594
-623
-646
-613
-589
-580
-637
-760
-900
-1053
-1192
-1323
-1470
-1559
-1661
-1765
-1832
-1938
-1966
-1948
-2005
-2053
-2103
-2141
-2054
-1968
-1814
-1664
-1533
-1353
-1244
-1025
-774
-540
-160
20
49
104
16
126
372
451
649
842
862
1014
1021
896
947
981
1057
1250
1292
1315
1382
1253
1122
1001
817
763
805
854
940
901
709
535
331
165
91
13
-22
5
55
213
370
414
466
479
529
611
652
693
701
727
774
778
755
702
703
767
838
919
951
868
772
606
445
413
402
473
640
742
797
808
692
605
454
287
203
132
150
193
166
100
-1
-102
-210
-339
-499
-601
-655
-755
-861
-1009
-1113
-1174
-1219
-1253
-1298
-1359
-1414
-1445
-1540
-1627
-1723
-1789
-1805
-1823
-1831
-1771
-1728
-1694
-1602
-1596
-1462
-1315
-1275
-1085
-948
-909
-762
-846
-990
-865
-869
-665
-343
-380
-187
-49
-167
83
238
336
733
853
978
1261
1267
1291
1426
1345
1399
1477
1288
1259
1098
820
681
462
293
338
389
468
679
734
791
857
827
862
898
850
915
1035
1104
1253
1310
1296
1290
1208
1108
1046
928
822
725
652
613
584
540
478
477
487
549
588
550
432
318
169
87
97
94
198
294
338
367
343
250
177
77
-13
-58
-124
-144
-158
-237
-376
-553
-671
-656
-608
-572
-613
-716
-767
-801
-901
-997
-1093
-1119
-1055
-1006
-1007
-1007
-993
-970
-964
-1036
-1100
-1181
-1210
-1249
-1308
-1379
-1497
-1593
-1676
-1759
-1817
-1823
-1836
-1813
-1685
-1595
-1501
-1384
-1390
-1272
-1112
-928
-641
-319
-137
86
249
198
331
427
474
638
671
703
909
988
1093
1258
1294
1381
1486
1491
1522
1599
1580
1677
1733
1700
1765
1784
1821
1860
1801
1704
1602
1450
1369
1300
1206
1173
1137
1061
1007
913
800
694
526
381
300
205
176
168
118
114
41
-22
-78
-139
-183
-188
-152
-111
-38
-12
-12
-26
-41
-5
20
43
59
50
67
57
-8
-100
-194
-233
-224
-199
-216
-258
-312
-321
-302
-321
-329
-343
-364
-371
-419
-533
-663
-810
-926
-1009
-1079
-1153
-1219
-1278
-1337
-1392
-1521
-1639
-1699
-1759
-1748
-1752
-1801
-1771
-1766
-1753
-1709
-1699
-1671
-1621
-1632
-1597
-1587
-1645
-1578
-1537
-1382
-1176
-1025
-858
-734
-605
-384
-183
114
442
592
812
963
1120
1423
1635
1814
2003
2054
2146
2198
2125
2150
2155
2132
2197
2245
2226
2260
2153
2016
1906
1698
1539
1411
1291
1224
1167
1001
870
717
582
509
436
343
291
255
189
167
71
11
-74
-149
-151
-132
-111
-110
-119
-169
-215
-268
-319
-344
-363
-343
-246
-164
-116
-85
-50
27
112
182
238
288
336
370
361
302
200
132
72
2
-69
-162
-250
-316
-412
-506
-591
-675
-718
-759
-819
-889
-928
-962
-965
-973
-1006
-1045
-1096
-1133
-1205
-1282
-1400
-1492
-1549
-1594
-1624
-1652
-1657
-1638
-1585
-1554
-1528
-1471
-1403
-1322
-1206
-1105
-1006
-910
-786
-667
-565
-481
-414
-292
-125
27
225
334
391
529
636
803
1064
1226
1339
1496
1517
1589
1744
1788
1871
1942
1857
1873
1844
1708
1674
1589
1504
1495
1417
1252
1162
1009
912
881
732
643
597
552
544
490
346
215
57
-53
-101
-162
-243
-301
-317
-308
-249
-238
-230
-191
-135
-56
1
-16
1
47
120
201
187
152
172
173
178
223
185
171
175
133
138
125
112
167
192
195
220
213
179
130
49
-16
-53
-133
-200
-276
-404
-536
-666
-799
-908
-996
-1069
-1109
-1149
-1197
-1231
-1261
-1254
-1186
-1117
-1070
-1043
-1036
-1002
-982
-995
-976
-947
-918
-897
-858
-830
-799
-764
-713
-645
-578
-462
-337
-239
-127
-77
-43
25
46
103
171
208
265
309
334
473
540
599
616
543
504
523
536
625
706
728
782
746
744
807
841
854
835
748
687
611
518
425
342
302
302
291
261
259
203
173
145
76
35
44
85
147
154
93
43
-4
4
72
117
148
173
201
247
309
364
413
473
496
556
627
656
680
699
678
647
609
566
542
517
488
446
372
263
169
69
11
-49
-128
-157
-176
-200
-207
-271
-371
-451
-515
-507
-495
-523
-556
-601
-661
-724
-787
-873
-902
-940
-947
-910
-922
-917
-924
-917
-867
-786
-731
-697
-665
-626
-546
-492
-422
-350
-281
-182
-108
-61
-1
9
19
39
14
20
45
103
135
171
164
158
138
101
55
-18
-115
-226
-253
-298
-301
-334
-308
-256
-180
-200
-238
-281
-288
-195
-139
-80
-107
-126
-174
-182
-166
-111
-64
14
34
32
70
76
142
159
211
279
401
504
632
732
805
860
865
891
945
1059
1119
1135
1115
1113
1112
1121
1109
1126
1127
1088
1046
996
991
973
945
881
843
805
767
732
670
607
572
515
412
309
179
107
67
-21
-114
-231
-347
-427
-520
-619
-679
-746
-790
-843
-917
-971
-996
-1022
-1045
-1037
-998
-921
-861
-827
-798
-775
-775
-777
-764
-700
-602
-512
-447
-398
-328
-247
-178
-136
-108
-92
-83
-89
-124
-135
-148
-157
-138
-114
-73
-18
31
62
62
72
74
57
33
-9
-64
-98
-133
-217
-310
-437
-553
-661
-769
-878
-957
-1065
-1152
-1183
-1215
-1150
-1095
-1044
-918
-850
-795
-704
-721
-626
-472
-350
-149
-38
26
153
230
341
540
658
832
1003
1089
1233
1330
1361
1430
1488
1545
1640
1693
1717
1768
1771
1755
1750
1709
1695
1665
1625
1598
1516
1417
1318
1233
1174
1114
1000
875
748
591
454
293
141
25
-108
-224
-293
-368
-415
-483
-591
-699
-797
-880
-945
-974
-1019
-1019
-1012
-1042
-1040
-1070
-1071
-1029
-1015
-989
-952
-951
-887
-831
-838
-785
-736
-684
-589
-500
-408
-292
-241
-210
-148
-104
-5
70
93
122
124
126
147
111
42
-22
-99
-162
-204
-246
-304
-350
-387
-412
-424
-438
-423
-401
-368
-358
-366
-374
-376
-394
-417
-409
-425
-434
-451
-488
-499
-525
-570
-576
-592
-601
-570
-568
-552
-514
-520
-453
-349
-281
-155
-15
114
267
354
364
435
495
601
758
868
985
1093
1176
1233
1322
1386
1430
1472
1474
1468
1463
1430
1405
1391
1342
1289
1233
1145
1086
996
903
840
731
621
535
460
393
328
233
152
67
-16
-73
-144
-223
-302
-393
-495
-558
-621
-669
-739
-831
-895
-929
-930
-931
-894
-847
-815
-774
-728
-681
-630
-608
-604
-582
-570
-553
-526
-530
-517
-477
-467
-432
-395
-379
-326
-268
-249
-192
-151
-109
-30
-4
35
83
101
129
147
133
137
130
137
161
139
104
80
33
-13
-25
-34
-40
-45
-59
-57
-49
-46
-16
25
61
86
75
75
86
99
127
151
181
206
202
207
214
207
219
216
213
208
195
180
197
158
127
103
64
57
64
56
56
51
16
29
12
35
70
58
38
28
-3
21
83
135
176
168
139
86
74
82
108
136
122
118
104
73
38
12
-13
-2
12
-5
-9
-19
-45
-77
-111
-144
-146
-139
-133
-126
-154
-200
-226
-247
-252
-252
-277
-266
-234
-224
-200
-170
-155
-124
-118
-126
-103
-84
-79
-46
-36
-52
-61
-79
-90
-71
-77
-75
-42
-37
-35
-35
-49
-31
10
41
104
147
182
231
262
293
309
304
318
341
333
357
368
350
354
330
279
254
254
258
276
277
259
259
229
204
201
180
192
222
219
217
217
200
192
166
158
168
182
180
172
136
120
113
66
41
-2
-35
-77
-123
-167
-213
-264
-309
-376
-444
-502
-593
-630
-672
-713
-717
-752
-805
-816
-861
-891
-879
-915
-914
-908
-958
-974
-958
-952
-905
-870
-866
-827
-790
-750
-659
-576
-477
-376
-304
-231
-119
-12
73
179
250
345
462
525
615
684
702
754
787
787
807
823
832
832
796
751
751
761
759
774
744
726
719
681
678
665
638
612
555
501
472
438
387
319
267
253
230
185
144
105
64
45
33
21
33
28
15
20
21
45
60
68
83
98
116
122
116
118
124
112
112
101
105
132
143
148
127
122
109
124
120
120
125
100
99
85
60
26
-6
-58
-85
-121
-164
-173
-179
-200
-227
-262
-279
-314
-384
-427
-465
-511
-567
-626
-670
-697
-735
-779
-794
-807
-819
-826
-852
-853
-846
-841
-815
-800
-776
-728
-694
-661
-619
-599
-567
-550
-554
-517
-488
-475
-467
-448
-409
-380
-314
-276
-224
-153
-98
-9
90
147
235
327
353
450
507
548
639
684
722
783
822
881
914
878
901
921
927
953
945
930
921
903
882
874
832
773
759
723
658
617
523
459
405
319
277
228
185
162
132
68
21
-11
-38
-45
-72
-103
-107
-124
-134
-111
-112
-116
-126
-133
-135
-99
-109
-95
-74
-103
-60
-36
-35
-13
8
34
58
38
13
10
5
-11
-33
-61
-71
-84
-134
-145
-166
-186
-200
-236
-275
-301
-311
-348
-389
-436
-430
-414
-424
-413
-424
-444
-457
-467
-461
-465
-501
-511
-525
-527
-517
-528
-522
-496
-454
-420
-392
-372
-335
-289
-237
-198
-184
-152
-121
-83
-47
-13
30
64
70
95
146
193
243
261
288
312
313
342
380
395
431
454
464
497
497
486
477
464
454
461
389
315
295
270
232
197
159
115
87
45
29
19
7
-28
-60
-91
-108
-99
-128
-165
-175
-192
-215
-184
-193
-175
-151
-150
-137
-110
-76
-38
0
11
58
73
115
169
200
212
234
297
322
334
334
345
375
365
336
339
339
339
335
324
311
300
303
288
266
219
189
135
83
51
-12
-57
-113
-174
-236
-262
-286
-308
-335
-368
-366
-370
-379
-369
-362
-356
-341
-347
-342
-329
-304
-286
-264
-239
-221
-200
-184
-166
-149
-99
-60
-27
5
38
75
127
159
176
221
234
243
268
282
279
273
261
234
204
174
156
136
116
105
95
56
37
18
16
13
11
-3
-31
-40
-82
-109
-141
-176
-198
-208
-202
-210
-211
-196
-212
-222
-212
-197
-167
-165
-166
-158
-147
-118
-100
-123
-132
-131
-138
-137
-148
-142
-125
-131
-144
-145
-152
-144
-119
-91
-55
-39
-34
-20
-21
-17
-10
-20
-8
4
-32
-45
-58
-92
-90
-102
-117
-99
-104
-106
-98
-95
-69
-35
-27
-13
2
4
40
81
98
118
126
137
177
188
186
192
197
189
218
245
248
265
268
266
285
308
329
345
321
324
323
297
277
255
245
235
194
146
107
54
42
5
-39
-42
-42
-61
-85
-98
-100
-109
-121
-139
-178
-200
-215
-230
-244
-245
-258
-270
-265
-269
-273
-260
-265
-252
-217
-193
-177
-153
-118
-96
-85
-62
-30
-35
-15
11
35
33
37
65
86
98
85
99
113
125
144
169
198
236
256
273
255
225
214
200
181
158
138
114
123
110
80
54
24
18
2
1
23
32
19
-2
-23
-24
-25
-56
-84
-94
-117
-150
-169
-161
-168
-190
-198
-204
-216
-206
-194
-194
-156
-127
-105
-107
-129
-107
-91
-84
-53
-22
-22
-20
-7
9
41
44
23
20
23
56
77
77
86
83
91
95
107
99
87
87
65
44
26
30
35
18
-7
-43
-57
-61
-65
-87
-95
-102
-135
-157
-181
-194
-192
-175
-176
-193
-187
-204
-214
-198
-215
-215
-196
-213
-206
-182
-167
-136
-115
-83
-25
-22
-2
39
64
89
105
117
144
174
192
216
226
224
251
271
269
295
312
340
344
349
374
388
418
447
449
437
440
437
435
400
361
358
353
336
297
258
259
245
210
178
144
121
116
90
60
62
58
44
24
26
20
12
-23
-46
-54
-72
-78
-101
-120
-139
-163
-181
-162
-149
-123
-113
-112
-114
-129
-153
-168
-160
-158
-169
-185
-180
-182
-191
-207
-199
-192
-205
-228
-240
-212
-213
-227
-255
-267
-266
-282
-294
-270
-262
-273
-271
-270
-275
-282
-298
-320
-317
-331
-309
-290
-288
-282
-262
-250
-237
-219
-194
-163
-173
-156
-129
-140
-143
-131
-129
-139
-152
-156
-152
-151
-154
-133
-90
-44
-10
-8
4
34
62
88
114
141
173
196
231
258
256
286
308
312
319
339
374
402
407
402
412
443
476
469
447
446
442
448
451
429
409
396
351
310
276
255
258
248
228
213
202
183
154
145
155
135
115
102
59
26
11
-16
-51
-61
-84
-117
-137
-166
-164
-158
-164
-179
-188
-191
-185
-190
-200
-197
-193
-173
-164
-170
-176
-153
-123
-123
-130
-135
-123
-124
-135
-125
-111
-104
-95
-98
-101
-81
-65
-73
-72
-86
-81
-90
-108
-107
-102
-105
-137
-158
-173
-163
-164
-170
-192
-227
-227
-203
-209
-229
-233
-221
-192
-181
-183
-172
-154
-148
-152
-163
-163
-141
-122
-95
-72
-61
-21
15
42
61
70
92
134
167
177
227
255
275
304
293
310
331
331
340
333
317
308
283
291
302
299
299
284
280
307
322
307
276
259
253
234
200
178
168
142
109
95
69
48
28
6
-14
-52
-63
-76
-90
-93
-107
-115
-107
-109
-116
-125
-154
-146
-161
-182
-196
-218
-224
-219
-211
-207
-191
-189
-194
-195
-169
-162
-159
-145
-153
-161
-151
-151
-162
-175
-188
-185
-198
-224
-239
-224
-224
-239
-249
-231
-227
-220
-198
-180
-163
-172
-187
-196
-179
-162
-152
-140
-155
-156
-139
-121
-111
-95
-79
-51
-9
13
55
97
108
106
129
167
202
216
235
272
282
298
311
296
304
329
340
332
320
316
335
337
334
340
343
358
343
336
334
312
308
288
257
249
249
246
229
208
196
205
174
137
107
82
85
73
69
53
28
19
14
7
10
12
-8
-31
-52
-65
-69
-113
-133
-124
-129
-125
-135
-142
-139
-157
-183
-177
-174
-165
-168
-191
-177
-186
-176
-162
-177
-193
-193
-196
-216
-226
-240
-247
-231
-219
-200
-184
-207
-206
-193
-178
-150
-162
-168
-171
-183
-184
-198
-221
-241
-220
-203
-201
-196
-188
-184
-195
-173
-148
-120
-98
-115
-110
-95
-64
-47
-52
-49
-55
-38
-30
-20
-9
-25
-9
0
13
31
58
81
86
96
134
176
191
212
203
207
246
250
235
248
303
333
341
340
347
377
400
412
388
383
403
416
427
428
426
413
403
381
363
357
331
310
288
277
271
242
219
168
164
155
126
112
84
55
28
0
-18
-4
-37
-93
-114
-138
-140
-179
-217
-222
-237
-250
-252
-246
-264
-276
-293
-282
-266
-266
-267
-262
-270
-272
-253
-263
-261
-256
-280
-282
-266
-259
-246
-246
-247
-234
-220
-217
-197
-167
-138
-148
-146
-98
-73
-73
-82
-71
-54
-35
-34
-48
-39
-45
-38
-40
-57
-49
-45
-30
-16
-6
-1
-13
-38
-35
-29
-15
-19
-38
-39
-52
-61
-47
-25
-43
-65
-54
-23
-22
-20
-11
-1
0
15
39
54
80
70
66
87
110
121
121
101
108
134
149
149
151
167
189
194
167
166
154
162
173
165
163
159
163
175
168
129
125
121
98
78
61
73
71
43
18
27
46
22
9
14
26
10
-10
-20
-15
2
2
-2
-7
-19
-17
-31
-61
-75
-58
-57
-67
-75
-80
-85
-89
-85
-96
-79
-77
-63
-63
-72
-75
-79
-62
-81
-89
-79
-90
-92
-99
-88
-87
-104
-105
-95
-72
-64
-60
-53
-43
-62
-66
-54
-47
-32
-30
-27
-27
-28
-8
14
4
-16
2
13
37
47
55
74
79
78
82
87
81
105
101
85
99
108
126
136
121
133
153
126
114
130
152
159
127
112
119
119
128
117
99
83
80
81
47
29
10
-2
-27
-35
-22
-28
-51
-76
-103
-102
-106
-114
-113
-130
-132
-124
-100
-101
-98
-113
-114
-92
-93
-85
-58
-55
-40
-33
-38
-23
-22
1
14
26
31
55
67
64
79
100
114
108
115
129
127
98
97
100
98
82
69
85
81
58
44
29
14
-2
-19
-17
-19
-32
-48
-65
-84
-98
-99
-116
-119
-115
-112
-124
-133
-139
-131
-144
-156
-151
-143
-151
-145
-134
-131
-143
-148
-114
-105
-101
-85
-70
-55
-69
-66
-27
6
15
12
11
28
37
52
67
60
80
83
85
74
92
128
113
93
83
83
94
68
53
68
63
66
47
22
18
34
31
5
-22
-24
-20
-24
-41
-53
-52
-64
-71
-84
-82
-81
-96
-82
-79
-68
-55
-54
-62
-76
-75
-27
2
3
-5
5
35
47
54
62
71
88
103
115
127
136
139
133
135
144
170
167
159
153
156
151
131
143
131
133
120
98
71
57
64
63
51
18
-9
-17
-3
-18
-34
-37
-64
-82
-111
-113
-96
-102
-132
-158
-166
-169
-171
-166
-169
-175
-177
-172
-175
-191
-185
-183
-167
-147
-145
-131
-128
-128
-111
-107
-92
-78
-57
-47
-60
-57
-37
-1
-8
-14
8
17
26
16
19
24
20
35
31
32
39
39
34
38
52
50
43
30
36
18
14
31
29
25
-4
-3
14
20
0
-17
-10
7
5
2
13
18
31
13
7
41
57
56
31
40
81
86
81
78
82
92
92
101
115
111
116
117
101
99
114
129
122
116
105
118
137
140
148
153
147
135
120
124
139
138
144
126
123
133
135
123
102
85
92
87
73
62
47
40
12
4
1
-6
-31
-37
-43
-63
-76
-65
-53
-71
-96
-106
-101
-114
-147
-156
-157
-144
-144
-170
-194
-201
-175
-177
-202
-208
-189
-162
-151
-169
-161
-142
-144
-155
-149
-124
-108
-110
-112
-98
-76
-64
-52
-58
-67
-38
-12
-8
-8
-3
11
12
2
28
38
42
49
47
65
79
83
95
96
88
86
93
82
63
64
69
57
47
40
43
31
5
2
27
38
23
10
-4
-21
-33
-32
-25
-25
-32
-20
-33
-43
-44
-19
-16
-26
-29
-20
-2
-4
0
1
9
0
4
-7
-3
6
7
5
-7
12
37
44
45
33
41
42
48
54
44
37
34
39
43
52
43
36
38
32
18
14
21
29
21
7
16
6
-5
-8
-18
-22
-27
-47
-51
-41
-32
-17
-36
-66
-63
-54
-67
-82
-84
-57
-64
-81
-79
-53
-39
-68
-78
-45
-15
-28
-36
-35
-13
2
10
25
37
52
70
49
45
58
77
59
43
42
60
89
72
74
57
56
60
68
53
39
39
48
54
28
8
21
46
18
-2
10
9
3
-22
-7
25
15
1
-12
-10
16
24
5
-5
-13
-11
-25
-31
-23
-31
-33
-43
-32
-44
-39
-35
-41
-38
-30
-20
-19
-2
2
-5
-12
-8
-8
-7
-2
6
6
-3
-9
-6
16
5
-18
-23
-1
18
8
2
-8
7
22
23
12
11
14
30
16
-8
9
15
15
-4
14
27
26
7
-16
-3
6
30
10
-6
-17
-1
18
22
3
-1
11
16
14
-20
-8
10
15
8
-2
9
34
46
20
9
24
37
28
24
32
45
43
26
38
60
68
57
63
64
51
43
49
52
48
44
47
52
46
37
31
45
46
44
38
27
26
21
9
2
10
13
-8
-18
-19
-22
-24
-44
-60
-45
-47
-46
-49
-41
-38
-55
-69
-84
-76
-83
-91
-101
-98
-97
-118
-127
-112
-103
-100
-97
-115
-116
-88
-67
-75
-92
-96
-61
-33
-25
-30
-41
-28
-28
-34
-20
-8
9
14
-17
-16
20
66
75
34
35
59
71
65
53
83
98
87
77
64
81
101
99
96
85
83
77
71
72
68
71
80
75
67
54
41
34
35
25
15
-10
-19
-17
-26
-12
-23
-24
-37
-43
-58
-53
-37
-27
-27
-42
-41
-55
-50
-42
-31
-32
-38
-39
-43
-42
-32
-19
-8
-4
-20
-18
-1
14
4
-14
-22
-8
5
1
9
10
10
14
-4
-18
-2
22
0
-20
-29
-5
11
-2
5
7
8
4
4
-8
-9
-4
-3
-14
-19
-17
-16
-31
-48
-37
-41
-57
-80
-75
-43
-17
-24
-33
-44
-36
-17
3
2
-14
-25
-16
7
18
28
34
33
26
34
52
59
53
59
69
92
95
105
100
91
109
123
124
121
115
119
127
122
130
127
142
150
137
123
120
132
113
95
85
85
91
81
75
65
56
44
33
31
24
19
4
-23
-34
-43
-32
-42
-40
-42
-67
-84
-90
-70
-73
-99
-107
-95
-85
-97
-118
-109
-97
-115
-129
-136
-131
-119
-111
-113
-113
-89
-80
-91
-104
-72
-41
-48
-63
-65
-52
-52
-42
-20
-16
-34
-47
-37
-20
-25
-20
-20
-28
-17
-6
10
6
-4
-1
6
19
22
28
17
12
20
35
66
55
25
15
36
48
31
17
23
32
24
25
44
45
29
38
37
34
27
38
45
23
13
24
33
34
43
54
42
29
29
27
41
48
59
61
47
48
29
14
15
20
25
12
-4
-10
12
28
6
-7
2
1
2
16
28
12
5
12
30
18
-5
25
38
12
-13
-17
30
15
-39
-38
-16
-2
-29
-33
-15
-6
-5
-26
-29
-34
-25
-21
-38
-45
-37
-32
-37
-50
-52
-64
-84
-102
-84
-78
-92
-103
-98
-93
-96
-88
-86
-95
-119
-114
-90
-88
-111
-115
-100
-82
-89
-98
-86
-73
-81
-88
-83
-65
-47
-46
-39
-42
-38
-37
-9
7
0
-2
3
16
37
47
44
31
27
41
68
77
88
92
88
87
91
95
87
101
128
130
100
89
121
139
105
92
100
99
101
94
85
103
95
86
73
56
61
75
85
81
57
44
49
50
47
45
12
-6
3
23
21
3
-11
1
1
-22
-39
-11
24
14
-3
3
-4
-4
-4
5
-4
-26
-8
2
-3
-9
-15
-28
-21
-23
-41
-38
-49
-49
-45
-58
-59
-66
-56
-45
-55
-66
-61
-61
-67
-65
-55
-55
-67
-61
-60
-46
-34
-58
-64
-51
-38
-29
-46
-61
-48
-32
-19
-13
-19
-16
-33
-29
-4
9
19
2
12
40
46
50
52
63
65
43
47
68
102
99
76
60
67
89
102
91
75
84
80
62
81
77
94
93
67
65
57
80
101
84
65
55
45
45
50
53
39
16
4
-7
-2
1
-1
-7
-38
-43
-33
-25
-26
-39
-36
-51
-50
-42
-28
-18
-41
-51
-40
-42
-50
-45
-45
-56
-66
-56
-36
-41
-72
-76
-61
-45
-33
-47
-53
-44
-32
-24
-41
-35
-36
-36
-38
-46
-25
-30
-44
-41
-41
-45
-53
-67
-59
-45
-43
-66
-82
-72
-57
-43
-51
-52
-61
-61
-55
-60
-56
-45
-35
-55
-62
-51
-36
-1
-13
-24
-35
-18
2
1
-6
-27
-11
5
4
-16
-12
16
29
15
-14
-5
33
58
34
8
22
59
79
58
66
59
65
77
60
75
83
91
70
65
79
97
92
84
88
72
68
51
88
113
110
104
81
92
90
74
77
85
83
79
61
50
64
52
58
50
37
39
40
53
49
25
15
5
14
15
1
14
9
5
2
-1
-2
-12
-4
-10
-25
-26
-3
10
-15
-29
-35
-41
-37
-31
-28
-53
-59
-58
-51
-53
-79
-92
-113
-104
-86
-83
-82
-98
-115
-109
-102
-102
-102
-110
-114
-117
-89
-86
-110
-115
-120
-108
-111
-108
-103
-88
-78
-78
-75
-93
-92
-76
-55
-52
-56
-45
-19
-2
0
-2
-12
-16
-9
-1
9
39
34
24
14
13
37
37
39
32
38
57
71
75
71
76
78
79
78
91
99
95
106
116
113
92
99
124
135
114
97
90
85
96
89
89
88
82
79
69
81
82
57
54
46
36
47
44
37
17
14
25
25
30
17
5
-1
7
7
-8
-7
-2
4
-10
-15
-6
-3
-8
-24
-23
-26
-6
-2
-12
-20
-23
-5
-9
-15
-15
-14
-10
-9
-29
-55
-44
-28
-19
-19
-51
-44
-34
-46
-50
-57
-52
-41
-46
-63
-56
-35
-34
-46
-68
-53
-28
-31
-54
-69
-52
-45
-43
-49
-32
-40
-73
-72
-50
-33
-62
-81
-71
-57
-67
-75
-54
-47
-42
-55
-67
-75
-53
-38
-16
-17
-39
-33
-41
-12
4
-1
-7
-27
-12
-5
8
7
17
30
3
-21
-5
31
32
2
-25
-16
-9
5
1
-5
-26
-32
-4
7
5
-7
-4
2
7
9
-5
-6
-10
2
-8
-25
1
7
16
-9
-3
22
47
41
24
43
24
43
47
68
65
39
50
67
81
73
89
70
64
63
63
85
81
91
79
55
51
74
96
86
49
29
47
58
68
60
48
47
53
53
41
34
33
43
26
19
16
26
34
3
7
6
0
-2
-24
1
12
19
21
13
14
12
19
14
8
25
22
19
13
17
33
29
21
16
30
36
33
37
23
8
10
22
27
33
9
10
28
19
14
-7
6
0
-13
-8
-12
-15
-28
-27
-39
-38
-17
-18
-23
-34
-35
-32
-51
-63
-45
-44
-35
-39
-54
-30
-34
-35
-31
-34
-45
-37
-28
-31
-32
-39
-35
-31
-35
-34
-34
-37
-29
-26
-32
-45
-43
-13
-19
-33
-31
-16
1
-12
-22
-17
0
8
8
-13
-8
-12
-10
-14
-20
-7
-16
-21
-30
-23
-16
-39
-25
-15
-20
-54
-70
-35
-19
-16
-39
-41
-14
-9
2
1
-5
16
-10
-13
3
14
21
-12
-15
8
22
9
-4
0
5
-4
0
42
52
34
18
34
54
49
34
16
33
25
17
10
-7
10
14
4
-2
-13
-13
-7
-1
6
-5
-13
-17
-4
-4
-3
13
-1
-6
-14
-22
-14
-22
-21
-12
-21
-23
-25
-19
-3
-10
-23
-40
-24
-18
-18
-30
-22
-1
6
0
-6
-18
-33
-8
11
16
-10
-31
-31
1
10
0
-3
-3
-3
1
8
8
15
22
25
-1
-16
13
14
6
-15
-22
-28
-26
-7
-11
-28
-43
-15
0
-24
-44
-33
-1
2
-17
-22
-17
4
15
-6
-27
-29
-4
3
-24
-28
-23
-17
-12
-13
11
15
10
-3
12
17
16
16
9
28
11
12
16
26
28
10
8
1
20
8
4
1
29
43
30
10
16
50
45
35
17
21
20
34
40
56
50
25
5
8
27
9
-5
-8
23
34
8
8
9
23
15
15
13
21
18
25
29
32
35
27
21
15
32
27
43
34
31
9
2
36
41
44
17
15
48
56
34
16
21
39
33
17
32
29
22
30
31
29
9
-1
-11
1
33
45
28
-2
7
31
21
16
1
0
0
9
27
29
1
-3
3
-5
-6
-6
7
2
2
-14
-12
4
-9
-8
-15
-15
-2
-12
-11
-11
-22
-35
-46
-29
-21
-16
-37
-42
-16
-26
-22
-40
-37
-20
-24
-16
-28
-30
-24
-12
-24
-41
-57
-45
-39
-42
-30
-31
-44
-53
-48
-40
-44
-36
-28
-45
-47
-37
-17
-21
-26
-30
-42
-39
-27
-9
-25
-34
-32
-27
-34
-35
-15
-18
-24
-30
-13
-19
-22
-33
-14
-11
-16
-12
-26
-1
-10
-6
-5
-13
-27
-28
-18
-7
1
-13
-14
-22
-18
-6
-3
-8
-1
0
-7
5
13
25
11
5
6
10
2
7
29
4
-1
-9
5
20
1
4
10
17
23
20
10
5
13
9
29
24
5
10
11
12
-5
1
16
17
-11
-14
5
20
23
20
10
2
2
4
21
18
17
12
-14
-2
13
21
6
-1
4
5
-6
-6
10
8
11
12
0
-1
2
12
29
5
-6
-11
1
7
19
15
1
-8
-22
14
18
6
-11
-15
8
17
20
-4
-4
-5
19
34
-3
0
4
16
25
1
2
3
0
10
3
8
12
9
-12
-14
9
12
22
10
5
16
23
28
30
18
14
21
33
31
33
21
32
45
38
19
7
14
34
51
39
33
7
32
62
47
34
9
34
44
34
32
32
34
19
15
12
34
30
14
2
8
29
25
15
-2
6
4
-2
6
12
21
11
-5
-18
-24
9
24
16
-25
-27
15
29
22
-17
-10
-4
-8
-4
-10
7
1
8
-5
-16
-17
-11
4
-13
-5
-10
-4
-3
-11
-8
-10
-20
-23
-29
-8
2
-5
-40
-46
-11
-4
-11
-42
-35
-17
-26
-11
-15
-14
-29
-36
-35
-26
-24
-25
-8
-24
-20
-27
-19
-20
-35
-41
-28
6
5
-15
-36
-35
-6
-11
-24
-24
-16
-1
5
-1
-15
-11
-7
7
12
-8
0
13
22
19
7
4
8
10
11
14
14
25
15
3
2
4
15
3
2
-2
-7
-3
-7
5
-8
-3
-18
-29
-17
-14
-4
-36
-35
-11
9
-10
-52
-50
-44
-13
-8
-7
-11
-37
-28
-29
-12
-5
-5
-9
-13
-2
11
15
-2
-16
-3
9
30
31
18
-1
-9
11
23
23
-5
-4
-5
1
-3
-9
-13
-14
-14
-25
-19
-18
-13
-28
-46
-37
-16
-14
-38
-49
-31
-13
-30
-41
-53
-28
-20
-24
-15
-21
-26
-28
-1
-8
-5
-11
12
26
-3
-17
7
38
32
22
7
28
41
33
32
24
42
52
53
30
27
35
29
38
42
51
33
14
39
43
33
9
24
45
40
32
17
37
21
32
30
16
20
29
40
23
13
12
29
15
7
24
31
22
19
30
42
31
6
4
18
30
39
29
10
17
30
44
28
10
25
27
37
20
17
26
23
28
4
17
12
26
21
4
18
14
14
-5
-6
0
9
-3
-17
-6
12
1
-26
-36
-28
-6
-22
-38
-44
-44
-36
-28
-29
-42
-50
-51
-40
-38
-39
-48
-51
-49
-44
-36
-50
-52
-49
-36
-35
-33
-31
-43
-39
-43
-27
-25
-43
-32
-26
-9
-20
-29
-27
-4
0
-9
-16
-16
11
2
-8
-8
19
25
10
-5
6
30
22
5
-1
4
23
28
15
-1
8
21
20
12
-7
12
18
14
13
-2
-5
-5
8
8
8
10
9
9
-6
3
10
1
-9
0
19
14
-5
-9
10
33
20
1
-7
7
30
25
8
6
23
34
22
19
24
33
22
18
36
32
21
4
22
26
21
-1
4
28
16
17
1
4
-4
-14
-20
-7
2
-13
-26
-33
-16
-5
-11
-34
-38
-37
-28
-17
-16
-31
-43
-47
-36
-18
-27
-21
-22
-22
-32
-42
-23
-1
4
-34
-42
-18
21
21
-11
-20
-13
12
14
10
-3
-8
-4
6
19
22
19
-5
-5
2
33
36
3
2
-6
14
6
12
21
21
4
-12
8
26
25
7
-6
-7
12
10
7
5
4
14
15
5
-2
8
16
16
2
-15
1
13
13
-2
0
14
18
10
-6
8
17
20
-3
-4
6
21
25
-2
7
9
20
5
0
19
16
9
-10
3
24
13
-2
0
16
22
7
5
8
21
8
9
2
-6
-6
0
17
14
-3
-19
-8
2
3
-10
-13
-13
-5
-11
-18
-11
-9
-7
-19
-12
4
-5
-17
-16
2
-2
-19
-25
5
8
-12
-14
9
22
5
-8
-12
12
13
13
14
-5
5
19
30
13
7
9
11
16
12
14
2
-1
6
25
7
4
9
10
3
4
22
12
-13
-19
0
17
-7
-10
-3
-6
-7
-17
-3
-18
-13
-17
-13
-5
-12
-3
-20
-26
-10
4
-3
-15
-12
-5
-8
-19
2
5
-6
-31
-21
13
17
-9
-28
-17
6
0
-15
-24
-6
3
-9
-16
-14
-13
-10
-3
-7
-14
-28
-27
-2
0
-20
-31
-29
-16
-11
-16
-12
-2
-6
-21
-28
-4
15
5
-19
-30
9
8
10
2
1
3
-5
1
9
22
14
12
-2
8
21
32
28
14
18
19
32
31
25
3
9
