-3
-2
-2
0
0
-1
0
1
0
0
0
-1
-1
0
1
2
2
2
1
0
-1
-2
-1
-1
0
0
0
0
1
2
2
1
1
2
3
3
5
5
5
5
5
3
2
2
2
1
1
0
1
2
2
2
0
1
1
0
-1
-1
-1
0
0
1
0
-2
0
0
1
-1
-1
0
-2
-1
-1
-1
-1
-1
-2
-3
-3
-2
-1
-1
0
0
1
1
1
1
1
1
1
2
3
3
3
3
3
4
2
2
2
2
2
2
2
2
3
3
2
2
2
1
2
1
2
2
1
1
2
1
2
2
2
2
1
1
0
1
0
0
1
0
0
-2
-1
-2
-1
-1
-1
-1
0
-1
0
-1
0
-1
0
0
0
0
1
1
3
2
1
1
0
0
-1
0
0
-1
-2
-1
-2
-4
-3
-3
-3
-2
-2
-2
-1
-1
0
0
0
0
-1
0
0
0
0
1
0
0
-2
-1
0
-1
-1
-1
-1
0
-2
0
1
0
-1
1
2
1
1
3
2
3
3
3
3
3
4
3
4
4
3
3
2
2
2
3
2
3
3
2
3
1
0
1
3
3
2
1
3
2
1
3
4
4
3
2
3
1
0
1
1
2
-2
-2
-1
-3
-3
-2
-1
-1
-3
-2
0
0
-1
-1
1
0
-1
-1
0
-1
-1
0
0
0
-2
-3
-3
-4
-4
-4
-3
-3
-3
-6
-5
-5
-6
-5
-4
-3
-4
-4
-2
-3
-3
-3
-2
-2
-2
-4
-4
-3
-4
-4
-4
-4
-6
-7
-8
-7
-8
-8
-6
-5
-3
-4
-5
-4
-3
-3
-3
0
1
0
1
3
2
1
2
4
3
2
2
4
1
-1
0
0
0
-1
3
4
0
0
1
1
1
1
3
6
4
4
4
4
5
5
5
7
7
4
3
3
4
3
2
5
5
2
-1
0
0
-2
-2
4
3
0
1
1
1
0
0
7
7
3
6
5
2
-2
-1
2
2
1
2
0
-4
-4
-6
-4
-4
-5
-3
-4
-3
-4
-6
-3
-3
-1
1
2
3
1
0
2
3
-1
1
4
1
-3
-4
-2
-4
-6
0
0
2
-1
-4
-1
-2
-6
-4
3
3
-1
0
2
0
-2
4
8
7
11
8
6
1
-1
1
4
3
5
8
7
-1
-2
3
0
-1
6
6
-1
-3
-2
-4
-3
2
8
7
5
6
3
0
0
4
5
3
2
3
-4
-10
-5
-1
-3
-1
4
3
-2
-4
-2
-6
-7
-1
3
2
2
1
1
-1
-4
3
8
3
4
5
1
-6
-6
-3
-5
-3
-1
-1
-1
-2
-6
-4
-3
-5
-4
-3
-5
-6
-8
-2
-2
-3
2
2
3
-1
-4
-2
0
-5
-3
3
-2
-10
-10
-9
-8
-12
-3
3
-2
-4
-8
-6
-7
-18
-6
1
-6
-6
3
2
-9
-11
1
3
-9
3
4
-2
-10
-11
-7
-11
-13
-4
-6
-4
-6
-6
-6
-11
-10
0
-10
-8
9
4
-5
4
9
10
1
5
26
7
2
17
16
4
-2
9
18
-4
-1
10
3
-13
2
12
11
-3
13
22
-3
-6
14
18
18
18
30
38
9
7
10
11
11
17
25
28
12
6
-4
-7
-5
-1
8
15
18
3
-3
-2
3
-18
-6
15
13
-7
1
12
7
-14
-5
15
-5
-15
-9
-13
-1
-25
-10
9
-23
-27
-23
-34
-22
-30
-17
21
-2
-6
-6
-7
-32
-33
-17
-1
-6
-9
6
-9
-23
-38
-30
-7
-9
-32
17
18
-24
-41
-22
-4
-32
-47
15
33
-24
-12
33
9
-5
28
19
45
17
3
31
17
-8
7
24
36
-2
1
42
14
1
11
38
21
-12
-13
15
1
-43
1
30
7
4
18
54
45
-17
45
63
-5
16
45
37
1
-24
23
2
-27
3
35
33
-4
-5
18
-21
-57
-12
7
-4
-28
16
-10
-30
-19
14
16
25
25
47
27
-4
8
1
-2
-48
-14
2
-6
-33
1
6
-9
-64
-9
2
-50
-26
-15
7
-34
-22
-12
10
-10
-8
12
59
-14
1
55
25
-4
10
21
2
-47
-35
32
2
-19
24
32
-26
-40
-3
-4
-3
35
10
26
25
-15
7
14
35
26
48
40
22
20
1
18
18
-14
36
-6
-22
15
-42
-10
20
-51
-38
-7
-21
-55
-39
5
-24
-59
-6
35
-18
4
24
34
-18
-34
47
9
-41
15
28
-21
-41
-41
59
-48
-40
49
-28
-72
-54
-61
-31
-57
-82
-2
-27
-78
-88
16
31
-36
26
100
5
-27
22
32
-6
-4
28
64
-13
12
23
21
40
-14
-41
87
-42
-86
10
-27
-44
-98
-8
-8
-69
-15
54
-38
56
39
44
39
33
26
1
38
44
15
59
134
-10
45
66
52
1
66
61
28
12
36
-2
-21
-34
13
2
-22
77
27
2
30
-27
-23
8
-25
3
5
1
-35
18
50
14
18
78
73
10
85
114
6
36
11
8
11
10
48
4
-50
16
-6
-41
-18
45
-53
-33
-43
-72
-6
-49
-44
40
28
-11
14
59
-82
58
94
21
58
60
0
22
-58
70
105
-16
-3
49
-27
-92
1
-80
40
-115
-169
81
-76
-163
80
-12
-23
-16
-75
85
2
-62
115
-25
26
21
-53
47
84
-99
103
77
13
7
-16
5
-85
-112
11
-59
-52
-21
-91
-57
-46
-24
19
43
109
-76
73
37
-131
10
-26
52
-67
-13
83
-29
-59
77
-8
93
28
47
24
-10
3
-52
60
-63
5
62
-20
-27
11
104
-27
-7
73
39
-107
-22
16
-61
-42
28
10
-3
35
-27
84
38
-2
58
47
47
-102
139
-43
10
14
78
-4
60
-2
92
-31
44
-17
-61
2
-137
-41
-50
-12
-14
-100
69
-83
-122
136
-64
8
53
-77
-16
-141
-78
28
-91
137
6
-56
53
-17
-48
-2
41
-16
-36
-47
-120
-76
-85
-65
-5
-42
65
-18
-44
-66
-33
-11
-21
35
-10
-63
-38
-132
-53
-24
6
65
28
17
109
-93
-89
33
-52
-45
-12
11
83
-188
2
108
-162
45
-28
-4
24
-41
-9
53
-108
-108
70
-56
103
-21
2
190
-34
-173
285
22
-75
86
71
-113
45
26
-86
179
-142
11
33
-54
44
0
-71
111
-144
-59
68
-96
139
-125
79
112
-107
-64
237
-64
135
4
145
100
-136
131
16
-26
116
37
102
22
-85
18
-72
68
27
-43
213
-22
-84
152
-24
-73
137
97
-145
130
-34
-84
-32
-15
0
61
-176
227
-149
-86
165
-41
2
165
-129
188
-141
1
88
-122
219
-221
108
129
-183
132
-9
-95
235
-358
250
-1
-308
327
-165
14
116
-285
284
-40
-163
354
20
15
136
-131
62
19
-72
129
84
19
-14
158
24
-47
61
196
-117
-13
126
81
-81
-88
52
-122
-194
5
104
-108
45
110
31
-102
75
-50
0
-54
-144
88
-97
-153
29
-31
-132
-6
-121
147
25
-260
296
21
-295
129
-22
-104
-33
-150
149
-21
-181
199
8
-123
17
93
-93
-76
131
-74
15
-97
4
-55
9
-177
238
18
-79
250
-142
78
-2
-63
164
48
-101
178
-5
8
100
65
77
54
-15
64
72
-196
104
-82
-12
-112
-21
31
-253
-1
15
-112
9
47
37
-9
15
53
-76
153
-74
59
64
35
93
-90
38
21
-51
16
64
29
77
-18
48
83
-13
-54
-22
80
26
-140
97
58
-107
-104
48
87
-208
1
183
-139
-58
66
-117
80
-45
-21
18
50
-127
26
-36
43
-58
-22
14
10
-148
17
34
-34
-178
80
101
-180
14
32
-55
-193
6
-68
-14
15
-124
98
-146
-14
124
-140
5
71
-142
17
4
-139
137
27
-145
35
103
-178
12
163
-234
42
154
-269
30
84
-302
271
-188
-42
356
-343
110
337
-451
53
237
-523
294
-85
-131
162
-115
-131
162
-93
20
178
-63
118
-16
-43
68
-60
-46
128
4
-27
12
89
120
-150
208
2
50
49
-145
169
-4
-253
146
98
-261
227
20
-143
143
-87
-6
150
-67
15
159
-131
36
-38
41
1
95
105
139
145
6
140
106
-20
-100
320
-157
-52
110
-293
180
-114
-63
234
-155
94
44
-39
85
-28
48
-38
-76
75
-125
128
-193
135
-10
-69
110
33
4
23
25
76
57
-100
57
8
-139
-59
172
-108
-51
76
30
-8
-57
-3
164
-217
-58
145
-124
-9
133
-140
99
70
-203
278
-92
-53
199
-1
-40
136
-130
35
-76
-63
254
-90
-26
294
-185
-5
115
-29
-25
-22
-60
88
-177
150
-90
43
9
-163
199
41
-188
142
175
-383
172
-21
-219
27
-85
-26
126
-144
43
278
-385
105
228
-332
132
48
-212
98
-186
-12
69
-102
92
-120
206
-15
-53
227
-171
102
-74
-15
-99
35
-32
48
-131
26
1
-68
89
-32
-42
252
-322
39
177
-593
457
-224
-185
326
-207
57
96
-242
213
-93
-149
233
-112
-42
106
-68
4
-69
-45
223
-161
146
87
-109
17
-92
39
-17
-125
63
-15
-52
-158
152
-104
-87
123
-198
221
-73
-32
71
-4
-176
126
-196
219
-255
133
139
-237
146
137
-130
189
-150
175
68
-370
406
-247
-90
198
-202
240
-71
-152
440
-418
82
235
-337
274
-125
-80
286
-318
33
247
-254
185
177
-112
260
-288
66
158
-246
43
132
-41
-6
-132
219
-42
-33
247
-168
86
95
-283
198
67
-298
225
136
-268
311
-230
198
9
-232
305
8
-215
143
204
-433
136
136
-230
-29
282
-267
233
-42
-110
192
5
-348
426
-200
-272
522
-344
-118
656
-823
363
367
-689
608
-36
-314
496
-358
-205
606
-833
328
197
-609
354
9
-162
102
-12
140
-54
-19
58
-38
46
-219
117
-59
-148
223
-137
54
-2
81
-154
178
-5
-49
142
-151
60
-251
327
-526
466
-167
-235
520
-487
210
229
-526
622
-346
-249
716
-896
641
-126
-335
444
-52
-201
393
-214
50
107
-301
393
-258
124
15
-11
-35
-115
113
49
-329
770
-733
313
457
-855
492
231
-697
644
-213
-281
657
-607
53
769
-980
363
667
-1114
732
25
-302
380
-207
-77
323
-354
99
20
316
-705
639
118
-873
1153
-675
-76
625
-680
312
237
-564
698
-497
235
-50
30
-68
146
-24
-131
95
-45
-163
74
81
-111
123
-9
-108
175
-224
124
197
-435
492
-210
-352
633
-557
186
166
-335
438
-240
24
111
-15
-194
239
-181
7
138
-178
-88
411
-517
356
-58
-56
67
30
-247
146
-73
-241
89
84
-201
-152
432
-707
464
-260
-223
415
-409
-106
338
-585
54
194
-593
394
-262
-158
113
-41
-244
187
49
-379
297
-188
-226
179
-131
-284
178
-173
-198
145
-144
-57
306
-413
180
84
-206
-134
331
-487
213
260
-849
901
-571
-86
584
-630
288
553
-1023
933
-424
-161
277
-205
5
141
-103
-216
559
-518
60
624
-704
384
353
-802
854
-287
-414
917
-582
37
644
-573
306
414
-537
563
236
-575
732
-77
-432
864
-705
458
211
-527
770
-499
360
151
-341
554
-272
22
476
-502
558
-5
-335
710
-506
243
251
-233
93
376
-315
88
390
-435
338
52
-239
257
33
-548
1038
-892
214
481
-609
280
51
52
-207
242
-126
119
-42
-19
-1
261
-415
337
10
-162
233
-117
-77
139
104
-429
466
-48
-396
429
-378
178
135
-503
616
-435
-115
332
-714
554
-270
-220
324
-290
36
-50
-346
608
-576
228
146
-461
266
-234
-52
299
-515
438
-217
-284
391
-374
180
-61
-81
193
-445
268
64
-388
413
-279
-48
258
-332
175
183
-504
493
-178
-316
562
-477
-62
486
-628
257
384
-735
806
-578
188
340
-525
615
-239
-191
527
-698
501
-116
-195
577
-530
482
-166
-4
191
-34
-9
198
-46
-87
133
12
-196
362
-126
-56
411
-307
-25
501
-712
694
-227
-295
596
-398
-18
380
-450
429
-75
-277
492
-258
-116
471
-408
296
-44
15
-186
492
-396
115
313
-424
359
-202
-89
455
-733
446
326
-1037
901
-424
-198
510
-504
203
263
-817
756
-412
-150
349
-227
-144
329
-552
340
-130
-118
29
116
-233
70
88
-205
41
-156
267
-426
358
-331
295
-534
431
-466
281
-386
253
-94
-224
5
296
-596
341
105
-608
758
-620
-18
576
-696
285
247
-655
722
-595
234
40
-61
-126
212
-208
-123
325
-162
-266
556
-653
273
98
-425
385
-266
-93
370
-627
471
-181
-270
365
-460
185
104
-317
303
-211
-217
347
-508
257
-91
-125
69
-136
17
-60
-15
42
-94
49
-161
212
-211
-72
164
-179
-79
118
-128
-86
301
-319
324
-209
-80
335
-366
107
414
-663
636
-376
107
260
-486
492
59
-453
539
-157
-32
213
-227
324
-135
38
108
163
-53
67
135
-81
107
-13
200
-184
393
-171
-139
460
-729
649
-229
-246
671
-483
100
518
-815
607
107
-726
916
-358
-68
403
-357
21
257
-300
264
238
-239
127
151
-204
-110
579
-707
605
-91
-561
981
-827
162
555
-731
475
3
-356
685
-660
355
32
-352
276
-219
129
-143
99
40
-134
136
-28
-106
-8
57
-157
210
-395
428
-432
139
-156
60
-327
309
-335
393
-335
-120
493
-759
366
26
-433
450
-450
292
-85
-183
307
-278
155
-162
158
-55
88
133
-429
260
-52
-292
344
-189
115
116
-329
446
-359
177
178
-388
244
-81
172
-269
372
-269
31
130
-383
555
-238
-208
537
-454
-64
324
-440
187
101
-501
356
39
-533
716
-362
-170
432
-453
109
188
-423
337
-47
-193
148
-22
3
-195
511
-517
266
221
-420
333
36
-446
777
-616
368
75
-107
126
9
83
-3
48
-11
105
-41
28
-160
260
-216
-116
263
-258
75
65
-178
245
-57
-268
349
-25
-310
302
-215
-42
75
-61
-189
253
-275
-8
173
-372
408
-126
-140
167
-85
-35
-75
178
-233
239
7
-219
260
-53
-358
728
-552
152
249
-468
267
-301
47
70
-47
112
-122
208
-294
319
-200
48
74
1
-71
115
-217
-30
30
-150
-52
348
-257
229
-91
-2
62
-149
103
-92
203
-291
-18
336
-411
175
-138
89
74
-204
301
106
-431
442
-363
-11
-21
-47
275
-249
128
41
-120
88
45
-155
249
77
-289
419
-601
274
215
-738
857
-459
96
233
-422
484
-324
135
48
-178
323
-503
299
-183
-139
312
-630
560
-243
-79
468
-501
273
-70
-270
345
-641
734
-417
-117
352
-388
206
24
-191
490
-331
167
394
-524
307
74
-317
579
-415
89
448
-665
598
-187
36
260
-37
-46
293
-301
168
45
-303
339
-163
37
309
-272
158
151
-366
461
-160
27
295
-384
278
-181
63
-29
147
-119
122
-153
275
-279
375
-198
-168
489
-674
356
11
-278
403
-238
-81
221
-343
381
-623
754
-616
332
199
-708
757
-568
-46
643
-793
575
80
-467
367
185
-531
574
-90
-433
714
-392
-217
699
-704
174
351
-604
556
-143
-175
279
-242
-89
122
-2
-42
66
-38
-276
161
-120
-64
316
-228
24
254
-288
-2
165
-134
-72
384
-433
408
102
-494
431
-29
-326
462
-107
-42
174
21
-222
230
-126
-101
304
-320
92
193
-293
109
183
-399
353
-119
-243
389
-417
196
-111
-118
206
-349
333
-308
143
123
-501
453
-249
-187
294
-344
197
-270
165
-260
230
-78
-113
297
-481
302
-136
-93
156
-91
-246
535
-758
466
-122
-407
700
-652
444
-24
-341
273
91
-553
654
-413
321
119
-117
-158
307
-292
197
-135
285
-57
-299
550
-536
143
295
-385
257
149
-607
1002
-742
280
302
-579
211
344
-743
643
-54
-457
325
-87
-545
780
-464
-138
884
-792
408
161
-659
811
-412
-256
799
-589
139
35
22
-149
319
-341
444
195
-366
206
344
-681
813
-198
-311
675
-605
154
181
-342
125
340
-419
110
404
-589
632
-389
63
219
-251
91
41
93
-111
1
267
-487
514
-137
-25
399
-616
656
-701
497
-277
201
95
-340
395
-350
-14
418
-455
265
-99
-201
139
-225
35
-83
-76
-199
148
-136
-152
332
-532
456
-571
212
-52
-379
226
-249
93
-464
473
-417
-311
530
-558
-51
570
-946
804
-423
-262
419
-584
442
-301
35
-124
255
-508
261
-198
94
-160
586
-721
617
-441
232
-117
162
-203
357
-303
68
262
-309
73
511
-620
407
234
-836
1251
-835
208
609
-835
648
-28
-463
877
-459
317
126
-220
353
-287
567
-266
-11
727
-807
562
7
-495
1329
-1281
1010
-85
-700
1138
-788
438
190
-573
816
-576
-20
598
-700
879
-409
-201
840
-764
410
202
-477
587
64
-592
978
-809
331
172
-593
720
-655
450
-140
-152
276
-275
37
-237
41
94
-98
-34
276
-783
764
-571
23
16
-22
-297
120
-52
-291
329
-458
130
-141
-236
368
-453
190
14
-366
249
-269
-102
357
-638
487
-241
-145
259
-496
295
-141
79
-359
525
-383
-148
427
-672
419
-55
-532
503
-146
-602
1142
-1075
490
138
-685
869
-705
305
61
-225
156
-111
128
44
-275
329
-250
422
-262
32
20
-59
-2
30
114
40
-280
309
-332
207
97
-314
554
-393
128
104
-172
111
-91
-83
264
-162
218
-116
146
-38
-116
410
-387
502
-234
76
155
-53
10
-20
161
-232
355
-108
4
200
-253
-133
462
-547
566
-229
-21
147
-338
242
-128
60
53
32
89
-65
120
-36
-8
59
205
-220
398
-84
-11
156
33
-20
6
53
-81
340
-239
86
353
-584
185
38
-346
507
-449
189
59
-475
194
-127
-201
173
-233
123
-140
58
-258
-4
63
-272
219
120
-364
452
-518
144
-14
-263
418
-292
195
-21
-24
78
-112
-137
171
-147
69
-58
-169
119
-400
10
124
-202
130
-48
-188
365
-378
26
134
-184
-241
339
-316
373
-298
19
124
-203
195
-154
163
8
-213
220
-12
-270
227
-355
166
-74
20
249
-302
70
30
-185
12
232
-314
294
-162
64
-64
-164
-14
-109
57
88
-17
224
-165
-231
187
-201
-10
83
-41
164
-321
342
-204
-44
128
-103
207
146
-25
147
33
12
-74
352
-74
185
114
-146
232
-34
-145
461
-356
47
284
-329
375
-199
-89
226
-127
-129
258
-188
-47
154
25
-52
232
-291
-39
58
-295
249
-102
187
-130
-270
335
-297
-26
91
106
27
-241
232
-60
-95
69
-59
96
62
-41
-105
245
-176
-84
80
105
-142
83
-159
297
-142
-272
241
-49
-143
-2
153
-42
63
-202
166
1
-87
45
228
25
17
224
-34
18
203
-238
202
243
-290
322
87
-321
218
-11
-53
51
151
-157
93
3
-141
160
-144
109
-117
186
172
-246
72
67
-117
-113
146
14
-90
-69
-91
-90
-130
-210
-54
-111
-98
-356
-1
-269
-418
-299
-336
-216
-403
-351
-286
-499
-388
-477
-370
-308
-467
-284
-304
-276
-283
-346
-192
-252
-279
87
39
13
65
4
17
76
218
307
437
347
316
344
345
347
448
530
577
490
532
618
399
412
364
470
512
464
632
432
414
314
187
496
296
471
488
424
342
159
304
336
252
513
387
327
329
181
202
339
97
260
370
-105
262
-201
-135
-145
-311
-180
-434
-405
-575
-754
-614
-730
-893
-654
-929
-995
-1133
-1124
-1097
-1284
-1313
-1265
-1555
-1262
-1145
-901
-331
-919
-889
-940
-1008
-372
-121
289
395
-16
11
-75
242
592
857
1081
1136
997
1036
1058
689
817
683
1031
1155
981
895
386
31
45
-26
315
479
119
95
-304
-543
-394
-376
-333
-135
-68
-18
145
-142
-228
-32
-67
368
587
633
767
429
370
555
703
1035
938
1050
928
893
889
899
763
651
632
614
819
427
513
185
-20
-7
-5
34
-102
-176
-459
-375
-531
-440
-492
-816
-562
-810
-691
-697
-813
-889
-976
-963
-826
-847
-816
-724
-969
-933
-925
-1013
-990
-1114
-1126
-957
-1014
-992
-474
-565
-456
-624
-882
-530
-268
154
581
444
283
145
-15
554
878
1337
1532
1325
1072
1222
1100
1271
1316
1077
1425
1202
1149
839
374
308
14
251
314
228
50
-507
-1026
-917
-924
-573
-474
-786
-847
-899
-915
-753
-617
-536
-117
-197
31
120
130
346
466
689
942
1266
1142
1221
1075
1176
1399
1429
1514
1287
1288
1167
1023
1025
869
883
679
617
412
176
-22
-239
-341
-357
-437
-530
-686
-1025
-998
-1158
-1128
-1057
-1004
-1202
-1308
-1114
-1367
-1314
-1299
-1290
-1265
-1413
-1354
-1489
-1622
-1626
-1782
-1679
-1358
-903
-428
-510
-848
-1605
-1170
-768
285
964
847
472
-189
-413
181
1123
2116
2339
1653
1405
1089
1306
1626
1719
1774
1830
1592
1281
917
294
258
145
288
543
314
-41
-938
-1721
-1485
-1094
-516
-378
-1132
-1373
-1653
-1669
-1067
-713
-251
-172
-386
-398
-339
18
367
691
843
1106
1297
1223
1191
1220
1366
1770
1988
1764
1732
1423
1171
1144
1207
1430
1256
968
548
240
4
133
33
-15
-23
-646
-651
-995
-1110
-950
-1109
-914
-1202
-1404
-1418
-1420
-1391
-1371
-1264
-1390
-1249
-1591
-1390
-1472
-1589
-1569
-1578
-1758
-1623
-1753
-1241
-439
-474
-397
-1182
-1425
-817
-339
784
1403
667
393
-564
-141
932
1867
2936
2361
1372
1258
1027
1816
2452
2148
2312
1741
1120
981
737
799
876
498
409
306
-113
-509
-1264
-1358
-1145
-758
-553
-1088
-1557
-1965
-1831
-1405
-929
-426
-374
-788
-918
-931
-376
531
552
749
574
504
854
1079
1503
1719
1828
1654
1632
1488
1561
1656
1595
1597
1496
1352
1117
745
573
446
511
547
288
83
-378
-694
-761
-794
-720
-749
-1067
-1394
-1577
-1695
-1427
-1275
-1357
-1428
-1657
-1686
-1630
-1525
-1590
-1303
-1648
-1650
-1797
-1934
-1602
-1635
-1001
-426
-295
-452
-1254
-1495
-773
-34
1280
1458
967
86
-658
-155
1180
2444
3390
2564
1341
765
828
2010
2966
3009
2611
1523
575
527
678
1418
1542
949
214
-474
-721
-820
-909
-811
-859
-984
-1299
-1894
-2077
-2036
-1772
-1301
-1103
-969
-1103
-1393
-1355
-1128
-347
323
438
315
41
-52
545
1019
1676
2044
1721
1524
1092
1290
1804
2225
2348
2067
1565
1116
1016
1255
1473
1578
1169
749
272
0
63
74
1
-342
-587
-1004
-1174
-1268
-1314
-1195
-1223
-1237
-1445
-1603
-1685
-1599
-1531
-1384
-1306
-1384
-1490
-1588
-1625
-1524
-1323
-1313
-1147
-1279
-1025
-498
-387
-350
-766
-1037
-503
-264
630
895
606
196
-356
-172
796
1668
2394
1997
953
561
499
1265
2266
2339
2150
1170
230
193
600
1388
1696
944
129
-773
-747
-457
-82
42
-525
-1001
-1645
-1696
-1320
-865
-715
-827
-1339
-1363
-1254
-950
-488
-444
-171
-169
-224
-164
-2
374
760
1028
1257
1212
1013
1078
1142
1488
1872
2045
1828
1441
1099
1077
1280
1544
1484
1190
767
259
213
218
410
415
72
-320
-681
-928
-793
-685
-668
-767
-1023
-1148
-1291
-1170
-1015
-1020
-921
-1067
-1065
-1028
-837
-682
-850
-628
-645
-555
-650
-437
-283
-400
-517
-249
-382
-323
-98
-55
-59
-313
-353
-394
-302
21
279
153
32
-284
-486
-213
187
559
579
299
-123
-256
-55
495
899
764
487
-20
-220
-24
368
680
539
177
-241
-432
-264
-4
209
101
-126
-476
-689
-491
-325
-78
-39
-182
-286
-327
-96
111
323
490
449
475
451
584
733
903
1082
1093
1041
1004
965
986
1098
1200
1223
1176
1006
788
658
643
767
742
651
326
104
-5
-66
101
34
-113
-281
-520
-565
-490
-400
-388
-481
-574
-584
-518
-447
-327
-332
-325
-224
-173
-147
-114
-64
17
-37
73
152
40
75
-32
-35
-6
-26
9
-128
-263
-331
-436
-499
-558
-643
-690
-790
-856
-1026
-1164
-1251
-1226
-1218
-1035
-1028
-1148
-1238
-1310
-1253
-991
-747
-574
-452
-627
-601
-562
-294
6
168
240
70
49
20
162
386
583
592
527
445
426
610
757
850
804
727
665
697
811
895
937
912
830
787
799
829
941
942
851
836
729
759
678
672
672
631
653
514
479
357
307
375
356
340
284
204
135
54
47
73
98
75
80
41
-33
23
-29
-22
34
42
128
54
-11
-40
-62
-5
81
128
117
37
-47
-119
-42
8
32
17
-158
-260
-309
-374
-331
-368
-499
-619
-806
-817
-852
-848
-877
-998
-1128
-1194
-1221
-1114
-1131
-1156
-1208
-1258
-1136
-1018
-913
-863
-887
-898
-818
-689
-521
-480
-422
-477
-425
-288
-171
12
24
21
71
151
250
424
436
495
482
476
594
672
740
779
729
684
701
723
806
778
749
684
604
572
561
540
558
465
408
363
300
346
287
273
274
196
245
223
219
239
125
158
133
151
196
187
189
152
109
183
168
206
233
199
216
162
149
211
236
265
272
208
211
155
185
221
284
226
180
141
3
39
85
92
17
-87
-251
-260
-298
-238
-136
-229
-343
-486
-565
-505
-387
-363
-413
-534
-608
-577
-441
-308
-289
-347
-402
-451
-427
-301
-203
-147
-200
-290
-295
-261
-153
-75
10
-12
-86
-140
-160
-130
-43
14
44
19
-79
-106
-112
-66
-2
85
103
64
26
-29
-8
113
136
231
190
128
78
45
138
147
202
184
130
132
113
150
174
135
132
91
94
92
106
86
73
36
13
35
-2
-19
-33
-28
1
-5
-20
-63
-109
-75
-36
17
45
-44
-63
-95
-26
117
147
181
78
44
22
87
161
143
129
58
-9
55
92
120
153
56
61
61
121
134
102
57
56
91
101
168
126
131
50
58
32
95
131
97
77
15
-9
-2
36
27
76
7
-23
-73
-123
-105
-130
-92
-126
-160
-151
-222
-248
-237
-286
-219
-186
-188
-199
-232
-273
-256
-172
-142
-87
-102
-132
-128
-122
-69
-48
-18
-52
-38
-17
7
47
48
6
-11
32
17
102
67
19
-3
-55
-9
3
30
-8
-26
-64
-65
4
-2
-20
1
-57
-38
14
-31
13
-24
-38
25
32
101
64
54
43
3
63
71
65
35
18
18
35
72
53
40
10
-4
37
54
91
136
104
93
108
123
163
223
168
164
140
139
212
230
263
252
236
183
172
192
215
200
200
99
36
32
-16
13
10
-26
-52
-78
-128
-159
-188
-158
-167
-215
-201
-270
-259
-291
-257
-217
-203
-223
-281
-268
-277
-225
-225
-247
-280
-286
-334
-274
-288
-303
-318
-377
-356
-362
-349
-299
-299
-317
-303
-307
-301
-279
-241
-206
-195
-131
-116
-81
-21
-2
37
87
160
172
208
213
334
331
374
411
407
537
595
473
398
393
407
434
467
586
426
337
239
218
223
277
287
169
101
74
39
77
1
5
-5
-63
4
-9
-41
-71
-35
-9
-28
-26
69
48
59
111
228
117
79
141
205
216
294
263
194
157
203
314
376
427
447
373
185
164
279
339
309
240
167
81
-24
123
105
179
129
65
-46
-71
-85
-98
-165
-150
-260
-368
-381
-439
-491
-468
-427
-474
-496
-539
-556
-628
-650
-615
-658
-629
-605
-690
-623
-609
-536
-504
-489
-474
-322
-392
-278
-226
-188
-140
-160
-13
81
55
193
228
220
321
336
353
330
399
411
370
387
400
267
386
323
361
362
349
415
250
200
287
193
227
129
137
203
-29
-21
-75
30
-83
-20
38
-85
-211
-15
-61
-65
-28
-67
-86
-218
-43
-38
11
111
11
-64
36
50
211
130
224
192
125
242
229
279
401
269
324
253
350
342
130
209
81
253
358
242
194
44
-159
-31
-146
128
81
-70
-230
-380
-399
-278
-336
-328
-432
-559
-473
-459
-529
-513
-502
-589
-630
-528
-462
-617
-419
-146
112
120
70
37
-342
-285
16
179
368
210
30
-170
-214
116
85
270
330
218
225
153
273
213
110
166
262
208
268
358
293
270
303
442
403
419
326
312
239
234
256
270
211
243
85
63
143
-22
30
-54
-85
-148
-223
-323
-310
-206
-364
-363
-340
-393
-365
-282
-172
-159
-236
-145
-274
-183
-229
111
-112
-26
86
-78
-53
170
177
81
104
164
149
-48
213
283
86
60
100
-100
-28
118
104
65
4
-91
-117
-172
52
-143
66
-40
-320
-223
-98
-296
-125
-82
-16
-273
-103
-3
-86
-153
-46
-179
-315
-64
10
-57
-112
-89
-140
-243
-56
27
68
142
25
-170
43
-24
-2
99
78
248
103
-13
127
233
328
262
214
458
-16
206
317
264
285
204
351
175
167
403
191
-40
232
39
315
287
188
-69
-295
32
-56
77
394
-90
-201
-442
-198
55
-271
497
-303
-533
11
-424
-132
66
5
-72
-365
56
-193
-75
104
118
-5
-81
125
-195
-29
154
-117
-108
357
-107
60
44
-35
181
-173
420
494
-42
-112
128
23
-192
93
531
-173
-137
265
-47
-58
204
74
51
69
175
119
-119
248
-193
-290
292
33
-27
179
-197
-273
106
-164
-79
-131
-265
-140
-289
-301
-262
-67
-547
-48
-136
-656
190
-130
-557
280
-553
146
-131
-641
558
-461
26
177
-393
9
219
-85
-180
254
-7
207
111
108
94
-284
81
298
72
-52
402
253
-534
320
85
-228
497
-17
128
177
-399
333
-276
-64
673
-370
120
-9
-229
165
-241
376
-431
-54
319
-501
394
-600
-279
435
-1155
520
429
-829
227
-308
-187
65
-231
584
-534
-367
563
-532
308
138
13
-2
-328
559
-191
16
682
-187
229
194
-97
96
348
75
42
303
117
290
4
214
277
70
333
16
68
455
-257
263
-80
150
16
-238
635
91
-596
693
-454
-14
367
-73
32
233
-573
-39
128
-475
603
-385
-246
229
-574
6
-135
-164
68
-337
195
-438
-296
328
-356
357
-445
88
180
-309
97
68
44
-250
45
155
132
325
-158
287
-137
-564
619
172
-79
470
-192
-140
21
-117
-9
158
24
-112
187
-353
-34
-369
148
-688
248
365
-692
93
-236
-516
-224
54
311
-562
422
-180
-936
620
-328
13
195
158
-34
-411
264
62
-241
587
275
-364
376
211
-640
453
659
-105
-132
785
-377
-373
970
-253
223
201
-242
352
-209
606
-50
-150
636
-420
178
611
-32
238
-206
185
554
-57
124
299
-210
-293
390
254
-38
-127
29
116
-798
656
175
-564
435
-173
-292
-111
222
-168
-341
232
9
-406
-43
481
-323
-427
747
-531
-117
459
-215
98
-204
71
77
-452
267
402
-692
518
-150
-304
87
-86
-233
164
-80
-186
-166
-176
-440
-94
-76
-17
65
-426
-6
-221
-482
330
-591
320
-397
72
-57
-430
166
-745
-72
479
-512
617
351
-764
584
-525
-147
245
141
278
349
-24
528
-728
548
94
-13
1118
-49
309
-11
-472
273
101
113
776
-356
464
-283
-50
507
-94
427
141
153
42
-64
114
-209
454
172
-333
633
-142
-213
537
-123
48
208
-261
55
195
-88
263
-413
166
-164
-394
397
-49
-547
483
-466
-10
-242
-258
85
-712
184
-197
-373
455
-701
-242
-118
-701
119
-165
264
-382
-30
-233
-589
-324
-474
156
129
-509
148
-578
-347
-258
-143
-370
386
-61
-420
49
-402
-73
-545
265
-292
483
-367
30
-20
-371
-305
191
4
336
358
-360
602
-515
-94
4
722
97
706
226
-128
236
96
-188
709
258
637
393
-224
957
-549
576
257
239
1039
15
319
433
-408
226
468
190
582
466
-354
453
270
-592
1120
54
473
57
-260
470
-232
-44
548
-278
612
-473
359
136
-17
3
-122
-35
74
-81
-152
39
-353
-127
-449
110
-362
232
-446
-37
-44
-486
-141
-93
-413
109
-88
-635
322
-577
-363
-138
-248
-117
164
-709
641
-1015
-414
499
-991
126
18
-609
102
-214
-650
23
-163
-104
-180
395
-290
136
-349
-11
-115
461
-281
276
192
-78
106
35
289
267
-208
506
225
-133
128
-1
458
-327
551
224
-128
435
-317
296
468
-128
281
297
-149
532
-192
96
387
-281
266
457
-192
733
17
7
615
-336
462
66
-1
484
151
-189
315
-34
-298
251
-220
155
274
-305
322
-248
-373
211
-20
-570
498
-238
-309
-178
-55
-554
406
-404
82
-208
-85
-446
-307
138
-576
255
-385
-68
316
-833
-125
510
-1268
637
-38
-435
448
-728
-293
162
-630
-281
316
-595
10
63
-741
-16
-31
-532
-51
-33
43
-396
-303
46
-526
-3
-241
34
150
-81
-305
448
-747
57
631
-592
863
130
-728
832
-323
-321
1499
-827
974
341
-583
805
143
-102
669
240
-9
727
-7
23
670
-534
884
76
-96
1045
-697
664
163
-327
1071
-717
627
111
-600
996
-711
363
453
-872
1058
-646
195
491
-486
165
-37
-280
97
151
-281
-105
526
-889
113
189
-685
414
83
-575
475
-777
-114
271
-1152
812
-298
-564
315
-485
-62
-238
-86
-116
-154
228
-711
380
-557
-124
104
-516
102
120
-545
-118
314
-753
65
217
-424
-37
204
-626
192
-304
-17
-32
-171
-63
247
-403
94
476
-610
284
23
-289
462
-208
318
24
-78
309
-189
573
30
209
316
-50
386
152
100
640
-144
333
489
-51
508
577
-280
929
-20
-153
1217
-665
928
24
123
207
298
-103
410
133
19
-63
579
-533
341
174
-254
38
487
-622
148
150
-461
73
-149
-114
145
-714
468
-381
-311
200
-591
523
-875
695
-432
-668
592
-745
-81
252
-435
74
68
-460
105
-10
-609
314
-102
-801
967
-1153
311
313
-1153
927
-397
-415
730
-773
154
527
-1010
770
-464
-175
316
-494
384
-420
-16
18
-393
408
-404
30
-1
-245
63
-240
402
-261
-171
601
-900
777
-90
-411
1045
-998
684
7
-249
750
-530
449
74
-338
836
-490
422
340
-496
780
-366
375
245
-273
455
102
-171
248
-9
260
-246
600
-396
188
375
-635
634
-141
-82
405
-562
345
67
-402
441
-386
222
-412
78
41
-473
171
-130
-137
37
-301
26
-301
-23
-173
-79
-16
-76
-257
-199
116
-209
-44
-32
-14
-326
-126
182
-447
471
-68
-284
116
84
-315
280
-19
-41
429
-576
365
52
-403
329
-1
-181
606
-473
467
-76
-285
516
-251
131
289
-247
303
-79
-130
530
-498
543
-161
-157
378
155
-243
338
137
-555
956
-640
356
515
-658
853
-174
-341
1159
-920
707
270
-392
662
-184
17
391
-544
653
-242
160
59
-352
519
-363
-132
757
-667
324
226
-734
579
-70
-479
702
-617
280
-16
-488
350
-422
-29
-8
71
-353
164
-342
-182
-254
-200
159
-463
324
-463
-334
176
-714
153
46
-667
658
-867
-33
-2
-446
-155
33
-127
-225
36
-283
-113
-57
-13
-406
618
-826
192
-191
-458
373
-433
189
-359
281
-350
-20
452
-577
340
221
-730
1088
-656
292
394
-748
1066
-632
539
307
-257
674
-368
660
-162
384
227
-234
892
-362
383
722
-1088
1688
-736
-71
1584
-1296
814
680
-1249
1474
-549
73
948
-770
609
422
-824
985
-252
291
73
-17
277
-158
175
190
-98
162
275
-286
399
109
-361
681
-265
-287
1019
-1033
781
-48
-421
705
-449
-155
685
-867
301
278
-872
646
-430
-381
420
-624
-86
402
-1180
883
-827
-200
196
-722
121
-170
-441
-121
65
-819
469
-570
-216
383
-845
98
-62
-478
126
-512
340
-537
-296
542
-1146
745
-301
-876
1175
-1228
11
869
-1486
945
102
-1257
1420
-868
-344
1140
-1173
611
186
-511
858
-566
253
395
-627
742
-14
-454
1327
-1109
613
432
-799
1025
-182
-293
1169
-1008
832
64
-488
1085
-488
-73
836
-617
470
-158
339
132
61
64
79
422
-376
428
276
-261
481
149
-483
1209
-988
837
23
-381
573
79
-216
698
-303
-39
364
-518
356
-49
-40
-103
-27
-41
-202
-12
-102
-326
61
-140
-633
244
-265
-619
98
-312
-249
-271
-180
-527
394
-1138
557
-236
-700
294
-227
-828
777
-694
-364
708
-976
360
-106
-475
540
-346
-576
1004
-953
406
121
-391
300
-230
142
-8
-164
395
-417
384
-123
-78
326
-391
437
82
-423
507
104
-716
1117
-520
280
250
-165
215
95
-246
547
163
-322
809
-256
122
462
-149
-148
972
-878
761
419
-759
1147
-387
-138
738
-68
-212
750
-281
188
-14
437
-269
270
164
-383
719
-352
-87
753
-654
51
653
-1130
1094
-682
45
167
-288
-22
-141
126
-239
-127
169
-586
423
-489
-369
619
-1014
499
-363
-365
268
-731
131
209
-1000
932
-1000
237
9
-612
398
-265
-365
178
-199
-301
344
-75
-556
661
-710
164
117
-327
299
-329
187
-18
-51
279
-257
495
-300
35
476
-584
676
-467
310
216
-448
731
-503
229
172
-280
717
-595
265
452
-923
1209
-771
132
851
-1133
930
179
-805
1190
-607
-15
951
-1133
979
177
-1059
1571
-1043
364
708
-856
850
-423
463
3
-379
790
-436
-242
966
-937
874
-409
-310
850
-605
-66
870
-909
446
89
-705
944
-791
127
277
-737
598
-531
102
94
-633
586
-619
-39
516
-981
539
-344
-475
588
-768
385
-265
-119
164
-546
566
-508
8
264
-507
517
-382
-92
432
-394
51
200
-220
92
73
-166
326
-106
-70
286
-214
23
131
-286
400
-157
-100
567
-672
514
-153
-381
752
-726
592
-249
-187
475
-622
500
-154
-18
-127
276
-164
-124
349
-325
217
-73
-363
486
-360
36
148
144
-181
71
178
-550
857
-746
457
232
-623
732
-308
-253
706
-358
176
218
-291
621
-750
411
208
-306
313
62
-333
431
-259
-485
1136
-1200
628
262
-1060
1291
-725
-685
1498
-1585
518
770
-1290
988
-299
-599
730
-420
-321
898
-899
267
310
-702
404
-51
-409
521
-614
301
78
-515
644
-389
-238
719
-649
170
125
-150
103
-80
-217
527
-491
16
826
-898
564
-50
-298
501
-315
-21
647
-959
845
-230
-454
764
-674
420
-191
-8
202
-104
-89
117
140
-574
921
-928
370
237
-551
410
241
-773
1011
-946
674
-52
-455
634
-361
-168
591
-534
570
-230
-331
831
-931
539
441
-1026
1046
-288
-604
1054
-914
282
596
-1092
1020
-187
-670
764
-377
-41
289
-23
-471
729
-643
-32
615
-796
486
13
-625
889
-687
-192
665
-827
308
136
-275
-18
468
-820
623
-361
-111
595
-750
636
-72
-413
512
-397
26
547
-871
1186
-971
380
354
-811
784
-90
-675
804
-573
-27
545
-999
883
-423
-371
692
-440
-94
427
-485
38
188
-14
-235
480
-355
-268
735
-848
662
-240
-209
628
-611
460
-36
-379
649
-844
843
-195
-389
953
-1084
612
137
-738
928
-160
-645
940
-586
-109
641
-579
256
504
-896
845
-337
-357
832
-732
370
188
-179
-15
195
-296
157
-219
402
-545
471
-334
-113
323
-528
170
443
-960
922
-536
-147
761
-1175
959
-300
-771
1308
-1150
251
840
-1606
1574
-1031
416
243
-741
987
-623
-18
654
-751
677
-187
-338
679
-710
423
43
-405
561
-109
-547
905
-875
311
112
-514
600
-324
-59
175
-332
38
110
-244
-24
485
-848
535
-281
-125
-91
17
17
-253
224
-92
-90
217
-544
557
-198
-333
777
-619
128
265
-338
138
4
167
-502
813
-532
-41
957
-1249
951
220
-1056
1258
-376
-765
1235
-825
-111
848
-903
407
318
-757
757
-454
93
286
-194
139
-20
46
-190
-82
594
-900
724
-239
-179
501
-584
548
-526
292
-21
-442
567
-266
-321
759
-1088
978
-464
-326
1021
-809
189
524
-434
-121
590
-613
482
80
-536
808
-560
-314
1310
-1358
935
205
-897
1169
-1034
531
373
-1270
1756
-1310
182
960
-1553
1302
-425
-590
1468
-1413
668
452
-1141
1102
-569
-35
547
-756
463
-255
107
226
-558
626
-209
-583
921
-664
197
472
-684
446
30
-567
519
60
-680
1051
-790
128
503
-652
203
426
-646
475
-54
-411
792
-810
419
108
-367
198
-9
-112
-11
73
83
-211
118
-227
12
87
-137
28
122
-232
163
-291
170
-117
136
-262
303
-311
-141
481
-684
607
-566
184
101
-344
131
220
-588
601
-323
-171
711
-962
781
-166
-491
763
-602
110
230
-390
370
20
-211
142
-209
298
-395
302
24
-178
431
-651
372
-76
-383
523
-333
-97
629
-915
660
-154
-547
905
-846
201
398
-767
499
64
-640
646
-512
219
125
-438
619
-464
25
430
-717
729
-314
-269
854
-880
403
393
-894
822
-227
-91
264
-12
19
-239
506
-250
-243
1084
-1384
1054
305
-1567
2164
-1397
49
1260
-1685
1152
146
-1063
1357
-817
26
598
-597
348
17
-95
102
158
-436
747
-656
284
168
-534
689
-575
134
513
-881
593
149
-970
1341
-1171
423
141
-412
322
-172
-221
652
-939
737
-179
-335
700
-870
484
314
-1138
1463
-858
-167
1017
-1421
1156
-656
114
325
-457
368
-103
-282
439
-784
904
-705
-67
707
-852
170
563
-790
299
415
-1179
1032
-537
-331
636
-294
-424
980
-1130
574
27
-398
467
-316
10
229
-671
597
-549
116
644
-1219
1143
-358
-794
1164
-698
-11
970
-1163
880
28
-1107
1269
-668
-109
621
-459
122
212
-368
227
-102
-132
288
-213
25
97
-49
-27
44
-178
278
-429
325
-96
-366
784
-1068
915
-403
-396
760
-402
-222
689
-545
134
511
-590
478
386
-909
1026
-289
-706
1032
-465
-270
945
-843
511
240
-649
191
485
-799
673
170
-688
992
-832
267
-157
42
-49
401
-256
40
539
-683
175
439
-805
782
-1
-565
1060
-1001
627
-220
-192
464
-200
45
-28
-81
-154
88
-45
-79
160
-366
25
175
-410
206
-122
-12
-181
6
-114
-57
115
-496
77
131
-565
330
-91
-372
451
-328
120
101
-312
215
-53
-309
578
-406
85
108
-329
400
-533
551
10
-412
437
-8
-168
194
-1
15
35
-267
491
-52
-227
466
-4
-383
707
-375
361
58
-277
607
-377
-27
554
-590
218
262
-159
358
-191
284
133
-455
476
-235
-34
397
-489
255
319
-755
823
-501
-192
897
-735
297
459
-801
406
-257
23
-113
198
-323
240
-122
-334
364
-262
-203
566
-728
439
-64
-575
512
-518
-16
248
-379
93
329
-663
484
-337
-149
355
-310
-158
698
-913
198
520
-1183
916
-258
-283
491
-320
99
234
-647
629
-344
67
204
-304
561
-787
779
-304
-294
755
-552
181
330
-589
848
-475
-37
393
-303
90
13
151
-11
-105
245
52
-100
60
75
-188
277
-245
138
294
-531
529
-143
-284
479
-72
-226
779
-619
133
553
-787
304
601
-981
817
-211
-404
685
-430
78
513
-478
194
456
-878
840
-254
-485
909
-404
-268
899
-897
529
-125
-386
663
-648
469
-69
-351
369
-318
-223
343
-444
425
-81
-370
670
-825
-33
723
-1041
559
224
-674
515
-527
52
60
-149
-31
347
-243
-239
726
-797
157
519
-848
942
-447
-211
930
-1271
698
-79
-630
1187
-911
364
718
-1034
544
155
-530
568
-215
175
290
-294
19
323
-391
146
294
24
-51
118
39
-185
107
-82
-218
371
-333
85
321
-499
481
-257
-410
845
-845
247
475
-790
494
-239
-179
411
-650
646
-47
-360
381
-126
-235
137
-168
-34
430
-594
193
424
-886
317
95
-221
94
-68
13
-151
8
-383
74
173
-631
526
-150
-483
590
-698
173
223
-449
144
145
-338
-73
124
-486
266
-95
-302
402
-202
-271
602
-586
240
24
-226
323
-236
252
-162
-71
238
-507
466
17
-379
835
-635
479
73
-506
703
-195
-223
751
-424
244
46
-7
143
-89
278
-168
339
37
-174
554
-169
-128
454
-532
364
204
-489
688
-71
-447
740
-548
-3
433
-692
625
-134
-400
832
-688
215
281
-383
228
140
-201
266
-86
-51
33
88
-408
178
164
-398
368
-190
-52
236
-408
208
305
-514
422
-89
-287
153
-213
-44
217
-437
556
-367
-10
147
-468
476
-298
153
77
-114
65
-192
83
-310
0
57
-172
55
-39
-95
-14
-375
208
-181
-77
233
-421
297
-226
-203
332
-372
51
314
-429
394
-145
-145
333
-408
164
-20
48
10
-87
309
-496
453
-63
-441
716
-411
-8
387
-379
111
305
-518
307
58
-258
77
291
-382
450
-99
-134
428
-317
180
27
47
7
7
146
-82
-45
235
-385
491
-202
-118
505
-411
73
190
-263
303
-244
50
266
-218
119
9
89
-117
151
-61
-60
356
-497
400
13
-413
582
-437
-42
560
-581
319
92
-253
195
-125
-27
248
-337
101
170
-350
160
-61
59
-244
193
-52
-128
322
-381
205
68
-621
614
-260
-335
502
-363
-215
301
-460
77
78
-465
453
-272
-167
274
-191
-288
465
-397
-21
372
-384
135
106
-348
160
87
-335
211
55
-145
208
-63
-60
242
-189
73
211
-209
264
-106
16
121
-226
207
57
-284
290
-161
54
-23
-96
265
-278
152
65
46
-72
-156
325
-384
194
159
-173
203
-198
-106
341
-266
128
178
-183
246
-131
128
92
13
95
-73
201
-46
-145
355
-191
68
303
-395
370
-96
-347
566
-441
205
111
-343
392
-176
-236
425
-309
-8
179
-261
295
-277
148
26
-127
29
69
-118
201
-269
221
-49
-258
156
-284
204
-189
-39
49
-49
-73
57
-215
160
-241
76
-113
-12
84
-314
331
-197
-122
399
-316
173
118
-144
255
44
-265
407
-317
214
127
-163
300
-142
-25
169
-187
189
60
-171
279
-251
174
23
-80
248
-172
67
187
-203
2
106
-89
60
-69
119
39
-130
-82
144
-114
-33
120
-77
-20
82
-203
-32
178
-148
145
-22
219
-56
-237
341
-416
168
126
-251
300
-136
-11
45
-123
70
-42
41
7
-133
91
-167
-73
-190
89
-63
-116
92
-97
14
-106
-178
47
-22
-256
22
62
-239
-30
-36
-177
88
-156
-104
324
-401
259
151
-208
130
23
-72
104
110
-80
260
1
36
182
-55
126
216
-106
201
254
-184
264
-74
-12
229
-218
219
95
-38
2
134
-60
65
128
-2
76
210
-206
116
152
-195
110
90
-59
119
-73
44
98
-149
80
-123
-54
20
-135
65
-106
-46
17
-247
167
-173
-61
139
-77
-73
-6
-57
-67
-90
-40
-83
58
-35
-106
17
-1
-118
-81
132
-255
191
28
-204
87
-88
-115
63
-172
-2
131
-143
-26
-99
56
-314
108
-102
-54
-8
-26
-88
28
-97
-127
111
-86
-77
227
-114
33
102
-158
252
-64
-21
360
-157
63
158
-68
90
131
65
168
122
-47
183
-20
89
116
36
122
109
-42
66
6
83
143
-36
283
0
23
39
-53
17
-57
71
49
-81
55
-111
-114
-44
-138
-44
0
-86
-61
5
-167
-41
-178
-44
-28
-109
91
-91
-104
131
-290
92
-87
-34
-40
-123
132
-246
-9
113
-170
13
25
-74
96
-67
-23
53
-1
-14
150
-64
46
97
-144
193
-23
21
128
-12
45
113
-77
84
41
-66
42
26
-45
22
7
-31
163
-101
24
40
-102
34
43
-6
130
38
-69
103
-44
-38
-2
123
31
-64
200
10
-61
94
11
-55
53
88
-52
67
-9
77
-63
106
67
-1
90
108
-98
79
72
-135
132
-8
65
-22
-4
76
-115
-9
129
-95
27
92
-150
85
-85
-53
-21
-38
-34
-94
51
-44
-31
-1
-29
-39
-96
4
-136
23
-9
-121
87
-37
-99
93
-190
93
-43
-134
143
-45
-50
-37
-47
70
-179
-7
85
-68
-21
9
75
-74
-1
-6
7
-33
20
5
3
-8
74
-83
50
77
-62
24
60
102
-113
42
24
-34
-52
21
65
-42
13
-63
3
32
-135
77
-35
-13
110
-145
43
64
-193
48
11
-23
23
-31
77
-40
-12
37
-8
-31
119
-27
68
-5
17
19
-17
106
-47
122
19
26
59
29
4
27
-16
29
-34
25
-16
2
34
-69
86
7
-29
104
-16
53
31
-53
122
-62
-10
23
-28
-16
-10
-40
63
-13
-65
13
-24
-72
-33
-10
-29
-57
-100
9
-15
-71
10
22
-41
-1
-32
27
-12
-44
25
-43
23
-21
-37
41
-9
-76
34
41
-7
37
-6
17
37
3
-13
29
34
-22
-38
158
-26
-26
117
-43
4
-28
62
100
-85
47
94
-142
52
56
-52
85
-13
58
-46
-14
98
-120
71
111
-114
73
59
-111
29
-47
32
-15
18
22
30
4
-93
62
-13
-49
67
23
-33
105
-16
50
52
48
25
48
24
3
93
-86
63
81
-86
0
65
-49
21
61
13
46
-16
-24
12
-53
-9
50
-67
2
36
-130
-15
26
-124
-4
-16
-56
-69
-22
-72
-80
-39
-61
-25
-57
-38
-25
-80
-44
-37
-10
-52
-23
-2
-117
-15
-3
-91
37
1
-60
66
-40
0
45
-3
5
67
53
-9
84
44
-23
49
30
-10
37
81
12
34
97
-15
27
98
-4
47
51
16
97
29
69
85
49
21
81
41
37
57
49
48
44
28
55
18
7
70
-25
82
28
19
52
-14
39
-22
-15
-1
-19
-11
-6
38
-15
-38
9
-65
-62
-9
-46
-76
-62
-47
-100
-86
-72
-129
-105
-87
-107
-87
-65
-76
-96
-102
-80
-122
-127
-59
-75
-72
-25
-60
-87
-55
-46
-102
-19
-29
-55
-35
9
-56
-55
12
-79
6
-9
-1
-4
26
-19
8
44
-16
47
19
28
-9
9
22
-19
19
19
25
55
5
14
34
29
26
67
70
54
68
18
45
36
25
22
57
50
32
67
73
20
55
60
-5
116
68
42
141
26
22
80
23
97
95
69
110
61
67
2
88
45
31
128
60
93
80
37
85
44
20
119
35
59
72
23
21
4
23
12
55
49
38
45
15
-15
-6
-12
-2
-31
29
-36
-39
25
-79
23
-23
-32
15
-24
-18
-27
-4
-60
-26
13
-61
19
-17
-39
21
-26
6
30
5
28
-12
24
24
-34
19
26
8
56
58
15
58
-6
-8
19
-19
30
14
-6
48
24
-14
62
2
20
41
4
41
16
17
-2
-4
-20
-1
-8
-24
14
-14
-11
20
-3
-3
26
-19
-3
3
-2
0
12
22
-3
-4
8
-11
6
17
9
25
37
-2
37
-5
0
-5
-11
3
-16
9
4
-23
-46
-25
-74
-30
-53
-23
-39
-46
-56
-56
-31
-96
-43
-96
-45
-71
-74
-53
-53
-71
-57
-48
-60
-25
-101
-29
-60
-91
-39
-32
-92
-31
-50
-97
-10
-76
-60
-7
-48
-42
15
-32
-29
-5
-53
-15
-5
-28
-28
2
-31
-42
3
-35
-28
-18
-22
-33
24
-40
-13
32
-66
-15
-7
-55
-44
-18
-40
-46
-39
-63
-59
-29
-69
-40
-43
-42
-50
-41
-23
-53
-35
-29
-39
-30
-26
-43
1
-15
-32
12
16
-16
20
39
3
63
28
24
59
12
34
38
18
20
28
42
2
46
41
19
34
7
10
0
-33
13
-22
-26
28
-46
0
-9
-28
-22
-27
-21
-28
7
-13
1
-3
-27
-7
-15
-26
21
1
25
20
12
15
14
28
-7
47
26
9
66
21
26
42
27
2
52
21
14
62
-6
8
23
16
-16
30
12
-17
38
-24
-4
17
-16
-3
1
10
-9
14
20
-8
31
22
-4
46
2
29
47
17
54
39
56
10
71
25
10
66
-9
18
27
15
15
38
33
12
35
45
-15
61
11
17
65
-6
42
28
30
32
33
44
50
36
58
54
49
50
37
49
32
31
45
8
38
30
5
51
2
33
37
-5
39
7
0
24
1
14
16
5
-2
6
-23
10
0
-25
16
-10
-17
27
-10
-5
8
-14
-6
15
3
-9
30
-6
16
19
7
3
17
-2
12
39
-15
39
2
6
2
-4
3
-15
26
-31
-3
-13
-37
-24
-18
-44
-17
-23
-21
-19
-20
-29
-32
-10
-44
-7
-25
-46
-28
-46
-30
-20
-45
-16
-25
-26
-41
-14
-25
-47
-22
-30
-31
-30
-4
-39
-17
-18
-47
-4
-22
-44
-33
-11
-38
-53
13
-51
-39
-4
-46
-21
-7
-44
-10
-17
-43
-4
-33
-10
-28
-9
-27
-20
0
-38
2
-7
-27
-4
11
-27
4
3
-23
2
21
-9
5
21
-8
-2
8
15
1
14
15
13
15
17
1
21
16
5
43
4
31
22
7
26
15
33
28
39
24
32
26
22
29
19
28
29
32
21
34
23
15
19
6
15
7
5
6
12
2
-6
21
-13
-1
11
-21
15
-14
-3
-9
-15
-21
-27
-4
-27
-6
-19
-15
-12
-13
-16
-1
-20
0
-6
-13
1
-13
0
-16
-2
-4
-8
-3
-10
-9
-12
-11
-19
0
-13
-11
15
-23
-8
8
-22
0
5
-10
8
11
-2
7
23
-1
14
28
6
33
20
27
25
22
33
24
38
39
26
42
44
29
38
36
24
40
27
27
36
18
31
16
31
23
15
26
10
20
5
-6
14
-9
-6
18
-10
6
-3
-2
-1
-11
2
-14
-1
-3
-10
0
-2
-12
6
-20
15
6
-39
32
1
-22
6
2
-2
-8
-14
12
0
-24
-2
3
-21
-11
-3
-27
5
-15
-11
-4
5
-15
-31
23
-17
-26
6
4
-17
-1
7
-3
-1
4
-3
23
2
-3
26
-8
15
11
7
8
14
1
13
18
2
16
7
19
1
13
-1
13
6
-10
30
-12
8
5
-2
5
0
1
-12
8
-6
-6
3
-8
-10
-3
-4
-8
-11
-13
-2
-27
-2
-7
-22
-7
-16
-20
-15
-12
-29
-13
-27
-17
-19
-31
-21
-27
-26
-27
-22
-25
-30
-23
-32
-27
-18
-33
-18
-21
-29
-13
-21
-24
-10
-20
-16
-7
-18
-13
-13
-7
-14
-4
-9
-15
5
-17
-5
3
-16
4
-9
1
1
-15
8
-12
1
6
-8
7
-5
-6
3
2
-5
8
-4
8
7
-8
16
1
0
12
9
2
20
-4
3
26
-11
13
18
-1
5
11
6
2
7
3
3
10
-2
0
4
0
-3
4
1
-8
-2
-1
-15
4
0
-27
13
-5
-21
5
-1
-23
8
-2
-16
16
-15
-6
9
-6
-1
10
-7
5
2
0
7
-3
14
-1
6
20
-12
18
7
-7
22
-2
0
20
-9
9
11
0
14
-2
17
-4
11
10
0
16
8
12
13
10
10
17
7
20
11
15
17
9
23
4
20
15
5
21
11
11
14
9
10
12
10
10
4
4
8
-2
8
7
-7
12
-2
-3
10
-3
-6
8
-4
-5
8
-7
-3
-1
-6
1
2
-14
3
-2
-14
5
-4
-1
-6
4
-3
-6
8
-6
-4
10
-9
-2
13
-19
13
-3
-8
12
-11
5
1
-2
4
2
-5
12
-1
1
9
-5
7
3
5
-3
14
1
-7
18
-1
-2
21
-8
5
18
-8
14
6
1
7
-2
12
-2
-3
11
-10
3
7
-18
9
2
-25
16
-6
-15
3
-10
-13
4
-14
-15
8
-19
-9
4
-17
-6
1
-21
3
-5
-16
1
-9
-9
-9
-4
-12
-7
-5
-10
-9
-2
-13
-12
3
-14
-8
