1
2
1
1
0
1
1
2
1
2
3
3
4
3
3
3
3
3
3
2
5
4
3
4
4
4
5
5
4
4
4
5
5
4
4
3
4
5
4
3
3
2
4
1
2
3
3
3
3
3
3
2
1
3
3
2
3
3
3
2
2
2
2
3
2
3
3
3
3
3
3
3
2
2
3
2
2
4
4
5
4
5
5
5
5
4
4
4
5
4
5
5
5
4
3
4
2
2
1
2
2
2
3
3
3
2
2
3
3
3
3
3
2
2
2
2
1
0
1
0
0
-1
-2
-1
-4
-3
-4
-5
-4
-4
-4
-5
-3
-5
-5
-4
-5
-6
-5
-5
-5
-4
-3
-3
-3
-2
-4
-3
-4
-3
-2
-3
-2
-2
-2
-2
-2
-3
-2
-3
-4
-4
-4
-4
-3
-4
-4
-4
-3
-3
-2
-3
-3
-2
-2
-2
-3
-2
-4
-3
-4
-5
-4
-3
-3
-2
-1
-2
-1
-1
-1
0
-1
1
0
0
1
0
0
1
2
2
1
1
0
1
1
2
2
0
1
2
1
2
2
2
1
1
2
1
1
1
2
1
0
0
1
0
1
1
0
2
2
3
2
2
1
0
2
1
1
1
1
1
-1
0
0
-1
0
0
1
1
0
0
1
0
-1
-1
-1
-1
0
0
-1
0
0
0
-1
0
0
1
0
1
1
1
0
0
0
-2
-1
-1
-1
0
-1
-1
-1
-1
-2
-1
-2
-2
-1
-3
-2
-2
-2
-3
-4
-5
-6
-4
-3
-2
-3
-2
-3
-2
-1
-2
-2
-2
-1
-2
-1
0
0
0
0
0
-1
-2
-1
-1
-1
-1
0
0
1
1
1
1
1
2
2
3
2
2
3
3
4
3
3
3
4
3
3
2
4
2
2
2
0
1
2
2
2
2
2
2
3
4
4
4
3
4
4
2
2
4
2
2
2
3
2
1
1
1
1
1
1
2
1
1
2
2
1
1
1
2
1
1
0
1
2
3
2
2
1
0
1
1
1
1
-1
-1
-2
-2
-2
-3
-2
-2
-2
-2
-1
-1
-1
-1
-2
-2
-2
-2
-3
-1
-3
-3
-2
-2
-1
-1
-2
-1
-1
-1
-1
0
0
0
1
1
1
1
1
1
2
0
1
2
1
0
-1
0
-1
-1
-2
0
0
-1
-1
0
0
0
1
0
2
1
0
0
2
1
-2
0
0
0
0
0
1
1
-1
0
-1
1
0
-1
-1
-1
-1
-1
-2
-1
-2
-2
-3
-3
-3
-4
-2
-1
-2
-4
-2
-1
-1
-2
-2
-1
-2
-2
-2
-1
-1
-2
-3
-2
-2
-2
-3
-2
-2
-2
-3
-2
0
-1
-2
-2
0
-3
-3
-2
-1
-2
-4
-3
0
-2
-3
-2
-2
-1
-2
-3
-1
-1
-2
-4
-1
-1
-2
-3
0
3
0
0
1
2
1
0
1
4
3
0
3
5
4
4
3
4
4
2
2
4
2
1
1
3
3
0
-1
2
2
0
-1
2
2
1
1
1
3
2
1
4
5
3
3
2
4
4
2
3
4
4
0
1
3
1
-1
-1
1
0
-1
-1
0
1
-2
-2
0
1
-1
-1
-1
1
3
2
3
5
3
3
5
6
6
6
6
8
7
7
7
8
6
5
6
3
3
1
-2
-4
-2
-6
-9
-10
-10
-8
-12
-11
-9
-9
-9
-10
-7
-8
-8
-8
-7
-4
-4
-5
-3
0
-1
0
2
1
1
-2
-3
0
-2
-6
-7
-10
-15
-19
-16
-16
-18
-19
-20
-17
-20
-19
-14
-15
-11
-9
-8
-3
-7
-4
-4
-3
6
7
7
10
13
10
9
15
20
18
16
19
22
15
13
14
16
16
11
9
9
16
9
4
13
18
11
10
13
23
23
13
24
32
25
21
26
28
27
18
26
30
26
21
17
19
13
13
9
14
16
-3
-10
4
-4
-14
-18
-5
-8
-27
-28
-11
-15
-32
-20
-10
-6
-12
-23
-15
3
-23
-15
-2
1
-3
-24
-13
-6
-16
-20
-24
0
-6
-34
-22
-15
-17
-31
-40
-9
-9
-43
-32
-19
-21
-32
-38
-16
-8
-27
-27
-3
-4
-13
-26
11
9
-19
4
20
8
3
-2
23
20
-11
12
19
14
7
8
15
13
-2
6
18
21
22
13
23
24
20
13
26
30
36
4
39
38
-1
11
26
12
6
6
34
12
-6
17
2
12
-14
11
5
-13
-7
2
-19
-2
-28
-3
-9
-25
-12
-1
13
-23
5
14
3
-20
-1
-3
24
-21
-17
13
-9
-33
-37
3
-1
-19
-40
21
-12
-48
-45
-4
-23
-38
-8
4
-26
-43
-30
-40
-27
-15
5
-9
2
7
-40
-15
25
-19
-3
29
51
-4
-28
48
12
-50
51
30
13
0
21
8
-53
-6
58
-54
-7
59
3
-25
-10
26
11
-17
34
53
14
20
31
37
-10
31
61
34
36
49
75
23
13
46
35
17
40
5
20
-11
55
-66
-40
55
-29
-81
0
26
-39
-67
-15
14
-95
-28
6
-39
-32
36
-17
0
28
2
0
5
34
4
-1
43
16
-24
28
34
-45
20
-7
-8
-1
-1
-30
9
-12
-35
-52
-42
-30
-46
-81
-30
-23
-79
-66
-58
-16
-5
-1
-2
13
59
-14
-17
36
13
35
-1
-38
71
3
-64
-1
61
38
-23
31
47
-9
-55
23
5
-14
28
2
-9
23
-19
-18
-6
57
56
38
85
57
8
-14
38
52
39
62
80
25
-18
-37
-14
-1
-17
-3
19
39
-15
-24
-45
-10
-50
-31
12
42
26
3
34
48
-47
-58
132
26
11
45
75
11
-82
-36
40
-54
11
31
-30
19
-88
-41
-48
-76
23
-25
20
26
-73
69
6
-41
42
8
25
41
-55
10
58
47
-65
-6
118
2
-133
-71
72
-74
-216
-9
55
-172
-98
-7
-70
-55
-31
-75
90
-22
-14
61
35
46
61
-31
53
75
-20
-7
31
80
-13
-103
17
48
-118
-67
22
0
-111
-27
33
-128
-16
-23
-57
-85
-16
48
-21
-27
101
-4
6
87
-45
39
9
23
26
10
25
8
-31
-45
12
-16
14
53
-11
-7
-8
-14
-62
-16
16
57
0
70
65
77
42
26
185
29
92
55
135
62
-42
40
112
-50
-79
-14
118
-22
-58
117
37
-53
-83
13
-1
-56
44
-23
-60
8
-85
8
-19
67
29
-83
147
-6
-144
79
117
-100
0
23
58
-127
-104
173
-43
-89
33
141
-195
-79
28
-57
-106
1
31
-1
-145
53
25
-165
-6
38
6
-92
-10
55
-144
-126
11
-124
-100
47
-2
-118
46
44
-48
-178
79
-46
-134
-20
-41
-21
-20
-77
-45
-9
-40
-40
-74
94
12
-24
70
11
25
70
-63
34
106
81
-14
89
155
126
25
220
152
95
111
53
209
34
-20
140
98
-29
-18
-9
48
11
-33
171
133
-85
44
17
-207
124
9
-39
33
-9
5
-86
-31
224
-17
69
142
150
-115
-17
28
-148
85
19
10
-7
-17
-62
12
-207
184
50
-56
-30
31
43
-298
55
58
-89
34
165
56
18
-28
57
-48
-46
-30
-51
-72
-161
-73
-143
-91
42
-257
-107
126
-218
-115
6
-72
-126
-149
-12
51
-202
-26
29
-261
-32
2
-36
-53
228
-53
0
11
55
-178
13
166
114
-120
65
236
-77
-258
169
238
-140
84
159
77
-91
45
142
-42
-93
412
-22
-195
223
216
-196
-117
249
-94
-153
88
-21
-102
-156
69
45
-163
76
176
-136
70
7
-68
-18
189
78
-62
198
101
-185
70
-37
10
-28
32
158
-151
-164
137
-89
-154
63
50
112
-148
71
-45
-61
-113
-93
-14
-41
90
-65
-40
98
40
-77
84
106
19
-125
193
-33
-201
90
-134
-125
125
-164
82
-4
-217
31
-173
-71
12
-109
-18
-64
-88
-76
5
-80
105
12
138
-75
185
39
-20
53
162
-58
40
210
-156
176
-52
97
-20
-55
47
176
-165
45
7
-214
-116
-29
-152
-5
325
-232
112
71
-134
216
-191
179
304
-136
89
273
-219
123
-88
71
72
-33
63
143
-81
-131
178
-71
-27
161
-91
148
47
-220
273
-64
-142
392
-108
145
237
-116
131
-106
139
-15
-31
190
-105
72
-58
-62
-29
12
-24
148
-154
91
-67
-33
-24
-180
91
11
2
-272
262
125
-274
92
298
-143
-36
41
88
-85
-138
162
-50
-127
215
-132
4
-74
41
-205
-33
121
-60
-276
322
-147
-339
230
-137
-93
110
-238
218
-65
-193
292
-240
-158
187
15
-383
240
8
-12
-258
75
179
-229
-235
166
12
-324
244
-60
-129
98
79
-297
134
137
-111
-148
8
276
-356
-116
449
-116
-436
322
75
-277
-162
459
108
-334
142
256
-232
-177
205
259
-283
68
270
-193
-96
91
121
-104
209
-184
302
-188
-173
232
-100
-44
126
23
8
-95
-159
258
-212
-37
145
183
-190
31
59
64
-102
219
24
207
80
-75
20
153
-155
166
-23
-20
212
-216
62
23
198
-256
203
-19
132
-401
299
88
-203
-197
370
181
-598
453
253
-219
-3
94
117
-49
-322
422
-165
-301
227
-200
-105
-110
101
-24
41
45
228
-455
68
208
-340
-164
394
-46
-103
-35
293
-60
-172
302
46
-101
180
185
-135
-131
46
-17
-136
-34
-52
267
-340
-189
483
-186
-233
211
10
24
-458
272
132
-580
357
-127
-119
41
-159
-12
-74
68
148
-224
239
91
-469
270
93
-354
-258
569
-428
-273
530
-242
-139
-3
-53
38
-230
168
264
-485
345
87
-467
71
244
-411
93
62
228
-188
-95
357
-189
-293
371
-100
-137
-15
-24
133
-367
52
305
-227
-318
560
-183
-221
61
371
-350
4
159
98
-208
-140
641
-378
-184
350
157
-319
169
302
125
-411
146
245
-345
74
272
16
-139
276
-179
89
19
2
89
-16
41
84
-2
-8
183
-220
166
-50
81
240
-184
88
244
-264
13
136
-35
239
-424
292
273
-461
10
267
135
-243
-13
318
105
-428
190
325
-159
-200
405
51
-335
491
-185
119
-46
258
-42
-218
138
389
-533
105
264
-242
-119
-63
387
-468
33
372
-242
-202
133
-1
104
-324
247
140
-310
63
-171
106
-146
22
17
-103
-64
113
-184
104
-111
120
-213
45
91
-416
222
-65
-144
-75
161
85
-182
-67
158
-91
-183
197
224
-272
-81
372
-488
-10
393
-165
-48
210
-17
-76
-210
365
-85
-97
5
217
-283
-282
350
-165
-146
241
25
-212
93
-133
140
-206
245
-121
-44
167
-95
-3
148
-165
93
-9
-140
438
-382
49
195
-190
-63
55
153
-249
77
147
-50
-65
367
-423
88
13
-271
272
-224
259
-105
-248
238
72
-833
988
-214
-209
-56
546
-419
-204
207
301
-442
56
282
-106
1
-203
584
-378
30
84
370
-485
452
-216
118
6
-11
-170
353
-98
-140
295
-436
470
-218
-435
612
11
-416
281
-101
146
-341
113
407
-344
259
-41
44
-165
78
128
48
-190
246
70
-130
269
-268
285
-146
-313
416
47
-459
318
-133
-56
-431
60
412
-453
-20
485
-148
-387
143
18
-18
-105
2
205
-155
-184
88
-192
222
172
-316
297
-123
-143
93
-53
124
-148
-62
446
-724
456
-84
-8
149
-150
60
529
-663
236
472
-344
-239
387
-151
112
-156
-1
858
-677
-14
369
-256
-249
396
-149
283
-73
-161
115
157
-386
8
434
-151
9
-169
455
-58
-363
370
73
-316
94
101
93
-133
139
154
-493
585
-517
-83
365
-452
241
-297
238
-154
-269
181
-22
-409
202
228
-203
-411
725
-357
-360
582
-389
212
-191
-234
253
-242
-270
568
-423
217
224
-338
104
180
-266
64
85
48
73
-143
-67
-71
179
-336
219
237
-216
332
-125
-178
258
-27
-102
-87
26
214
-224
-286
544
1
-470
279
352
-504
396
277
-291
195
-46
30
-56
221
-33
-32
182
5
-76
4
564
-274
-273
566
-76
-423
389
-92
113
-232
216
-101
-45
259
-493
76
391
-437
48
475
-530
142
-9
-116
-45
-108
288
104
-374
476
-16
-250
107
-60
-204
284
-214
-225
165
-51
-196
-258
402
-335
-183
382
-427
182
-11
-474
447
-53
-468
330
-165
-82
-278
329
197
-487
176
328
-559
105
231
8
-590
469
284
-588
355
546
-698
192
331
-508
303
-46
85
-284
232
-272
-5
-235
271
-248
32
208
-14
-292
161
121
-508
567
-364
156
-71
-119
-34
-50
177
-175
218
176
-274
270
172
-214
265
-210
242
-32
-171
464
-222
65
441
-476
228
472
-423
341
-79
128
-86
-415
549
-355
-49
672
-669
417
-50
-125
248
-236
487
-234
-105
281
-192
-299
145
93
-83
-117
214
102
-218
-4
-67
150
75
-165
142
-203
463
-761
254
392
-620
335
-128
97
159
-186
158
130
-217
-123
233
63
-415
396
-245
-383
410
-438
618
-511
437
-60
-117
-70
213
-213
-112
319
-439
212
-60
93
-565
575
-195
-78
-139
494
23
-605
549
-17
-270
-186
308
2
-345
212
118
-288
86
88
-209
78
170
-384
237
77
-222
-184
399
-57
-648
651
-95
-306
410
-360
363
-166
1
130
182
-279
389
-428
475
-152
-122
440
2
-267
279
23
222
-668
684
125
-741
909
-413
102
-94
-26
31
-205
233
132
-366
302
-125
-270
38
245
-289
461
-472
458
-263
-350
657
-441
-26
584
-669
547
-253
-126
413
-342
-5
473
-258
-416
516
57
-465
125
355
-506
413
-398
169
353
-694
435
121
-480
634
-317
-414
834
-899
-39
532
-318
-202
331
-134
86
-290
-75
235
63
-436
543
-230
26
46
-176
-96
267
-303
-110
489
-301
-69
499
-343
-274
444
-345
185
-115
-63
459
-481
-200
729
-704
290
104
-529
793
-576
-135
677
-657
387
-351
153
355
-769
548
276
-634
451
-317
362
-32
-456
897
-851
515
-407
-133
620
-346
-175
653
-612
316
-302
194
138
-160
66
263
-270
-47
-11
-9
10
-248
224
-169
470
-648
503
44
-433
93
464
-615
455
-193
55
66
-355
349
-238
193
-534
701
-143
-453
371
-2
-483
498
-627
593
-310
-158
371
-243
112
-297
415
-96
-299
440
25
-359
536
-1039
934
-337
-408
694
-411
321
-318
-331
839
-695
24
271
-38
26
-257
141
245
-657
734
-568
359
311
-701
855
-367
-68
94
-71
144
-134
-102
711
-645
301
177
-220
138
-73
402
-379
45
514
-551
342
-4
-220
271
-192
308
-380
820
-770
237
442
-559
351
-38
307
-182
-153
338
27
-516
693
-323
390
-131
-136
216
36
-138
149
-10
637
-1134
968
76
-737
700
-233
402
-599
157
625
-602
-263
872
-598
313
-61
63
-7
124
-106
-122
153
85
-298
181
-308
419
-365
-194
488
-415
257
-29
-393
788
-760
102
555
-794
558
-265
-167
474
-564
221
455
-825
634
-298
-77
218
-258
69
103
-270
178
210
-335
37
136
-223
-280
343
-95
-110
28
-196
6
-33
-33
-328
370
65
-709
839
-676
78
376
-536
-15
548
-361
-50
-133
74
180
-454
393
149
-137
-142
262
-512
626
-499
290
121
-191
206
-523
848
-706
363
70
-200
10
152
-294
547
-658
552
-615
179
252
-240
47
500
-331
9
189
3
178
-424
1009
-957
410
164
-36
-454
443
266
-771
754
-136
-329
405
-123
-251
522
-543
507
-351
-125
288
-465
42
407
-962
761
-237
-503
504
-251
267
-722
705
-526
-87
349
-466
278
459
-965
944
-691
-128
688
-1027
1230
-770
-57
804
-916
315
278
-558
919
-1273
1249
-459
-509
726
-379
-492
826
-512
59
574
-1086
845
-503
18
112
-48
138
-34
-371
432
-29
-486
647
-183
-266
443
-243
152
28
-58
349
-657
1012
-877
363
368
-622
499
-323
151
122
-364
560
-242
-216
712
-674
379
-204
106
-39
24
91
-68
-108
364
-561
375
180
-583
776
-424
-85
254
68
-339
339
-473
736
-583
-184
808
-436
-155
693
-704
633
-478
178
610
-1147
1303
-886
530
-141
-94
245
-135
-229
396
-569
469
-75
-440
639
-462
264
25
-69
210
75
-372
593
-517
680
-521
83
536
-564
87
213
-218
139
-6
-71
242
-234
380
-206
-35
81
-213
-26
133
-93
208
-202
-75
319
-329
-120
612
-631
331
-68
-294
314
-399
208
31
-252
283
-319
65
29
31
-171
267
-17
-373
268
-423
212
-91
-114
180
129
-378
595
-628
359
22
-328
478
-314
259
-116
-77
160
-261
231
-13
129
75
-300
452
-283
-161
465
-394
302
-131
-314
723
-779
456
253
-504
826
-616
413
97
-556
1014
-801
448
280
-514
246
251
-414
469
-597
406
53
-638
903
-786
335
117
-663
749
-468
24
371
-642
549
-445
298
-282
-166
129
23
-375
267
61
-573
395
-355
-281
608
-629
-84
467
-848
415
-148
-450
726
-727
344
85
-422
363
-365
327
-397
362
-175
-297
416
-431
238
-24
-123
232
-240
-112
100
44
-278
569
-278
-240
562
-352
-241
299
-57
-73
-118
298
-311
-22
24
-239
583
-487
293
145
-343
39
367
-671
878
-293
-195
411
-313
58
181
-226
157
-89
248
-80
-175
308
-593
433
-70
-437
761
-160
-418
492
-226
-90
378
-744
814
-426
-209
413
-258
-359
639
-348
-45
83
-19
-150
20
-117
102
-49
20
127
-175
503
-632
315
152
-417
495
-82
304
-190
76
85
-103
60
64
87
257
-336
453
-301
-97
143
-40
-247
460
-159
-84
477
-676
339
238
-512
887
-614
361
-22
-314
235
-55
124
-160
381
-510
467
-249
-34
346
-481
189
108
-587
909
-1045
576
-125
-637
693
-841
383
276
-616
466
-42
-599
663
-785
279
267
-417
206
123
-363
134
-204
70
147
-300
457
-224
27
-159
281
-109
19
-32
248
-275
-104
507
-628
547
-246
-269
682
-1031
1039
-610
-157
663
-943
552
-289
-46
294
-475
408
-185
-23
188
-371
376
-226
-150
87
69
-332
211
-62
-104
223
-137
-127
353
-465
367
-20
-280
570
-703
380
-75
-239
527
-507
187
89
-66
56
-183
530
-459
191
47
-83
431
-642
931
-701
165
511
-845
934
-480
-34
567
-741
518
-1
-369
519
-219
72
21
-17
247
-391
147
291
-645
471
-57
237
-93
-412
538
-408
-274
559
-395
283
-104
-225
148
-112
11
99
-223
408
-490
111
105
-395
454
-380
352
9
-176
438
-627
647
-237
-185
498
-275
177
-392
556
-15
-547
501
95
-299
128
100
-21
-38
19
136
-105
26
-28
-72
-112
329
-504
227
312
-647
645
-368
71
12
-369
647
-199
-445
939
-669
134
95
-116
2
204
-744
744
-161
-169
230
-326
276
-418
18
249
22
-145
12
298
-240
-204
316
-297
358
-217
120
251
-579
174
-132
-66
334
-100
56
57
-84
71
-188
-46
437
-413
5
429
-390
-156
19
-318
415
-109
-439
815
-729
-46
187
-178
-3
-192
182
-113
-233
422
-573
189
-198
166
104
-142
548
-669
160
104
-120
54
164
4
116
-244
248
158
-442
478
-120
155
127
-65
175
-330
91
340
-349
345
-44
-210
431
-411
477
198
-472
539
-97
-276
444
-360
358
-309
55
416
-656
529
-337
25
155
-263
464
-255
49
-150
-142
64
-195
122
-142
-146
-33
-38
-350
114
76
-201
184
-61
-250
87
-117
-107
45
106
-73
37
42
-76
66
-57
182
-190
272
-52
-43
187
-250
336
-191
-34
220
-422
529
-470
191
-3
-341
141
-146
274
-203
7
159
-262
-16
146
41
-309
53
59
-66
-210
307
-43
-506
559
-304
65
170
-263
94
-41
-40
3
-56
-120
147
-306
264
104
-40
24
-155
38
119
-25
79
156
103
-110
191
94
-76
99
165
136
74
220
-165
-22
-18
-114
137
22
206
-262
-92
161
-415
154
-142
-43
89
-178
128
-75
-195
87
-241
95
141
-18
148
-258
147
-57
-126
237
4
-54
317
-86
58
37
32
-103
240
212
-21
340
-182
39
150
-91
304
139
51
121
55
42
-14
53
44
79
28
70
12
-257
-108
-121
-166
93
-98
-142
-93
-225
86
-484
33
15
-446
-19
-179
-91
-379
-307
-110
-265
-61
-137
-57
-214
-203
-218
-312
104
-296
-333
41
-136
-328
-10
-113
0
-188
110
210
43
139
91
86
190
320
137
346
496
250
364
608
464
591
392
610
715
357
717
573
415
676
284
500
574
117
570
256
295
358
-14
274
-24
-44
62
-163
-80
-167
-372
-75
-594
-324
-399
-649
-63
-765
-446
-482
-849
-714
-635
-716
-775
-843
-1007
-1089
-1011
-1183
-1054
-1107
-993
-603
-573
-423
-472
-888
-819
-375
-118
232
319
155
-78
18
99
392
907
637
963
799
851
1046
743
738
614
546
913
1041
759
756
133
-65
195
97
388
458
151
-165
-94
-235
-208
-14
-139
-69
221
353
348
381
338
169
564
799
1086
1213
933
787
888
783
918
1149
1032
902
1040
872
820
766
298
358
393
172
365
48
-384
-605
-834
-801
-772
-777
-981
-1241
-1282
-1458
-1514
-1358
-1611
-1573
-1759
-1596
-1506
-2045
-1999
-2026
-1952
-1617
-1247
-422
-823
-1267
-1343
-1436
-727
-5
520
815
293
-196
-118
-70
808
1297
1561
1626
1490
1242
1056
1252
1110
1332
1429
1651
1734
1104
642
158
69
309
591
947
591
-19
-616
-972
-649
-481
-143
-191
-333
-405
-753
-620
-596
-512
-339
32
366
562
430
178
163
265
580
1088
1502
1332
1216
783
756
979
995
1294
1254
1184
858
677
502
349
422
255
314
306
16
-294
-551
-712
-889
-757
-642
-803
-874
-1296
-1363
-1323
-1434
-1282
-1304
-1233
-1513
-1728
-1627
-1936
-1977
-1848
-1864
-1508
-1073
-834
-477
-1245
-1552
-1523
-1177
88
862
811
427
-594
-803
-295
808
1944
2129
1862
1171
912
971
1561
2082
2042
2071
1879
1650
1446
819
475
603
813
1233
1330
753
-96
-987
-1066
-630
75
402
-144
-836
-1449
-1557
-1206
-558
-310
-376
-402
-509
-330
-316
-37
85
178
634
949
1203
1019
730
671
942
1260
1841
1748
1371
1068
770
1003
1214
1406
1178
770
408
148
155
155
49
-180
-433
-717
-883
-1116
-1205
-1295
-1396
-1315
-1486
-1709
-1823
-2158
-2105
-2039
-2044
-1961
-2129
-2521
-2595
-2156
-1748
-1016
-707
-1135
-1707
-2016
-1591
-371
492
944
553
-540
-812
-368
735
1865
2439
2097
1403
952
1137
1958
2348
2548
2476
1898
1810
1595
1228
1203
1081
1181
1433
1312
810
196
-589
-679
-345
64
237
-124
-1070
-1559
-1612
-1158
-434
-319
-380
-812
-930
-842
-290
96
149
242
195
334
681
780
893
933
910
1169
1359
1436
1272
1085
995
1079
1249
1243
1083
601
304
146
185
349
117
-204
-581
-1031
-884
-943
-838
-1007
-1283
-1499
-1744
-1641
-1757
-1666
-1769
-1955
-1916
-2246
-2274
-2262
-2296
-1888
-1541
-918
-820
-1532
-1887
-2062
-1561
-129
461
795
68
-877
-1006
-502
1029
1987
2521
1844
1154
716
1075
2260
2797
3133
2684
2017
1705
1500
1532
1796
2010
1888
1744
1272
683
403
-19
119
333
512
245
-460
-1159
-1505
-1275
-808
-221
-261
-689
-1206
-1401
-1001
-504
-68
207
-121
-354
-382
-178
328
592
689
839
691
600
667
621
755
970
965
1031
784
324
198
118
187
533
450
103
-275
-776
-851
-631
-466
-395
-658
-1033
-1431
-1450
-1406
-1361
-1122
-1471
-1629
-1962
-2287
-1910
-2037
-1951
-1545
-1597
-895
-1169
-1688
-1753
-1990
-1100
-174
272
456
-430
-1034
-1006
-293
1105
1938
2193
1357
794
535
1302
2635
3049
3217
2547
1673
1658
1644
2100
2659
2493
2095
1467
1057
851
1020
862
905
747
240
-7
-609
-829
-779
-700
-540
-531
-817
-1078
-1474
-1348
-946
-571
-416
-514
-809
-1027
-812
-525
67
405
274
139
-36
-80
315
572
926
1009
685
467
195
226
497
613
677
648
290
15
-160
-94
32
30
-4
-185
-441
-635
-684
-711
-683
-754
-990
-964
-1244
-1399
-1277
-1521
-1341
-1303
-1582
-1514
-1418
-1074
-1123
-1387
-1409
-1818
-1259
-926
-393
16
-565
-911
-1145
-619
342
1066
1414
1046
412
358
867
1849
2541
2588
1978
1496
1423
1592
2293
2603
2403
1816
1228
1021
1365
1451
1404
1101
588
162
-124
-50
-96
-64
-404
-602
-825
-825
-930
-964
-974
-943
-820
-871
-857
-979
-993
-947
-631
-289
-123
-205
-468
-606
-364
-82
362
588
266
42
-309
-82
276
583
704
386
161
-34
-2
328
435
397
190
-94
22
68
175
156
-35
-287
-478
-512
-306
-300
-394
-461
-726
-870
-935
-868
-855
-1029
-1058
-1049
-1214
-1084
-1015
-1257
-1495
-1384
-1262
-968
-711
-566
-815
-1050
-1063
-560
56
464
917
690
371
391
809
1354
2012
2203
2132
1726
1485
1615
1853
2257
2461
2318
1898
1441
1121
1154
1279
1293
1148
703
177
-56
-280
-107
-60
-278
-527
-888
-1110
-1064
-852
-740
-800
-1012
-1190
-1170
-1014
-788
-632
-521
-662
-806
-679
-503
-200
-22
37
-53
67
-66
71
275
390
531
483
470
467
427
311
496
518
734
884
739
439
289
274
276
544
728
558
47
-251
-158
-298
-322
-70
-225
-590
-978
-1060
-937
-962
-1050
-1166
-1348
-1431
-1320
-1484
-1362
-1333
-1509
-1466
-1337
-888
-790
-794
-617
-591
-562
-202
118
403
525
589
699
817
1033
1269
1377
1466
1648
1596
1526
1477
1435
1273
1235
1257
1183
937
667
537
282
297
202
2
-257
-450
-618
-647
-635
-703
-864
-1138
-1197
-1131
-1015
-785
-842
-994
-1063
-1062
-861
-507
-332
-292
-353
-450
-262
35
272
556
594
493
573
669
901
1087
1200
1280
1254
1212
1266
1200
1199
1195
1163
1153
1166
1015
846
728
669
632
544
537
402
195
10
-108
-57
-220
-234
-366
-490
-713
-755
-711
-766
-876
-887
-878
-899
-991
-932
-757
-745
-755
-598
-633
-563
-625
-443
-421
-335
-221
-186
-153
-138
-1
49
133
194
189
96
44
24
147
183
107
23
-129
-247
-265
-164
-151
-245
-433
-575
-678
-651
-588
-553
-696
-911
-906
-952
-847
-866
-837
-878
-968
-865
-736
-628
-538
-527
-530
-427
-313
-27
136
212
254
347
381
588
850
1002
1144
1206
1369
1375
1405
1423
1440
1493
1521
1574
1575
1576
1385
1152
1139
1335
1343
1394
1320
1050
698
519
526
579
517
421
187
-23
-211
-261
-190
-216
-284
-459
-545
-536
-609
-525
-588
-567
-563
-580
-523
-516
-470
-357
-287
-243
-112
-169
-192
-73
-9
53
29
60
-21
-42
-5
-11
-4
-90
-257
-325
-391
-464
-420
-486
-629
-770
-841
-931
-920
-857
-1018
-1058
-1082
-1210
-1176
-1159
-1120
-1131
-1130
-1103
-1082
-949
-860
-798
-733
-654
-569
-461
-389
-297
-224
-107
101
278
341
344
397
430
639
757
909
903
816
844
858
1020
1103
1042
989
923
900
956
1013
1037
959
775
682
774
774
791
722
587
449
359
394
419
366
282
164
80
51
110
163
199
143
114
55
119
173
172
136
140
172
170
256
271
275
241
211
305
289
297
257
145
93
83
-12
50
-55
-174
-253
-299
-338
-395
-436
-553
-577
-676
-668
-691
-766
-889
-898
-909
-941
-914
-948
-973
-1020
-1013
-942
-875
-827
-811
-832
-810
-763
-670
-577
-570
-481
-447
-346
-215
-134
-89
-88
-68
17
213
302
390
411
328
218
285
440
549
614
626
545
494
468
527
666
623
661
599
558
482
513
563
519
460
470
401
357
323
322
279
260
314
231
240
174
137
173
182
207
211
144
97
67
108
173
218
230
166
124
132
122
233
218
148
110
18
36
37
56
-14
-48
-129
-190
-171
-137
-139
-190
-234
-288
-293
-348
-389
-386
-433
-417
-419
-439
-549
-635
-660
-624
-472
-387
-398
-454
-566
-600
-496
-326
-200
-151
-158
-267
-212
-143
-68
86
135
114
153
137
145
239
214
198
233
219
206
290
306
281
275
237
198
285
265
277
302
235
175
170
143
149
120
78
120
88
95
-16
-43
-108
-89
14
26
88
10
-72
-118
-107
-29
11
40
-12
-36
-38
-49
78
104
84
38
-38
-14
-11
-2
34
26
-16
-84
-113
-146
-109
-120
-129
-93
-155
-188
-177
-200
-185
-182
-204
-195
-258
-256
-268
-224
-260
-252
-311
-336
-310
-286
-203
-137
-98
-129
-130
-142
-80
3
81
119
160
119
119
184
194
300
360
395
358
370
378
369
388
452
435
417
419
359
344
321
315
306
332
272
268
246
184
159
105
90
73
63
8
-34
-63
-102
-137
-126
-162
-166
-202
-163
-193
-182
-180
-247
-198
-213
-174
-168
-142
-140
-135
-85
-109
-56
-32
-48
-59
-55
-56
-48
-22
-58
-25
-32
-81
-104
-123
-119
-146
-115
-123
-128
-100
-122
-110
-114
-152
-184
-240
-216
-237
-211
-164
-198
-200
-254
-290
-280
-246
-194
-120
-87
-85
-127
-142
-106
-33
67
125
132
157
119
124
217
255
343
348
331
308
316
342
364
389
374
383
366
397
390
389
384
390
395
373
344
320
306
282
320
300
275
208
113
48
65
59
96
145
54
-42
-131
-113
-85
-13
13
-30
-90
-118
-99
-132
-120
-176
-130
-140
-92
-57
-77
-146
-261
-236
-251
-164
-109
-128
-177
-287
-315
-341
-303
-305
-299
-333
-354
-341
-373
-377
-425
-421
-422
-395
-389
-366
-368
-382
-391
-342
-290
-291
-256
-233
-217
-205
-114
-61
-31
-31
-21
55
72
129
183
187
226
244
307
373
387
415
377
376
347
398
411
408
393
374
384
380
354
312
282
257
291
311
331
301
262
184
193
199
200
208
148
142
82
103
104
120
74
24
44
34
3
19
-1
-38
-21
-13
22
-27
-30
-74
-95
-73
-39
-2
17
1
-57
-121
-133
-123
-105
-66
-90
-109
-202
-247
-268
-249
-250
-218
-250
-311
-338
-416
-369
-385
-369
-386
-382
-405
-443
-424
-437
-454
-387
-378
-351
-313
-300
-272
-256
-215
-191
-163
-113
-80
-21
54
78
117
92
126
147
219
288
322
354
330
351
350
370
385
371
365
370
377
392
386
370
340
318
287
287
288
281
267
217
215
203
153
130
112
74
67
84
98
89
68
4
11
27
22
43
5
-47
-45
-39
-12
0
35
-17
-69
-57
-48
-31
-18
23
3
-12
-36
-34
-52
-65
-83
-87
-66
-53
-46
-77
-90
-133
-127
-132
-122
-105
-96
-141
-135
-135
-146
-152
-170
-164
-189
-148
-150
-158
-152
-174
-178
-157
-147
-128
-158
-176
-171
-171
-160
-125
-84
-112
-114
-112
-66
-41
22
22
27
18
57
89
69
97
104
126
145
167
205
175
129
152
194
196
191
222
202
163
130
161
202
132
100
92
84
63
53
64
50
-15
-52
-26
-5
-33
-46
-40
-87
-83
-75
-66
-62
-103
-87
-110
-93
-104
-84
-100
-108
-74
-72
-63
-52
-42
-89
-68
-58
-35
-5
15
-14
-49
-11
44
72
93
78
72
47
73
116
119
121
84
88
67
69
140
157
103
65
58
50
62
88
95
50
53
14
-11
-23
-18
-13
-1
-6
-2
-23
-56
-98
-119
-70
-10
-16
-36
-59
-115
-140
-89
-70
-57
-50
-70
-63
-87
-65
-27
-34
-48
-38
-7
-22
3
40
25
-4
0
19
-6
1
20
42
65
85
114
102
45
55
51
37
64
106
70
63
-5
-26
-10
-25
-87
-163
29
242
147
18
-15
-153
-366
-398
4
156
120
44
-17
-225
-361
-236
-28
61
188
227
107
-12
-178
-223
-219
-89
100
174
163
121
-23
-114
-149
-4
83
160
152
121
8
-53
-75
-43
36
75
76
73
68
36
1
3
39
8
35
41
25
-37
-95
-86
-81
-34
1
-18
-35
-42
-97
-127
-116
-65
-42
-84
-24
-47
-75
-130
-90
-89
-82
7
61
25
-10
-15
-20
-16
-5
1
-19
2
12
27
22
18
-28
-66
-61
-15
36
46
16
-32
-81
-130
-74
-32
24
8
-12
-46
-41
-49
-16
-8
-3
26
-13
13
15
52
46
76
104
122
103
143
101
120
150
166
159
117
106
80
64
112
141
133
94
45
69
30
71
80
66
19
-23
-58
-10
-22
-7
-36
-60
-34
-65
-29
-31
-54
-79
-20
-47
-23
-26
-38
-60
-68
-79
-31
-51
-9
-51
-50
-63
-19
-68
-15
-45
-52
-85
-69
-41
-26
-1
30
-6
-2
-22
-9
-43
-56
-1
-6
6
3
-2
16
9
-10
33
52
52
11
-14
-12
-33
-68
-35
-45
-31
-40
-49
-17
-18
-23
-6
-76
-7
-13
9
-10
20
-25
-20
-9
60
106
123
134
133
143
121
116
132
134
139
160
187
185
139
128
81
97
105
140
138
131
89
38
-15
-36
-11
-12
-14
-40
-30
-51
-126
-152
-128
-120
-134
-137
-74
-153
-167
-160
-164
-174
-111
-103
-97
-68
-110
-167
-140
-87
-80
-88
4
48
-60
-107
-41
-44
-44
-4
88
51
-14
-11
-1
-47
-37
13
70
46
70
65
26
36
27
55
56
115
105
100
103
123
106
106
93
90
115
94
96
116
109
79
29
58
105
35
103
123
139
109
107
87
60
38
104
83
123
122
92
111
32
48
82
72
91
30
67
51
-11
25
-36
-35
7
-33
-6
-27
-47
-149
-131
-68
-156
-178
-93
-140
-233
-209
-149
-241
-314
-207
-163
-208
-211
-57
-265
-322
-207
-231
-266
-164
-173
-170
-175
-157
-114
-159
-130
-95
-126
2
-15
-76
-40
-33
-75
-8
-18
-22
17
-69
-66
0
42
180
195
260
226
42
64
63
26
91
283
182
92
217
70
-76
104
91
118
86
185
364
130
179
189
-2
65
47
-21
243
197
197
159
231
70
15
54
159
36
46
216
172
1
9
110
-48
-54
44
144
115
32
1
178
-245
-128
-65
-84
-186
-77
-73
-211
-245
-208
-241
-169
-163
-341
-156
-190
-306
-509
-212
-138
-432
-118
135
-289
-44
-115
-163
-296
-140
152
-261
-84
232
-200
-457
-204
-167
-452
-238
359
52
-190
-58
-27
-305
-298
-103
82
54
-80
10
143
81
-301
-118
129
229
175
249
592
285
-102
96
147
261
120
573
510
5
478
126
153
52
489
621
-141
490
447
-112
8
328
163
321
207
546
-47
-26
479
-249
-23
501
127
-84
305
253
-391
98
256
-473
228
-84
572
-452
-36
474
-853
121
-213
-245
207
-329
-33
190
-381
-228
-198
-538
-240
-290
28
346
-904
293
-260
-935
70
-406
-165
-146
-262
-133
-319
37
-405
-83
-614
-23
101
-592
123
131
-312
-160
-391
-16
135
-497
103
68
109
-461
256
24
-300
32
111
-31
218
-98
494
92
-338
582
78
-113
299
129
212
471
-178
643
111
-184
552
29
371
656
-36
844
-206
341
461
-186
646
134
208
631
114
406
411
117
317
-142
666
336
60
250
857
-150
692
-590
701
-220
-48
954
-744
1026
155
-683
502
-123
-27
74
48
260
-394
102
-102
-29
-432
230
-120
-551
566
-646
-211
204
-527
-27
-113
-726
206
-483
-153
-516
-45
147
-1056
303
-441
-244
-281
-525
171
-636
-467
212
-888
229
-214
-665
96
-352
-423
-214
-89
327
-586
-320
462
-646
-206
262
171
-147
-156
228
-14
-260
183
541
-169
-39
89
272
-89
228
272
168
-116
139
382
-338
209
403
345
-146
51
434
-125
-146
303
120
388
-191
262
15
254
123
177
33
116
373
-468
483
309
-269
308
27
218
-344
-1
422
-116
69
90
402
-684
23
672
-676
-73
470
-200
-304
21
139
126
-627
-14
520
-595
-143
324
-442
118
-554
287
-106
86
-384
-63
221
-612
-179
166
-86
36
-380
-78
-173
-445
446
-148
-370
230
-456
-603
166
157
-278
45
64
-926
112
284
-495
217
-71
72
-326
-187
385
-326
-326
780
-813
-316
927
-641
-70
469
-289
256
-653
701
-105
-863
1289
-668
42
648
-324
575
-634
401
350
-611
1091
91
63
573
-580
725
-80
-109
777
162
-136
535
-96
182
124
40
480
-294
328
320
-478
411
309
-706
711
98
-233
-104
142
132
-124
-141
560
-459
25
-209
15
-234
279
-255
-236
372
-687
467
-323
-288
501
-961
623
-439
-55
195
-610
452
-81
-582
288
-196
-138
21
-94
119
-76
43
-167
-7
-15
45
-476
461
-472
522
-287
63
-114
-87
217
-317
-163
467
-242
-314
296
-390
180
-173
1
-307
-158
167
-361
-218
704
-571
278
-274
-69
78
-125
219
-74
231
153
-146
-67
138
138
75
109
438
82
106
-85
665
-828
819
21
-379
999
-742
887
-36
-327
624
-385
105
760
-809
623
505
-356
-223
858
-759
335
53
-357
619
-408
428
-236
-356
422
-609
97
115
-178
389
-517
427
-402
-473
590
-537
-61
488
-332
253
31
-312
151
-273
279
-103
42
418
-362
360
-56
-183
236
-282
399
-509
557
162
-479
421
-27
-421
306
-102
346
-419
123
109
-15
-195
36
-76
47
-515
188
241
-370
247
-326
-215
449
-840
542
87
-708
918
-914
130
367
-707
539
-278
-121
445
-745
542
-233
-51
180
-298
115
62
-106
-118
231
-53
-70
-302
412
-265
-367
498
-9
-478
460
-358
-213
141
-168
158
-137
27
17
-342
248
115
-567
569
-249
171
-325
470
-126
-376
671
-114
-351
651
-202
-230
496
-323
199
180
8
259
-43
261
-240
-16
275
-13
-193
687
73
-356
603
-102
-208
399
-57
348
-312
196
512
-801
688
27
-471
219
191
-229
135
200
-289
180
-74
-335
422
-488
178
133
-628
771
-696
85
247
-692
395
-231
151
-158
-275
186
-595
189
-33
-455
629
-413
-104
-58
-66
-149
-93
-154
178
-476
158
-34
-245
158
-115
-154
-163
84
-49
-123
45
-1
-58
-205
-143
259
-491
481
-416
407
-75
-146
396
-357
307
-54
-52
325
-162
229
-85
97
317
-371
375
218
-219
424
205
59
-8
365
-68
-53
215
247
293
-373
634
-242
-281
832
-514
266
608
-745
877
-666
526
-66
-269
606
-300
-224
428
-328
-94
65
170
27
-255
392
-338
-263
211
-226
-139
22
-217
146
-795
395
-223
-433
277
-325
68
-244
-31
76
-327
-68
140
-380
5
-17
-40
-56
-134
30
113
-361
161
-74
-167
236
-439
198
57
-237
57
-48
34
-93
-19
-29
412
-487
286
266
-678
416
-201
-12
213
-170
257
83
-378
390
-38
-188
82
443
-446
313
36
-12
307
-281
382
73
-71
101
188
218
70
77
307
-248
101
-198
503
-198
316
330
-440
84
22
-412
491
-222
95
56
-396
213
-75
-283
399
123
-610
570
-154
-372
306
-375
242
232
-761
900
-405
-474
437
-178
-281
324
83
-181
320
-379
-134
537
-786
477
102
-483
930
-788
294
364
-506
188
89
-115
273
-214
257
216
-311
386
-175
-223
533
-372
298
308
-121
529
-328
360
158
-454
637
-121
-22
397
-104
109
-133
-8
313
-653
622
-279
-325
625
-681
453
-379
50
146
-696
711
-424
-195
465
-529
268
-111
-27
67
-486
261
-98
-394
246
-27
-295
186
-374
-183
74
-450
165
-178
-58
28
-511
178
-27
-694
589
-281
-548
604
-609
116
-39
-209
137
-836
594
-411
-227
393
-173
-3
-361
126
202
-461
508
360
-393
383
-168
37
503
-269
360
180
-39
288
-11
304
-202
723
-509
40
932
-862
789
-383
24
715
-755
384
522
-520
656
246
-144
442
-1
269
75
306
215
207
4
-8
240
116
-48
339
-240
357
-64
-241
268
-212
-229
190
-204
45
-118
11
97
-412
236
-241
-102
84
-211
100
-257
-35
-165
-304
-223
139
-416
103
72
-506
-116
-65
-412
28
-217
-47
-253
-47
-264
-140
-66
-53
-187
67
-127
-337
196
-297
-268
131
-179
89
-216
-114
107
-471
47
200
-120
-240
524
-412
-121
372
-490
624
-43
-405
820
-502
176
519
-874
1172
-205
-321
952
-588
561
15
-542
857
-691
487
527
-513
671
43
-382
579
-207
336
403
-119
648
2
-238
523
-530
516
-189
267
555
-375
126
68
-367
348
-362
398
-25
-213
132
-473
114
18
-354
232
-45
-207
93
-326
121
-301
-53
102
-445
306
-254
-145
188
-510
340
-346
-488
843
-1000
190
445
-1024
343
-238
-349
256
-365
673
-809
352
-76
-511
411
-209
-52
175
-519
440
-336
-20
255
-290
221
-169
184
69
-132
247
-315
283
-85
-110
454
-254
352
150
-213
361
151
-147
548
106
-139
400
-109
77
249
-139
613
-141
6
472
-93
10
333
-84
108
82
52
29
-18
33
149
-206
269
-14
-103
303
-180
87
351
-490
167
78
-206
22
86
-219
-27
-106
-122
36
-161
-80
204
-554
77
39
-532
377
-312
85
-53
-162
-1
-211
18
6
-380
326
-179
-167
214
-275
113
-267
-237
172
-182
-111
-12
-117
-71
-295
37
-250
65
-181
64
-263
338
-246
149
-114
25
91
-314
83
235
-297
400
-91
-40
163
-236
506
-512
471
125
-107
193
-169
177
-67
-190
412
-48
58
-68
382
-48
28
379
-75
177
6
294
132
-53
318
-80
-78
268
90
41
88
315
-239
-15
469
-98
-19
360
-308
198
-90
136
-21
-47
327
-460
295
226
-674
862
-413
47
340
-431
564
-441
-108
849
-768
477
101
-175
-24
91
257
-435
440
53
-446
440
-352
340
-416
-58
388
-768
493
-35
-218
-32
120
-334
2
161
-230
282
-210
-156
58
-582
460
-533
-185
427
-751
282
-185
-263
-2
11
-324
-61
83
-525
38
59
-571
91
-82
-419
75
-88
-278
189
-334
246
195
-691
765
-520
-56
-12
159
-110
-116
338
-293
111
379
-291
193
22
-5
-55
201
76
-37
317
-436
518
-295
54
489
-707
648
-63
-285
868
-471
159
262
-393
326
32
43
130
-244
617
-610
369
200
-540
759
-412
253
388
-422
700
-570
88
577
-685
480
202
-409
398
-188
18
52
-1
121
136
-124
358
-282
-29
129
-19
146
-122
628
-543
274
-167
60
-5
33
332
-298
148
108
-613
326
-363
-270
224
-353
68
-40
-213
-172
-9
-268
155
-190
184
-287
54
38
-329
248
-482
337
-184
-445
687
-505
-139
208
-186
191
-237
230
-7
-187
33
66
-234
29
118
-171
87
62
-129
86
-162
332
-90
103
497
-390
51
559
-857
666
-79
-270
703
-526
394
-49
-339
182
115
-97
-10
356
-424
-38
178
-389
248
-35
-162
610
-588
164
513
-509
97
345
-213
-42
362
-116
268
-197
450
-195
39
154
276
-140
365
-3
48
-60
35
15
121
-68
258
-102
-69
133
-4
-171
212
118
-364
428
-544
436
-342
-96
444
-597
7
259
-566
484
-357
-78
343
-620
207
-129
-173
21
-218
6
-197
-61
-139
-386
319
-458
211
-20
-513
357
-498
-80
46
-260
165
-296
137
-259
68
-7
-37
118
-262
361
-173
85
18
106
-16
-167
413
-234
170
418
-421
450
-315
325
-16
-287
869
-688
664
-16
-374
761
-649
674
-180
-76
643
-513
357
-43
63
380
-664
804
-128
-220
1089
-882
864
-71
-460
931
-350
327
361
-318
362
-142
-7
165
171
-56
-57
418
-431
412
11
-187
321
39
-166
237
-85
-122
235
-325
245
8
-454
359
-141
-492
384
-474
267
-325
-372
632
-1003
430
-230
-602
525
-807
-28
392
-1315
805
-753
-309
137
-646
246
-550
54
-63
-507
66
-103
-197
61
-265
418
-510
26
72
-120
-271
338
199
-629
501
85
-788
561
52
-141
314
-205
556
-137
-647
978
-316
-522
575
-203
318
-295
190
399
-462
148
-135
469
-287
362
339
-305
695
-760
650
53
-290
879
-409
110
579
-692
764
-108
-102
456
-288
345
76
-96
621
-290
117
407
-369
474
-376
508
-179
-227
531
-374
109
106
-222
401
-251
32
217
-357
385
-111
-154
460
-150
-240
321
-397
229
-125
-100
157
-314
91
-89
-305
208
-261
-99
-178
29
-292
-142
30
-190
-103
-135
-210
-59
-182
-43
-48
-124
140
-407
77
-54
-190
111
48
-238
273
-264
91
-148
105
-51
114
76
-90
237
-319
50
365
-671
539
161
-584
686
-318
-33
140
-33
104
56
189
-32
50
-40
15
-39
-104
119
47
-180
137
131
-296
184
-47
-341
342
-266
-27
206
-300
-57
-25
-10
-102
-145
234
-136
-147
257
-165
75
-153
-26
377
-614
534
5
-351
607
-304
55
53
-62
241
-138
177
68
-68
-125
-26
-5
-150
35
-37
59
-54
10
-20
-43
-129
-29
33
120
28
-120
395
-302
-85
431
-381
274
215
-84
282
16
-84
253
-80
-110
389
-244
148
163
-91
156
83
-132
211
-14
12
232
2
-38
324
-304
98
152
-136
192
-52
109
16
25
332
-235
319
201
-345
508
-178
231
217
-329
375
-110
-141
268
-84
-86
145
38
-217
325
-254
61
59
-200
71
35
-281
142
-260
32
-34
-97
-87
78
-234
112
-19
-40
68
-15
-32
-127
13
29
47
-216
339
-209
72
76
-17
124
72
58
181
-189
69
137
-244
225
-132
83
53
-273
291
-6
-125
323
-108
-95
348
-481
321
-251
-162
319
-374
-11
287
-369
203
-249
229
-157
-57
220
-185
163
-347
38
60
-544
166
76
-412
360
-358
-84
-70
-226
128
-260
279
-170
-137
36
-378
227
-376
98
218
-501
595
-322
-182
310
-307
26
31
-40
6
-51
-90
41
-183
164
-218
95
320
-167
-8
131
-101
-78
-118
233
-223
-56
209
-372
75
-7
25
18
-148
478
-331
-122
509
-426
212
259
-107
226
-64
161
80
-89
544
-229
276
457
-375
531
-124
301
138
-383
759
-100
-340
743
-98
1
168
197
-89
106
95
-43
168
-148
199
-20
-187
166
-134
-47
113
-186
27
10
-232
72
-56
-71
59
-180
-144
-60
-60
-45
45
-193
126
-123
-314
165
-177
-79
-4
-168
-9
23
-265
98
-211
90
-240
78
-31
-101
163
-150
74
-44
-187
253
-390
92
233
-377
252
-84
-122
128
-26
-119
191
-307
154
-139
39
61
-134
73
58
-228
57
58
-340
244
2
-175
244
-306
37
-103
-114
149
-169
26
-101
157
-483
404
-154
-70
249
-221
240
96
-81
198
97
-52
176
-48
152
116
-192
322
168
-460
557
-325
99
120
-257
396
-313
-50
181
-330
138
-20
-147
121
-144
81
-258
29
-14
-210
88
-11
13
72
-367
259
-202
-213
333
-281
72
8
-131
161
-334
110
95
-392
366
-194
2
28
-132
37
-49
-89
158
-125
112
72
-61
137
-10
94
-5
174
177
-76
301
-108
-7
257
-271
405
-81
-106
331
-257
81
195
-245
207
-1
-99
196
-91
36
54
-96
18
-99
-10
132
-211
10
87
-220
163
-166
98
156
-313
277
-153
-81
168
-175
145
39
19
105
-20
128
-59
88
113
-79
318
-32
39
147
-192
57
-17
-73
227
-179
191
56
-181
162
-148
-65
136
-263
175
-208
-132
122
-449
169
-130
-163
179
-281
257
-106
-122
166
-96
-151
100
-96
20
-80
-97
94
-75
-58
-66
28
41
-249
166
-46
-61
71
-296
152
-38
-54
-36
145
-12
-195
331
-2
-56
228
-60
-52
-11
-77
172
-118
99
263
-250
57
98
-76
20
31
137
-12
219
-130
60
87
-100
89
-10
164
35
-3
173
42
-75
182
-114
-25
138
-93
4
48
44
-168
22
170
-331
125
64
-78
-10
64
60
-137
56
174
-108
101
41
0
-32
-24
197
-13
38
254
-176
-154
237
-285
22
142
-10
-23
35
-83
-208
20
-201
-31
37
-138
20
-128
-150
-33
-326
54
-63
-144
10
72
-242
-108
85
-161
-128
130
-47
-99
-26
147
26
-259
321
-62
-234
148
-62
-30
-57
-18
168
-231
129
61
-223
98
-27
53
22
104
52
70
-106
19
188
-249
299
31
-133
401
-327
95
158
-262
179
86
-60
41
70
5
-153
239
-4
-92
185
2
50
-89
131
134
-249
235
97
-257
50
102
-39
-151
188
60
-195
54
44
27
-84
150
90
-182
274
-45
-195
312
-140
5
141
52
62
-46
147
10
-202
300
-98
-112
127
8
-221
92
102
-193
16
111
-37
-238
205
39
-400
204
-24
-118
-77
129
195
-399
310
-15
-192
163
96
2
-39
184
17
-279
226
-92
-137
67
-13
-2
-99
52
-121
-91
-14
48
-190
57
45
-159
-39
42
-111
65
8
-24
151
-105
56
32
-97
177
-167
18
150
-172
116
-27
91
-196
117
-17
-206
325
-132
-8
113
-144
67
-142
6
90
-123
176
-12
38
18
61
-43
-34
150
26
-19
91
107
-179
153
78
-58
176
142
-36
161
56
49
5
-16
144
73
-9
72
142
-156
79
21
-58
167
-74
-32
48
9
-13
-136
117
-20
-116
129
-6
-56
98
-80
21
-4
26
65
9
90
41
-30
98
-156
46
44
-71
-15
-18
-8
-257
14
-59
-99
-154
52
-125
-130
-72
-42
-105
-152
53
-239
-69
50
-165
-101
18
16
-79
-78
95
-53
-206
88
26
-138
126
139
-189
47
49
-116
-31
104
-64
39
-17
-12
149
-199
68
8
-102
20
-61
94
106
-124
145
-21
-62
33
24
150
-62
227
33
-114
189
-39
60
-23
104
202
-105
140
103
31
29
78
190
-79
118
107
18
78
106
88
-19
1
110
-28
-74
99
95
-224
73
104
-252
83
-93
-12
29
-177
94
-78
-141
67
-78
-36
71
-51
-10
70
9
-59
137
-47
69
21
-98
106
-151
-44
-54
-126
113
-227
-29
-51
-213
-24
-153
-79
-32
-154
23
-119
-91
75
-48
-112
126
-4
35
113
-22
138
7
-4
58
2
37
67
-16
40
75
-67
2
10
22
-51
97
58
42
17
43
-15
-33
3
-27
19
36
83
106
-37
98
45
-52
95
37
96
35
41
110
-54
61
45
-100
44
90
-52
112
52
-20
1
3
-5
-108
43
-36
-109
53
-64
-124
74
-88
-106
-34
-20
-60
-160
-1
-46
-139
56
-62
-131
-26
-54
-63
-158
106
-23
-120
90
-49
-47
-54
-81
51
-130
12
13
-94
43
-99
11
-53
-1
-6
-79
52
23
37
-13
23
24
-35
0
-52
64
78
-57
131
141
20
83
120
55
33
132
124
107
70
69
48
24
80
98
3
184
-4
54
67
-90
113
-45
-66
67
-4
-52
-46
-11
25
-67
29
13
28
-35
-24
64
-15
-21
12
-38
-39
18
-3
-98
44
15
-122
5
25
32
-146
17
-46
-150
-67
-166
1
-101
-146
9
-163
-33
-78
-124
92
-91
-11
45
-81
-11
27
-103
66
-12
31
41
-34
58
58
-68
101
43
-12
66
-54
84
-6
37
2
65
72
-44
63
67
-47
41
0
55
52
-18
89
-57
55
37
-43
70
37
-11
31
-8
61
26
-28
57
2
53
3
-4
53
12
-27
43
25
-67
52
-22
-74
23
-30
-78
-13
-36
-69
-89
-35
-49
-149
-67
-60
-45
-117
-43
-3
-101
-9
-69
-32
45
-91
10
16
34
-11
-63
43
-5
-70
-10
31
-5
-38
9
8
-12
56
-42
8
11
15
-28
-23
59
-12
-44
-42
47
-25
-51
16
19
-23
6
15
22
33
0
42
52
43
83
62
95
112
25
128
61
-13
163
58
3
119
38
34
-16
107
61
-38
133
22
51
-20
31
78
-84
81
-54
5
88
-124
97
54
-14
16
58
105
-58
67
128
14
49
86
41
19
-13
73
6
-41
79
-17
-89
10
-3
-118
-35
-29
-53
-74
-75
-22
-64
-82
-57
-56
-59
-83
-44
-20
-85
7
-60
-72
3
-9
-17
-51
40
-13
-97
49
53
-54
9
32
-20
-65
-21
32
-50
-48
12
-11
-69
-39
39
-50
-60
64
-34
-66
36
7
-99
23
41
-49
4
37
44
2
3
75
24
21
61
35
29
34
59
-10
45
80
-10
23
53
-2
-5
26
0
17
9
13
-15
2
29
-42
32
17
9
34
1
43
15
5
25
20
18
29
32
19
46
25
20
29
11
12
-2
68
28
35
56
31
-27
25
13
-13
25
21
-7
-29
12
-33
3
2
-3
22
-12
39
-12
-5
-1
-15
-33
-17
-25
-35
-17
-45
-47
-74
-38
-39
-42
-42
-15
-95
-54
-71
-100
-25
-75
-58
-61
-93
-64
-72
-95
-53
-69
-119
-80
-69
-99
-65
-50
-57
-70
-60
-74
-76
-62
-53
-24
-17
-6
0
5
-20
0
-2
-26
32
34
48
61
14
71
8
31
24
63
74
27
94
49
49
27
20
55
-8
23
55
-22
54
39
-6
22
7
5
3
44
33
59
50
53
88
21
61
95
55
46
130
48
78
120
62
67
74
58
13
53
35
45
-1
52
5
-4
14
0
-4
-17
48
-16
10
25
47
-10
19
53
8
10
12
30
-2
24
-23
6
6
-53
-15
-23
-44
-45
-77
-70
-122
-115
-105
-123
-84
-131
-85
-140
-131
-95
-154
-105
-85
-64
-88
-73
-13
-53
-50
-13
-5
-28
-15
50
0
6
43
30
2
28
31
8
-1
26
8
-18
2
22
-21
-29
11
-26
-47
5
6
-1
0
-12
11
-11
-31
17
32
10
33
64
42
36
43
48
37
10
66
68
49
59
67
48
6
49
32
25
51
64
48
44
53
34
30
59
43
43
64
34
64
42
52
58
68
49
48
66
37
25
40
45
24
18
48
6
14
24
-41
-7
14
-46
-21
-24
-25
-36
-38
-31
-40
-24
-93
-13
-73
-59
-46
-75
-44
-71
-62
-51
-52
-65
-60
-39
-61
-65
-49
-45
-74
-49
-40
-61
-36
-49
-24
-41
-15
-44
-28
-21
-12
-4
-22
16
-18
-24
0
-4
-27
-13
0
-16
4
5
-11
8
-19
-6
-21
9
-2
-15
14
-6
-8
-11
15
7
-32
32
25
5
30
36
40
7
58
38
41
76
61
71
62
36
49
39
51
58
57
65
48
31
24
29
44
36
41
36
23
9
6
20
25
15
24
14
19
-3
-6
25
-12
-19
27
-2
-42
3
7
-31
-20
4
-13
-37
-34
-19
-34
-49
-35
-38
-27
-61
-55
-36
-52
-62
-48
-27
-35
-70
-60
-39
-71
-52
-70
-32
-54
-59
-47
-37
-24
-55
-5
5
-23
3
29
-9
5
-10
2
11
-11
28
41
-10
-3
30
-8
-23
40
5
-7
49
5
8
40
-1
18
35
4
17
2
11
14
-6
33
4
-5
35
20
23
37
42
35
17
59
51
32
70
43
45
41
60
39
29
48
51
26
27
69
14
4
54
41
-12
39
23
-3
3
-6
1
-8
-2
24
18
3
14
-10
-1
-11
3
11
0
21
9
-13
2
3
-16
-6
-12
-2
-16
-30
1
4
-38
-19
1
-41
-17
-24
-40
-2
-32
-18
-20
-21
-10
-22
-17
-9
-2
-18
8
23
-1
37
16
11
37
5
33
18
22
21
4
34
13
16
24
18
20
8
11
16
12
21
-1
16
17
2
13
19
26
6
1
13
-3
9
9
9
-1
13
28
-16
31
21
6
8
1
12
0
18
26
12
22
13
-13
-1
2
4
6
0
17
-3
-3
9
-8
-9
-7
1
-11
8
6
0
9
-6
-1
-12
-10
4
7
-4
23
16
-16
-4
15
-3
-14
-2
11
-9
-13
0
13
-15
-22
14
-20
-11
4
-20
-4
-11
-10
-7
-17
-12
-8
-11
-8
-9
-8
-3
-11
5
-10
-1
-4
8
0
-10
14
3
-14
2
4
-8
-3
-1
5
-12
-3
10
-11
-9
12
-12
-16
-5
-1
-9
-11
-4
7
4
-19
-4
-3
-17
-10
-8
-7
20
-7
-1
13
-18
-14
5
-21
-2
-1
2
-1
-7
9
-10
-12
-16
-8
-17
-12
2
-1
-5
-2
-6
-15
-10
-22
-10
1
-19
-6
2
-11
-16
-9
2
-6
-7
0
-3
1
-11
-10
-2
-27
-8
-1
-22
-17
-13
-32
-41
-27
-25
-42
-22
-21
-38
-22
-40
-26
-25
-49
-13
-30
-43
-31
-19
-33
-36
-16
-37
-28
-28
-32
-16
-20
-27
-14
-21
-18
-9
-20
-12
-17
-22
-22
-17
-15
-14
-3
-1
-18
1
-8
-15
8
2
-1
12
12
11
22
14
22
14
29
8
30
30
21
49
28
45
34
34
39
32
38
40
37
44
40
47
41
19
46
32
28
43
45
35
27
47
20
31
46
29
35
36
26
20
17
18
22
5
23
19
6
17
10
8
-4
-8
-3
-3
-15
11
-4
-14
-13
-26
-21
-28
-16
-20
-26
-22
-35
-37
-32
-32
-24
-29
-33
-32
-36
-37
-48
-20
-43
-39
-21
-36
-37
-30
-32
-41
-33
-31
-30
-28
-22
-19
-21
-28
-17
-18
-24
-5
-12
-8
-8
-7
-5
-2
3
2
11
1
11
15
9
16
20
15
19
28
20
33
25
27
31
27
30
42
30
39
38
31
46
30
46
42
36
40
37
35
39
43
40
36
45
26
28
32
28
35
28
32
23
16
23
5
17
16
-3
12
5
0
3
0
-4
-7
-15
-7
-14
-12
-13
-14
-21
-31
-18
-27
-32
-17
-27
-39
-28
-41
-43
-33
-43
-28
-33
-38
-29
-42
-45
-40
-35
-45
-34
-32
-35
-42
-24
-38
-35
-29
-35
-25
-33
-22
-29
-21
-27
-17
-18
-13
-18
-6
-8
-13
2
-7
-8
-3
9
-1
15
12
14
7
7
16
8
14
23
24
21
16
24
27
16
31
30
29
24
30
35
29
34
34
36
25
29
36
24
39
36
26
32
31
21
31
28
24
29
19
20
21
13
21
18
3
23
-2
7
13
-9
12
-2
-1
1
-4
-2
-8
-3
-7
-14
-7
-17
-15
-13
-20
-14
-19
-21
-18
-29
-23
-34
-24
-26
-34
-25
-25
-39
-31
-24
-44
-17
-38
-32
-26
-40
-25
-35
-23
-29
-28
-21
-31
-25
-24
-26
-18
-30
-13
-17
-25
3
-24
-4
-10
-16
-3
-13
-1
-3
-1
5
-1
0
9
1
11
13
8
21
12
10
21
23
11
25
26
21
18
30
26
17
40
20
29
36
25
35
32
30
33
33
29
34
35
26
32
36
22
29
31
19
31
23
22
26
19
21
19
17
14
18
12
11
14
8
4
8
3
2
4
-1
-2
-1
-10
-7
-3
-16
-6
-9
-17
-13
-12
-15
-18
-15
-14
-27
-19
-18
-24
-18
-21
-20
-20
-26
-18
-22
-24
-21
-22
-26
-22
-23
-28
-20
-27
-25
-21
-24
-23
-19
-21
-20
-20
-16
-25
-18
-15
-21
-13
-19
-12
-15
-18
-7
-15
-6
-12
-7
-3
-12
-3
-7
-3
-1
-4
2
2
4
0
2
11
0
10
14
7
16
12
14
17
15
20
20
20
22
23
18
26
28
17
30
26
21
26
27
25
23
29
23
20
30
17
26
23
18
25
18
18
21
21
16
21
18
13
16
14
9
16
7
8
8
3
4
1
1
-4
-2
-2
-10
-8
-10
-10
-14
-14
-11
-18
-19
-19
-16
-24
-21
-18
-26
-20
-25
-27
-19
-29
-22
-20
-27
-22
-25
-24
-24
-25
-22
-27
-17
-27
-21
-19
-28
-15
-22
-18
-17
-16
-11
-14
-11
-5
-12
-9
-6
-4
-4
-3
7
-3
3
3
3
4
9
8
9
15
5
14
14
10
17
18
12
22
18
15
24
20
17
25
21
17
27
18
24
26
17
29
17
23
24
16
27
18
20
21
17
19
15
17
12
14
11
10
11
6
11
8
5
10
2
2
7
-6
4
-1
-6
-4
-9
-9
-10
-12
-12
-10
-19
-16
-15
-22
-17
-19
-21
-22
-21
-25
-26
-24
-25
-26
-24
-27
-25
-30
-28
-26
-28
-26
-30
-26
-25
-28
-23
-26
-24
-22
-27
-18
-24
-23
-18
-20
-16
-17
-14
-14
-10
-11
-6
-5
-5
-2
-2
-2
6
5
5
12
7
12
9
13
19
13
20
23
17
22
25
16
27
26
22
31
26
22
33
26
23
38
23
29
29
26
26
31
26
26
28
22
24
26
21
18
23
16
15
17
15
11
14
10
7
8
1
7
1
-2
2
-5
-5
-8
-5
-10
-9
-8
-12
-13
-15
-18
-15
-19
-18
-17
-23
-19
-23
-21
-25
-22
-23
-27
-22
-24
-25
-22
-24
-20
-21
-20
-16
-19
-19
-16
-17
-17
-14
-14
-16
-12
-13
-13
-10
-10
-10
-9
-5
-9
-1
-5
-2
3
-3
0
6
3
6
10
8
10
10
14
11
19
13
18
21
15
23
16
20
22
18
19
24
17
21
23
16
23
18
19
19
20
14
18
