-3
-2
-1
-1
-2
-3
-2
-2
-2
-1
1
1
2
1
1
2
1
1
2
3
3
2
1
3
3
3
2
3
3
2
1
3
2
1
0
1
2
2
2
2
2
3
1
3
3
3
3
3
5
4
4
3
4
4
3
3
3
3
1
0
1
1
1
1
1
1
2
1
0
0
1
3
0
1
0
0
-2
-2
-1
-2
-3
-3
-3
-3
-4
-3
-4
-4
-4
-4
-5
-5
-6
-5
-5
-4
-3
-3
-2
0
-1
-2
0
1
1
0
0
1
1
1
1
2
1
1
1
1
2
2
0
2
2
0
0
0
0
-1
-1
-1
-1
-2
-1
-2
0
0
1
0
0
1
2
3
4
3
2
1
2
2
0
0
-1
-1
-1
-1
-1
-1
-1
-1
-1
-1
0
1
1
1
2
1
2
3
2
1
0
0
0
0
-1
-1
-3
-2
-2
-3
-3
-4
-4
-5
-5
-6
-5
-5
-4
-5
-4
-4
-3
-3
-4
-3
-3
-2
-2
-2
-1
-2
0
-1
0
0
0
0
0
-1
0
0
0
1
2
2
2
2
2
2
3
2
3
4
4
3
3
4
2
2
3
3
3
3
3
3
3
2
4
2
3
3
2
2
2
2
1
1
2
1
1
2
2
1
0
1
1
1
0
0
1
2
1
3
3
2
1
2
4
2
1
1
0
0
-1
-2
-3
-2
-2
-3
-4
-4
-4
-5
-5
-5
-4
-4
-6
-4
-4
-5
-4
-3
-2
-3
-3
-3
-3
-2
-3
-4
-3
-3
-5
-5
-5
-4
-5
-5
-3
-4
-5
-5
-4
-4
-3
-3
-3
-2
-2
-3
-3
0
1
-1
0
1
0
0
1
1
0
0
0
1
0
1
0
0
0
1
1
1
0
1
1
1
2
1
1
2
3
2
2
3
3
3
4
4
3
4
4
3
3
3
2
3
2
4
3
3
3
3
3
2
1
2
3
2
1
1
3
2
2
2
2
2
3
2
2
1
1
1
1
1
3
1
1
1
2
1
0
1
0
0
0
1
0
-1
0
0
-1
0
-1
-2
-2
-1
-1
-2
-1
-2
-2
-2
-1
-2
-3
-2
-2
-3
-3
-1
-3
-2
-2
-3
-2
-2
-1
-1
-1
-1
-1
-3
-2
-3
-2
-1
-1
-2
-2
-3
-3
-4
-5
-3
-2
-3
-2
-2
-3
-2
-1
-2
-2
0
0
-1
-1
1
0
1
3
1
1
2
0
0
1
0
0
-2
-1
0
-3
-2
-2
-5
-4
-5
-6
-5
-3
-3
-1
-1
2
2
-1
2
3
1
3
6
6
6
7
9
8
5
3
4
0
0
1
-3
-2
0
-5
-4
-4
-2
-3
-5
-2
-6
-6
-6
-8
-7
-8
-8
-6
-5
-4
-4
-1
2
5
2
3
4
1
-1
1
3
3
7
5
5
4
3
4
1
-2
2
-6
-20
-8
-13
-23
-15
-11
-3
-14
-13
5
-7
-11
0
-1
-7
-5
-11
-18
-9
-11
-7
4
1
2
0
6
2
2
8
19
-3
-6
1
3
-5
-6
14
13
3
3
24
4
3
9
6
0
-5
-2
2
-1
-3
7
6
18
15
6
10
11
-2
-12
-2
-4
-16
-20
-16
-10
-16
-12
6
-3
3
7
3
4
21
2
-2
7
9
-1
0
16
23
21
8
32
17
15
19
17
-14
22
17
-24
-9
16
0
-27
10
12
3
-17
3
19
-22
-19
19
-15
-34
-5
-17
-15
1
3
20
19
13
18
6
25
12
1
27
18
-10
-1
19
9
-22
7
56
-10
-1
33
8
-29
-2
3
-12
-9
2
-2
-22
3
-12
14
12
28
-9
5
26
-34
-12
18
17
-25
10
19
-4
-16
31
14
4
26
24
-19
8
-2
-20
-29
11
3
-40
10
4
-23
1
0
-11
32
-21
-11
12
-19
-20
16
3
19
15
8
38
11
-29
39
39
-48
30
13
-1
-8
-49
24
-13
-22
14
8
7
8
-33
6
17
-39
4
20
15
-25
6
31
-21
-18
18
13
-8
-16
2
16
-44
2
-1
-26
27
-16
-32
-5
-9
-14
-38
-6
25
-65
-47
-4
-49
-1
-16
-4
11
-18
-1
-4
8
17
35
23
32
27
10
24
-18
3
18
3
-35
-23
-9
-52
-54
-61
-15
-25
-72
-53
26
-52
-80
66
-54
-51
61
-13
-52
65
18
-11
35
23
44
20
25
34
8
43
73
3
22
58
48
-80
18
105
-25
-53
58
-2
-99
-63
-30
-30
-42
-40
-10
10
-69
-69
-3
6
-14
19
58
43
22
0
67
60
3
34
165
-11
37
70
41
79
4
38
62
9
-3
44
-37
120
24
-59
52
34
-114
-48
23
-8
-98
-46
-8
-62
-104
-50
33
-55
-10
17
48
16
62
3
9
132
45
3
115
75
30
35
39
157
59
-148
115
16
-171
9
27
-47
-100
-18
-49
-21
-156
80
-82
-86
123
-49
-27
127
-42
-101
75
-54
-13
-54
101
11
-64
13
-25
-50
-37
18
-63
21
63
4
-106
77
98
-168
-15
197
-78
-43
162
-9
-108
47
-31
-74
-14
-38
-26
-84
-39
-108
-69
3
-40
-28
50
-4
18
-84
36
153
-94
42
247
-95
-53
156
-46
13
31
97
75
-33
-95
121
4
-149
118
79
-82
77
-23
72
-4
26
-1
16
5
12
-21
110
81
-37
37
-46
89
-178
-119
125
-73
-130
27
118
-60
-171
4
92
-170
-99
192
-3
-93
-27
140
-177
-75
98
18
-11
53
102
49
16
14
46
-28
73
-43
9
66
18
-116
171
-4
-67
-1
107
-29
-94
97
87
24
-52
65
63
-111
-125
126
-52
13
139
14
146
-20
14
96
-162
48
177
-160
49
148
-103
-3
-26
-15
-23
3
-1
44
67
9
-5
-81
-12
12
-220
63
119
-167
-46
158
-23
-80
125
160
-96
-43
110
-201
-50
-28
36
-34
20
117
-130
-115
118
-132
44
68
-109
143
-131
-231
80
-54
-159
28
-97
78
-23
-199
76
149
-179
7
180
-24
-110
47
97
-70
38
-23
194
-9
-242
146
137
-220
-98
105
9
-187
-99
56
-9
-211
-14
151
-90
-185
176
4
-83
-41
70
-62
-1
-197
146
59
-100
-2
101
57
-159
131
1
-154
1
13
-173
90
0
-160
126
-114
-26
129
-75
190
-26
154
-39
85
86
155
-105
39
120
-35
-108
101
207
25
22
10
283
-224
-86
167
-73
12
-5
-196
252
-80
-101
111
-18
276
-166
57
341
-159
-90
232
-170
-25
58
6
117
-190
-23
220
-97
-66
285
-123
-22
15
-98
-170
80
76
-87
-78
211
-64
-67
34
108
4
-99
218
101
-89
9
38
-92
-24
-117
232
103
-300
376
-339
-361
370
-321
-109
364
-306
-125
214
-456
82
29
-90
22
175
-128
-100
209
-226
-7
-41
-29
151
25
-222
119
91
-298
-27
-25
42
-151
-14
-23
-158
34
-168
-87
-80
52
-99
22
-61
24
-5
-46
23
54
89
-104
-70
-97
30
-105
-80
124
-62
136
-45
-110
122
51
-97
159
-114
273
23
-232
225
-70
69
-117
83
178
-3
-168
300
-71
-85
117
-94
70
40
-111
79
120
-205
160
13
-27
115
-7
-64
231
-37
-91
64
-69
-16
-76
35
-81
172
-15
-140
166
175
-63
37
117
73
44
-214
182
166
-223
-86
286
-162
-98
210
61
-159
223
78
-216
160
63
-43
-82
144
55
-78
65
83
-105
233
-188
85
152
-258
126
-31
-285
134
143
-375
279
-163
-38
28
22
-15
31
-66
139
-123
-222
249
-76
-230
-8
60
-23
-119
-81
232
73
-327
260
77
-401
64
-32
56
21
-254
83
117
-612
168
242
-16
-156
-1
165
-38
-430
124
307
-379
31
-10
-59
-79
-165
18
254
-181
65
-1
-99
-127
23
-62
162
-25
-173
-18
-31
-136
33
235
-166
44
67
-174
42
-49
-56
71
-54
-139
429
-487
165
115
-320
15
68
-81
120
-140
-193
325
-435
369
-72
-96
236
8
-181
216
-39
128
-32
-83
246
-157
78
24
142
17
-21
41
-3
-105
62
8
85
-39
138
-138
47
229
-320
495
12
84
-25
23
-89
220
-356
389
188
-317
476
9
-24
147
145
28
69
-32
220
-105
-71
-43
56
26
-259
155
91
-104
173
-412
462
100
-542
595
-11
-353
369
-189
-64
281
-158
71
-149
221
-182
-33
353
-141
-58
466
-118
-252
446
-161
-32
59
-152
332
-38
-156
323
-80
-264
272
-214
-47
286
-100
-107
117
37
-359
351
10
-283
157
292
-315
47
109
50
-144
-212
243
-38
-331
337
38
-335
228
21
-220
35
35
-87
36
-119
-62
28
-166
-187
150
-143
77
-116
-64
222
-187
-33
66
17
-275
-125
119
-8
-203
202
-63
-138
-104
-199
326
-306
-8
79
-36
-163
21
-245
314
-149
2
62
12
97
28
-122
215
28
-262
324
-156
5
-179
224
230
-407
218
575
-610
313
295
-412
367
-64
38
118
-333
275
294
-479
273
305
-329
96
137
81
-128
115
76
65
-150
272
-117
22
239
-19
62
87
198
62
56
51
223
-76
-164
371
-358
37
266
-124
-66
231
-253
98
-134
-141
355
-415
344
-176
-84
-43
30
-224
145
25
110
68
-188
108
-36
-61
-165
81
90
-253
91
-21
-308
234
-248
-153
482
-495
241
146
-602
399
-78
-599
668
-369
-267
470
-376
1
-39
-82
-59
-40
154
-176
109
129
-90
-46
199
-35
-141
79
-92
301
-225
12
253
-11
-365
517
-197
-66
322
-286
7
14
-262
333
-254
26
256
-348
75
-164
35
317
-392
177
479
-734
231
211
-292
147
14
70
-32
-161
258
-44
-169
280
-170
-92
284
-319
245
-24
-59
258
-533
347
434
-796
567
316
-633
507
-259
59
191
-238
562
-86
-379
409
-102
-149
56
122
340
-537
110
330
-197
-232
298
141
-254
84
247
-316
150
225
-421
167
245
-361
392
-193
210
85
-216
91
396
-503
352
157
-250
346
-80
-141
382
39
-381
508
-167
93
-166
15
280
-37
-296
446
106
-474
346
97
-212
119
195
-140
45
35
-74
-99
358
-458
305
-36
-8
-4
-157
252
-24
-383
271
312
-523
-48
391
-352
-71
324
-336
151
18
-313
226
-119
-132
445
-371
73
109
-127
-120
-15
27
207
-331
-45
316
-354
94
-63
233
-240
-26
64
272
-397
232
133
-251
19
42
-182
91
104
-289
179
69
-162
-97
118
-79
16
-360
590
-486
-88
200
-80
-85
-112
297
-258
-155
35
415
-683
401
-44
-236
111
-200
206
-130
-114
158
-13
-490
520
-180
-355
416
-416
72
174
-288
157
-182
343
-284
-105
258
1
-434
577
-257
-36
239
-310
459
-393
-45
360
-7
-392
465
-96
-461
574
-312
-238
621
-232
-347
745
-661
83
325
-214
12
165
16
-70
-28
43
98
-203
319
-261
245
-177
9
185
-425
185
302
-368
365
10
-92
-50
-127
142
135
-253
158
213
-273
-194
138
152
-428
318
70
74
-214
-42
410
-637
-41
676
-644
204
268
-225
-203
337
-182
-17
-129
292
-148
-213
436
-290
-184
325
-236
-32
299
-9
-77
-25
2
-144
342
-175
202
15
-8
-269
-7
-78
375
-199
129
163
-270
169
-186
-186
546
-620
365
197
-490
377
-345
256
91
-441
435
168
-469
226
106
-93
140
-93
164
-78
30
-340
177
293
-527
303
182
-205
-127
237
-196
102
179
-256
367
-317
193
53
-371
367
201
-483
466
-131
-41
135
-253
567
-626
395
50
-392
96
374
-425
373
-57
-235
570
-493
-154
739
-572
-63
610
-500
218
233
-572
664
-305
-172
377
38
-315
428
-154
-242
770
-873
312
346
-535
-14
519
-433
215
228
-274
336
-457
403
-68
57
214
-258
439
-379
-214
520
-46
-543
973
-579
-42
420
-623
593
-298
-66
385
6
-674
446
98
-517
274
245
-225
160
117
-768
982
-805
275
375
-848
870
-627
58
397
-343
-74
596
-622
231
95
-6
16
-180
587
-761
492
-75
-334
358
-266
-179
479
-418
-7
232
-311
200
-243
52
6
28
-161
74
259
-539
370
77
-268
-106
235
-260
275
-285
3
262
-388
67
-398
424
-270
-112
227
-136
-166
143
-58
29
-244
431
-319
-18
11
-145
194
-412
108
61
-310
373
2
-453
651
-400
-161
128
-93
-74
86
-54
-52
230
-465
-43
373
-235
-137
568
-447
199
128
-471
455
-144
46
68
13
-156
403
-423
357
104
-318
403
-228
34
-110
34
207
-435
310
-80
-115
136
-203
482
-373
93
118
-82
-209
321
-246
348
-450
121
120
-329
15
308
-404
272
274
-660
503
-104
-367
438
60
-472
766
-353
-192
327
19
60
-332
505
-228
-60
259
-438
443
-294
-72
153
-140
95
87
-169
463
-190
-100
419
-323
28
-159
486
-485
78
391
-430
223
210
-389
571
-170
-75
193
278
-274
199
283
-268
203
-210
328
-162
56
87
-114
-315
352
109
-458
266
187
-155
-301
113
229
-213
-236
223
129
-456
183
-221
254
-473
50
400
-743
368
-421
273
-101
-556
578
-158
-715
542
-314
49
94
-291
441
-370
-72
-200
109
94
-471
353
-59
-249
174
-102
147
-199
243
133
-486
187
250
-545
152
365
-292
11
186
-590
480
143
-631
862
-97
-307
212
150
-198
-15
63
204
78
-198
577
-226
195
-150
-110
448
-591
84
480
-856
526
130
-385
129
-23
108
85
-244
68
242
-147
-15
-266
738
-484
-6
158
116
-242
230
79
-137
284
-277
314
-95
-115
186
-323
-54
589
-684
655
-302
-213
483
-818
739
-121
-339
656
-549
368
210
-463
371
161
-280
-219
521
245
-588
678
-104
-202
153
-215
377
-19
-390
708
-550
238
-178
326
0
-293
391
-194
158
52
174
-226
475
-539
301
-3
-409
477
-233
-31
103
-318
326
-208
-505
750
-853
353
264
-605
473
-393
-328
535
-499
-140
216
-233
119
-277
101
-58
175
-606
228
170
-227
-158
49
107
-213
-254
229
-22
-292
219
-357
258
-122
-223
368
-78
-564
548
-327
-254
317
50
-203
43
34
-70
215
-375
-36
555
-641
99
583
-732
434
159
-868
750
-270
-309
1001
-688
-46
506
-440
-76
373
-247
-44
313
-453
120
-8
-35
337
6
-165
261
-350
134
-139
203
231
-226
-38
304
-530
41
486
-542
519
-140
-370
561
-205
-540
1063
-503
-295
806
-565
50
496
-250
-225
717
-965
547
238
-660
165
695
-800
341
471
-753
900
-452
82
507
-882
602
135
-591
622
-216
197
136
-586
602
216
-649
642
-173
73
36
-249
414
-252
57
127
133
-108
154
-98
163
-430
-17
557
-482
-19
322
-383
37
282
-414
241
95
-215
87
327
-559
208
117
-598
477
-248
-67
471
-469
97
330
-219
-21
-10
64
-556
316
-322
136
-174
-33
-40
77
-224
-15
310
4
113
-343
296
-89
-102
-110
-9
-234
47
203
-464
486
5
-241
10
98
-448
587
-310
26
327
-775
501
-167
-286
525
-432
440
0
-310
728
-764
300
186
-611
716
-238
-149
377
-823
475
-311
170
90
-363
739
-636
-72
400
-829
605
70
-815
958
-471
-212
394
-494
373
4
-14
249
112
-79
46
-174
421
-494
132
260
-307
26
-90
-64
-106
53
-3
-141
222
-89
-372
341
-412
36
114
-124
226
-143
-195
387
-184
60
113
342
-24
-548
860
-500
149
300
-552
506
-290
43
282
-571
438
117
-680
639
-189
-57
64
121
-65
65
-32
0
-78
59
24
230
-241
88
163
-489
467
-180
-121
306
-122
-154
292
-268
-82
-31
104
-333
445
-136
-122
447
-432
-39
428
-457
200
35
59
118
-205
340
-280
-65
258
8
83
-206
47
333
-873
483
-69
-294
257
255
-402
286
-47
-319
314
-300
162
270
-388
21
318
-371
278
38
-255
193
156
-20
-120
687
-665
206
244
-189
47
-352
269
1
-275
365
6
-113
-102
-468
260
59
-14
-39
-138
234
-665
153
-349
239
173
-156
446
89
4
-648
10
157
67
149
-152
316
-193
-548
394
-124
-132
640
-129
337
-179
147
-359
-554
590
-396
211
238
-560
330
-94
-366
447
-115
340
203
-71
586
-490
-10
21
-450
656
-142
-40
344
-297
-13
162
-218
254
23
167
38
40
3
-170
182
-366
156
300
-15
-13
131
-134
76
-209
82
120
-121
57
-144
170
-118
-97
249
-45
-63
287
-181
36
-25
-111
-83
-208
146
-309
-89
413
-279
133
-43
-18
115
-90
44
-13
172
36
-95
-18
122
-98
-280
127
326
-202
177
67
81
-19
-355
164
-22
-187
35
-44
-122
108
-599
7
92
-295
71
87
143
-201
-119
193
-105
-289
302
18
-21
80
113
-125
5
-7
-189
90
110
-379
154
-94
-156
-129
-153
-11
-215
70
-15
77
-168
-56
-172
-81
51
-178
14
128
-163
-227
185
125
-336
250
296
-180
-13
433
-51
-154
5
68
-92
79
-32
-69
152
-355
91
228
269
-187
67
360
108
-177
249
488
103
-300
512
460
-289
363
444
421
333
360
373
81
25
334
188
428
651
-48
48
582
20
-119
695
583
96
-85
649
122
-608
168
460
-167
19
303
143
-380
-272
86
-109
-320
-105
-127
-398
-309
-673
-412
-715
-945
-521
-171
-441
-879
-898
-736
-1041
-1042
-767
-548
-818
-1158
-728
-64
-864
-763
-155
-326
-143
-176
354
427
-29
-46
638
525
695
594
679
1005
865
709
1026
1079
600
578
777
1135
509
310
544
309
-27
111
498
386
-53
178
410
226
-43
-117
345
332
273
782
709
479
361
271
858
1127
968
1011
1214
885
451
784
926
661
424
560
696
318
-155
-317
-152
-589
-735
-392
-424
-1197
-1678
-1381
-1502
-1673
-1637
-1541
-1729
-2167
-2139
-2250
-2205
-2057
-2461
-2403
-1658
-1158
-1367
-644
-1098
-1659
-1628
-804
384
561
697
1035
113
-169
602
899
1510
2173
1704
1523
1976
1285
1170
1069
1255
1476
1683
1705
1138
167
-226
-268
26
176
319
216
-442
-1100
-1116
-954
-723
-780
-508
-273
-232
-71
-518
-596
-200
406
1023
1700
1446
1064
810
809
1321
1994
2318
2397
2097
1569
1369
1278
1332
1302
1326
1317
1267
666
-118
-405
-582
-493
-173
-307
-666
-1351
-1919
-1878
-1788
-1535
-1348
-1524
-1747
-1907
-2096
-2005
-1820
-1802
-1451
-1416
-1251
-1571
-1978
-1894
-2013
-1757
-1241
-1439
-919
-634
-431
-299
-1063
-1048
-984
-138
914
1389
1129
607
-306
-111
581
1621
2537
2438
1737
1351
1213
1499
1631
1699
1775
1773
1829
1282
470
50
-50
89
671
783
457
-258
-1142
-1570
-1046
-433
-79
-451
-983
-970
-1100
-798
-437
-281
307
531
683
710
306
556
642
1250
1985
2113
1942
1363
1045
1125
1703
2162
2121
1666
1018
768
447
490
740
397
393
54
-497
-767
-1090
-1250
-1017
-904
-1033
-1322
-1820
-2227
-2266
-1875
-1522
-1425
-1816
-2097
-2331
-2304
-1796
-1870
-1856
-2241
-2352
-2445
-2192
-1384
-1096
-371
-483
-1424
-1595
-1271
-329
753
1378
1225
645
66
-227
659
1885
2652
3099
2281
1637
1625
1685
2176
2449
2501
2570
2161
1451
615
425
557
675
1047
799
314
-530
-1287
-1467
-1055
-405
-235
-705
-1400
-1681
-1575
-978
-394
-21
131
9
-133
-100
427
802
1303
1760
1629
1613
1258
1227
1579
2023
2320
2515
1988
1161
952
642
1185
1468
1110
681
-137
-752
-868
-873
-474
-688
-973
-1496
-1995
-2079
-2122
-1962
-1858
-1685
-2042
-2148
-2534
-2530
-2377
-2190
-1663
-1851
-2084
-2372
-2925
-2679
-2206
-1043
-119
178
-889
-1957
-2241
-1413
676
1644
2087
1280
-427
-958
-353
1468
3251
3550
2877
1420
981
1274
2271
2963
3462
3095
2332
1594
837
826
1079
1604
1848
1370
655
-348
-1158
-1134
-545
269
511
-587
-1684
-2417
-2098
-881
-71
282
-26
-949
-1449
-1054
-30
1066
1529
1283
533
60
349
949
1765
2401
2235
1703
1170
646
820
1331
1682
1801
1198
280
-339
-723
-416
-41
49
-338
-1100
-1895
-2071
-1835
-1273
-1090
-1327
-2032
-2544
-2388
-2096
-1702
-1390
-1361
-2028
-2014
-2272
-2105
-1749
-1906
-1690
-1877
-1874
-1256
-855
-406
-932
-1605
-1426
-847
171
876
920
174
-416
-953
198
1507
2540
2658
1814
911
1003
1874
2978
3616
3448
2609
1965
1685
1957
2252
2770
2515
1936
1276
775
633
633
565
646
605
19
-634
-1432
-1456
-957
-436
-251
-564
-1239
-1866
-1792
-978
18
356
92
-796
-1287
-839
14
896
1285
904
359
-9
263
834
1217
1305
956
392
173
59
160
275
140
-30
-462
-749
-962
-1138
-900
-738
-811
-1091
-1532
-1640
-1492
-1211
-998
-930
-1132
-1357
-1575
-1279
-1116
-917
-829
-1333
-1378
-1640
-1336
-1009
-1101
-280
-249
-827
-1198
-1823
-1165
-342
267
921
131
-979
-1183
-853
618
2088
2119
1629
433
-64
1170
2404
3738
3505
2290
1598
1076
1951
3019
3220
3150
2077
864
775
1069
1746
1882
1153
542
-313
-762
-697
-414
-145
-119
-863
-1340
-1731
-1757
-1149
-754
-360
-734
-1297
-1528
-1443
-784
-22
272
309
-141
-644
-477
44
775
1075
821
338
-236
-338
-3
518
874
565
-104
-593
-766
-333
352
491
334
-222
-732
-581
-251
442
365
251
13
-426
-481
-155
193
263
-54
-254
-225
-726
-503
-537
-526
-741
-873
-1225
-1335
-1358
-1132
-1120
-1393
-1614
-1770
-1670
-1284
-891
-757
-944
-1197
-1164
-778
4
692
936
767
652
775
1297
1911
2294
2280
2229
1993
1960
2097
2306
2362
2286
1940
1516
1382
1177
1076
915
647
248
-170
-618
-812
-684
-637
-826
-1116
-1549
-1727
-1566
-1202
-1018
-1069
-1291
-1478
-1389
-1157
-731
-469
-433
-649
-621
-505
-287
34
211
215
174
304
267
518
684
768
859
813
893
982
1163
1091
1081
997
910
1180
1229
1056
959
693
590
559
502
626
541
197
-127
-188
-116
-288
-389
-445
-842
-1090
-1139
-1174
-1183
-1380
-1528
-1718
-1683
-1545
-1519
-1365
-1464
-1403
-1400
-1286
-1045
-848
-679
-471
-281
-239
-106
35
195
528
821
1013
1005
985
952
998
1267
1438
1560
1476
1130
1000
971
856
913
747
450
179
92
-157
-203
-351
-560
-760
-726
-807
-895
-930
-1045
-1063
-1089
-987
-948
-888
-941
-938
-824
-715
-599
-535
-470
-400
-240
-36
100
238
320
397
551
788
973
1067
1062
1154
1143
1251
1451
1563
1598
1396
1364
1352
1275
1287
1320
1272
1131
958
831
666
568
486
432
285
76
-60
-292
-464
-613
-635
-738
-744
-869
-1005
-1050
-1138
-1116
-1057
-951
-935
-849
-858
-733
-606
-457
-443
-411
-302
-267
-78
28
51
29
-43
-14
73
185
328
327
181
10
-60
-95
-18
22
-38
-208
-467
-639
-641
-544
-498
-496
-696
-864
-987
-965
-833
-689
-721
-842
-940
-952
-878
-711
-602
-620
-638
-664
-619
-491
-273
-213
-127
-173
-177
-59
70
303
415
540
567
501
647
728
894
1103
1167
1232
1184
1089
1063
1196
1335
1482
1469
1351
1220
1053
1062
1125
1212
1210
1070
868
683
540
525
534
465
399
259
158
-4
-96
-158
-190
-102
-105
-158
-155
-234
-258
-229
-172
16
65
-19
-21
-26
-36
128
174
177
127
151
114
149
181
129
95
-42
-99
-174
-179
-289
-368
-548
-714
-773
-852
-867
-878
-962
-1095
-1170
-1233
-1275
-1188
-1128
-1147
-1185
-1210
-1241
-1197
-1069
-1019
-993
-995
-933
-842
-678
-609
-591
-512
-516
-445
-266
-139
-67
8
25
48
147
276
365
512
592
601
591
560
616
700
828
935
872
721
657
592
644
825
890
859
726
506
387
441
568
608
603
391
230
135
160
267
296
259
161
24
2
77
170
249
234
204
168
180
221
335
408
438
369
324
349
358
411
545
531
452
351
298
288
270
269
255
156
-33
-137
-211
-200
-211
-193
-263
-400
-576
-644
-567
-527
-473
-546
-660
-748
-859
-794
-697
-717
-696
-735
-797
-789
-710
-640
-613
-566
-616
-563
-423
-392
-334
-331
-282
-247
-151
-40
45
33
55
109
133
224
270
330
348
336
347
402
388
380
321
391
422
419
483
437
352
305
324
389
412
412
376
260
286
251
264
336
298
239
236
228
213
243
240
260
254
257
290
297
287
260
274
244
252
325
300
275
248
169
169
226
186
150
116
-11
-111
-150
-159
-156
-174
-244
-288
-362
-400
-434
-458
-450
-433
-407
-416
-423
-518
-575
-554
-529
-493
-426
-491
-520
-588
-616
-519
-444
-379
-434
-461
-499
-406
-317
-222
-145
-228
-222
-198
-35
21
95
119
45
90
116
229
322
356
333
264
237
254
276
373
383
315
330
251
188
204
245
300
257
253
189
135
101
119
155
192
189
183
118
27
78
65
139
156
124
99
62
71
94
177
133
113
92
128
171
159
167
80
92
116
151
136
122
21
-54
-65
-109
-89
-115
-133
-183
-238
-252
-289
-309
-324
-339
-312
-281
-329
-357
-379
-459
-403
-347
-337
-328
-354
-380
-378
-305
-281
-248
-209
-165
-178
-131
-56
-5
-26
19
79
196
253
256
280
224
242
315
446
441
483
467
425
374
369
470
463
494
458
442
343
306
339
334
378
394
362
244
151
155
193
191
163
89
-10
-63
-65
-68
-39
-83
-192
-258
-260
-230
-209
-219
-256
-298
-339
-347
-324
-297
-288
-269
-288
-313
-326
-304
-262
-191
-179
-199
-245
-303
-297
-305
-188
-157
-225
-315
-314
-339
-350
-290
-179
-242
-350
-309
-331
-362
-368
-270
-292
-325
-351
-266
-256
-298
-260
-207
-172
-162
-81
-68
-19
17
31
68
140
187
238
290
307
326
333
385
388
458
514
519
543
493
508
502
556
549
548
536
508
487
442
464
481
452
433
470
416
388
356
378
381
348
314
243
198
214
215
226
190
108
76
77
80
88
94
72
-19
-56
-26
-1
59
-4
-42
-65
-94
-72
-16
1
-57
-71
-137
-146
-188
-181
-199
-205
-230
-276
-298
-389
-419
-454
-471
-443
-437
-475
-537
-585
-632
-617
-552
-557
-544
-566
-601
-592
-591
-546
-510
-423
-387
-331
-314
-307
-233
-146
-41
8
83
71
107
147
206
324
385
400
379
372
402
443
478
525
502
490
453
424
438
415
388
398
384
314
301
259
238
225
221
204
124
131
81
82
78
55
2
-49
-57
-70
-43
-47
-39
-74
-86
-80
-79
-75
-76
-60
-55
-40
-38
-33
-38
-31
22
78
92
72
67
40
44
56
81
104
74
81
46
22
-13
-37
-81
-108
-129
-138
-132
-216
-294
-363
-353
-339
-307
-341
-420
-466
-518
-519
-456
-391
-391
-439
-461
-474
-391
-301
-230
-196
-196
-187
-186
-111
-31
40
91
112
135
164
227
281
313
328
339
359
366
379
410
430
419
387
381
350
367
386
379
351
337
263
233
233
209
234
209
170
92
71
46
14
33
-13
-22
-42
-51
-63
-81
-106
-109
-136
-138
-98
-105
-133
-176
-169
-154
-138
-104
-92
-112
-99
-116
-86
-112
-64
-25
1
17
-5
-2
-35
-8
7
69
37
49
7
-53
-30
-26
15
5
16
-60
-81
-75
-69
-28
-45
-88
-112
-104
-133
-134
-159
-152
-119
-132
-115
-105
-154
-177
-138
-95
-75
-42
-74
-84
-57
-50
0
10
3
-19
-14
-27
19
26
25
44
59
91
91
106
39
71
82
114
131
171
80
24
333
254
27
-26
108
105
-43
244
498
185
-75
-66
-11
-30
89
309
252
74
-19
-88
-197
-155
40
146
125
37
-63
-230
-295
-177
-29
34
42
-6
-139
-260
-195
-81
-55
-53
-37
-27
-83
-148
-113
-50
-37
-9
114
91
-8
-21
39
34
85
180
209
145
75
91
91
88
109
165
166
139
117
139
96
64
108
136
113
59
43
5
4
18
78
76
33
-19
-60
-60
-52
7
-14
-52
-60
-104
-131
-117
-104
-123
-105
-148
-126
-192
-118
-158
-101
-147
-160
-173
-177
-62
-369
-101
230
-4
-161
-63
-85
-253
-441
223
164
45
39
127
-218
-259
3
130
118
202
227
-12
-131
-125
-28
-42
90
101
48
-29
-56
-36
-74
-106
-10
11
-9
-6
22
-9
-24
-22
42
109
43
-54
-59
-22
-51
23
125
140
50
29
23
-55
-21
91
129
127
144
93
2
-64
-78
-2
54
124
164
112
49
-21
-58
-16
35
39
58
63
-15
-23
-7
12
23
-15
-64
65
133
88
136
163
65
-181
-160
-9
-30
62
162
105
-62
-117
-59
-111
-36
68
100
17
-33
-62
-107
-155
-37
2
0
33
85
21
11
26
38
-30
0
48
42
23
32
-5
-103
-119
-74
14
31
42
-32
-100
-142
-161
-74
12
7
-46
-71
-84
-121
-59
46
84
90
116
113
47
77
103
128
90
177
219
194
155
188
180
99
134
221
177
136
119
77
18
1
17
66
26
-34
-70
-86
-100
-156
-97
-2
-102
-149
-105
-144
-208
-198
-47
-18
-125
-104
-67
-107
-143
-62
50
2
-12
-38
-40
-72
-17
97
117
49
9
-20
-109
-95
24
85
33
52
29
-38
-124
-79
-39
-9
-22
56
14
-49
-126
-77
-43
-76
-44
30
19
-14
-52
-46
-80
-121
-73
-28
22
5
-35
-92
-120
-100
-51
-1
64
47
-43
-101
-44
8
-6
87
108
81
45
82
110
123
111
147
138
148
191
173
133
141
84
79
73
139
101
76
59
-16
-131
-129
-82
-47
-53
1
-24
-153
-160
-172
-218
-204
-92
-104
-148
-99
-122
-191
-149
-140
-114
-108
-88
-108
-108
-49
-38
-117
-96
-42
-64
-60
41
47
-61
-75
-27
6
-12
32
-15
-78
-55
-14
-10
33
13
-3
-47
16
60
27
65
97
56
6
109
157
106
81
155
123
29
85
158
118
111
149
110
53
79
166
136
74
85
162
163
123
139
191
122
58
82
94
56
-2
43
130
116
115
153
49
-47
-39
67
70
61
126
310
308
197
189
37
-235
-320
-209
-59
-37
21
-148
-322
-422
-377
-283
-145
-44
37
-64
-186
-287
-367
-397
-364
-273
-97
-68
-127
-177
-203
-300
-265
-140
-89
-28
15
117
47
-13
-89
-108
-198
-165
23
162
129
39
-44
-121
-259
-164
26
174
145
205
150
-25
-74
115
182
123
229
273
169
59
188
288
256
200
291
263
270
198
152
207
259
211
248
298
256
60
129
208
188
172
264
218
46
129
222
85
79
168
107
12
132
170
73
33
211
101
-117
-90
42
-130
-106
110
74
-66
-113
-104
-211
-360
-103
-92
-235
-356
-165
-179
-377
-368
-273
-276
-392
-251
-107
-151
-347
-205
-273
-368
-271
20
-58
-194
-221
-91
-279
-236
-112
28
-124
-79
-41
-243
-300
-24
9
-144
130
225
10
-69
-29
-55
2
138
183
-23
171
155
-87
-208
75
57
-25
126
242
1
-121
43
-21
-111
288
343
243
432
482
601
344
280
499
232
165
396
164
284
76
115
64
62
108
89
196
167
128
187
136
58
-57
-124
-89
-86
-25
-6
78
124
129
0
136
158
-19
50
114
-25
88
77
-228
3
-52
-303
-155
-118
-84
-145
-185
1
-322
-609
-73
-506
-317
-44
-103
-54
-254
-276
-471
-195
-37
-104
21
-38
-266
-265
-436
-86
-197
-115
-21
-195
65
-62
-267
-11
-384
73
202
-262
-10
346
-122
-264
274
100
-136
26
233
232
118
472
155
-115
169
433
-39
295
734
-111
327
344
-444
437
-47
149
345
93
642
-168
-40
98
-182
341
147
211
340
154
193
-452
371
155
-79
217
374
59
0
-176
-225
202
-87
-35
444
95
-334
-97
-88
79
-367
340
25
-563
-58
197
-395
-110
129
-72
-650
140
216
-837
409
54
-634
93
-212
-49
218
-643
403
-347
-413
-198
-327
231
50
-767
609
-494
-972
121
-183
369
-57
-64
144
-551
-590
-139
-18
244
-75
112
-305
76
-299
-564
357
-259
164
122
-123
615
-290
-472
559
-526
490
324
-286
417
114
-170
-301
532
20
184
73
465
324
-483
588
320
-558
856
244
97
94
138
345
-123
396
18
543
47
-334
735
-72
-29
334
47
-55
-123
47
530
-165
-68
551
-521
-113
375
-117
-166
228
156
-491
-194
-135
116
-472
279
170
-560
-283
83
62
-386
315
-165
-301
-321
-342
-85
252
-502
175
-408
-38
-24
-694
171
846
-971
88
492
-713
-196
8
295
-99
-320
685
-280
-523
600
-694
437
15
-120
208
6
-63
138
-174
280
-747
609
164
-693
797
288
-645
241
-80
129
-180
13
1212
-1084
448
325
-375
-323
506
544
-434
406
878
-686
193
-25
421
251
-418
1235
-394
28
315
131
242
-87
444
-46
131
803
-376
408
46
-419
443
-63
-75
373
45
-343
132
-35
-488
835
-580
-311
312
-659
50
-436
36
-70
-487
-6
-481
169
-744
445
-727
-926
1158
-798
-706
980
-506
-335
-602
508
335
-975
547
440
-1034
446
-118
-84
336
-635
372
-267
168
436
-574
172
144
-403
135
-32
375
238
-348
491
94
-438
304
61
-33
372
196
201
-281
249
-310
130
318
185
-341
619
210
-674
614
147
11
-161
104
660
-553
335
637
-851
578
85
-436
902
-274
235
303
-358
518
-540
476
305
-846
1372
-600
-103
195
295
-371
-723
1722
-1199
-386
1303
-1238
473
-342
238
-292
-662
792
-707
159
97
-330
-56
-563
411
-600
-56
351
-539
264
-700
25
-108
-417
-273
249
265
-1357
1124
-432
-1056
750
-602
-140
-22
95
312
-1267
1181
-680
-642
996
-600
399
16
94
32
-65
-229
552
-489
229
217
-310
310
-22
-279
231
-119
107
160
-237
354
132
-166
116
21
194
-178
-412
1020
-666
181
609
-234
-264
762
-193
-681
1455
-814
313
717
-937
1465
-808
-133
1262
-1233
710
573
-393
364
460
-755
900
-875
937
-71
-368
1080
-524
-78
558
-444
69
380
-270
552
-566
485
-183
11
-431
510
-621
552
208
-654
876
-605
-532
858
-710
459
78
-258
288
-916
917
-1032
594
117
-820
992
-856
380
-337
-44
615
-871
104
105
-553
384
-121
115
-70
-54
-172
-769
679
-553
-192
445
-247
-603
412
-626
239
41
-748
651
-822
442
-882
326
471
-406
-469
653
-933
220
-327
143
150
77
-123
-104
236
-571
54
56
-36
147
-95
67
412
-533
76
426
-490
318
161
29
396
-117
-51
206
-11
-117
97
474
-425
726
-524
-56
453
-571
983
-691
663
289
-725
536
-32
-532
1293
-614
276
676
-945
697
-335
-146
1056
-1088
1050
-180
-284
625
-441
480
-338
310
534
-976
932
128
-441
506
-127
188
-572
596
-172
-457
847
-125
-301
365
-502
44
-363
82
-32
216
-416
451
-987
163
39
-802
749
-905
641
-507
-441
386
-980
575
-678
-41
708
-1449
768
40
-1247
1013
-524
-509
683
-962
242
133
-594
412
-82
-460
-6
118
-252
-205
436
109
-455
338
-27
-230
140
-253
704
-168
-382
1298
-1332
429
669
-928
973
-3
262
245
-65
230
-506
777
-602
953
154
-154
381
-286
393
262
-448
1111
-46
-580
1034
-20
-611
1024
2
-410
471
55
339
256
-574
1140
-310
-845
1906
-1275
467
602
-769
721
-252
-4
194
-83
-86
-150
544
-376
10
42
-426
204
-249
200
-314
49
-178
-266
-446
481
-308
-421
-17
3
-611
239
-301
-466
101
-679
-232
224
-690
368
-397
-364
287
-776
267
-452
-327
669
-781
-296
976
-1319
38
480
-657
378
36
41
-243
328
-191
10
76
-112
216
-342
589
-77
-160
397
97
-554
536
377
-372
414
510
-470
224
135
335
-195
157
918
-690
363
296
179
121
172
563
-201
15
433
-20
22
448
21
218
-42
69
373
-2
-288
1017
-798
261
552
-654
280
123
-26
-208
-78
317
-285
45
295
-128
-341
367
-526
-5
58
-226
85
-318
187
-408
-241
88
-424
61
-155
111
-389
-173
141
-996
830
-662
-128
177
-397
123
-608
117
-55
-524
522
-435
-56
-66
-371
464
-982
456
270
-731
425
114
-244
-224
411
-130
-216
331
223
-249
283
-121
314
-407
262
492
-560
653
349
-810
1003
-223
-289
699
-340
340
-109
-127
758
-642
505
188
-221
601
-772
633
-75
-275
400
-70
-111
21
-223
323
-330
235
377
-252
-242
488
-120
-445
470
-103
120
-120
54
101
-1
-262
71
63
-297
286
6
-313
253
-239
-332
57
-320
307
-451
531
-265
-180
92
-337
-41
-52
206
-423
278
-47
-534
312
-308
61
189
-512
800
-361
-43
525
-343
37
444
-261
-310
654
-389
-413
589
-428
86
55
41
193
-291
168
228
-73
-128
140
452
-642
662
-197
68
327
-597
562
123
-346
624
-38
-191
440
-414
177
198
-200
285
189
-166
-151
245
7
-80
197
-75
18
-170
93
35
-272
121
186
-375
-42
49
-51
9
51
-89
27
61
105
-449
109
404
-747
230
119
-100
-238
53
-85
36
-138
92
-41
65
-137
24
147
-272
-182
410
-521
224
-22
-86
204
-593
515
-328
-527
708
-355
-203
489
-424
98
-186
307
-333
122
208
86
-351
518
-327
-228
292
-22
-110
209
232
-38
-98
96
-49
109
-86
-98
723
-586
80
720
-904
195
313
-586
657
-724
1088
-561
-188
884
-956
444
147
-523
643
-146
92
-70
-291
677
-813
299
422
-245
23
135
77
-389
252
262
-459
112
174
-262
-106
19
230
-305
103
177
-228
-55
198
-228
-291
458
-344
-148
459
-379
47
59
-239
329
-430
162
485
-716
511
-246
138
-121
-453
469
-197
-371
585
-9
-163
-30
201
-156
-137
231
2
-264
241
-46
-223
518
-320
-36
-48
304
65
-18
307
87
-181
-184
197
226
-244
358
-204
11
308
-258
285
-35
176
147
7
183
-374
734
-521
-125
725
-599
55
584
-604
489
-94
-113
89
-39
90
91
-393
375
-73
-483
245
-201
27
-103
79
-90
-20
88
-414
53
-12
-358
391
-594
397
-90
-638
439
-142
-146
-78
187
-103
-197
117
-90
-103
-113
-229
446
-717
219
300
-481
168
228
-188
-209
48
260
-190
-23
119
87
-229
-33
332
-278
178
166
-133
105
229
-286
410
-236
-57
188
-22
234
41
-195
103
190
-331
257
-32
51
7
-200
206
-67
7
305
-580
531
103
-270
78
127
198
-369
168
393
-566
363
-263
200
9
-347
624
-274
-15
102
-21
-257
174
-61
47
-174
337
-531
240
-185
-14
3
18
71
-330
268
87
-548
466
-224
-194
178
-285
514
-516
82
602
-797
155
258
-344
-113
273
33
-357
516
-419
39
119
-1
-9
146
26
168
-456
506
-133
-221
360
44
-31
-241
465
55
-416
400
221
-456
400
94
-218
259
-47
48
116
-119
150
-89
150
17
-30
70
46
200
-375
190
128
55
-371
408
-261
-1
105
6
183
-197
75
90
-550
567
-154
-215
443
-424
82
-41
-92
254
-248
412
-191
-329
669
-551
-132
423
-91
-482
361
-215
285
-530
210
351
-546
131
523
-696
115
327
-268
-231
282
-126
-401
435
-368
-84
79
147
-460
410
-565
589
-688
321
143
-489
258
-94
-349
342
-338
239
-226
117
-40
-350
401
-283
208
-95
-13
288
-228
-36
163
46
-134
97
139
-142
144
45
-97
12
214
99
-23
17
98
103
-323
164
241
-272
375
-218
-17
166
-269
96
32
117
-16
-299
479
-187
-176
131
-145
114
0
22
126
-27
-5
-16
39
-414
664
-353
-235
622
-622
473
-256
-11
201
-272
390
-244
113
187
-211
-56
60
-17
118
-363
500
-267
-239
455
-440
19
210
-192
-184
468
-383
75
74
-176
71
69
-395
372
-97
-350
470
-207
74
101
-192
-39
3
11
317
-727
794
-27
-680
647
-111
-283
62
125
151
-170
504
-147
-243
374
-190
17
-67
225
332
-594
582
109
-522
521
-164
-25
262
-186
539
-599
428
94
-698
1013
-738
317
288
-451
546
-488
14
436
-668
483
-145
31
29
-379
432
-321
-173
419
-250
-396
559
-366
-228
257
-303
276
-413
41
414
-709
143
308
-535
-97
538
-666
164
-25
-11
-150
24
57
97
-205
170
123
-338
381
-92
-378
518
-102
-500
726
-346
-139
332
12
-119
97
88
-96
175
164
-191
433
-45
-387
474
-228
-44
433
-305
613
-474
80
554
-707
473
32
-165
281
-226
409
-419
198
100
-290
194
165
-219
273
-117
9
279
-450
347
-85
36
100
-175
411
-369
-21
429
-477
121
284
-79
-227
351
-169
-47
47
-209
255
-164
-254
304
-327
-118
91
-73
-195
-25
270
-503
6
198
-286
-33
-234
369
-437
-79
268
-549
382
-326
10
99
-188
417
-670
418
74
-390
188
85
154
-408
71
591
-727
127
557
-409
208
80
202
24
-536
814
-97
-571
930
-114
-435
534
-237
134
-140
235
234
-388
498
142
-566
195
294
-273
-381
851
-284
-399
632
-293
-218
309
68
-194
-178
600
-285
-554
495
152
-797
363
272
-321
-344
557
-341
-357
318
-82
-112
-98
154
-244
-76
-43
70
-529
595
-338
-211
351
-77
-254
42
-15
33
-370
315
26
-277
360
-320
202
-161
-224
322
-314
290
77
-294
462
-395
-42
237
-233
321
164
-319
511
-212
23
-4
191
31
48
193
99
-315
630
-361
-90
757
-306
65
349
-374
465
-264
-81
634
-424
154
95
31
-97
69
188
46
-129
304
-113
145
-511
739
-342
-434
609
-72
-220
-17
254
-61
-716
585
24
-724
521
1
-445
-226
460
-507
-262
180
97
-391
-5
425
-530
-188
299
-324
-235
245
95
-463
98
229
-598
317
-86
-32
-123
-15
283
-356
-62
290
-283
-167
429
-335
-39
482
-607
400
-108
-116
244
-157
193
6
-8
202
-199
118
115
-170
412
-235
104
131
-42
0
113
-33
60
27
-26
43
-79
197
-220
183
-185
-26
147
-221
-75
335
-258
87
14
30
97
-309
356
198
-426
190
324
-505
91
286
-295
-15
124
175
-337
-58
458
-271
-403
529
86
-504
-21
669
-735
-42
513
-146
-292
280
97
-239
-31
255
-38
-269
366
-224
-93
-105
296
-354
-31
58
252
-754
550
-63
-377
414
-339
4
207
-427
256
40
-496
531
-245
16
145
-211
196
5
-351
496
-172
-117
115
114
-70
-29
57
147
-243
76
345
-152
-114
329
11
-322
84
233
-95
-164
277
102
-202
-37
222
-72
71
-62
255
-143
-152
297
-140
27
177
-35
-11
-11
128
-151
112
-12
221
-175
-3
180
-424
63
140
-404
460
-251
-136
198
-469
246
-116
-61
-97
168
-330
146
-144
89
-29
-254
331
-66
-340
331
69
-599
546
-307
91
78
-399
494
-571
-108
474
-577
89
444
-535
127
113
-53
-188
240
-209
419
-446
132
570
-971
843
-52
-612
870
-545
440
-108
-60
468
-523
161
469
-703
578
-2
-155
240
-107
404
-469
366
-17
46
-31
244
-57
119
-209
198
-3
34
17
90
-53
-75
311
-260
47
278
-228
-29
228
-440
467
-305
-187
516
-658
316
91
-480
343
-155
-108
65
-209
-42
175
-404
243
20
-444
438
-426
42
186
-252
234
-231
-22
65
-409
218
48
-234
14
2
-132
-267
319
-265
134
-98
68
-178
14
-127
-86
15
218
-196
-24
271
-317
22
249
1
-208
240
99
-136
90
-1
258
-341
146
120
11
218
-229
566
-206
81
199
-183
287
-135
139
310
-263
251
-102
99
-29
-108
529
-298
239
-99
52
100
-251
46
335
-302
122
83
-81
-247
95
68
-11
-97
168
-25
-24
-308
158
121
-367
183
147
-273
210
-90
-63
-27
-259
273
-64
-284
431
-281
36
-98
-189
429
-359
71
145
-104
-58
-236
188
140
-510
378
-32
-232
117
-5
-48
-17
101
221
-419
171
186
-234
63
82
166
-159
7
176
-156
127
235
-236
263
-122
231
-235
136
211
-81
262
-110
133
-24
23
114
-112
49
346
-166
-18
-44
199
-29
-345
415
135
-279
207
96
-100
-57
124
-191
39
40
9
-98
141
-222
149
-77
-165
269
-204
111
-32
-12
-16
-35
-213
338
-296
67
-27
7
-202
24
-25
-166
286
-525
291
-19
-123
-51
186
-52
-211
199
-54
-93
-20
48
-105
-28
-96
331
-431
95
167
-186
-6
65
-67
70
-125
14
140
-185
113
-87
165
-148
34
-2
86
-63
80
3
-16
20
-38
19
104
-36
128
-130
223
-39
-37
146
-113
49
96
1
34
-1
108
-111
-70
74
70
-156
138
-52
75
-112
63
-70
56
-74
-16
94
-117
27
51
-111
-87
133
-215
265
-332
342
16
-430
405
-141
-178
136
-18
144
-208
-22
163
-305
5
113
-32
-129
65
263
-460
185
-116
105
-145
-137
363
-229
-89
85
-186
168
-93
-207
434
-289
-54
114
-175
31
19
-112
336
-309
78
268
-333
86
71
-8
-40
-124
487
-362
-211
581
-530
239
-25
18
156
-239
251
-7
-184
337
-8
-227
408
49
-381
468
34
-368
392
-92
72
-15
32
242
-177
141
178
-30
37
-34
235
-87
-8
299
-201
75
100
-26
28
-85
277
-35
-142
187
67
-269
224
70
-120
110
101
-148
104
-73
108
14
-231
315
-144
-212
391
-278
-70
149
-195
164
-212
35
206
-418
163
-51
-8
8
-346
348
-22
-511
354
-139
-147
-108
59
79
-258
98
40
-149
-89
327
-227
-226
377
-10
-444
319
168
-344
144
98
74
-253
244
72
-213
152
179
-65
-146
212
207
-433
239
233
-266
-76
221
196
-454
284
57
-161
-3
-92
353
-439
181
245
-415
124
131
-93
-207
252
115
-94
-109
247
-127
-158
112
174
-375
204
123
-216
12
158
-129
-34
42
-33
145
-207
287
-85
-310
294
-45
-328
286
51
-204
164
93
-5
-88
45
400
-514
109
477
-296
-188
541
-116
-316
245
87
-172
-126
476
-25
-186
6
559
-564
5
543
-199
-255
524
-103
-405
421
-17
-252
186
48
68
-119
-72
344
-309
-132
409
-226
-152
160
12
-186
69
169
-112
-361
303
-26
-371
135
174
-242
-132
-109
230
-302
-278
464
-268
-328
330
-257
-161
65
-180
19
-100
-80
-91
-182
-135
109
-254
-208
285
-376
54
-25
-213
134
-280
-115
169
-308
104
134
-396
97
127
-276
17
63
209
-275
-34
385
-323
-81
321
-164
133
86
31
238
-244
410
-84
39
219
108
-25
168
4
75
137
13
139
95
90
96
0
215
99
-84
260
162
0
132
120
96
37
-150
413
-48
14
274
34
-44
217
-31
111
21
143
79
-165
301
7
-230
106
47
-211
158
-171
117
-46
-230
235
-249
-77
198
-297
-31
45
-112
-108
-21
-31
-200
-68
-87
-87
-112
-11
-133
-99
-145
26
-198
-120
21
-183
-142
-27
-138
-19
-183
-32
-40
-111
15
-138
60
-99
-31
-64
-94
100
-20
-161
102
36
-146
-16
47
34
-92
81
44
67
-36
-9
123
-180
163
43
-13
107
51
23
-71
15
16
-18
75
22
122
44
59
33
-18
29
39
106
78
-48
251
-78
-161
153
45
-118
110
158
14
-67
74
-5
-99
96
-23
81
-26
85
-104
-72
-6
-36
-57
50
94
-107
27
54
-132
-11
-16
-8
-50
27
-3
-111
3
-18
-48
-231
6
100
-222
-18
156
-59
-32
-113
3
-84
-92
119
-58
84
-18
-45
40
-253
185
10
-92
174
64
5
26
-76
116
-29
-98
244
-17
58
119
29
24
68
-37
89
115
-38
183
-13
72
-8
22
48
60
-66
193
6
-32
46
29
24
-151
205
45
-162
175
27
-123
57
-12
32
-47
-34
164
-15
-88
57
27
-121
13
36
-20
44
-82
122
-120
27
51
-95
24
84
-133
124
-57
-33
85
-94
-38
88
-26
-79
63
-17
25
-43
-32
137
-79
-64
102
-18
-94
24
54
-144
117
28
-85
26
64
-94
-45
116
-5
-130
126
58
-166
-24
68
-4
-176
164
95
-142
12
152
-127
48
8
23
63
-171
132
-24
-175
125
-33
-132
171
-120
-1
65
-161
32
26
28
-49
33
37
-20
-3
-72
93
-110
-38
43
22
-55
42
82
-114
34
17
-51
-13
38
23
-97
113
-26
-73
17
27
9
-16
64
14
-20
160
-38
-137
216
32
-183
53
251
-90
-114
172
63
-126
-25
157
-3
-113
187
114
-158
63
89
-83
-31
68
45
-35
44
85
46
-134
94
18
-122
79
63
16
-17
47
30
-45
3
66
-61
44
39
26
-13
59
9
-58
78
33
-20
70
18
-62
124
-103
-17
60
-49
30
4
22
38
-37
-45
113
-26
-42
56
-42
-56
16
-36
-11
126
-100
-105
85
-45
-159
87
-25
-37
-71
-3
3
-121
-36
40
-140
-102
131
-86
-85
-42
31
-37
-181
12
51
-86
-94
47
0
-152
8
-38
-84
34
-56
12
-13
3
-2
-70
30
-5
-7
-21
62
14
14
40
-16
-11
87
-12
-42
115
66
-84
-2
126
-51
-38
73
40
-20
40
16
42
12
-12
96
-49
43
73
-39
61
25
11
-23
-22
102
-61
-15
122
-17
21
-14
24
-32
-112
67
-55
-95
120
-20
-112
2
-30
-32
-76
7
19
-37
17
-17
-50
49
-57
-34
66
5
57
-29
-8
80
-148
-8
79
-89
-22
36
55
-95
18
-22
-16
-103
23
-14
-77
21
27
-65
-102
129
-63
-87
-15
100
-83
-79
65
-5
-50
-52
65
-49
-18
25
32
-50
53
10
-45
47
-14
-33
5
25
5
-3
34
73
-59
63
100
-78
110
66
28
2
51
73
-21
-17
113
40
-96
78
49
-27
-96
122
1
-126
72
4
-53
-62
29
18
-61
-4
53
-57
-31
-18
13
-61
0
61
-61
-37
72
1
-70
7
17
-17
-51
-27
34
-23
-90
-1
40
-87
-10
49
-41
50
30
-18
-25
49
-16
-36
32
83
66
-47
76
68
-41
38
65
51
74
40
64
-16
50
19
-10
63
78
26
11
54
16
8
-24
29
59
-2
1
44
8
-65
12
22
-42
22
31
-3
-32
15
31
-73
-4
57
-53
-31
18
25
-44
-57
71
-19
-44
27
37
-7
10
22
39
-12
15
30
11
33
30
34
38
55
26
4
11
16
-15
12
20
30
37
-33
3
-10
-51
11
-15
13
26
-23
-18
-16
-46
-54
-15
-37
-13
-25
-19
-49
-24
-45
-72
-40
18
-52
2
43
-50
-31
-16
-41
-73
26
-34
-35
23
-20
-31
-52
-13
-33
-50
-11
9
-13
-27
-3
-19
-62
-41
32
-46
-12
71
-21
7
10
-7
-20
-26
27
-16
-40
47
12
-77
-4
12
-66
-39
48
-25
-7
11
9
-28
-18
8
-20
-8
31
-2
-16
8
-8
5
-42
54
-9
-6
32
17
12
-33
24
-6
-11
9
16
5
3
3
-32
-4
-6
3
0
-12
-9
17
-46
-23
8
-13
1
9
27
4
19
15
9
2
0
28
-29
22
17
-17
4
10
-16
-27
33
-18
20
10
18
11
-12
21
-5
-6
-4
16
10
8
18
8
20
15
19
9
12
25
11
-2
17
27
-3
-4
27
-11
9
18
18
15
14
25
-37
13
9
-32
13
23
0
0
12
4
-18
14
4
2
13
17
17
-21
34
-32
-29
19
-12
-5
9
23
-10
7
-2
13
11
-3
32
-14
1
4
-2
-13
6
12
-16
-11
11
-26
-28
11
-15
-4
-2
-4
-9
-5
11
-32
8
-1
-9
4
-4
8
-1
-9
22
1
-13
20
15
15
10
19
16
31
-19
32
12
-4
14
3
-1
12
29
-3
34
20
-16
33
7
-12
43
40
14
56
34
6
23
11
16
28
35
17
49
6
8
20
-19
14
20
10
21
17
13
8
-16
2
-3
-17
-3
-26
-15
-30
-26
-24
-16
-37
-32
-33
-28
-48
-40
-24
-35
-29
-49
-10
-43
-26
-30
-18
-29
-35
1
-35
-27
-3
-30
-35
4
-17
-36
14
-11
-6
2
-12
2
-3
-21
21
-3
-7
4
13
-16
-6
13
-31
3
1
9
-4
27
25
-13
15
17
2
-3
29
-4
28
19
-18
22
5
-6
-7
30
-12
4
21
10
14
17
8
7
25
9
24
26
14
31
20
-5
13
17
-2
18
28
1
-3
29
-5
-12
23
12
2
26
-1
4
24
-5
12
-3
6
11
-8
-7
14
-7
-18
17
-23
-7
5
-19
8
-3
-24
-14
-20
-17
-12
-15
-6
-20
-12
-25
-29
-28
-10
-23
-31
4
-29
-37
-22
-18
-29
-26
-20
-10
-11
-27
3
0
-26
2
17
-19
2
19
-15
-4
11
10
-25
16
-3
-12
2
-8
11
-6
-7
16
11
-15
6
7
3
4
24
-4
12
23
-17
21
11
-17
24
0
-1
-2
4
0
-4
-2
2
-5
4
3
-5
17
-6
4
3
-7
5
1
1
6
-14
2
-5
-17
8
-14
-14
5
-7
5
-2
6
14
-6
8
19
-19
10
10
2
6
9
10
-9
11
-2
-4
8
8
11
9
7
23
4
-9
20
12
-10
14
29
-7
16
23
0
0
18
15
-12
24
-1
8
5
4
22
-7
3
14
13
-19
24
15
-16
16
9
-20
4
7
-14
0
3
1
-3
-1
-8
5
-18
-13
11
-20
-9
-8
-4
-21
3
-13
-17
-3
-5
-13
-8
8
-18
-16
-2
-13
-22
1
-26
-4
-15
-26
-2
-20
-6
-14
-9
-14
-17
-13
-17
-6
-4
-19
-8
-6
-22
-9
-17
-18
-2
-3
-19
2
1
-22
-11
0
7
-20
20
4
-12
21
-15
11
11
-4
9
10
9
1
8
8
0
28
1
11
20
-3
11
14
15
5
22
19
-3
19
9
4
16
9
9
17
1
7
17
3
13
10
10
4
24
2
15
18
-10
14
19
-8
8
12
6
-3
5
11
-11
11
4
-3
-2
12
-12
-4
-1
4
-2
-18
8
6
-22
0
0
-13
3
-5
-11
-6
-3
-6
-11
-5
6
-20
-1
-3
-18
-2
-10
-2
-15
1
-6
-8
-19
-3
-12
-19
9
-16
-5
-9
3
-16
-10
1
-7
-8
-12
4
-16
-3
-3
-19
8
1
-11
-8
7
2
-12
6
7
-10
6
8
-13
-8
20
-6
-21
17
4
-12
-3
9
-13
0
7
-15
2
14
-2
2
-2
5
-3
5
5
13
-8
17
8
16
-12
