2
2
3
4
5
5
5
6
6
6
4
3
2
0
-1
-3
-4
-6
-6
-6
-5
-4
-1
2
5
6
8
10
13
14
13
12
11
9
7
5
2
-1
-5
-7
-8
-10
-10
-10
-9
-9
-7
-5
-1
1
4
5
6
7
7
8
8
7
4
3
2
-2
-3
-4
-4
-4
-4
-3
-3
0
1
1
2
2
3
4
2
1
0
-3
-5
-6
-7
-8
-10
-9
-10
-8
-7
-4
-2
-1
0
3
5
5
7
7
7
4
3
1
0
-2
-4
-6
-8
-8
-8
-7
-8
-6
-4
-2
-1
1
2
2
3
4
4
4
3
1
-2
-4
-5
-7
-7
-8
-7
-8
-8
-6
-5
-4
-4
-3
-3
-3
-2
-3
-2
-2
-3
-4
-5
-6
-5
-5
-4
-3
-3
-2
0
2
4
6
8
9
10
9
10
9
8
6
5
2
1
-1
-1
-3
-4
-5
-4
-4
-2
-1
0
0
3
5
7
8
8
9
8
7
6
6
3
3
2
3
1
0
0
-1
-1
0
1
0
0
1
0
1
2
2
1
0
1
-1
-1
-2
-3
-4
-2
-2
-1
1
3
5
5
6
7
6
6
5
6
5
4
3
1
-1
-2
-3
-4
-4
-4
-4
-3
-3
-2
-1
2
1
2
3
4
4
3
1
0
-1
-3
-3
-3
-5
-5
-6
-7
-7
-5
-4
-3
-2
-2
0
1
2
4
4
4
3
0
0
-1
0
0
0
-1
-3
-3
-4
-5
-2
-1
1
4
4
3
2
2
3
2
2
2
0
-2
-4
-6
-5
-2
1
3
2
4
5
5
5
8
11
13
13
13
13
11
11
12
14
15
13
11
8
8
9
9
11
12
13
17
14
11
11
14
11
9
9
9
9
2
6
5
5
7
5
6
3
4
5
6
7
7
4
3
2
-1
2
-2
-4
-6
-10
-11
-10
-9
-3
6
-1
-5
-7
-15
-19
-18
-13
-3
-2
-3
-4
-5
-4
-4
2
6
-4
-11
-18
-26
-34
-37
-39
-39
-42
-52
-49
-50
-54
-52
-60
-62
-60
-52
-46
-51
-51
-48
-45
-37
-39
-49
-48
-44
-53
-65
-64
-68
-69
-63
-60
-53
-54
-56
-53
-53
-46
-39
-33
-32
-30
-24
-22
-21
-26
-18
-11
-9
2
5
8
0
-2
6
18
20
23
14
6
3
-12
-6
-12
-2
-3
-10
-12
-20
-17
-27
-26
-20
-20
-5
5
15
29
36
46
52
50
53
58
64
59
50
52
55
53
63
73
76
61
58
59
59
71
82
79
71
62
59
66
51
40
42
47
45
36
28
14
21
38
60
68
70
71
76
86
81
79
72
64
62
62
55
41
31
21
11
5
-2
-11
-17
-13
0
5
12
16
9
19
27
19
30
42
36
33
33
38
44
47
65
69
120
214
208
163
139
114
135
184
325
518
556
516
450
324
229
222
345
424
333
200
-70
-400
-488
-378
-215
-120
-124
-331
-651
-805
-894
-966
-954
-1010
-1239
-1580
-1801
-1838
-1676
-1140
-377
449
1018
970
601
337
484
1073
1779
2275
2107
1304
336
-410
-551
-254
29
66
-198
-664
-1238
-1769
-2109
-2150
-1776
-1140
-581
-198
-71
-196
-302
-103
485
1258
1867
2061
1820
1395
968
603
486
550
607
533
277
-97
-541
-907
-1073
-991
-629
-245
-98
-158
-345
-507
-465
-197
258
737
1077
1148
980
758
553
435
465
578
676
592
301
-135
-572
-835
-906
-777
-571
-392
-338
-425
-525
-559
-438
-180
157
503
724
769
658
499
382
383
474
576
606
484
210
-129
-432
-627
-678
-642
-573
-544
-594
-677
-745
-733
-601
-350
-62
213
399
468
492
493
529
643
820
1045
1142
1076
883
544
266
127
129
167
79
-77
-342
-605
-684
-620
-442
-257
-120
-57
-78
-82
-84
-74
45
163
233
262
155
-2
-236
-447
-517
-609
-730
-949
-1355
-1825
-2267
-2443
-2267
-1941
-1248
-196
542
667
307
-2
166
858
1992
2883
2991
2274
937
-181
-450
-30
487
606
343
-247
-1013
-1701
-2268
-2415
-2007
-1348
-714
-352
-335
-588
-863
-737
-50
1023
1962
2269
2057
1614
1143
848
821
1026
1215
1132
764
193
-402
-910
-1247
-1168
-708
-242
-57
-255
-634
-911
-920
-585
-18
609
1045
1105
898
642
479
502
701
1010
1243
1220
873
288
-250
-579
-683
-558
-357
-250
-340
-601
-866
-993
-881
-560
-166
212
450
490
412
385
485
722
1034
1245
1294
1161
888
575
307
178
117
23
-121
-327
-556
-765
-904
-901
-789
-579
-368
-260
-181
-126
-53
72
226
381
453
434
375
257
153
94
-17
-170
-394
-702
-1035
-1428
-1794
-1965
-1970
-1881
-1682
-1106
-145
488
548
311
121
379
1041
1969
2619
2510
1713
528
-219
-140
301
606
456
-42
-691
-1385
-1942
-2321
-2314
-1881
-1343
-904
-676
-709
-845
-891
-530
321
1327
2008
2070
1781
1414
1124
1064
1231
1469
1516
1224
705
156
-358
-782
-1004
-843
-459
-272
-405
-794
-1166
-1310
-1167
-707
-107
427
665
592
420
302
337
518
799
1037
1076
848
403
-87
-428
-503
-364
-166
-68
-104
-266
-486
-542
-360
0
343
558
636
558
441
366
384
548
753
894
883
691
416
106
-121
-174
-135
-88
-154
-382
-666
-910
-966
-869
-755
-664
-729
-918
-1155
-1434
-1623
-1705
-1750
-1610
-1223
-489
426
1086
1184
794
506
759
1527
2489
3160
2995
1993
740
-128
-175
371
869
870
375
-394
-1256
-1959
-2308
-2245
-1865
-1370
-1034
-963
-1105
-1328
-1351
-923
-6
1043
1801
1984
1665
1199
928
1006
1377
1814
1996
1693
1019
253
-354
-660
-648
-431
-219
-227
-613
-1214
-1708
-1845
-1612
-1076
-440
13
176
102
-21
11
283
766
1328
1765
1850
1523
1050
659
468
502
654
626
353
-49
-488
-842
-990
-862
-667
-482
-317
-291
-368
-436
-394
-216
145
538
731
743
620
477
380
423
542
518
365
18
-406
-817
-1189
-1445
-1688
-1957
-2274
-2607
-3017
-3360
-3387
-2934
-1970
-872
162
613
436
232
358
1351
2813
4021
4472
3768
2483
1272
683
912
1378
1581
1176
164
-1080
-2290
-3115
-3364
-3170
-2621
-2125
-1907
-2018
-2327
-2311
-1801
-734
639
1772
2361
2305
1934
1702
1788
2232
2733
2962
2790
2114
1194
337
-266
-488
-482
-370
-393
-758
-1362
-2003
-2307
-2086
-1488
-706
-60
270
336
271
363
763
1387
2123
2704
2894
2706
2214
1673
1258
1118
1227
1233
1006
470
-287
-944
-1276
-1231
-961
-695
-576
-710
-979
-1119
-1054
-734
-264
182
440
427
284
100
36
174
339
366
99
-392
-1030
-1716
-2184
-2460
-2699
-2901
-2891
-2508
-1848
-1035
-450
-468
-591
-334
520
1832
2983
3485
2964
1960
1208
1023
1542
2102
2100
1450
369
-752
-1759
-2429
-2698
-2712
-2547
-2430
-2546
-2769
-3007
-2975
-2411
-1350
-57
968
1505
1600
1573
1750
2181
2777
3300
3423
3085
2379
1577
905
417
147
-38
-218
-554
-1176
-1918
-2492
-2694
-2508
-2101
-1621
-1239
-1030
-891
-689
-263
428
1316
2145
2660
2826
2667
2365
2157
2186
2352
2333
1994
1341
539
-117
-492
-615
-606
-629
-809
-1124
-1370
-1434
-1281
-958
-596
-332
-213
-195
-212
-103
138
432
600
506
109
-406
-850
-1246
-1444
-1587
-1793
-2084
-2228
-1892
-1217
-319
187
45
-179
-107
580
1610
2588
2973
2427
1565
890
860
1467
1950
1888
1268
365
-525
-1307
-1768
-1934
-1943
-1900
-2081
-2363
-2611
-2782
-2652
-2159
-1300
-416
140
360
365
527
971
1538
2135
2538
2558
2254
1854
1615
1536
1472
1363
1074
683
163
-502
-1046
-1386
-1472
-1437
-1388
-1385
-1545
-1672
-1647
-1360
-669
153
857
1242
1339
1341
1373
1725
2283
2726
2847
2479
1773
1128
826
848
890
796
420
-264
-942
-1435
-1602
-1455
-1161
-955
-985
-1161
-1383
-1504
-1316
-915
-430
-126
-180
-497
-977
-1286
-1450
-1450
-1374
-1470
-1607
-1886
-1763
-1245
-437
551
720
444
92
211
1074
1973
2834
2874
2063
1222
655
973
1710
2037
1724
742
-230
-1077
-1708
-1855
-1901
-1764
-1714
-1994
-2237
-2461
-2387
-1942
-1185
-170
482
665
483
248
504
1091
1811
2387
2476
2129
1445
911
752
791
919
858
565
123
-508
-1082
-1394
-1339
-1030
-798
-645
-706
-916
-988
-786
-143
662
1298
1577
1496
1261
1086
1276
1728
2148
2382
2201
1592
919
587
558
696
910
874
492
-51
-550
-851
-821
-537
-371
-447
-671
-1025
-1285
-1339
-1159
-948
-858
-909
-1220
-1449
-1617
-1681
-1697
-1839
-1994
-2156
-2202
-2043
-1616
-816
215
928
852
403
209
773
1863
2986
3685
3271
2141
944
519
1156
2045
2303
1567
345
-859
-1847
-2319
-2284
-1979
-1674
-1778
-2186
-2635
-2948
-2878
-2282
-1118
78
711
645
242
148
634
1527
2472
3044
2909
2128
1259
815
817
1000
1053
812
309
-418
-1200
-1720
-1777
-1519
-1239
-1073
-1142
-1411
-1605
-1383
-709
182
965
1422
1487
1344
1381
1627
1990
2358
2567
2475
1972
1344
878
621
681
842
768
406
-174
-717
-1010
-863
-443
-229
-293
-618
-969
-1092
-952
-643
-427
-396
-597
-1026
-1300
-1495
-1608
-1626
-1803
-2086
-2443
-2529
-2407
-1857
-811
262
811
445
-35
-92
812
2381
3604
4089
3266
1828
766
795
1902
2833
2879
1855
302
-950
-1747
-1937
-1676
-1468
-1539
-2095
-2796
-3295
-3469
-3010
-2133
-951
-23
184
-121
-435
-135
748
1923
2885
3132
2628
1754
1125
1118
1512
1809
1699
1152
355
-550
-1240
-1477
-1339
-1101
-1082
-1353
-1822
-2160
-2086
-1566
-701
130
686
846
787
915
1287
1855
2359
2642
2663
2296
1816
1381
1115
1112
1153
1086
674
99
-473
-850
-818
-617
-440
-552
-934
-1333
-1585
-1452
-1115
-837
-777
-1026
-1300
-1442
-1414
-1297
-1192
-1348
-1839
-2251
-2420
-2418
-1945
-1037
-9
783
713
128
-344
177
1606
2980
3970
3658
2176
744
188
1045
2310
2917
2292
717
-693
-1727
-2025
-1619
-1161
-1028
-1586
-2477
-3156
-3339
-2828
-1954
-828
94
220
-124
-482
-258
625
1753
2744
3071
2694
1853
1107
1103
1629
2100
2088
1504
602
-305
-888
-1022
-802
-497
-503
-874
-1323
-1574
-1491
-1022
-309
318
622
655
540
549
926
1456
1878
2023
1890
1538
1096
933
1024
1180
1237
936
421
-112
-425
-483
-403
-221
-277
-583
-960
-1240
-1246
-1090
-842
-786
-1013
-1329
-1719
-1965
-1948
-1687
-1557
-1742
-2055
-2513
-2759
-2698
-2049
-907
319
1386
1125
328
-42
486
2158
3718
4687
4160
2460
995
389
1387
2798
3285
2517
762
-755
-1806
-2141
-1772
-1405
-1256
-1819
-2850
-3594
-3836
-3291
-2247
-1014
-104
-148
-648
-1011
-540
723
1986
2852
2950
2417
1635
1164
1416
1994
2369
2129
1296
280
-586
-1082
-1138
-886
-692
-981
-1588
-2105
-2247
-1776
-895
58
561
592
454
321
652
1440
2267
2736
2614
2177
1554
1187
1309
1588
1791
1577
938
76
-592
-775
-670
-409
-294
-551
-1025
-1534
-1638
-1403
-1008
-668
-757
-1071
-1539
-1976
-2101
-1872
-1553
-1542
-1768
-2323
-2937
-3137
-2822
-1870
-632
670
1226
612
-90
-234
878
2822
4342
4860
3804
2073
817
922
2360
3500
3487
2163
219
-1193
-1911
-1820
-1415
-1223
-1498
-2445
-3405
-3955
-3801
-2845
-1615
-531
-78
-343
-814
-867
74
1565
2794
3288
2846
1995
1372
1355
1945
2600
2749
2015
776
-302
-943
-1084
-907
-716
-828
-1404
-2160
-2603
-2401
-1561
-500
360
637
425
161
238
901
1907
2772
3015
2628
2018
1469
1389
1720
2095
2141
1640
816
-78
-564
-585
-393
-229
-424
-893
-1497
-1872
-1779
-1404
-1010
-903
-1143
-1525
-1761
-1819
-1742
-1558
-1426
-1540
-1992
-2344
-2627
-2659
-2314
-1842
-1069
-235
549
644
105
52
613
1992
3396
3998
3673
2357
1234
1017
1921
3301
3545
2522
767
-686
-1242
-1360
-1150
-1151
-1573
-2371
-3365
-3770
-3549
-2866
-1961
-1255
-758
-727
-977
-902
-169
1198
2400
2903
2783
2167
1640
1619
2160
2886
3046
2386
1135
6
-535
-632
-484
-441
-722
-1400
-2173
-2567
-2408
-1687
-816
-126
214
155
41
117
646
1536
2367
2814
2629
2135
1716
1612
1897
2256
2372
1958
1157
379
-145
-248
-176
-215
-482
-987
-1437
-1727
-1709
-1427
-1227
-1127
-1372
-1630
-1791
-1857
-1641
-1445
-1435
-1702
-2042
-2435
-2678
-2451
-2129
-1785
-1276
-551
164
418
357
226
637
1861
3053
3744
3599
2496
1356
1036
1887
3054
3416
2533
813
-534
-1075
-1165
-1029
-1111
-1620
-2583
-3513
-3896
-3685
-2967
-2154
-1496
-1040
-997
-1183
-1050
-249
1020
2154
2740
2647
2123
1728
1720
2244
2967
3143
2529
1391
363
-222
-347
-241
-333
-684
-1318
-2036
-2433
-2319
-1770
-1064
-445
-203
-201
-150
109
675
1468
2221
2517
2414
2168
1938
2032
2331
2550
2468
1982
1309
676
366
323
250
13
-517
-1130
-1595
-1718
-1505
-1242
-1109
-1299
-1649
-1956
-1971
-1731
-1495
-1319
-1380
-1737
-2169
-2413
-2503
-2450
-2201
-1929
-1723
-1240
-573
134
537
490
474
962
2153
3261
3722
3473
2452
1556
1444
2190
3115
3203
2200
603
-623
-1099
-1242
-1237
-1409
-2005
-2861
-3626
-3904
-3600
-2913
-2128
-1567
-1187
-1107
-1143
-800
34
1163
2080
2535
2429
2018
1786
1862
2263
2736
2737
2116
1155
301
-118
-175
-138
-308
-688
-1157
-1641
-1845
-1670
-1150
-610
-262
-105
-129
-60
200
778
1501
1986
2087
1807
1563
1596
1909
2264
2332
2042
1472
920
592
533
570
397
34
-493
-979
-1228
-1202
-1018
-914
-1009
-1306
-1713
-1892
-1840
-1719
-1541
-1449
-1646
-2021
-2418
-2712
-2746
-2624
-2256
-2154
-1861
-1319
-630
343
564
457
510
1282
2663
3624
4198
3593
2353
1618
1774
2864
3667
3317
1866
168
-755
-1143
-1171
-1176
-1665
-2483
-3410
-4022
-4035
-3557
-2825
-2205
-1720
-1405
-1402
-1251
-633
408
1620
2438
2644
2373
2009
1968
2264
2865
3199
2796
1845
779
124
-13
38
-24
-403
-916
-1506
-1990
-1996
-1648
-1012
-525
-353
-355
-449
-282
197
989
1761
2017
1907
1578
1465
1767
2214
2484
2251
1739
1144
717
636
688
568
187
-385
-917
-1195
-1222
-1071
-977
-1022
-1371
-1789
-1983
-1923
-1689
-1476
-1387
-1615
-2015
-2204
-2361
-2506
-2568
-2590
-2479
-2405
-1855
-1055
-156
500
278
95
517
1744
3162
4048
4188
3164
2024
1621
2255
3439
3954
3178
1527
-16
-827
-1084
-990
-1026
-1571
-2507
-3541
-4197
-4113
-3422
-2615
-1969
-1609
-1560
-1661
-1397
-531
707
1950
2559
2493
2196
1953
2093
2588
3235
3441
2817
1821
819
380
421
478
359
-152
-785
-1504
-1916
-1747
-1323
-752
-535
-605
-745
-793
-418
240
1035
1526
1548
1351
1181
1419
2026
2437
2470
2081
1548
1086
891
1024
1006
788
285
-383
-838
-1033
-994
-931
-941
-1162
-1627
-2026
-2111
-1993
-1786
-1597
-1787
-2083
-2278
-2323
-2394
-2625
-2690
-2708
-2665
-2258
-1534
-534
450
532
135
-27
736
2276
3559
4347
3880
2605
1572
1427
2597
3818
3938
2644
694
-536
-1043
-1035
-826
-1034
-1755
-2950
-3980
-4287
-3853
-3076
-2399
-1965
-1794
-1922
-1955
-1370
-176
1200
2147
2332
2096
1821
1852
2371
3103
3674
3436
2505
1464
757
763
965
949
523
-315
-1127
-1759
-1788
-1357
-897
-579
-746
-1021
-1124
-888
-217
469
1119
1343
1197
1057
1112
1633
2210
2518
2425
1950
1493
1161
1113
1200
1095
763
131
-475
-864
-987
-943
-960
-1121
-1551
-2021
-2318
-2335
-2123
-1944
-2020
-2284
-2504
-2592
-2506
-2662
-2858
-2967
-2784
-2322
-1857
-913
-6
576
447
168
707
1802
3223
4028
4087
3325
2184
1640
2146
3315
3992
3232
1580
7
-750
-914
-843
-865
-1418
-2378
-3531
-4161
-4024
-3327
-2578
-2118
-1900
-1936
-2005
-1661
-736
644
1705
2119
1970
1683
1774
2142
2848
3454
3551
2986
1935
1202
999
1189
1247
897
265
-589
-1277
-1550
-1393
-978
-635
-633
-961
-1210
-1101
-658
22
729
1096
1069
914
924
1298
1955
2492
2523
2209
1822
1546
1455
1530
1500
1174
646
42
-415
-603
-681
-796
-1007
-1381
-1801
-2205
-2356
-2266
-2278
-2207
-2396
-2626
-2687
-2701
-2754
-3022
-3012
-2870
-2606
-2070
-1210
-348
386
414
160
417
1465
2882
3802
4088
3449
2314
1756
2132
3214
3925
3459
1979
421
-411
-656
-676
-737
-1268
-2224
-3319
-4026
-4087
-3572
-2907
-2440
-2261
-2271
-2352
-2097
-1215
105
1278
1819
1733
1477
1579
2066
2827
3472
3648
3120
2230
1544
1306
1492
1541
1179
457
-392
-1099
-1344
-1142
-938
-792
-859
-1080
-1303
-1132
-565
-134
283
572
655
734
901
1304
1713
2077
2227
2073
1929
1800
1739
1670
1610
1381
901
412
12
-157
-298
-491
-779
-1229
-1606
-1956
-2154
-2151
-2201
-2380
-2786
-2947
-2934
-3009
-3103
-3317
-3393
-3258
-2923
-2271
-1356
-330
379
97
21
456
1704
3190
4043
4235
3295
2235
1845
2498
3842
4319
3417
1749
307
-260
-388
-369
-636
-1399
-2516
-3684
-4227
-4123
-3574
-3065
-2693
-2532
-2627
-2679
-2325
-1295
126
1205
1633
1546
1437
1628
2278
3215
3835
3858
3210
2416
1926
1830
1958
1808
1259
441
-465
-1053
-1143
-1115
-1049
-1057
-1240
-1521
-1684
-1306
-773
-366
34
124
148
315
685
1233
1754
2043
1988
1781
1789
1863
1929
1948
1804
1381
829
344
103
-8
-248
-534
-950
-1372
-1758
-2047
-2156
-2311
-2376
-2727
-2946
-3100
-3186
-3208
-3461
-3361
-3513
-3337
-2807
-1908
-619
176
249
-218
-120
1102
2734
4171
4657
3973
2627
1868
2468
3888
4892
4494
2864
1296
392
232
288
148
-506
-1792
-3047
-3880
-4062
-3738
-3303
-2914
-2807
-2942
-3134
-2919
-2021
-750
461
1110
1200
1095
1308
2078
3118
3902
4049
3555
2926
2542
2505
2630
2503
1916
971
31
-599
-896
-844
-793
-989
-1321
-1815
-2070
-1918
-1275
-603
-351
-253
-374
-412
12
818
1574
1909
1879
1716
1621
1860
2178
2394
2311
1911
1328
770
588
481
252
-175
-720
-1250
-1675
-1932
-2017
-2165
-2472
-2850
-3174
-3375
-3498
-3519
-3486
-3604
-3749
-3707
-3492
-2808
-1618
-280
362
18
-287
95
1629
3485
4546
4545
3370
2271
2024
3110
4611
4985
3884
2111
838
437
399
340
-153
-1187
-2571
-3794
-4245
-4159
-3779
-3521
-3359
-3348
-3557
-3561
-3014
-1778
-407
500
849
804
937
1545
2664
3845
4381
4142
3424
2914
2923
3156
3230
2799
1885
804
-84
-464
-512
-489
-677
-1049
-1574
-2100
-2210
-1779
-1080
-674
-560
-609
-708
-466
172
1090
1777
1976
1871
1704
1920
2300
2671
2834
2607
2046
1355
992
930
833
454
-174
-820
-1399
-1764
-1965
-2002
-2295
-2776
-3235
-3581
-3652
-3707
-3620
-3619
-3715
-3838
-3927
-3408
-2176
-699
248
120
-350
-319
828
2663
4199
4748
3909
2513
1940
2718
4308
5124
4547
3001
1566
848
704
791
619
-239
-1679
-3140
-3927
-4090
-3824
-3496
-3318
-3415
-3843
-4120
-3766
-2690
-1349
-324
178
212
182
650
1781
3214
4158
4233
3683
3114
2992
3295
3666
3652
2939
1762
618
7
-122
-24
-80
-518
-1145
-1953
-2321
-2062
-1487
-1046
-1014
-1056
-1185
-1148
-579
274
1016
1331
1374
1366
1540
1915
2326
2660
2724
2401
1752
1296
1223
1144
810
260
-365
-1117
-1611
-1784
-1905
-2132
-2653
-3256
-3784
-3882
-3829
-3873
-3874
-3935
-4054
-4151
-3448
-2072
-768
-205
-566
-761
-161
1287
2987
4134
4266
3146
2075
2239
3582
4946
5128
4078
2586
1536
1298
1437
1606
1094
-206
-1790
-2938
-3388
-3481
-3309
-3143
-3254
-3711
-4222
-4264
-3610
-2542
-1478
-749
-449
-486
-342
486
1877
3164
3807
3749
3400
3133
3282
3807
4207
4031
3116
1981
1098
674
563
562
459
-109
-1056
-1817
-1982
-1655
-1217
-976
-1038
-1349
-1604
-1390
-674
272
816
816
731
947
1374
1855
2421
2774
2671
2180
1739
1610
1651
1634
1263
661
-105
-988
-1440
-1434
-1541
-1882
-2588
-3253
-3885
-4212
-4106
-4030
-3920
-4044
-4401
-4411
-3708
-2348
-1164
-690
-904
-1124
-416
1073
2644
3605
3530
2671
1983
2347
3650
4700
4736
3758
2608
1928
1721
1673
1572
1123
49
-1324
-2392
-2961
-3185
-3202
-3187
-3305
-3777
-4363
-4479
-3910
-2994
-2201
-1717
-1478
-1354
-1019
-160
1127
2257
2792
2861
2867
3043
3375
3778
4072
3939
3291
2459
1847
1565
1367
1193
995
531
-259
-1057
-1307
-1108
-851
-779
-1001
-1386
-1759
-1670
-1041
-176
329
290
163
344
831
1401
2033
2475
2469
2037
1687
1779
1965
1971
1716
1227
569
-211
-665
-645
-796
-1184
-1931
-2677
-3339
-3738
-3772
-3722
-3608
-3911
-4432
-4442
-3683
-2180
-1176
-1104
-1431
-1593
-661
895
2411
3279
2819
1911
1568
2416
3972
4792
4521
3448
2549
2203
2195
2351
2171
1448
252
-934
-1631
-2104
-2395
-2556
-2665
-2990
-3639
-4180
-4166
-3618
-2950
-2461
-2201
-2140
-2088
-1615
-573
682
1538
1821
1926
2153
2507
3036
3587
3872
3608
2979
2427
2200
2099
1903
1672
1422
923
185
-359
-436
-315
-388
-560
-797
-1211
-1625
-1588
-1016
-451
-276
-329
-345
-173
172
686
1323
1718
1624
1219
1124
1439
1642
1624
1414
1086
446
-127
-256
-232
-399
-1113
-1893
-2454
-2823
-3004
-3245
-3311
-3632
-4156
-4279
-3716
-2651
-1800
-1655
-1970
-2179
-1561
-193
1208
2181
2161
1376
931
1515
2924
4023
4208
3555
2611
2127
2260
2647
2769
2297
1224
10
-737
-1009
-1214
-1416
-1712
-2236
-2962
-3559
-3641
-3234
-2719
-2402
-2400
-2532
-2537
-2157
-1296
-207
567
790
858
1168
1677
2293
2926
3325
3275
2864
2502
2409
2490
2455
2284
2022
1624
1066
589
509
624
549
257
-86
-430
-799
-916
-657
-326
-276
-463
-562
-355
-45
258
623
966
984
731
640
876
1144
1181
1039
807
386
-72
-249
-209
-156
-617
-1386
-2001
-2391
-2545
-2722
-2814
-2915
-3543
-3798
-3375
-2314
-1397
-1643
-2057
-2136
-1448
-156
937
1803
1551
592
323
1184
2852
3710
3469
2726
2007
1820
2053
2573
2826
2119
994
-1
-372
-551
-826
-944
-1206
-1824
-2726
-3305
-3214
-2826
-2506
-2328
-2340
-2601
-2904
-2571
-1498
-379
87
3
-11
396
1018
1826
2634
2972
2631
2063
1975
2299
2547
2484
2317
2020
1526
973
752
953
997
726
430
146
-237
-679
-609
-206
-55
-316
-604
-567
-369
-117
249
682
908
731
550
711
1004
1087
976
897
731
276
-125
-131
-155
-394
-891
-1331
-1687
-2176
-2585
-2767
-2756
-3076
-3386
-3173
-2400
-1673
-1914
-2189
-2048
-1372
-344
608
1475
1393
566
319
1134
2683
3530
3305
2693
2159
2022
2227
2760
3022
2312
1167
353
171
119
-269
-628
-970
-1511
-2206
-2617
-2608
-2569
-2645
-2598
-2444
-2498
-2859
-2831
-2028
-1036
-506
-477
-483
-253
199
1018
2060
2634
2381
1818
1744
2164
2549
2625
2458
2156
1734
1211
1107
1215
1134
746
366
335
112
-345
-606
-422
-247
-495
-651
-609
-522
-450
-186
296
512
459
413
644
1048
1180
1093
920
795
590
302
320
319
-99
-744
-1193
-1281
-1631
-2115
-2397
-2664
-2951
-3306
-3257
-2818
-2244
-2180
-2415
-2305
-1793
-1124
-388
555
1120
751
401
837
1961
2817
3069
2939
2605
2322
2335
2723
3085
2783
1844
1017
719
590
207
-157
-428
-952
-1787
-2250
-2254
-2252
-2489
-2663
-2593
-2569
-2812
-2898
-2499
-1787
-1294
-1105
-886
-611
-343
74
924
1736
1900
1637
1635
1989
2352
2512
2579
2417
2045
1689
1622
1840
1756
1232
753
651
641
381
95
45
-148
-522
-689
-502
-363
-514
-517
-288
-61
22
58
320
555
691
748
854
918
747
538
473
485
224
-144
-424
-569
-918
-1451
-1795
-2076
-2404
-2722
-2737
-2407
-2154
-2331
-2758
-2735
-2209
-1477
-728
-53
239
-147
-374
263
1512
2472
2649
2376
2029
1874
2213
2903
3424
3099
2068
1201
959
1080
974
646
173
-664
-1572
-1977
-1810
-1686
-2072
-2546
-2812
-2939
-3059
-2987
-2551
-2097
-1969
-1974
-1747
-1317
-936
-493
211
813
966
851
1047
1561
2021
2291
2431
2396
2049
1665
1738
2126
2228
1816
1245
933
827
759
791
789
477
-112
-496
-340
-113
-150
-309
-320
-305
-345
-203
181
423
389
337
478
631
622
615
663
590
345
14
-155
-219
-323
-710
-1065
-1357
-1833
-2176
-2223
-1912
-1798
-1820
-2077
-2475
-2499
-2034
-1214
-538
-221
-205
-559
-491
222
1374
2161
2223
1896
1614
1679
2282
2949
3200
2783
2010
1373
1223
1464
1423
985
351
-394
-1118
-1432
-1365
-1349
-1748
-2248
-2620
-2826
-2949
-2837
-2510
-2199
-2165
-2230
-2145
-1755
-1222
-736
-196
214
309
276
568
1218
1777
1986
2005
1909
1806
1763
1990
2326
2381
2021
1516
1291
1326
1369
1365
1228
888
310
-103
-16
231
245
-31
-308
-457
-476
-296
25
226
178
-34
-109
10
179
287
339
226
-39
-300
-410
-444
-423
-566
-951
-1327
-1643
-1864
-1906
-1690
-1439
-1342
-1722
-2115
-2150
-1737
-1074
-515
-163
-214
-677
-669
-32
1081
1823
1829
1506
1280
1363
1832
2541
2972
2562
1766
1282
1303
1592
1541
1195
644
-84
-775
-1013
-878
-905
-1373
-1895
-2235
-2424
-2622
-2585
-2253
-1988
-2115
-2347
-2273
-1907
-1447
-1007
-524
-261
-320
-389
46
860
1465
1582
1517
1453
1462
1584
1960
2396
2489
2084
1663
1574
1652
1693
1728
1774
1494
834
336
332
558
599
423
194
-168
-474
-442
-96
178
186
-50
-308
-387
-242
-67
113
98
-156
-572
-747
-615
-536
-624
-875
-1149
-1437
-1734
-1648
-1348
-1147
-1044
-1369
-1641
-1741
-1485
-909
-425
-101
-166
-648
-717
-206
699
1323
1445
1318
1064
1045
1441
2087
2464
2172
1570
1215
1156
1311
1288
1110
700
69
-520
-763
-706
-778
-1213
-1636
-1927
-2182
-2383
-2386
-2103
-1987
-2168
-2377
-2344
-2060
-1707
-1323
-899
-745
-790
-755
-326
384
888
1058
1047
1033
1118
1349
1792
2156
2210
2012
1809
1797
1861
1882
1913
1911
1700
1334
964
841
846
779
634
420
196
-108
-260
-141
17
25
-141
-276
-396
-486
-431
-278
-190
-321
-598
-815
-873
-806
-765
-776
-882
-1146
-1450
-1560
-1254
-930
-678
-764
-1157
-1396
-1368
-873
-191
172
114
-423
-681
-336
429
1243
1481
1276
917
785
1168
1823
2289
2164
1577
1199
1086
1260
1395
1288
955
377
-156
-403
-417
-456
-731
-1113
-1469
-1827
-2027
-2036
-1853
-1752
-1881
-2107
-2183
-2044
-1768
-1442
-1094
-943
-979
-953
-640
-92
354
581
653
695
781
1031
1417
1783
1882
1765
1609
1587
1713
1871
1926
1840
1591
1241
1010
1029
1136
1083
797
416
144
1
27
129
111
-77
-315
-425
-379
-254
-187
-246
-378
-507
-545
-505
-446
-448
-574
-807
-1008
-1019
-925
-921
-1078
-1200
-1197
-1104
-883
-791
-934
-1106
-1124
-821
-444
-234
-255
-485
-551
-291
232
778
940
827
714
825
1147
1538
1812
1725
1380
1171
1142
1250
1292
1117
821
431
94
-150
-249
-334
-585
-932
-1295
-1570
-1675
-1757
-1773
-1730
-1765
-1916
-2011
-1912
-1716
-1509
-1273
-1084
-956
-870
-725
-354
56
328
463
591
801
1056
1315
1586
1769
1799
1716
1693
1809
1914
1880
1747
1638
1523
1373
1245
1146
1000
815
657
554
443
264
42
-90
-105
-115
-152
-220
-318
-361
-321
-211
-89
-58
-128
-190
-166
-69
-7
-11
-63
-179
-265
-359
-438
-488
-609
-731
-812
-822
-761
-847
-916
-987
-1101
-1092
-1024
-824
-691
-675
-612
-608
-493
-230
78
405
514
507
541
683
923
1071
1144
1123
926
784
706
743
750
571
325
61
-156
-324
-448
-527
-712
-1012
-1279
-1504
-1564
-1600
-1622
-1599
-1606
-1627
-1678
-1623
-1374
-1127
-935
-810
-721
-537
-302
43
436
726
853
914
1077
1299
1483
1669
1743
1733
1674
1587
1567
1589
1575
1451
1264
1125
961
806
716
627
518
354
192
57
-56
-108
-141
-162
-156
-206
-255
-281
-231
-130
-52
-3
7
11
65
150
258
324
315
288
287
316
327
260
163
46
-49
-136
-244
-363
-541
-705
-802
-844
-876
-879
-862
-803
-799
-896
-1001
-1020
-870
-676
-571
-525
-607
-762
-734
-470
-104
78
16
-169
-209
-35
205
380
419
210
-39
-95
56
230
232
109
-75
-223
-291
-279
-205
-182
-350
-527
-609
-569
-467
-350
-252
-192
-175
-166
-89
100
264
348
406
436
465
497
593
690
757
750
714
718
772
781
772
766
727
635
579
581
586
567
491
425
392
379
350
356
366
335
263
215
205
198
168
144
98
22
-58
-94
-41
2
-40
-140
-201
-218
-210
-183
-166
-198
-255
-287
-235
-148
-83
-103
-104
-64
-11
60
140
188
179
149
138
178
201
161
56
-53
-159
-230
-282
-303
-379
-541
-729
-844
-880
-919
-958
-1030
-1130
-1210
-1157
-993
-930
-1035
-1148
-1131
-978
-783
-649
-648
-706
-688
-521
-220
72
181
165
185
310
491
668
770
758
696
671
740
793
778
695
635
609
578
474
390
372
321
253
166
96
30
-12
17
69
114
112
109
156
232
331
430
478
499
506
540
592
631
658
632
624
601
567
537
489
440
373
314
239
118
-7
-87
-130
-145
-183
-240
-338
-416
-427
-402
-315
-247
-264
-310
-334
-302
-208
-121
-60
-55
-90
-125
-137
-106
-72
-79
-123
-197
-275
-319
-316
-272
-295
-369
-449
-538
-536
-479
-412
-389
-445
-496
-525
-480
-380
-291
-234
-254
-272
-237
-172
-80
10
60
71
47
42
82
149
224
265
267
231
187
192
254
329
379
338
261
199
204
260
292
287
238
178
153
180
234
274
271
269
272
292
318
336
372
391
388
375
348
332
320
290
255
211
174
107
29
-22
-46
-68
-148
-262
-344
-395
-418
-420
-432
-475
-537
-581
-570
-499
-430
-382
-352
-342
-312
-257
-153
-32
42
53
38
48
87
148
197
199
158
95
34
19
32
52
19
-61
-166
-236
-237
-195
-144
-162
-232
-311
-318
-250
-142
-66
-51
-60
-71
-37
45
140
206
248
249
239
243
253
296
314
311
277
207
156
106
76
58
40
13
-34
-91
-123
-108
-69
-20
14
6
1
16
81
178
261
315
326
319
335
396
468
519
521
491
468
432
416
403
387
347
262
171
81
24
-23
-53
-100
-170
-275
-365
-426
-469
-481
-493
-513
-549
-573
-558
-504
-428
-372
-350
-331
-303
-257
-192
-122
-84
-80
-83
-67
-38
-4
12
6
-14
-32
-31
-9
29
45
34
17
9
20
47
73
97
97
91
98
120
146
172
202
226
215
169
127
137
190
230
231
178
111
66
67
108
111
46
-63
-146
-153
-131
-105
-115
-167
-239
-269
-247
-198
-148
-135
-112
-96
-91
-48
13
88
158
190
201
198
212
249
299
343
337
271
208
179
186
203
189
135
45
-43
-105
-106
-78
-93
-146
-213
-272
-288
-277
-257
-234
-241
-267
-275
-248
-200
-147
-88
-42
-16
-15
-4
31
82
122
139
127
98
64
33
19
7
-39
-98
-161
-206
-235
-271
-286
-296
-306
-330
-350
-359
-354
-334
-288
-250
-226
-217
-192
-122
-28
44
67
80
108
160
229
307
347
344
317
327
379
417
416
382
341
303
275
274
275
240
182
126
109
120
125
123
125
107
98
105
148
216
247
259
263
267
268
276
305
321
297
254
209
194
179
132
87
36
-27
-116
-198
-240
-274
-312
-344
-378
-422
-482
-528
-520
-491
-488
-491
-495
-487
-452
-402
-323
-238
-172
-127
-78
-13
52
120
199
258
285
274
272
313
341
348
326
282
223
164
138
132
112
79
14
-44
-95
-146
-170
-192
-203
-234
-285
-313
-312
-283
-255
-244
-247
-265
-270
-247
-197
-165
-150
-139
-120
-93
-75
-43
-7
9
15
8
10
27
35
48
61
84
94
103
124
143
174
195
229
274
303
338
376
418
457
478
481
498
512
512
505
495
492
466
429
387
324
267
198
133
75
11
-59
-113
-160
-204
-249
-302
-340
-379
-405
-418
-425
-438
-454
-457
-434
-381
-329
-292
-271
-259
-239
-187
-113
-56
-39
-38
-30
-3
34
71
82
63
42
31
42
60
49
29
10
-6
-22
-38
-51
-56
-52
-43
-47
-67
-81
-71
-43
-21
-16
-37
-54
-54
-36
-27
-37
-72
-107
-115
-111
-114
-134
-168
-205
-235
-239
-237
-252
-264
-271
-264
-243
-216
-194
-171
-137
-91
-33
14
57
97
153
234
302
359
396
435
485
551
598
615
620
620
626
621
593
551
505
455
422
382
333
264
194
147
112
67
6
-68
-127
-164
-183
-203
-231
-277
-318
-323
-304
-280
-296
-327
-335
-326
-293
-264
-251
-259
-274
-254
-220
-179
-177
-186
-192
-177
-144
-109
-94
-100
-112
-122
-100
-67
-67
-85
-99
-101
-77
-63
-48
-40
-41
-41
-23
7
21
14
11
39
69
87
84
84
86
82
77
68
59
29
-14
-40
-42
-46
-75
-91
-94
-104
-121
-130
-124
-110
-97
-85
-60
-27
-4
20
67
106
130
150
184
233
264
278
292
308
326
330
315
305
287
275
272
270
253
199
161
160
180
191
169
117
65
38
44
72
81
41
-3
-27
-6
26
30
12
-26
-49
-40
-25
-15
-31
-52
-57
-57
-56
-72
-106
-135
-155
-163
-172
-187
-206
-243
-262
-264
-257
-257
-281
-299
-300
-295
-279
-268
-248
-239
-230
-205
-163
-122
-113
-106
-81
-35
9
40
53
71
75
90
121
131
121
89
67
64
61
53
35
19
12
3
3
10
16
18
18
30
36
60
88
109
126
140
150
158
176
201
203
201
194
174
152
122
104
86
76
59
28
-4
-39
-53
-52
-49
-56
-82
-95
-96
-92
-83
-73
-73
-79
-78
-57
-29
-18
-22
-25
-13
19
43
46
39
42
47
65
90
84
59
34
29
36
40
22
-3
-19
-29
-38
-44
-56
-74
-103
-120
-118
-117
-121
-131
-140
-150
-161
-160
-147
-136
-135
-150
-153
-142
-129
-119
-116
-118
-130
-132
-115
-104
-108
-134
-164
-178
-176
-158
-149
-153
-154
-154
-130
-90
-50
-23
-15
5
37
88
144
187
219
239
266
300
332
369
387
398
408
406
389
376
363
349
321
302
279
237
202
173
157
140
99
51
18
1
-9
-22
-44
-89
-132
-150
-134
-112
-112
-143
-179
-185
-165
-141
-132
-146
-165
-182
-178
-153
-133
-139
-163
-173
-165
-138
-125
-120
-115
-117
-115
-100
-88
-77
-84
-88
-84
-81
-61
-48
-41
-41
-36
-34
-30
-29
-29
-28
-17
7
15
20
25
29
34
47
68
66
50
31
17
16
16
4
-11
-29
-39
-32
-24
-15
-14
-22
-16
-2
18
48
66
81
82
96
125
155
175
181
184
197
209
213
215
218
221
213
210
199
178
152
131
122
114
102
78
54
38
43
52
44
24
-2
-30
-32
-24
-32
-43
-67
-89
-89
-76
-65
-70
-96
-115
-118
-109
-101
-93
-110
-129
-133
-125
-117
-129
-127
-129
-125
-123
-130
-129
-135
-144
-144
-135
-143
-150
-156
-158
-145
-133
-114
-116
-120
-120
-102
-71
-46
-29
-27
-23
-14
2
26
41
53
46
30
36
48
61
61
48
35
35
41
52
71
76
81
75
76
78
89
107
113
124
132
128
130
141
157
174
181
175
158
146
148
158
156
146
124
96
73
70
79
73
63
50
26
11
13
26
28
15
-2
-5
-3
-7
-1
-2
-18
-37
-50
-40
-34
-30
-38
-51
-73
-93
-101
-103
-99
-109
-114
-124
-129
-130
-131
-121
-117
-117
-126
-131
-137
-138
-136
-135
-136
-150
-157
-157
-142
-127
-113
-96
-101
-112
-115
-106
-84
-70
-70
-85
-94
-91
-74
-49
-41
-45
-64
-76
-68
-42
-19
-13
-17
-24
-31
-20
11
48
79
101
113
122
135
165
207
245
268
269
267
271
298
332
352
351
324
299
278
281
288
284
255
204
159
128
120
120
110
72
24
-16
-22
-9
-9
-24
-52
-83
-100
-91
-76
-70
-85
-102
-108
-104
-93
-85
-76
-68
-76
-92
-96
-97
-84
-78
-72
-81
-98
-108
-102
-79
-76
-82
-95
-109
-120
-128
-120
-113
-117
-138
-155
-159
-148
-138
-128
-113
-114
-119
-129
-112
-91
-88
-85
-98
-112
-116
-108
-89
-74
-69
-75
-89
-89
-77
-63
-50
-48
-58
-65
-60
-39
-16
0
18
19
22
37
67
99
128
154
160
164
167
177
208
238
242
229
202
189
194
211
222
204
172
135
117
124
131
129
102
71
54
53
61
62
52
33
27
30
36
38
28
23
17
8
6
3
-2
-8
-6
-5
-14
-29
-37
-31
-21
-12
-21
-44
-60
-62
-56
-46
-52
-67
-84
-92
-82
-75
-66
-76
-89
-101
-102
-86
-77
-66
-63
-66
-65
-65
-55
-42
-28
-19
-30
-42
-43
-36
-18
-2
2
-6
-24
-42
-33
-12
-8
-14
-38
-55
-61
-58
-48
-33
-26
-31
-27
-10
9
26
40
52
65
78
93
105
121
118
119
116
113
109
100
99
100
83
49
32
19
9
8
3
2
-14
-29
-35
-22
-9
-16
-16
-14
0
2
11
24
23
19
22
36
43
33
24
30
40
48
46
45
39
28
27
31
25
7
-4
-11
-16
-14
-24
-40
-51
-66
-74
-66
-59
-73
-97
-108
-116
-111
-116
-124
-127
-131
-129
-126
-101
-84
-77
-73
-75
-68
-60
-49
-29
-26
-16
-19
-20
-10
-5
9
7
7
1
-3
-3
5
15
27
37
40
48
63
90
106
118
129
129
141
148
140
132
134
137
148
135
114
98
89
85
77
79
58
42
35
35
35
6
-13
-11
-26
-27
-35
-45
-46
-45
-47
-51
-40
-43
-50
-48
-44
-27
-7
7
13
0
4
5
18
27
16
40
43
47
41
26
31
24
24
27
30
30
28
19
13
19
16
7
-10
-15
-26
-26
-21
-26
-30
-53
-58
-75
-90
-89
-90
-68
-73
-88
-94
-107
-114
-124
-126
-150
-172
-180
-182
-167
-165
-158
-154
-147
-129
-112
-78
-58
-42
-38
-21
-11
10
45
60
82
93
95
94
94
100
127
128
121
101
85
76
72
79
75
70
58
45
34
27
8
8
17
-9
-34
-52
-48
-58
-76
-75
-77
-63
-57
-56
-45
-52
-51
-41
-14
9
29
23
24
3
35
86
140
215
420
618
470
270
364
302
86
-109
89
567
905
383
-332
-527
-231
524
597
590
596
-31
-505
-494
-286
489
561
167
-326
-790
-680
-228
-21
322
265
32
-191
-518
-856
-505
-109
159
-10
-274
-521
-840
-952
-581
-97
-29
-43
-195
-352
-659
-679
-307
-40
180
78
-183
-261
-262
-67
80
263
466
508
265
-11
-218
223
361
377
535
280
85
-58
-48
166
189
247
660
301
-178
-257
-122
218
265
116
241
145
23
-184
-323
230
470
321
246
-55
5
14
-114
123
330
410
349
-126
-404
-156
223
362
324
4
-136
-105
-166
-268
-75
244
228
-138
-442
-214
-103
-248
-151
87
233
17
-476
-577
-507
-89
264
245
-58
-417
-514
-423
-221
112
230
93
-262
-528
-354
-148
-173
-131
5
128
68
-117
-364
-344
-245
99
397
308
50
-266
-348
-145
98
427
473
135
-15
-53
64
197
152
180
319
307
261
121
-18
59
87
163
410
422
328
37
-187
-74
119
206
200
102
137
48
-89
-155
-60
121
199
201
53
-16
-61
-35
-94
-106
15
166
78
-64
-206
-166
38
79
47
49
53
107
18
-101
-111
-71
93
142
41
-8
-40
-93
-130
-74
17
83
112
20
-124
-221
-165
-70
-118
-141
-74
-42
-81
-166
-252
-246
-156
-63
-30
-74
-134
-204
-276
-303
-228
-77
-11
-87
-207
-204
-117
-45
-49
-95
-69
5
99
90
4
-49
-29
43
81
113
178
162
68
9
17
95
117
64
21
51
105
117
54
-35
-78
-35
62
127
122
70
-5
-71
-91
-10
83
155
111
26
-19
-6
35
72
115
151
147
89
32
23
48
79
117
131
156
138
96
36
21
80
119
142
114
73
48
29
17
13
16
36
76
56
22
4
-3
-15
-33
-25
8
29
16
-13
-41
-68
-66
-17
26
40
2
-74
-97
-54
-20
-37
-97
-132
-140
-102
-30
-36
-90
-118
-148
-112
-44
-14
-22
-61
-84
-68
-9
46
43
-7
-3
50
89
90
89
78
103
95
86
72
39
36
25
31
29
27
1
-11
-26
-56
-56
-50
-57
-81
-67
-76
-94
-103
-109
-88
-86
-76
-92
-103
-69
-40
-55
-59
-35
-38
-71
-70
-22
25
41
33
-10
-30
-3
27
32
41
48
70
66
14
-34
-36
26
73
65
17
-16
-29
-20
2
30
13
-16
-40
-59
-62
-52
-64
-82
-64
-38
-54
-85
-106
-115
-84
-54
-44
-79
-105
-92
-73
-45
-66
-90
-82
-44
2
21
-22
-72
-75
-12
79
93
44
-16
-14
45
110
149
117
87
109
142
156
160
153
137
142
143
142
143
126
116
131
144
159
138
78
39
45
109
134
104
29
-34
-31
27
73
79
63
16
0
16
50
72
74
57
46
64
58
38
14
8
72
118
111
70
47
56
89
106
87
54
39
46
25
10
24
24
24
12
-11
-1
-12
-40
-47
-35
-29
-34
-77
-94
-98
-101
-103
-110
-121
-119
-101
-115
-139
-171
-169
-162
-155
-155
-144
-158
-167
-186
-190
-150
-114
-100
-90
-105
-120
-141
-144
-104
-70
-46
-44
-60
-86
-62
-34
13
31
10
-7
-12
-36
-34
-14
2
20
6
-3
-25
-25
-8
12
48
61
33
2
-24
-30
-14
25
46
29
-5
-9
1
35
80
103
99
75
73
69
68
98
103
87
86
94
90
98
107
108
115
135
161
148
116
98
92
112
142
133
110
95
78
84
91
83
68
76
76
66
54
33
27
25
16
18
1
-15
-29
-64
-70
-37
-23
-16
-63
-110
-132
-129
-96
-76
-91
-128
-143
-151
-121
-120
-121
-121
-139
-137
-124
-100
-67
-69
-96
-91
-78
-62
-57
-71
-73
-70
-57
-53
-70
-73
-38
5
-4
-47
-81
-84
-59
-35
-40
-45
-57
-70
-65
-84
-94
-74
-56
-31
-22
-22
-35
-40
-42
-14
-1
17
35
2
-11
-26
-27
10
29
37
50
34
18
1
4
14
26
41
41
36
28
21
21
20
27
51
61
45
33
31
32
49
73
85
65
48
40
33
42
49
49
52
44
38
44
21
26
28
16
24
23
4
9
6
-1
0
-5
4
-2
-3
-2
-20
1
21
14
4
-5
12
24
41
46
38
29
14
29
49
54
56
53
32
29
33
33
19
2
15
21
24
11
-8
-18
-14
-4
11
12
-4
-4
-24
-33
-27
-19
8
23
12
5
-20
-38
-12
16
31
36
29
12
-16
-36
-30
-14
21
48
38
2
-37
-43
-17
1
10
21
16
3
-20
-23
-14
11
25
34
28
15
8
-4
-15
-20
10
40
32
8
-27
-35
-30
-20
-12
-6
-9
-46
-73
-84
-85
-62
-30
-22
-37
-55
-83
-79
-63
-48
-28
-29
-41
-53
-58
-53
-40
-19
5
13
13
3
12
32
43
44
39
45
45
43
18
9
26
43
52
58
49
33
32
22
12
8
15
19
1
-10
-6
11
10
-8
-16
-11
-4
3
10
-7
-12
-9
-16
-25
-27
-14
-14
-18
-27
-21
-2
-3
-5
-10
-6
7
2
0
-4
-5
-6
9
34
49
45
37
20
23
45
57
55
40
49
67
68
60
43
35
37
50
56
55
40
30
10
-6
-1
7
4
-11
-27
-28
-22
-32
-36
-41
-40
-30
-38
-43
-54
-56
-52
-50
-29
-9
-12
-30
-39
-34
-10
6
11
10
-7
-11
-10
-3
11
22
28
19
4
11
20
25
25
23
38
46
38
11
0
10
35
52
41
22
16
16
12
9
19
28
37
32
20
4
-5
-4
-1
7
15
13
-9
-23
-39
-27
-16
-15
-11
-19
-24
-29
-37
-30
-25
-15
-8
-13
-16
-20
-26
-20
-11
7
25
13
4
-3
0
7
8
16
4
1
2
1
-2
-9
-14
-15
-2
12
17
-7
-28
-35
-30
-7
5
-2
-13
-33
-38
-39
-28
-11
1
9
0
-20
-24
-23
-13
-7
3
6
2
-1
-13
-14
-13
-1
11
20
16
2
-2
-7
-5
2
13
23
14
8
2
-4
7
18
17
11
12
18
24
27
27
10
6
16
24
28
22
20
14
11
10
12
14
12
18
14
15
13
8
3
-3
5
24
35
20
-1
-7
-1
15
37
42
28
14
12
19
26
27
26
25
23
23
17
8
4
3
17
22
16
4
-16
-24
-25
-15
-8
-6
-19
-34
-46
-47
-45
-38
-35
-36
-33
-39
-46
-55
-66
-55
-48
-32
-26
-37
-44
-52
-43
-32
-25
-17
-16
-19
-15
-20
-24
-24
-21
-7
5
9
13
7
-9
-12
-5
11
27
28
21
1
-7
4
8
9
5
13
21
14
1
-14
-20
-11
6
18
9
-14
-29
-29
-19
-9
-3
2
-11
-19
-20
-10
-8
-8
-1
0
8
9
15
12
12
16
24
41
44
44
36
28
39
49
63
65
56
47
45
54
57
55
50
41
32
29
35
36
29
16
11
12
14
13
5
-9
-14
-11
-5
-6
-20
-33
-32
-27
-17
-17
-26
-36
-46
-30
-14
-8
-18
-34
-37
-30
-23
-14
-8
-11
-11
-10
-10
-7
-9
3
13
13
16
3
-5
-13
-3
21
30
27
11
-3
-10
-5
7
15
15
8
-2
-15
-21
-23
-17
-12
-10
-7
-14
-27
-44
-53
-37
-14
-5
-24
-43
-53
-47
-33
-22
-13
-15
-19
-24
-26
-23
-18
-4
1
-4
-7
-4
2
-4
-4
7
21
24
15
2
-6
0
14
27
28
17
3
-3
5
12
18
23
17
9
-1
1
0
5
10
14
5
-4
-1
0
5
1
3
8
8
4
-4
-6
-6
3
7
6
1
-6
-1
2
7
14
12
5
-7
-6
9
17
20
10
5
7
8
11
14
17
17
12
9
10
10
11
11
6
12
16
21
12
-2
-1
6
15
11
4
3
4
-1
-5
-5
-6
2
4
4
-6
-16
-13
-11
-6
-4
-8
-12
-17
-17
-12
-7
-6
-7
-5
-8
-14
-14
-7
0
-1
-8
-11
-7
-5
-4
-2
-5
-2
0
0
-4
-8
-7
0
0
-2
-2
0
-1
-7
-6
-2
-2
1
-5
-1
-2
-3
-3
-5
-5
-5
-1
5
11
4
-6
-12
-8
7
19
19
6
-6
0
10
14
13
9
12
9
3
9
13
18
15
8
9
12
17
21
7
2
7
15
18
7
-2
-1
3
9
12
8
-1
-10
-9
2
4
2
-7
-13
-11
-10
-5
-6
-11
-9
-4
1
0
-6
-12
-14
-10
0
8
7
-7
-17
-12
2
14
9
2
-5
-3
-1
2
2
-2
-1
-1
-1
-6
-8
-4
0
3
5
-2
-10
-16
-14
-4
1
-2
-13
-21
-23
-18
-9
0
1
-5
-12
-16
-15
-14
-9
-6
-6
-1
-1
-5
-11
-11
0
14
19
18
8
0
1
2
11
18
20
19
13
12
15
17
23
23
22
22
22
20
16
9
10
14
18
22
16
9
2
-1
7
13
15
7
-5
-10
-9
1
4
2
-5
-10
-10
-4
-1
0
1
-1
-1
-2
-6
-7
-10
-8
-2
5
4
-2
-9
-11
-4
4
8
3
-6
-11
-12
-6
-6
-5
-7
-10
-12
-11
-9
-7
-12
-13
-13
-14
-16
-20
-22
-19
-17
-16
-18
-21
-18
-15
-13
-13
-15
-13
-13
-15
-19
-20
-15
-9
-3
0
0
-6
-11
