1
0
-1
-1
-1
-2
-1
0
-1
-2
-2
-1
-2
-2
-1
-1
-2
0
0
1
1
1
2
1
1
1
2
2
3
4
4
5
5
7
6
6
7
7
7
6
6
6
6
5
5
5
5
4
4
5
3
2
2
1
1
2
3
3
2
2
2
3
4
4
3
4
3
4
5
5
6
6
6
6
5
4
4
5
4
5
4
4
2
3
2
1
1
0
-1
0
-1
-1
-2
-3
-4
-3
-4
-5
-6
-6
-7
-8
-8
-10
-11
-11
-11
-12
-11
-12
-12
-12
-11
-12
-11
-11
-11
-11
-11
-9
-8
-8
-6
-6
-7
-6
-6
-6
-6
-6
-6
-5
-5
-5
-5
-6
-5
-5
-5
-5
-5
-6
-7
-7
-8
-7
-7
-7
-5
-6
-5
-5
-5
-4
-4
-2
-1
0
0
1
1
3
4
3
5
4
5
5
5
5
5
6
7
5
6
6
5
4
5
5
5
4
3
3
3
4
4
4
4
4
4
4
6
5
4
4
4
5
4
5
4
4
5
5
3
2
3
5
5
6
7
6
7
7
6
7
7
6
6
5
4
3
2
3
2
2
2
2
2
1
1
0
-1
-1
-1
-1
0
-1
-1
0
0
-1
0
0
0
1
0
1
2
0
0
1
-1
1
2
1
2
2
1
1
1
1
0
2
0
0
0
-1
0
0
-1
-1
-2
-1
-2
-2
-1
-2
-2
-2
-2
-2
-2
-2
-1
-3
-3
-2
-1
-2
-2
-1
-1
-2
0
-1
0
0
0
0
-1
1
1
0
0
0
0
0
0
1
0
1
1
1
0
1
2
1
1
1
0
0
1
2
1
2
1
0
0
1
2
1
1
2
1
1
4
2
0
3
1
2
1
2
2
1
0
1
1
2
1
1
2
2
4
3
2
2
2
1
-1
3
4
4
2
0
1
1
2
0
3
3
3
3
1
3
4
4
4
3
0
2
3
1
3
3
0
0
2
3
3
1
2
3
3
0
3
4
1
1
2
4
1
5
7
5
6
6
1
-2
2
5
3
3
4
1
0
-6
-3
-2
-1
-3
-1
0
-4
-7
-12
-8
-6
-5
0
0
-1
-6
-3
-4
-3
0
-1
2
-3
-3
-3
-3
-1
-8
-4
-3
-7
-2
-2
-5
-3
-6
-10
-11
-7
-7
-5
0
-2
-2
-4
-5
0
3
2
-2
-2
-1
-2
-2
-3
4
0
-7
-1
3
-3
-6
1
-3
-3
-8
-5
-14
-8
-7
-4
0
-1
-3
-3
-2
1
6
-2
4
-2
-7
1
2
-6
3
3
-6
-7
1
5
2
0
-7
-7
-8
-7
-4
0
3
4
-4
-5
7
11
9
8
6
1
-1
-6
3
1
1
3
-7
0
-1
1
7
-1
-7
0
6
0
3
1
-3
-5
-5
-2
2
15
11
7
3
1
-2
-6
-3
9
4
1
-7
-3
-8
-5
7
0
-1
-2
-3
-4
0
-2
-1
-4
-2
-7
9
11
14
12
7
9
0
9
10
8
7
6
-3
0
-1
-1
14
8
1
3
-1
4
3
7
8
1
-2
-2
-2
3
5
11
9
4
9
3
3
7
-1
-6
4
0
-4
-6
-5
-7
1
-1
-2
8
-2
-8
-1
-4
1
-11
-14
-5
-14
-6
1
2
7
9
-2
-5
-2
-4
-8
-2
1
-4
-9
-5
-2
4
13
4
2
4
4
6
10
17
4
0
-2
11
13
16
14
9
15
7
9
9
6
3
-9
-11
-18
-12
-10
-9
-1
-9
-15
-6
-1
-11
-1
3
3
1
2
8
14
12
12
26
23
15
13
10
6
14
13
-2
-2
-13
-14
5
-2
8
23
2
11
9
7
25
26
-2
11
-5
17
16
20
11
25
3
25
35
-31
279
27
-190
112
-27
-111
75
-87
120
-6
-232
90
-85
-135
123
-59
-99
66
-56
-70
17
-89
-29
0
-59
-10
3
-29
23
-5
-51
-13
-13
-16
3
-15
-12
-7
-42
-23
-30
-3
-23
-3
-8
-7
-13
27
37
-11
67
-24
119
166
-16
11
18
-81
-61
-72
118
85
-164
17
-67
-167
15
-55
-2
34
-83
1
-66
-115
6
-49
-75
35
-40
3
24
-67
48
32
77
218
151
55
-24
29
11
-78
50
18
23
-71
-175
-81
2
-117
59
-39
-49
84
-171
-36
45
-107
14
114
-60
114
-12
160
141
-142
128
174
-47
125
209
-125
-59
-37
47
-29
-89
31
11
-264
-125
-45
-100
-101
-14
-126
-120
-128
-216
17
-154
-32
37
6
-9
-95
136
78
-110
86
142
10
41
57
110
37
-91
148
30
84
423
81
208
236
44
61
-74
84
117
-109
-133
3
-217
-158
18
-99
-62
76
-112
-36
-38
-208
-85
-38
-70
-95
27
-192
73
-4
-18
234
86
275
172
73
139
169
-48
106
150
30
144
32
0
74
-132
148
97
-192
114
-87
-251
-84
-233
-145
24
-189
-77
70
-103
130
91
44
69
44
-47
55
56
2
-45
7
-90
-45
105
-140
-56
-156
-213
18
122
-193
-147
-215
-215
-129
-220
268
19
104
24
-147
9
-104
-12
224
-21
151
112
-79
-61
159
79
289
156
-108
165
82
-213
5
71
-317
-37
-195
58
-28
-192
-64
310
71
-16
416
-11
4
51
-7
45
122
42
169
249
-76
-66
111
-165
30
138
106
164
-156
-117
329
-114
-159
97
124
54
-108
123
213
-17
-69
226
227
147
5
-29
272
-28
-68
142
5
-74
-18
20
-11
-124
-289
-72
-48
-208
-97
-70
-68
-119
-180
-57
48
-159
-58
216
-66
133
-53
-69
96
-104
149
106
-33
107
-52
-309
155
-239
-87
179
-69
-79
-89
-266
-51
-89
-90
114
-89
14
-292
-354
-57
-122
-49
64
46
58
-251
-47
-106
33
90
9
185
-146
-77
-156
-80
94
-11
51
307
18
-224
-45
62
-76
116
157
31
-30
-192
36
41
-65
100
-77
194
-27
-151
68
-118
-45
-135
35
235
-53
-226
59
58
60
-105
219
173
-100
275
-29
133
139
-80
221
254
-10
-46
-2
-61
175
-84
-30
350
-198
-182
266
-46
-112
-188
-33
72
-5
107
-183
17
82
-217
253
216
-110
25
80
156
-78
-197
289
94
-45
289
140
-58
27
-31
34
119
186
-54
-101
189
-110
-86
147
17
-128
103
87
-120
-85
-32
32
-50
160
22
-65
101
-44
-32
-49
159
-61
-145
279
12
-107
58
-17
6
46
115
-8
8
74
-68
-27
124
127
-66
110
64
-42
-84
44
89
-69
-42
168
-17
-111
-2
-102
60
-84
-101
1
137
-43
35
52
-21
-50
-130
90
115
92
9
17
5
-139
-197
50
48
26
-74
78
4
-193
-301
-118
99
-58
67
182
-50
-231
-239
-142
104
50
84
83
-34
-174
-102
-165
-102
92
107
163
36
58
-189
-93
35
32
216
186
41
62
-104
-91
-104
-164
47
142
-39
62
77
-254
-189
-184
38
61
94
-73
-7
-60
-139
-129
-3
-9
6
34
14
62
-39
-202
-71
95
-61
9
45
48
-40
-105
-37
12
-97
-19
117
68
19
-27
-67
-45
37
-39
52
174
3
-73
54
62
-65
17
98
192
-60
6
158
18
-102
-9
-9
-42
133
-10
31
35
43
23
-48
191
194
10
-22
94
141
-141
-65
100
53
53
-107
-44
34
13
72
-20
-149
96
43
-173
15
177
92
-172
-90
133
-80
-117
211
48
85
-23
59
126
-155
-145
11
108
-114
-72
-23
-141
-90
-199
-260
132
146
104
-273
-275
59
-70
-479
-47
419
1
-288
-70
-125
-238
-162
16
427
-99
-69
291
-259
-436
-93
146
130
-89
118
21
-251
-57
-401
-51
179
299
267
-475
41
-87
-621
-27
-20
10
161
-134
7
-258
-80
6
-203
110
156
-99
100
99
-315
-264
-325
188
-146
269
-140
-255
60
222
-333
-407
-83
478
-76
-308
-74
-195
349
-191
-226
71
560
328
-191
-349
189
438
525
79
-23
169
411
124
-209
201
549
287
9
-262
266
371
272
-19
-146
116
431
165
269
226
292
376
193
168
292
529
459
287
150
265
311
356
167
251
281
318
184
12
136
175
275
96
63
-13
38
37
26
67
33
78
-33
-32
-18
30
-2
-15
-13
-26
21
-9
-88
-64
-31
-45
-43
-26
-19
-52
-92
-133
-90
-116
-91
-143
-145
-108
-103
-116
-203
-133
-185
-182
-147
-214
-185
-191
-217
-227
-224
-214
-234
-195
-199
-271
-235
-196
-152
-173
-149
-104
-157
-156
-118
-148
-151
-142
-138
-116
-143
-79
-87
-92
-41
-142
-109
-85
-90
-138
-165
-101
-103
-196
-128
-134
-122
-90
-163
-99
-109
-46
-87
-117
-45
-100
-92
-49
-134
-12
-7
-8
-17
-126
-59
36
-39
23
-72
-68
97
-23
-47
-39
-24
44
44
14
28
-63
58
40
-69
89
116
-5
24
-2
29
-3
54
78
38
-3
76
117
-17
-66
78
11
59
37
5
128
51
-2
11
37
52
151
109
186
93
-2
136
169
232
147
223
238
186
152
78
284
257
233
171
171
24
66
88
24
44
-92
-6
-62
-146
-66
104
-117
-71
-157
-2
155
-85
76
19
-5
13
-16
72
113
111
87
-21
127
326
562
63
-122
136
197
231
-40
-5
134
-103
-268
-70
-124
120
-144
-130
-134
117
-212
-151
-100
-264
30
31
92
-88
-486
-138
330
-104
-29
-88
189
379
-220
-110
220
108
373
135
156
385
78
147
-269
-32
153
151
120
-170
-125
-2
2
69
-216
-207
223
108
-110
-281
-314
-228
-148
-359
-228
-164
-147
2
-461
-376
-15
19
86
-200
-211
193
-108
61
-189
-131
272
196
-19
46
-21
187
199
-7
-94
-161
125
29
-86
-179
-220
180
-179
-215
-83
14
273
-159
-399
-36
21
20
-73
-202
-197
104
295
38
-247
66
325
257
-142
-148
407
390
53
-265
-27
311
492
-179
-340
181
564
273
-279
-103
475
418
-198
-20
276
332
415
-193
-81
298
284
467
-112
-140
221
348
175
35
-2
260
350
-129
-45
232
403
323
-185
-180
494
466
49
-32
143
310
245
171
18
-109
47
258
111
-145
-59
318
3
-196
-55
11
-23
-25
-50
-88
3
77
-81
-158
-350
-151
287
-158
69
-179
-189
158
-235
-243
26
-3
105
-15
-274
-17
15
-95
-435
-227
-24
201
-176
-138
-77
-256
-333
-299
-213
93
55
-154
-328
-359
19
-244
-362
-306
133
2
-60
-286
-363
-152
-98
-100
52
-102
127
123
-287
-236
28
183
156
-13
-100
238
204
11
-174
-122
259
262
65
48
305
263
-76
-99
74
350
306
121
107
169
44
47
-169
-146
21
78
141
-76
-166
-124
-149
-212
-119
189
165
-22
-101
-276
-103
-123
-74
-3
-48
-37
-61
-186
-277
-169
-246
-218
-142
-32
-89
-287
-352
-384
-306
-291
-161
-158
-365
-372
-250
-424
-421
-406
-239
-225
-265
-298
-255
-199
-306
-429
-324
20
104
92
32
81
117
209
244
429
528
688
666
655
705
764
863
847
898
999
1148
1136
919
849
826
913
864
805
808
776
618
480
386
339
332
264
227
148
22
33
-70
-277
-328
-159
-80
-109
-198
-301
-235
-158
-241
-197
-103
-142
-184
-128
-271
-208
-278
-333
-364
-669
-385
-324
-721
-832
-820
-754
-895
-964
-1132
-1076
-1120
-1209
-1310
-1370
-1350
-1459
-1602
-1445
-1345
-1157
-956
-611
-405
-428
-597
-799
-573
0
714
1009
1004
642
391
367
743
1290
1735
1931
1596
1288
1146
1154
1114
973
1005
1153
1244
1073
627
187
-106
-186
-167
15
305
179
-157
-699
-958
-849
-402
-84
155
208
185
90
61
254
600
969
1280
1378
1377
1186
1070
1008
1112
1286
1522
1615
1427
1023
632
336
350
369
417
288
-4
-411
-825
-1122
-1185
-1084
-1040
-1103
-1255
-1456
-1563
-1700
-1728
-1513
-1314
-1062
-1157
-1062
-1189
-1264
-1350
-1003
-706
-561
-601
-781
-874
-1150
-1159
-1128
-970
-860
-926
-1122
-1163
-1095
-486
-410
-65
-518
-564
-569
-115
532
877
858
695
322
508
706
1444
1847
2002
1681
1343
1436
1504
1613
1360
1237
1275
1210
1103
715
367
130
-170
-160
-177
123
-38
-491
-1116
-1380
-1137
-819
-553
-606
-601
-594
-659
-614
-414
39
409
511
587
707
1029
1024
1052
1003
1420
1865
2074
1904
1594
1341
1273
1269
1287
1393
1291
906
402
75
37
42
-25
-295
-437
-415
-583
-763
-1105
-1179
-1151
-1061
-1038
-990
-1056
-1210
-1324
-1302
-1106
-794
-598
-658
-782
-965
-930
-897
-738
-714
-625
-857
-1034
-1373
-1553
-1673
-1743
-1703
-1686
-1625
-1698
-1637
-1323
-1090
-942
-1089
-1201
-675
-272
567
715
804
746
502
673
1243
1971
2678
2511
2021
1680
1673
2017
2051
2001
1849
1813
1397
903
522
333
263
-178
-356
-350
-333
-636
-1325
-1753
-1682
-1370
-1109
-962
-1015
-990
-1111
-1133
-746
-226
379
590
582
720
952
1284
1519
1839
2124
2399
2389
2335
2284
2278
2342
2215
2100
1973
1703
1401
1053
774
683
542
307
64
-349
-525
-682
-820
-897
-1122
-1247
-1327
-1405
-1446
-1429
-1395
-1355
-1258
-1288
-1141
-1046
-901
-824
-888
-872
-804
-723
-674
-670
-795
-830
-872
-1100
-1154
-1338
-1618
-1700
-1781
-1592
-1240
-758
-767
-934
-1709
-1897
-1251
-314
588
979
470
93
-430
-250
854
1954
2663
2455
1564
1147
1190
1528
1988
2061
2066
1830
1318
759
305
206
189
18
86
-4
-370
-974
-1747
-2072
-1671
-1151
-890
-1070
-1521
-1829
-1901
-1512
-880
-257
96
-18
-259
-198
144
817
1352
1646
2068
2087
2065
2020
1871
2196
2512
2716
2844
2396
1900
1386
1080
1340
1577
1607
1299
488
-123
-380
-281
9
-93
-328
-821
-1277
-1431
-1430
-1290
-1072
-1184
-1311
-1491
-1605
-1438
-1307
-1033
-886
-826
-799
-929
-1119
-995
-826
-574
-447
-723
-943
-1212
-1383
-1366
-1340
-1162
-1087
-949
-506
-700
-1030
-1370
-1450
-720
-21
565
849
159
-360
-660
-223
1124
1925
2086
1499
629
468
925
1450
1895
1755
1460
957
384
306
257
292
249
-143
-323
-564
-1000
-1357
-1673
-1580
-1218
-1162
-1320
-1674
-1917
-1789
-1430
-808
-327
-252
-250
-465
-267
364
959
1382
1487
1543
1755
2136
2451
2616
2576
2544
2546
2697
2833
2780
2448
2030
1694
1685
1739
1670
1247
691
285
218
271
113
-239
-702
-1028
-1155
-1091
-1101
-1229
-1561
-1834
-1898
-1688
-1448
-1371
-1433
-1482
-1461
-1304
-1224
-1078
-1106
-939
-833
-784
-690
-926
-1011
-1207
-1134
-1030
-1070
-995
-1237
-1266
-730
-712
-672
-1037
-1398
-973
-479
31
483
-11
-292
-597
-424
659
1375
1601
1238
513
543
1020
1483
1845
1609
1431
1083
651
744
760
770
657
176
-41
-175
-507
-732
-1046
-972
-695
-875
-1097
-1495
-1596
-1250
-998
-605
-372
-512
-476
-542
-223
421
825
1024
966
869
1288
1710
2386
2697
2382
2232
1995
2131
2627
2817
2889
2435
1623
1431
1386
1669
1757
1328
924
376
63
108
1
-59
-249
-652
-885
-1267
-1343
-1365
-1523
-1422
-1402
-1446
-1518
-1743
-1687
-1474
-1197
-847
-952
-1096
-1227
-1132
-824
-483
-421
-584
-977
-1118
-1006
-929
-873
-904
-1109
-1159
-833
-635
-639
-1080
-1368
-1191
-581
-154
159
-179
-562
-853
-490
318
1058
1188
843
299
418
1029
1518
1686
1400
1277
1093
978
903
930
857
741
417
164
5
-193
-401
-659
-687
-651
-844
-1256
-1512
-1501
-1139
-935
-795
-904
-1010
-1002
-695
-295
174
300
228
222
336
985
1467
1939
1969
1717
1559
1720
2017
2587
2648
2532
2129
1610
1645
1808
2064
2078
1635
1160
774
572
682
643
502
183
-274
-629
-884
-935
-803
-943
-1024
-1228
-1428
-1568
-1647
-1502
-1262
-1157
-1168
-1300
-1463
-1345
-1221
-844
-780
-851
-962
-1108
-1174
-977
-1082
-1016
-1312
-1524
-1370
-1249
-707
-738
-1095
-1517
-1622
-1220
-347
-223
-62
-677
-938
-891
-362
462
1149
904
638
288
527
1246
1593
1749
1547
1313
1171
1058
1044
1261
1149
1116
707
381
179
-56
-68
-58
-173
-325
-713
-1131
-1113
-1031
-640
-583
-707
-843
-974
-802
-445
-115
197
219
101
306
429
894
1158
1315
1470
1536
1604
1783
1742
1878
1873
1878
1953
1828
1742
1609
1459
1400
1323
1149
1035
746
600
411
262
104
-198
-427
-591
-688
-666
-787
-1010
-1235
-1384
-1418
-1354
-1319
-1226
-1291
-1389
-1439
-1474
-1278
-1144
-1033
-1003
-1044
-1146
-1148
-1209
-1173
-1254
-1326
-1422
-1483
-1359
-1358
-1135
-916
-1115
-1231
-1352
-1213
-554
-415
-307
-506
-699
-440
-107
320
909
882
818
724
831
1372
1743
1850
1692
1505
1568
1600
1474
1563
1412
1401
1176
759
623
453
365
286
48
-113
-356
-709
-794
-782
-552
-503
-792
-940
-934
-739
-283
-238
-135
-206
-307
-133
84
607
931
1082
998
785
786
1161
1410
1829
1792
1564
1289
1014
1169
1460
1607
1561
1154
762
641
652
837
745
456
162
-187
-250
-254
-308
-344
-679
-917
-1035
-1091
-1011
-1014
-1121
-1160
-1242
-1242
-1210
-1183
-1011
-1048
-1075
-1094
-1167
-1054
-1065
-1041
-1055
-1216
-1298
-1259
-1467
-1235
-1198
-1103
-741
-922
-1074
-1209
-1332
-750
-353
-310
-208
-643
-540
-320
16
703
892
696
642
479
996
1454
1618
1623
1286
1286
1430
1268
1399
1414
1292
1158
633
503
511
465
500
207
-42
-269
-615
-617
-544
-408
-280
-626
-864
-825
-728
-274
-210
-227
-234
-377
-234
18
160
615
755
786
716
434
723
1072
1316
1585
1329
1017
863
850
1379
1601
1493
1093
535
533
814
1092
1174
656
163
-58
-86
240
246
6
-353
-819
-835
-759
-648
-604
-904
-1118
-1176
-1225
-1072
-1098
-1070
-1047
-1228
-1296
-1244
-1252
-1093
-1090
-1106
-1098
-1363
-1397
-1411
-1296
-1017
-990
-940
-705
-1060
-1017
-1111
-920
-415
-197
-223
-351
-589
-232
-7
274
733
808
700
574
544
1086
1490
1620
1512
1187
1278
1317
1251
1373
1329
1292
1061
628
529
584
614
518
148
-64
-294
-496
-382
-367
-305
-401
-754
-858
-720
-506
-193
-335
-379
-484
-503
-331
-119
94
345
203
196
473
451
703
820
849
997
984
1014
1073
941
1159
1209
1162
1156
981
896
902
935
1039
872
661
447
242
298
244
119
-40
-354
-505
-583
-642
-672
-835
-982
-1025
-1067
-1039
-1169
-1250
-1189
-1203
-1175
-1085
-1150
-1120
-1190
-1203
-1081
-1125
-1208
-1235
-1173
-957
-1035
-1003
-780
-901
-800
-887
-806
-522
-350
-368
-305
-447
-99
-66
41
338
461
504
576
567
900
1155
1237
1203
1033
1174
1227
1120
1185
1131
1089
962
634
593
596
554
417
107
-23
-128
-310
-290
-385
-398
-457
-682
-722
-616
-490
-291
-412
-433
-504
-472
-300
-129
47
231
244
322
428
515
795
937
1073
1124
1073
1107
1172
1272
1493
1462
1382
1284
1168
1221
1299
1363
1297
1019
777
620
547
558
408
212
-10
-248
-375
-535
-655
-759
-911
-1072
-1147
-1234
-1290
-1428
-1413
-1372
-1529
-1518
-1507
-1514
-1455
-1368
-1431
-1421
-1606
-1587
-1482
-1425
-1197
-1223
-1139
-984
-1158
-1074
-910
-829
-466
-425
-383
-381
-392
-61
42
218
627
577
607
738
846
1134
1284
1310
1337
1241
1328
1349
1240
1400
1273
1222
1020
701
702
675
582
394
86
-116
-261
-381
-302
-415
-538
-659
-874
-782
-616
-464
-396
-615
-644
-587
-506
-274
-152
-2
47
143
352
584
762
837
775
917
1101
1268
1436
1357
1351
1265
1281
1388
1473
1509
1393
1182
1131
1131
1091
961
742
603
399
282
156
-29
-203
-440
-656
-718
-832
-945
-1038
-1179
-1249
-1359
-1397
-1378
-1413
-1381
-1403
-1483
-1464
-1449
-1343
-1355
-1488
-1436
-1479
-1480
-1245
-1238
-1020
-812
-986
-974
-1073
-812
-296
-285
-284
-288
-386
-13
63
260
652
679
752
653
746
1140
1279
1349
1333
1231
1346
1274
1113
1280
1244
1286
973
550
522
484
544
389
21
-163
-414
-564
-497
-572
-582
-734
-998
-942
-813
-668
-556
-723
-694
-647
-611
-408
-320
-88
81
51
197
330
608
948
877
945
1088
1066
1338
1401
1519
1578
1405
1437
1402
1460
1644
1481
1312
1201
1117
1182
1017
866
684
390
349
257
67
-88
-372
-549
-684
-817
-787
-910
-1081
-1212
-1366
-1401
-1411
-1403
-1404
-1532
-1582
-1604
-1654
-1556
-1586
-1634
-1639
-1594
-1470
-1534
-1275
-949
-1108
-1079
-1114
-922
-501
-372
-284
-346
-407
-31
75
286
657
683
747
703
783
1160
1343
1337
1282
1220
1391
1286
1220
1245
1151
1185
1013
659
541
477
490
312
-5
-150
-365
-510
-511
-560
-585
-691
-914
-880
-832
-669
-590
-679
-642
-606
-546
-384
-298
-93
42
41
363
554
573
815
799
864
1176
1299
1449
1304
1296
1487
1384
1488
1623
1513
1441
1299
1365
1343
1215
1221
943
711
649
548
477
280
11
-126
-427
-528
-567
-685
-832
-1040
-1107
-1234
-1467
-1441
-1381
-1479
-1515
-1628
-1715
-1733
-1706
-1544
-1544
-1678
-1713
-1667
-1588
-1418
-1013
-944
-1090
-1186
-1068
-726
-403
-302
-167
-275
-214
8
187
534
800
825
756
742
942
1248
1377
1371
1270
1180
1238
1183
1195
1185
1057
929
622
487
455
443
307
39
-288
-456
-556
-529
-525
-627
-760
-1022
-1100
-940
-780
-622
-676
-823
-795
-706
-495
-310
-114
5
8
24
245
490
813
940
867
919
980
1161
1351
1401
1440
1373
1313
1387
1398
1545
1489
1249
1176
1103
1100
1123
1000
821
564
388
291
202
115
-23
-278
-459
-673
-753
-788
-860
-937
-1146
-1271
-1406
-1324
-1313
-1306
-1524
-1501
-1588
-1572
-1501
-1498
-1448
-1563
-1529
-1494
-1133
-910
-957
-1101
-1122
-1016
-496
-289
-262
-289
-357
-142
16
250
680
734
652
612
742
1084
1294
1296
1208
1092
1100
1120
1065
1157
1018
962
740
454
402
406
319
135
-99
-272
-453
-564
-552
-592
-666
-816
-994
-967
-797
-694
-600
-735
-763
-663
-512
-258
-101
28
31
-21
172
457
759
1018
960
896
992
1083
1339
1427
1517
1528
1334
1323
1415
1498
1559
1401
1210
1101
1024
1076
957
799
604
367
257
104
18
-37
-305
-516
-655
-813
-828
-917
-960
-1125
-1259
-1351
-1418
-1401
-1332
-1438
-1452
-1551
-1630
-1619
-1531
-1419
-1467
-1423
-1541
-1168
-1048
-1055
-1080
-987
-875
-481
-424
-248
-362
-374
-57
115
334
645
623
583
559
831
1220
1234
1173
1037
1056
1184
1157
1056
1097
881
890
659
500
462
409
288
42
-146
-203
-357
-525
-525
-583
-560
-740
-884
-873
-756
-605
-561
-670
-622
-555
-412
-178
-42
100
111
137
329
532
762
949
892
888
1034
1178
1268
1247
1355
1365
1277
1321
1407
1423
1315
1197
1150
1013
942
980
841
643
501
390
261
60
20
-82
-295
-517
-577
-680
-769
-921
-952
-1098
-1226
-1246
-1260
-1241
-1363
-1354
-1420
-1534
-1526
-1395
-1486
-1463
-1439
-1486
-1292
-982
-1100
-1096
-1126
-1048
-737
-560
-365
-284
-486
-266
-111
64
462
576
568
502
586
926
1159
1175
1118
942
1061
1072
1030
1110
939
827
723
488
408
324
310
163
-132
-254
-447
-595
-572
-618
-614
-681
-906
-909
-853
-689
-534
-594
-604
-555
-447
-168
-128
72
280
278
420
489
683
908
999
1087
1176
1088
1269
1278
1401
1462
1452
1401
1219
1217
1328
1337
1246
1051
848
793
715
744
639
405
178
-46
-134
-134
-238
-372
-642
-805
-875
-912
-938
-1057
-1100
-1264
-1314
-1297
-1325
-1329
-1351
-1416
-1473
-1554
-1431
-1520
-1550
-1462
-1207
-992
-1206
-1261
-1198
-1082
-758
-473
-507
-478
-631
-336
-68
96
367
467
369
439
606
992
1189
1125
1079
975
1053
1223
1210
1186
1043
879
802
559
537
537
477
277
-4
-194
-267
-364
-371
-413
-525
-578
-729
-716
-633
-482
-363
-473
-564
-431
-308
-17
130
199
211
304
565
663
966
1086
944
942
1128
1268
1507
1407
1385
1316
1251
1394
1326
1298
1260
1113
1010
923
890
876
631
467
296
150
135
-92
-240
-353
-517
-611
-747
-859
-899
-970
-1168
-1183
-1249
-1238
-1296
-1261
-1399
-1397
-1435
-1449
-1500
-1452
-1355
-1434
-1500
-1469
-1050
-1041
-1056
-1081
-1153
-1018
-623
-464
-343
-496
-492
-287
-167
193
581
547
418
301
602
1023
1146
1125
947
903
1009
1072
1132
1083
876
826
567
410
401
407
279
1
-219
-261
-402
-446
-482
-539
-531
-686
-750
-752
-613
-433
-362
-471
-401
-320
-137
130
226
325
399
601
783
964
1165
1221
1111
1192
1396
1617
1605
1460
1408
1389
1458
1582
1549
1397
1130
1072
1103
1044
932
782
500
276
189
217
61
-255
-390
-546
-650
-752
-750
-869
-1022
-1165
-1159
-1275
-1297
-1284
-1272
-1331
-1432
-1368
-1418
-1404
-1379
-1357
-1289
-1367
-1403
-930
-918
-1035
-1068
-1116
-944
-611
-441
-257
-568
-617
-326
-187
156
387
319
222
134
471
891
947
929
647
613
826
904
985
871
591
549
369
343
312
219
131
-169
-367
-394
-494
-509
-560
-630
-580
-745
-792
-752
-661
-437
-420
-501
-467
-337
46
249
274
353
482
690
914
1081
1314
1274
1256
1414
1516
1659
1676
1662
1567
1495
1624
1676
1477
1354
1302
1286
1173
934
854
683
509
398
291
128
-135
-329
-395
-542
-639
-671
-893
-1061
-1191
-1120
-1110
-1251
-1287
-1289
-1376
-1522
-1335
-1322
-1290
-1358
-1357
-1291
-1328
-1313
-863
-761
-1011
-987
-1041
-889
-636
-307
-122
-395
-622
-290
-63
229
488
501
374
219
385
836
1017
1050
816
644
703
770
993
1007
733
518
380
256
278
233
191
-96
-400
-470
-553
-534
-579
-705
-776
-873
-900
-800
-749
-606
-540
-585
-572
-508
-159
90
143
234
365
536
752
1014
1190
1163
1243
1376
1459
1564
1682
1704
1554
1467
1609
1671
1576
1469
1322
1230
1130
1078
966
735
527
359
183
24
-155
-271
-459
-712
-813
-882
-980
-1112
-1235
-1291
-1353
-1475
-1443
-1369
-1460
-1518
-1511
-1608
-1532
-1377
-1364
-1265
-1383
-1331
-874
-849
-893
-784
-896
-732
-460
-276
-3
-255
-336
-109
0
345
614
575
482
313
603
943
979
981
750
664
770
805
936
873
616
537
330
258
231
134
81
-194
-423
-511
-657
-655
-696
-762
-782
-963
-1028
-957
-851
-631
-596
-646
-653
-547
-181
7
78
187
279
469
731
993
1176
1144
1174
1320
1434
1581
1686
1685
1606
1507
1606
1687
1592
1506
1409
1333
1191
1038
919
758
617
481
318
136
-76
-242
-323
-491
-615
-742
-906
-1040
-1099
-1137
-1181
-1333
-1389
-1373
-1396
-1342
-1401
-1462
-1486
-1372
-1273
-1194
-1221
-1077
-788
-755
-832
-695
-662
-498
-253
-103
-4
-190
-173
66
200
457
663
554
463
462
735
1028
1027
902
726
679
813
836
868
750
479
400
303
241
167
40
-127
-379
-527
-547
-662
-737
-837
-917
-945
-1003
-1064
-1031
-951
-865
-828
-859
-771
-605
-283
-144
-124
-85
110
386
649
883
1015
948
1014
1255
1463
1601
1616
1568
1486
1477
1654
1782
1634
1435
1308
1312
1241
1137
1018
802
576
412
303
187
-3
-185
-332
-566
-699
-784
-878
-988
-1106
-1159
-1206
-1358
-1383
-1343
-1375
-1325
-1465
-1432
-1413
-1315
-1183
-1121
-1216
-1035
-760
-743
-699
-631
-567
-407
-174
-18
72
-104
47
213
377
599
713
641
576
622
891
1100
1066
908
693
757
856
885
847
655
430
379
292
240
114
-39
-201
-423
-515
-589
-671
-758
-879
-960
-980
-1026
-1057
-1003
-919
-818
-858
-839
-761
-557
-193
-89
-77
-72
112
426
658
841
983
885
929
1169
1406
1552
1533
1479
1433
1393
1582
1730
1612
1413
1278
1299
1254
1132
1002
793
567
417
337
251
43
-182
-289
-492
-607
-713
-759
-904
-1070
-1136
-1166
-1269
-1314
-1247
-1287
-1359
-1534
-1415
-1354
-1290
-1269
-1107
-1210
-961
-765
-737
-715
-694
-610
-353
-118
8
34
-186
8
111
408
689
701
521
480
591
902
1070
971
774
556
677
755
796
722
426
195
100
79
85
20
-179
-399
-650
-682
-715
-803
-864
-1022
-1058
-1065
-1091
-1071
-1015
-940
-877
-919
-879
-762
-534
-203
-133
-109
-31
163
487
693
858
918
901
969
1233
1465
1606
1508
1457
1439
1474
1645
1723
1564
1301
1225
1297
1282
1169
1040
833
590
419
354
276
76
-106
-211
-405
-571
-690
-724
-859
-1021
-1106
-1151
-1239
-1247
-1195
-1183
-1288
-1382
-1353
-1309
-1243
-1171
-1126
-1013
-740
-685
-681
-619
-495
-384
-129
36
111
-16
42
266
418
650
784
694
596
668
891
1167
1167
993
790
769
890
887
834
675
393
252
201
145
83
-44
-252
-462
-628
-620
-650
-730
-867
-1026
-1058
-1027
-1017
-1002
-938
-906
-908
-945
-835
-688
-487
-256
-157
-149
-81
135
426
606
714
803
776
838
1078
1322
1372
1273
1186
1234
1283
1421
1504
1355
1117
996
1060
1137
1052
909
722
449
319
271
219
2
-254
-380
-448
-565
-663
-775
-901
-1043
-1229
-1186
-1199
-1232
-1240
-1244
-1345
-1411
-1434
-1263
-1260
-1269
-1160
-1161
-830
-719
-694
-588
-493
-454
-145
-26
218
154
83
343
461
659
886
841
744
759
867
1179
1190
1106
956
863
971
939
870
810
518
356
265
200
165
-45
-241
-390
-614
-614
-639
-728
-796
-965
-963
-961
-1008
-960
-890
-829
-767
-821
-721
-604
-478
-242
-118
-22
-6
112
387
594
734
861
853
861
976
1185
1369
1313
1223
1244
1267
1340
1381
1355
1191
995
957
1022
995
887
734
552
379
282
239
77
-148
-347
-449
-508
-588
-694
-809
-957
-1094
-1197
-1154
-1193
-1230
-1263
-1289
-1342
-1294
-1329
-1262
-1230
-1228
-1210
-1153
-839
-714
-729
-665
-492
-465
-155
10
238
140
142
321
545
659
838
888
816
823
858
1119
1153
1058
920
881
880
867
794
706
497
326
247
152
7
-185
-326
-429
-606
-702
-758
-847
-924
-993
-997
-999
-1035
-1023
-953
-870
-771
-776
-702
-593
-480
-313
-186
-59
73
164
298
458
612
790
867
924
950
968
1143
1283
1276
1260
1218
1206
1164
1182
1209
1136
978
856
791
787
754
626
470
237
128
76
-23
-223
-419
-539
-557
-623
-694
-783
-901
-993
-1065
-1073
-986
-1015
-1090
-1094
-1118
-1092
-1081
-1002
-970
-969
-1001
-862
-761
-494
-479
-434
-395
-309
-120
137
316
303
263
306
542
683
888
961
882
815
830
992
1150
1128
982
818
826
853
855
749
592
358
233
140
35
-88
-242
-420
-608
-735
-803
-767
-818
-904
-1015
-1002
-978
-965
-913
-835
-771
-728
-671
-590
-480
-315
-184
-109
19
203
317
404
503
619
813
889
935
959
987
1076
1177
1199
1155
1087
1036
1037
996
1001
939
751
561
477
530
522
371
158
2
-103
-144
-193
-307
-464
-596
-642
-689
-708
-746
-777
-853
-946
-992
-911
-834
-826
-901
-853
-881
-860
-853
-803
-742
-697
-720
-753
-592
-444
-268
-332
-241
-293
-114
29
231
239
228
314
384
543
623
789
757
761
710
791
909
923
842
732
726
668
585
501
389
289
158
30
-127
-243
-311
-389
-496
-679
-756
-784
-778
-817
-859
-843
-817
-784
-762
-627
-538
-452
-423
-350
-216
-70
80
129
236
379
548
616
705
797
853
943
984
1004
988
1040
1045
1028
929
917
918
845
780
690
685
562
427
339
301
216
129
9
-111
-177
-273
-279
-380
-480
-532
-550
-575
-649
-620
-597
-614
-689
-666
-654
-581
-601
-589
-608
-619
-587
-564
-576
-585
-550
-582
-541
-651
-494
-433
-295
-419
-373
-353
-236
-107
-13
87
5
75
151
355
448
537
527
450
475
569
737
777
625
519
446
533
499
455
309
160
60
-26
-49
-160
-242
-405
-460
-537
-567
-565
-595
-625
-671
-624
-568
-542
-503
-433
-316
-247
-188
-163
-38
83
213
312
357
440
479
644
698
733
732
769
765
811
794
791
735
649
654
674
667
585
492
383
337
281
305
210
113
27
-18
-47
-76
-119
-145
-208
-266
-262
-254
-256
-331
-371
-370
-309
-303
-278
-325
-333
-358
-339
-313
-309
-357
-400
-373
-430
-451
-443
-421
-502
-525
-555
-495
-488
-404
-337
-391
-400
-347
-236
-94
40
14
10
-7
102
285
419
467
389
330
396
477
573
593
478
359
323
342
365
330
169
13
-101
-103
-126
-153
-211
-344
-430
-454
-452
-445
-443
-452
-455
-460
-419
-360
-289
-205
-162
-96
-36
13
89
227
305
323
324
346
445
494
552
537
491
453
469
509
552
497
407
359
308
316
352
322
245
127
95
132
136
103
50
-3
-11
8
16
51
-1
-22
-32
-19
-16
-42
-63
-89
-110
-90
-95
-118
-170
-214
-217
-218
-258
-309
-381
-425
-432
-474
-460
-464
-499
-557
-586
-570
-540
-504
-410
-375
-413
-402
-307
-247
-113
-84
-25
-45
-8
104
228
292
275
274
232
323
358
418
400
318
260
246
293
282
238
136
50
-5
-17
-2
-51
-96
-169
-201
-190
-210
-217
-216
-202
-220
-176
-143
-99
-58
-31
27
26
69
118
157
197
244
251
271
274
290
351
346
337
317
297
320
352
357
349
295
266
282
298
290
297
274
252
260
277
278
263
245
240
242
234
230
206
201
179
177
163
131
78
33
17
-9
-35
-82
-117
-191
-205
-228
-294
-341
-385
-425
-464
-481
-489
-524
-543
-536
-565
-591
-570
-543
-540
-514
-536
-485
-438
-370
-337
-331
-316
-242
-155
-100
-57
-63
-27
73
103
167
151
139
158
199
258
278
222
180
171
172
257
223
135
61
21
52
108
54
5
-90
-108
-47
-65
-97
-136
-182
-180
-104
-106
-91
-115
-121
-68
-9
-7
19
-8
6
60
120
155
141
127
170
227
207
255
245
251
295
321
327
349
345
369
400
373
394
394
393
393
412
367
361
326
335
334
308
258
197
136
124
134
77
46
-29
-59
-94
-112
-126
-162
-250
-266
-307
-340
-337
-367
-416
-422
-467
-503
-436
-493
-474
-470
-468
-448
-430
-394
-325
-360
-346
-275
-295
-242
-193
-197
-168
-118
-123
3
-24
7
43
24
89
123
131
138
143
102
167
158
149
159
91
88
73
54
61
22
8
-26
-50
-52
-66
-78
-100
-129
-156
-136
-128
-131
-144
-141
-136
-125
-100
-86
-71
-61
-28
-19
10
29
74
131
149
183
216
251
275
306
353
367
352
361
392
409
425
420
412
369
348
376
373
345
297
259
235
203
198
191
131
67
38
22
16
2
-35
-77
-122
-173
-152
-150
-173
-198
-258
-281
-313
-277
-263
-265
-320
-325
-360
-315
-268
-274
-269
-311
-323
-274
-228
-204
-177
-218
-196
-189
-142
-125
-95
-129
-107
-91
-48
-3
-18
-17
-33
-14
-30
0
6
5
-13
-16
-27
-33
-38
-32
-42
-94
-101
-105
-96
-112
-129
-137
-131
-126
-121
-99
-107
-99
-95
-85
-56
-45
-27
0
13
43
98
142
178
174
194
242
290
342
381
410
447
475
504
542
550
565
561
568
575
590
592
573
528
507
497
480
476
453
413
368
330
300
290
262
220
164
123
94
71
47
1
-54
-99
-137
-168
-176
-199
-226
-265
-300
-316
-314
-307
-310
-329
-362
-379
-366
-347
-339
-362
-381
-397
-379
-331
-312
-307
-328
-338
-324
-287
-256
-270
-282
-290
-262
-233
-219
-229
-251
-261
-257
-241
-245
-241
-255
-273
-271
-257
-257
-273
-297
-295
-286
-278
-283
-288
-293
-279
-260
-255
-246
-256
-233
-217
-203
-177
-145
-108
-70
-25
18
52
84
137
186
220
275
318
340
387
433
487
528
547
556
579
607
634
657
662
657
663
680
688
685
665
644
606
571
556
533
502
474
435
395
354
322
288
243
199
139
93
64
26
-12
-50
-101
-140
-167
-186
-214
-252
-272
-274
-272
-281
-284
-302
-307
-293
-286
-269
-259
-257
-266
-267
-251
-230
-218
-225
-245
-251
-244
-221
-213
-228
-241
-253
-251
-246
-231
-221
-239
-283
-308
-316
-304
-295
-313
-346
-382
-389
-383
-379
-394
-414
-428
-434
-421
-407
-391
-372
-371
-370
-364
-334
-287
-248
-219
-206
-191
-165
-110
-58
-15
18
58
104
151
216
278
321
344
385
430
461
484
516
554
568
588
605
613
621
635
651
654
644
630
617
600
599
577
557
519
479
438
399
364
331
283
227
187
135
89
46
19
-22
-70
-110
-148
-175
-184
-189
-198
-224
-246
-245
-248
-244
-236
-230
-234
-250
-250
-228
-210
-203
-210
-220
-205
-195
-172
-153
-157
-160
-164
-146
-131
-132
-132
-139
-147
-159
-159
-153
-147
-151
-169
-182
-199
-218
-218
-220
-233
-250
-260
-272
-275
-280
-294
-318
-336
-333
-340
-313
-305
-323
-322
-302
-263
-241
-223
-207
-187
-160
-116
-62
-17
18
55
103
150
186
224
271
321
351
391
436
478
524
547
566
574
591
607
624
627
631
631
612
606
582
566
556
522
477
439
403
370
327
265
218
175
133
106
58
4
-41
-83
-102
-131
-149
-167
-214
-242
-252
-266
-283
-290
-304
-309
-305
-302
-301
-315
-316
-313
-298
-285
-285
-278
-273
-264
-256
-236
-226
-221
-207
-192
-178
-173
-171
-152
-139
-133
-134
-140
-145
-143
-129
-132
-141
-148
-148
-147
-157
-169
-178
-188
-195
-192
-196
-206
-220
-233
-230
-218
-211
-210
-222
-230
-225
-202
-169
-150
-141
-129
-107
-81
-49
-16
22
52
85
120
156
188
229
256
274
307
336
371
397
422
448
465
479
502
518
528
530
522
502
483
477
474
465
425
384
357
324
294
265
232
187
159
134
106
77
35
-6
-40
-59
-88
-110
-130
-161
-177
-188
-194
-210
-237
-255
-266
-266
-266
-277
-282
-283
-280
-273
-264
-256
-251
-245
-235
-207
-189
-178
-166
-160
-145
-139
-124
-113
-102
-85
-80
-63
-56
-42
-30
-12
-2
-12
-10
-4
7
-1
-6
-17
-26
-35
-34
-30
-48
-59
-80
-89
-84
-77
-76
-83
-101
-103
-85
-88
-85
-81
-86
-80
-61
-39
-28
-13
-3
0
24
53
76
92
118
140
153
181
201
219
234
249
267
272
287
302
307
306
298
297
295
297
289
280
259
243
220
196
187
162
136
112
94
76
47
22
-5
-39
-60
-74
-94
-117
-149
-177
-198
-214
-228
-246
-258
-269
-285
-296
-296
-295
-300
-305
-300
-292
-277
-268
-265
-258
-244
-219
-197
-176
-164
-140
-117
-98
-79
-52
-31
-19
-6
-2
22
48
62
78
85
91
108
120
125
132
134
134
124
123
130
128
110
95
87
85
89
84
80
67
63
46
48
50
43
49
48
42
42
57
56
62
72
80
81
85
99
116
130
132
134
130
136
153
176
186
190
189
188
191
193
187
185
197
190
182
175
167
144
123
118
106
98
80
65
44
27
7
-13
-32
-53
-59
-88
-110
-135
-157
-177
-191
-204
-211
-219
-237
-255
-276
-290
-298
-308
-300
-298
-310
-321
-318
-300
-302
-302
-299
-295
-284
-266
-248
-223
-208
-197
-179
-160
-128
-110
-99
-86
-63
-42
-17
1
5
21
34
53
70
93
111
119
130
132
142
145
151
163
155
153
144
131
137
133
127
116
106
109
107
100
83
80
81
82
79
71
66
63
57
64
77
77
74
86
87
91
108
111
114
114
118
122
119
119
119
119
117
111
117
119
117
113
101
88
75
67
56
45
33
14
1
0
-11
-14
-20
-42
-59
-70
-83
-91
-101
-132
-155
-157
-166
-181
-192
-203
-223
-225
-218
-215
-218
-221
-226
-232
-232
-234
-224
-222
-203
-197
-199
-182
-164
-152
-132
-102
-81
-72
-49
-21
-8
11
31
46
54
72
96
110
119
125
141
153
162
179
181
182
184
187
195
210
221
202
189
180
180
180
167
157
145
142
135
134
131
120
121
117
101
94
84
79
76
64
65
59
59
59
60
63
47
49
39
44
49
36
27
12
16
20
22
15
3
-10
-24
-33
-38
-44
-63
-72
-76
-85
-92
-105
-115
-133
-139
-138
-145
-153
-165
-181
-188
-188
-189
-198
-212
-217
-228
-233
-230
-236
-241
-243
-235
-242
-238
-235
-229
-221
-213
-200
-188
-174
-151
-123
-110
-101
-85
-62
-42
-14
10
28
37
57
86
108
130
145
155
161
174
198
205
203
200
202
217
233
246
246
235
229
226
229
228
228
222
208
208
205
207
202
198
191
173
166
164
160
155
150
144
135
138
131
127
124
121
112
100
100
97
95
73
60
51
48
44
39
25
-1
-10
-17
-21
-29
-37
-57
-76
-82
-87
-97
-111
-112
-126
-141
-156
-170
-187
-196
-198
-202
-210
-227
-228
-242
-258
-262
-266
-265
-264
-263
-268
-275
-274
-279
-278
-268
-258
-253
-242
-229
-211
-193
-173
-160
-145
-121
-99
-76
-65
-53
-34
-8
14
27
45
46
54
68
84
108
123
131
141
147
151
168
175
176
178
183
190
189
189
189
186
188
182
185
178
182
181
172
167
156
149
144
144
139
133
123
124
119
113
110
94
92
86
85
84
78
71
54
46
39
44
41
36
22
9
5
4
2
-4
-12
-28
-38
-43
-50
-62
-77
-95
-106
-114
-118
-120
-134
-143
-159
-166
-171
-170
-180
-201
-206
-211
-207
-204
-218
-222
-217
-215
-202
-206
-204
-206
-198
-177
-167
-147
-127
-122
-111
-104
-88
-70
-52
-36
-31
-17
-9
9
28
42
46
54
74
93
121
137
145
148
161
169
184
197
201
200
199
204
210
216
210
206
208
215
210
205
204
194
192
190
183
173
165
154
148
141
137
138
132
126
117
108
94
78
70
70
69
62
45
36
30
30
30
26
16
3
-4
-3
-5
-9
-19
-37
-45
-49
-52
-67
-76
-93
-94
-94
-115
-125
-135
-135
-149
-158
-171
-185
-193
-206
-205
-216
-228
-234
-239
-234
-235
-237
-235
-234
-228
-214
-212
-210
-210
-207
-193
-185
-177
-165
-155
-141
-111
-92
-87
-78
-64
-40
-22
-1
7
13
25
40
59
67
76
80
93
112
124
126
131
134
143
153
160
165
158
158
156
158
161
163
170
170
172
167
172
176
173
169
173
170
165
161
151
153
147
145
142
136
144
145
139
128
118
116
108
104
102
93
83
84
74
57
49
37
29
23
13
2
-8
-9
-25
-35
-43
-48
-58
-73
-83
-95
-102
-112
-119
-127
-135
-139
-143
-162
-169
-170
-179
-180
-182
-187
-189
-196
-199
-201
-198
-196
-195
-198
-195
-185
-172
-160
-150
-137
-123
-111
-101
-82
-74
-71
-58
-50
-32
-15
-10
3
13
19
30
34
43
52
65
68
74
76
73
79
86
89
93
94
91
89
91
93
91
89
91
92
89
95
92
91
95
92
91
99
102
109
114
113
114
106
107
114
115
120
115
113
117
117
125
120
119
114
109
104
101
99
94
88
82
81
76
69
54
42
24
8
-9
-20
-37
-49
-55
-69
-83
-99
-112
-122
-136
-143
-146
-156
-163
-166
-163
-162
-163
-163
-159
-159
-155
-149
-140
-131
-130
-123
-117
-115
-103
-96
-89
-83
-82
-68
-57
-44
-35
-32
-24
-14
-5
2
7
5
8
12
16
23
20
24
35
36
35
34
31
21
21
21
16
17
18
21
16
20
20
20
23
27
30
32
35
41
46
51
60
66
75
78
85
92
94
99
94
98
109
121
128
130
131
127
134
137
132
128
125
119
115
107
93
85
68
51
40
26
17
7
1
-8
-24
-36
-51
-63
-74
-82
-99
-108
-120
-130
-134
-141
-142
-142
-150
-164
-173
-187
-196
-201
-192
-187
-182
-172
-171
-162
-152
-140
-130
-119
-105
-94
-83
-69
-53
-43
-27
-19
-18
-12
3
5
11
20
22
29
31
36
36
39
43
39
37
30
26
25
28
33
31
27
22
21
18
20
17
20
25
22
28
29
35
41
49
55
58
61
69
75
85
96
107
121
126
139
144
148
152
153
159
161
167
165
168
174
172
169
165
157
149
140
130
121
108
99
99
90
82
69
51
29
13
-1
-20
-37
-49
-62
-73
-83
-98
-109
-125
-128
-138
-151
-155
-165
-171
-175
-175
-169
-170
-165
-166
-170
-163
-164
-162
-156
-152
-139
-128
-120
-114
-110
-98
-86
-72
-58
-49
-38
-19
-3
11
24
32
35
43
49
54
57
60
69
76
77
84
81
84
88
84
77
67
61
56
50
51
58
58
54
39
29
29
31
32
31
37
35
37
40
40
44
53
56
57
48
44
50
53
64
73
75
75
75
80
81
74
73
73
75
80
78
70
70
64
54
46
30
21
11
-3
-12
-25
-35
-48
-64
-72
-84
-99
-100
-113
-131
-147
-155
-161
-169
-168
-167
-173
-177
-175
-175
-177
-177
-176
-165
-158
-153
-139
-134
-127
-120
-107
-90
-76
-64
-46
-33
-26
-17
-4
16
27
32
40
42
49
61
67
70
81
95
100
104
107
100
100
98
95
99
99
97
92
98
94
86
82
77
77
81
69
63
62
63
66
75
76
67
63
57
50
49
48
47
48
46
50
53
56
59
63
67
70
68
67
60
61
66
65
65
65
60
48
40
27
21
12
4
-4
-17
-21
-22
-30
-39
-51
-67
-85
-96
-101
-105
-120
-129
-142
-150
-151
-158
-164
-164
-166
-167
-167
-168
-165
-160
-153
-154
-148
-140
-137
-133
-125
-109
-100
-90
-72
-56
-47
-38
-25
-13
-8
-2
5
16
28
36
41
51
58
63
65
65
65
69
70
71
75
82
82
83
87
81
76
74
67
62
59
56
61
66
67
67
57
53
52
49
51
47
54
53
51
55
58
58
62
67
70
68
66
67
68
69
67
74
84
81
78
83
87
87
83
79
76
75
78
79
74
64
58
51
42
39
38
33
30
19
14
5
-8
-13
-25
-29
-34
-45
-50
-66
-79
-81
-86
-96
-104
-118
-127
-134
-147
-152
-157
-160
-161
-162
-153
-152
-147
-141
-144
-136
-128
-123
-115
-101
-91
-89
-88
-83
-73
-66
-62
-53
-44
-33
-20
-17
-7
0
8
15
20
24
20
23
28
35
46
52
48
49
52
45
51
51
50
47
42
45
37
36
33
31
35
37
35
33
31
31
32
35
36
34
39
37
37
41
42
42
47
51
56
62
62
63
62
62
60
63
67
66
70
64
61
57
49
52
50
44
34
27
19
11
5
-2
-6
-13
-17
-28
-41
-51
-61
-63
-64
-61
-60
-70
-77
-83
-88
-95
-104
-108
-106
-107
-114
-116
-120
-120
-115
-119
-111
-110
-104
-104
-106
-95
-88
-74
-65
-60
-49
-41
-34
-29
-26
-20
-16
-3
8
12
19
28
38
41
43
50
60
64
71
76
77
78
78
78
77
80
74
69
65
65
69
75
83
84
84
80
74
74
71
70
65
69
67
61
57
55
58
62
62
63
56
54
51
56
61
57
59
61
57
57
50
41
43
40
42
41
41
41
38
35
34
30
20
16
16
14
10
3
-9
-14
-11
-16
-25
-32
-36
-42
-51
-56
-66
-69
-74
-79
-81
-92
-97
-105
-107
-108
-113
-110
-113
-117
-118
-120
-117
-118
-114
-108
-107
-105
-96
-94
-93
-92
-82
-74
-67
-61
-54
-49
-41
-35
-30
-24
-17
-11
-4
2
11
17
18
27
29
34
41
45
46
51
58
63
68
66
70
71
70
69
66
69
68
71
76
78
74
75
82
79
82
79
74
74
69
69
67
65
67
73
73
65
61
55
56
58
53
56
58
57
51
54
52
52
52
44
43
37
35
31
28
26
22
24
22
19
16
12
14
10
5
-3
-5
-10
-15
-21
-30
-35
-42
-49
-50
-56
-66
-72
-74
-79
-85
-87
-92
-91
-90
-94
-94
-93
-97
-99
-102
-100
-100
-96
-98
-102
-98
-91
-80
-76
-73
-66
-63
-55
-55
-47
-39
-33
-25
-25
-21
-21
-15
-11
-6
0
7
18
21
29
32
30
33
37
37
41
46
41
43
47
49
54
57
60
59
58
55
52
52
47
46
50
56
59
53
56
54
49
52
47
42
42
39
35
28
31
39
34
32
33
31
36
42
42
40
36
37
32
34
33
31
40
35
36
36
32
33
28
27
32
29
26
15
11
7
2
1
-5
-7
-11
-18
-26
-39
-47
-50
-53
-57
-57
-59
-64
-70
-76
-84
-88
-80
-75
-71
-67
-68
-68
-73
-76
-75
-74
-72
-68
-66
-66
-64
-64
-59
-51
-44
-36
-29
-23
-24
-24
-23
-22
-8
-1
4
11
12
14
12
14
22
25
35
45
49
53
57
56
59
64
69
69
68
71
62
51
46
45
45
48
54
52
46
43
36
27
26
24
24
22
20
12
-3
-11
-11
-9
-4
-1
0
3
-3
-16
-21
-25
-20
-15
-6
2
5
5
5
-1
0
0
2
2
6
7
1
0
-4
-6
-2
4
5
6
3
-1
-6
-13
-18
-19
-18
-22
-28
-38
-44
-48
-51
-49
-49
-53
-55
-59
-61
-65
-67
-68
-71
-73
-72
-73
-77
-71
-67
-59
-49
-49
-47
-45
-37
-28
-21
-16
-9
-3
2
11
16
22
32
41
41
46
54
55
59
57
58
62
61
61
64
71
77
81
82
81
85
84
77
70
66
63
58
59
56
54
51
43
34
24
22
19
12
9
4
3
-6
-13
-15
-14
-8
-7
-11
-14
-17
-20
-26
-24
-18
-11
-4
-3
-7
-6
-12
-15
-9
0
6
11
10
5
-3
-10
-17
-22
-16
-7
-4
-8
-16
-23
-30
-31
-29
-29
-26
-28
-36
-48
-57
-65
-66
-68
-65
-60
-62
-66
-77
-84
-84
-79
-73
-66
-58
-56
-56
-58
-58
-55
-47
-36
-28
-19
-14
-14
-11
-6
0
4
10
20
26
33
41
46
54
61
66
69
71
69
70
65
62
65
66
68
65
62
60
58
55
51
48
45
46
43
36
30
26
21
17
16
17
21
23
18
9
2
-2
-6
-7
-7
-3
-1
-7
-12
-12
-6
-1
5
7
13
13
8
0
-3
-1
8
19
22
25
26
23
18
12
12
14
18
17
13
7
0
-5
-14
-19
-17
-17
-19
-25
-32
-41
-48
-52
-52
-48
-45
-48
-57
-63
-68
-70
-65
-59
-50
-43
-44
-45
-52
-58
-54
-47
-36
-25
-17
-12
-9
-6
-2
5
16
24
30
36
36
32
29
30
39
45
54
56
55
50
45
42
42
46
52
51
43
34
23
15
11
13
20
26
25
20
8
-2
-6
-5
-1
5
6
3
-3
-8
-8
-4
3
10
15
13
4
-2
-10
-9
1
10
17
22
20
16
11
10
15
20
25
29
25
19
9
0
-1
0
4
5
6
-1
-10
-19
-26
-31
-29
-25
-22
-29
-40
-49
-58
-62
-58
-52
-46
-42
-45
-53
-66
-76
-76
-70
-60
-49
-42
-43
-46
-53
-58
-53
-41
-28
-16
-10
-9
-11
-14
-16
-11
1
16
28
31
32
31
27
26
30
39
49
53
49
41
33
28
28
32
39
49
54
49
37
28
16
15
14
14
18
22
21
12
3
-2
-5
0
6
10
10
9
-1
-10
-14
-9
2
14
26
30
30
24
18
15
19
29
38
43
44
38
27
24
26
31
41
47
47
39
25
14
8
6
8
11
7
3
-7
-19
-27
-31
-30
-31
-33
-43
-53
-60
-69
-71
-69
-66
-65
-67
-76
-82
-83
-81
-73
-67
-59
-57
-60
-62
-63
-60
-49
-38
-29
-21
-18
-18
-13
-7
1
15
19
24
22
19
19
22
31
43
53
58
58
52
45
39
42
45
49
52
48
44
35
27
25
25
28
32
32
29
20
11
4
1
1
6
12
15
14
11
5
1
3
6
14
20
22
20
16
12
11
12
22
32
38
40
37
32
27
27
26
30
34
36
33
26
19
16
14
14
12
12
8
2
-7
-15
-17
-21
-26
-30
-36
-43
-48
-53
-56
-56
-58
-61
-66
-71
-77
-80
-76
-74
-70
-70
-70
-68
-70
-66
-61
-55
-48
-44
-44
-40
-37
-30
-22
-15
-5
1
6
9
10
15
22
29
34
36
39
39
39
40
42
44
49
48
46
46
44
44
42
40
37
32
28
25
22
21
20
19
17
15
12
7
7
5
4
5
4
1
4
3
6
10
13
15
15
12
12
14
18
21
24
27
26
26
23
24
26
28
31
32
31
27
21
16
16
12
10
9
5
3
-4
-9
-15
-19
-22
-28
-33
-40
-44
-48
-55
-57
-59
-61
-63
-65
-66
-66
-66
-68
-68
-69
-68
-64
-60
-55
-49
-46
-41
-39
-38
-33
-26
-16
-7
1
3
4
7
8
11
19
30
38
44
45
45
46
45
50
51
55
57
56
52
49
47
46
47
47
47
44
40
34
29
26
23
22
19
16
13
11
8
6
6
6
4
2
-1
-1
0
1
1
0
1
-1
-4
-3
1
7
11
12
10
6
5
4
7
11
14
16
14
10
5
2
0
3
4
3
-1
-9
-14
-22
-22
-21
-21
-20
-28
-35
-43
-50
-49
-47
-46
-44
-45
-50
-57
-62
-62
-58
-52
-48
-47
-48
-49
-50
-48
-41
-34
-27
-24
-23
-23
-20
-17
-8
0
8
13
13
13
14
18
22
30
37
39
38
33
32
34
38
44
48
46
43
40
37
35
39
43
45
42
36
30
27
27
29
33
31
30
25
18
12
9
12
14
15
15
12
9
5
7
7
9
11
13
14
12
10
10
13
13
15
16
15
12
12
11
12
13
11
6
4
1
0
0
-1
-3
-7
-9
-14
-16
-20
-19
-19
-23
-26
-31
-39
-43
-46
-47
-44
-44
-45
-50
-55
-58
-62
-61
-58
-54
-54
-54
-54
-55
-54
-52
-46
-41
-34
-31
-29
-27
-26
-22
-16
-11
-7
-2
1
3
5
7
12
17
20
23
24
25
25
28
29
32
32
31
31
32
32
33
36
35
34
30
28
23
23
25
25
24
24
21
15
12
8
8
10
11
12
11
9
6
6
5
7
8
10
11
11
12
11
11
14
15
18
19
20
20
19
20
21
23
24
24
25
24
21
18
16
15
14
13
13
11
7
5
3
0
-3
-7
-11
-14
-18
-19
-20
-21
-25
-29
-32
-36
-38
-39
-39
-38
-38
-40
-40
-42
-43
-42
-38
-34
-33
-30
-29
-28
-27
-22
-17
-11
-7
-5
-3
-5
-3
1
6
12
16
18
18
17
15
16
19
22
25
27
26
23
19
16
16
17
18
17
14
11
7
6
5
5
5
6
3
0
-4
-5
-7
-4
-2
-2
-2
-4
-5
-7
-5
-2
1
4
5
5
5
6
10
13
15
17
18
18
18
19
21
23
25
26
25
22
20
19
18
19
20
20
16
13
8
5
2
1
0
-2
-4
-7
-11
-15
-18
-20
-22
-24
-27
-29
-31
-32
-31
-32
-32
-32
-32
-34
-35
-34
-32
-29
-27
-25
-24
-22
-20
-17
-13
-9
-5
-4
-3
-2
1
5
10
13
15
15
16
15
14
16
20
24
25
24
22
17
13
13
14
16
16
15
11
6
3
-1
-1
-1
0
-2
-3
-6
-8
-10
-10
-10
-10
-9
-9
-10
-11
-10
-8
-6
-3
-1
0
-1
-1
1
3
5
8
11
12
13
11
12
13
15
17
17
16
14
15
14
13
15
16
16
15
13
9
7
5
6
8
9
8
8
4
2
-2
-4
-6
-5
-5
-5
-6
-8
-11
-13
-14
-17
-17
-17
-17
-18
-18
-19
-19
-19
-20
-18
-16
-17
-15
-14
-13
-9
-8
-6
-5
-4
-4
-5
-3
-1
2
4
5
5
4
3
3
5
5
6
6
4
4
3
3
2
2
1
0
-2
-2
-2
-4
-6
-4
-5
-5
-5
-6
-7
-6
-5
-4
-5
-4
-6
-7
-7
-5
-3
-2
1
1
0
-2
-1
0
2
5
6
7
5
5
6
8
10
13
16
17
17
17
15
15
17
18
18
18
16
15
14
14
14
14
12
10
7
3
1
-1
-2
-4
-4
-6
-10
-13
-16
-17
-17
-16
-15
-16
-18
-19
-21
-21
-19
-17
-15
-12
-11
-10
-12
-11
-10
-9
-7
-6
-5
-5
-5
-2
-2
0
2
2
3
3
5
5
7
9
12
12
11
11
12
14
17
20
20
19
17
16
13
13
14
14
14
13
10
6
2
0
-2
-3
-4
-6
-10
-13
-15
-15
-17
-17
-17
-16
-18
-18
-18
-16
-13
-11
-10
-9
-11
-9
-8
-5
-2
3
3
4
3
1
0
3
5
7
9
10
9
6
5
4
5
7
9
10
9
8
7
7
7
9
9
8
9
8
6
7
7
5
7
4
2
-1
-3
-2
-3
-3
-3
-6
-8
-10
-11
-11
-10
-7
-5
-5
-5
-6
-6
-5
-3
-1
4
6
7
8
7
10
10
12
15
16
17
16
15
15
15
12
12
9
7
4
2
0
-2
-5
-7
-9
-12
-14
-15
-16
-15
-16
-15
-16
-18
-18
-20
-20
-18
-16
-15
-14
-14
-15
-15
-15
-13
-12
-10
-6
-7
-5
-4
-3
-2
1
2
5
6
6
7
8
9
12
11
13
15
15
17
18
19
22
23
24
23
20
18
18
16
16
13
12
9
6
1
-1
-5
-5
-6
-9
-9
-11
-14
-15
-17
-16
-17
-17
-15
-17
-17
-17
-18
-17
-17
-15
-12
-10
-8
-7
-4
-3
0
1
2
5
5
6
5
6
8
6
7
7
6
6
6
7
8
8
10
10
9
8
8
7
6
6
6
5
4
2
0
-2
-4
-4
-7
-8
-8
-8
-9
-10
-9
-10
-11
-12
-12
-12
-12
-12
-11
-11
-10
-10
-8
-7
-4
-3
0
2
3
6
8
9
12
13
14
17
17
16
17
15
13
12
10
9
6
6
4
3
2
1
0
-1
-3
-5
-7
-8
-11
-10
-12
-13
-14
-17
-18
-18
-19
-17
-16
-15
-12
-12
-11
-9
-9
-7
-5
-3
-1
0
0
1
0
-1
1
2
4
6
7
9
10
11
14
15
19
20
21
22
21
21
21
20
20
19
16
15
13
12
11
11
10
9
8
5
3
1
1
-1
-2
-4
-7
-9
-12
-15
-15
-16
-15
-14
-13
-13
-11
-10
-9
