-7
-8
-7
-8
-8
-7
-5
-5
-5
-5
-2
-1
2
4
5
8
10
11
12
13
15
15
15
17
16
17
18
18
16
14
14
11
9
8
5
3
1
-2
-5
-8
-9
-11
-12
-13
-15
-18
-17
-18
-21
-20
-20
-18
-16
-14
-11
-7
-3
1
4
10
14
17
20
22
23
22
21
20
18
15
12
9
5
3
0
-2
-3
-5
-8
-9
-13
-16
-18
-20
-25
-29
-34
-37
-40
-43
-44
-45
-44
-44
-43
-41
-38
-36
-33
-29
-24
-20
-16
-13
-11
-10
-7
-6
-4
-4
-2
-1
0
0
2
4
5
6
5
4
3
0
-3
-5
-6
-10
-11
-12
-12
-8
-4
1
6
12
14
18
21
23
24
23
21
17
12
7
0
-6
-9
-13
-15
-16
-15
-13
-11
-7
-4
-1
3
6
8
8
6
5
1
-2
-4
-4
-4
-2
2
9
18
25
32
39
47
51
56
59
61
61
60
57
54
51
48
45
42
41
40
39
37
36
33
30
26
20
15
8
0
-8
-18
-26
-33
-41
-43
-46
-47
-46
-44
-40
-36
-32
-27
-22
-18
-15
-11
-11
-10
-11
-12
-12
-14
-14
-13
-12
-9
-7
-3
1
4
6
7
5
4
1
-4
-9
-15
-22
-28
-34
-38
-40
-40
-40
-37
-34
-30
-26
-21
-17
-15
-12
-10
-9
-7
-7
-8
-11
-14
-15
-16
-17
-16
-13
-12
-9
-6
-2
1
3
7
7
10
12
12
12
11
10
8
7
8
7
8
10
12
14
19
23
28
32
38
43
46
49
51
52
51
49
47
44
41
36
33
29
26
23
18
14
11
8
6
3
1
-3
-5
-8
-13
-17
-18
-21
-21
-21
-19
-18
-15
-13
-9
-6
-3
0
3
5
7
9
10
11
14
14
14
13
11
9
5
1
-3
-8
-10
-12
-16
-17
-17
-18
-18
-19
-21
-23
-24
-26
-28
-28
-31
-32
-32
-33
-32
-29
-26
-22
-16
-9
-3
4
10
16
19
22
22
22
21
18
14
10
7
4
3
1
2
3
4
4
5
6
6
7
4
2
2
1
-1
-2
-5
-8
-11
-14
-16
-17
-17
-15
-11
-6
1
8
16
20
23
26
26
24
20
13
7
-1
-8
-14
-17
-20
-20
-17
-13
-9
-5
2
5
8
8
8
8
8
7
5
3
-1
-3
-5
-5
-3
0
2
6
10
12
15
17
18
17
15
11
7
2
-4
-9
-18
-26
-34
-39
-43
-45
-44
-40
-35
-30
-24
-19
-13
-10
-7
-8
-10
-11
-11
-12
-13
-10
-8
-6
-1
4
11
16
21
24
24
25
24
23
24
21
19
16
11
7
2
-3
-6
-10
-11
-8
-5
-1
5
9
15
17
18
17
17
16
15
13
12
11
10
10
11
12
14
18
22
27
29
33
34
34
34
32
30
25
21
18
14
12
11
10
7
5
4
2
1
2
3
1
0
-2
-5
-5
-6
-7
-7
-9
-11
-14
-18
-24
-27
-31
-34
-34
-30
-25
-17
-10
-5
-1
-1
-1
-2
-4
-7
-11
-15
-19
-22
-25
-26
-29
-31
-32
-33
-31
-29
-27
-25
-24
-23
-21
-18
-16
-13
-10
-10
-9
-11
-12
-12
-13
-13
-10
-7
-2
7
13
18
21
22
23
21
20
19
16
13
8
2
-4
-9
-12
-15
-14
-10
-5
3
10
15
19
23
24
26
26
28
29
29
31
32
31
32
35
36
38
42
41
40
38
35
34
28
23
19
16
9
2
-5
-12
-23
-34
-39
-41
-44
-40
-36
-30
-26
-16
-9
-5
-3
-4
-5
-6
-7
-6
-3
-4
-3
-6
-3
-4
-1
0
3
8
10
6
5
0
-5
-6
-14
-19
-20
-25
-26
-28
-28
-23
-23
-24
-19
-16
-14
-7
-7
-4
-5
-1
7
10
12
8
7
5
5
6
1
4
4
-9
-8
-2
-2
6
12
11
14
15
10
8
0
0
7
-3
2
9
10
7
9
12
21
22
19
17
17
10
6
8
-2
5
7
2
9
9
15
17
13
21
16
11
15
14
4
3
8
1
-4
-9
-11
-7
-9
-28
-24
-34
-40
-32
-33
-27
-33
-53
-57
-40
-29
-22
-16
-23
-25
-41
-48
-31
-10
-23
-32
-22
-23
-17
-5
11
17
15
-3
4
16
5
23
10
15
18
5
1
13
-11
-3
11
-5
8
2
28
13
6
13
11
11
19
26
40
40
38
41
11
15
15
12
20
4
10
-3
-9
-20
-24
-13
12
4
1
9
0
-11
-29
-9
15
22
5
7
7
-4
3
18
27
19
11
-4
-2
4
15
26
46
27
16
22
26
49
26
28
30
25
16
13
22
45
1
21
2
-12
31
4
34
0
-9
-6
-15
-32
-7
8
13
-35
-37
-38
-85
-22
-60
-29
-25
-64
-42
-76
-87
-55
-39
-63
-32
-48
-38
-19
-30
-37
-8
21
6
18
-28
1
-13
-17
-22
19
46
-1
24
11
6
18
12
-9
7
-18
28
29
26
38
36
8
5
43
47
34
29
17
-25
-10
-3
2
10
-1
4
-19
-35
-17
11
-23
-3
-2
-9
-28
-38
4
-7
17
11
32
-14
4
-7
6
0
2
47
34
-13
-3
54
18
39
13
43
96
65
25
44
63
33
15
-14
34
36
14
-5
20
8
-5
27
-12
-4
19
5
10
14
-6
23
10
-16
25
-2
-12
-9
-56
-69
-43
-50
-57
-75
-70
-67
-57
-80
-48
-33
-1
0
-17
-37
14
22
6
20
26
27
5
0
0
10
-29
10
-3
-7
1
-10
-27
-9
-48
-19
-16
4
-4
-8
6
-6
20
13
1
5
24
-7
14
-16
-9
-7
-30
-1
6
14
6
11
-19
22
18
-15
-25
-2
-20
-46
13
32
18
7
14
20
25
27
33
69
37
21
-10
10
-6
9
23
31
17
51
17
41
30
-17
59
-27
-11
-21
-21
-21
-10
-16
-41
-23
-33
36
-13
-31
-35
-40
-45
-33
-28
22
14
-15
23
24
24
10
3
15
8
-49
-34
-15
-20
-53
-55
-59
-24
-19
-40
18
10
23
19
5
6
67
12
30
40
5
5
39
25
21
-5
-13
4
-29
5
-8
11
-46
-55
-65
-23
-20
12
-14
-32
14
-32
18
-18
-15
41
9
-32
-12
-4
-15
21
-17
75
28
10
44
8
21
18
-18
11
-22
-6
18
-52
0
14
6
29
60
101
74
23
25
8
49
46
12
40
-15
9
56
-29
33
54
24
30
-36
-48
55
-33
-9
23
-54
3
-10
15
49
28
11
-15
-92
-14
16
19
-43
-21
0
-8
-16
48
23
9
7
-29
21
-6
-2
-27
-38
-75
-28
-13
2
-14
-12
-7
15
-16
-30
31
34
-6
52
12
22
-21
-15
4
27
-18
-14
29
-31
21
11
30
4
-2
-28
21
19
29
39
28
-22
-54
-1
-10
-50
11
36
12
-56
-65
-5
22
-2
27
33
16
-28
-55
-25
-7
56
-4
10
-38
-5
-67
-33
1
2
44
3
9
29
-15
40
77
13
18
21
-4
-2
3
-14
23
-2
-38
64
27
-20
-15
-48
-52
3
-8
59
-1
86
-2
-76
40
-47
72
-6
-19
50
5
-24
24
-13
37
15
-26
18
10
42
10
10
52
3
0
3
-27
-4
-12
11
-17
-5
-10
54
-43
-27
18
-21
-18
-4
-26
51
46
-34
-15
30
-47
5
20
9
26
-42
-35
-23
-92
-77
47
-16
27
-12
27
36
-96
-72
92
96
-48
-32
-9
12
-23
-61
70
7
18
0
-22
46
43
-12
-23
-27
31
53
21
47
54
-10
-19
24
-8
-55
11
35
-29
28
34
18
56
-52
37
60
46
45
52
56
33
-81
-113
-52
22
-12
19
40
-6
-12
-38
18
-11
31
54
-2
26
-58
24
57
-67
105
74
27
-15
-49
-14
5
-16
146
14
21
-27
41
22
1
153
56
140
-7
168
-52
115
-22
-35
47
78
45
55
-22
45
40
-103
115
41
73
-15
-39
-21
-30
-102
-20
48
44
66
94
18
8
-82
-27
-20
-130
7
168
9
78
-30
-28
114
0
119
111
-24
10
-67
-159
29
-41
4
-72
-96
-19
-59
16
62
74
-1
-7
-2
-19
-131
-61
-7
15
29
-17
114
38
19
-51
-45
-11
-27
-48
25
-5
-30
-25
-41
-19
-63
-48
3
19
-63
-58
-75
-12
-18
0
-52
40
-166
-55
-20
-89
133
130
9
-2
-69
-98
-7
-185
107
83
-8
-37
51
-49
-147
27
-63
26
-82
98
-21
-55
-166
-88
-84
-214
-139
15
-82
-39
39
-112
-57
-214
-22
-118
-43
-18
45
-74
-151
-80
-27
-7
40
98
24
7
-62
-52
-70
20
19
73
114
8
67
45
-18
54
-24
41
36
46
38
66
55
62
-41
6
-59
74
93
31
124
9
19
-6
-19
29
48
-44
12
-98
55
1
-23
-30
-78
88
-30
27
42
94
-22
-59
-2
49
-79
-64
-5
13
10
-51
42
-2
-46
11
-20
24
16
49
86
115
-26
19
51
57
91
44
83
110
123
-56
14
-6
-11
44
60
20
47
58
97
-15
0
19
62
5
47
92
32
54
-99
26
-97
-75
-11
69
67
62
-96
-6
-20
-89
-77
60
106
-1
16
-20
64
41
-25
120
105
-106
90
24
64
74
73
160
-39
-54
18
23
-36
47
42
-20
-39
-10
40
-30
31
4
-35
-62
-164
-84
60
60
20
-28
-66
-16
-127
-63
155
5
27
-26
-94
23
-136
-24
-8
-209
54
-36
-10
-44
-204
60
125
1
-64
-110
8
73
-109
105
91
-26
-140
-212
-17
126
79
96
20
-28
-32
-147
-111
52
35
123
-12
19
27
-36
-58
-8
-66
13
66
-123
-10
-75
71
44
-171
-110
20
-228
-33
56
83
15
-197
-50
93
-104
66
66
3
-68
-35
97
-21
144
110
62
-146
-53
73
201
33
117
69
-12
-67
-110
-112
127
310
95
-18
-53
36
-107
-57
28
142
180
122
18
-164
-123
-142
-98
98
164
221
-107
-160
-80
-160
55
47
128
295
-4
-207
-169
-34
176
69
198
233
228
-139
-221
-90
151
142
103
-43
-1
-110
-128
27
39
-43
69
120
21
-98
-53
-96
-18
-17
48
56
-1
-186
-173
-37
133
327
127
110
-90
-280
-247
-13
99
217
56
89
-159
-306
-171
-24
96
76
27
35
-226
-81
-51
-82
46
-46
-75
-6
-119
89
236
15
-63
-197
-166
120
-88
-41
1
58
-21
-138
-125
34
-127
-160
155
122
147
-245
-67
-10
-130
-239
168
192
148
-176
-105
65
-49
-94
-38
148
41
-63
-126
-26
-229
23
113
218
121
-7
-5
131
-72
76
56
33
106
133
112
112
-41
-130
-39
63
226
306
138
54
9
92
0
-2
101
100
175
77
112
-8
-45
-166
16
68
253
278
160
-201
-253
-192
128
189
229
-61
-98
-123
-100
40
138
241
145
-143
-316
-92
13
43
51
8
-212
-376
-402
42
131
112
33
-228
-230
-141
-195
-117
-94
-25
15
-69
-216
-59
56
-87
-266
-100
84
352
43
9
2
-44
-129
-67
-35
-107
191
157
271
-141
-248
-213
66
-164
-12
207
14
-166
-221
-110
46
194
-131
-146
-129
-46
224
187
155
28
-60
-229
110
64
73
142
175
-45
-44
-9
199
186
-97
41
80
63
-119
32
61
434
-12
-175
-295
69
221
31
-60
63
66
-130
-157
13
201
151
-14
-301
-118
-136
268
197
-89
-156
-44
-44
-164
46
182
261
-8
-196
-102
5
-89
123
48
31
47
-137
101
70
-41
-29
-44
-90
-57
-29
103
48
-16
-103
-285
-167
27
17
-1
-113
76
10
-208
-82
71
114
-15
-90
136
50
-91
-22
50
137
58
-15
-26
103
65
47
-194
-17
233
57
-142
-188
11
189
6
-61
94
-132
-26
-146
-101
101
-10
161
50
-82
-110
-211
-61
226
89
-1
149
114
-234
-269
76
89
-35
-85
-10
201
-42
-73
24
-200
-89
-11
-5
47
-1
13
-41
-94
-220
15
172
6
-167
22
153
28
-86
-50
151
242
-159
-396
-35
176
257
-116
-130
214
138
-231
-20
7
38
36
77
67
153
165
-33
-235
-227
95
208
141
-83
-76
17
-72
-54
26
60
158
10
-304
-18
53
15
-19
-9
32
27
-157
-173
27
203
143
-45
-67
50
170
-65
-153
81
-69
19
194
137
169
10
-293
-291
-30
379
328
-59
-188
-99
144
10
-74
-225
-96
111
93
179
79
-224
-368
-315
-23
61
505
294
-199
-16
-54
-218
-230
-50
366
419
295
236
-575
-684
-19
130
102
191
642
376
-288
-581
-497
-49
476
246
238
313
-75
-63
-478
-283
174
381
351
257
-335
-270
169
-148
72
-66
52
220
77
-69
78
-223
-169
-177
122
493
218
-204
-553
-88
-223
73
449
284
-33
-362
-444
-229
-14
339
409
111
-218
-271
-148
-33
17
-23
130
222
57
-76
-157
-269
-40
-16
65
207
-2
-2
-3
-151
-167
7
211
217
-74
-149
4
169
-160
73
285
-49
-141
-263
-148
98
-19
12
215
-5
-59
-142
-112
4
91
253
105
-43
-229
171
8
-116
-232
-183
113
150
68
61
75
-2
-190
-562
-14
47
186
328
16
-180
-241
-304
-271
-16
208
238
7
-105
-149
-30
58
-321
-245
-10
8
293
158
-48
-3
-185
-130
-147
-180
212
160
-182
42
359
248
-27
-62
-72
95
-110
156
340
144
100
65
-18
-332
-307
46
255
297
289
265
5
-220
-144
-189
51
296
207
82
-40
-96
-191
-381
-56
275
150
22
97
-137
-217
-178
94
409
91
67
192
169
26
-150
59
175
19
54
-30
-83
-78
-123
-107
55
210
109
39
-78
-159
-121
-28
-59
132
323
80
-246
-356
-149
2
-24
226
546
114
-387
-295
-348
-143
91
392
493
38
-98
-181
-288
-188
160
280
109
-39
-85
-224
-338
-228
-16
-8
-6
91
-2
-49
173
-23
-197
-121
6
29
-16
9
122
-130
-380
-79
-71
37
174
166
107
-84
-252
-375
-69
296
209
236
314
73
-70
-261
-172
-93
-178
141
193
-16
-166
-228
-175
1
214
204
2
-43
-55
-93
-10
209
287
116
-147
-127
-55
-6
229
392
576
407
93
-29
-271
-150
27
245
423
188
-83
-342
-407
-196
22
145
140
101
-4
-114
46
-200
-221
-95
62
165
39
174
156
104
97
87
92
-11
-37
31
-2
68
32
-76
-76
4
88
130
91
-5
-46
62
123
16
-80
-187
-112
33
-2
-65
-101
-197
-98
-34
-52
15
-63
-109
-102
-122
-54
28
-135
-44
-14
-15
-12
20
39
-51
-49
-11
8
-64
-41
-54
-31
29
95
73
48
118
93
133
23
-15
-61
-123
-57
-96
-101
-58
-97
-49
55
-47
-12
47
98
113
92
144
56
21
13
10
47
112
7
-23
-39
-30
-73
-38
30
-53
17
-27
32
-3
-77
-123
-114
-101
-64
15
-112
-65
-74
-79
-23
-65
-146
-148
-72
-12
55
50
24
23
100
88
4
-27
40
134
162
131
95
19
-22
-50
-66
-28
55
109
45
-30
-53
-39
-2
58
20
55
82
85
101
-2
-53
-67
15
30
56
97
84
50
53
54
63
33
4
32
20
9
30
-2
-4
34
59
96
81
23
-48
6
77
65
25
-32
-52
-40
-3
18
39
64
85
96
95
59
-7
0
-60
-72
-53
-56
-19
-46
-78
-29
13
33
36
36
47
94
106
69
81
46
67
69
71
31
-26
-1
51
101
103
68
-4
-57
-43
-4
-17
-40
-83
-94
-50
-34
-65
-91
-81
-83
-56
-15
-30
-82
-87
-127
-156
-113
-74
-132
-118
-141
-171
-161
-146
-122
-133
-131
-78
-125
-199
-227
-246
-257
-254
-208
-233
-271
-294
-341
-330
-326
-291
-258
-197
-138
-138
-149
-167
-149
-75
41
148
258
332
390
390
434
532
557
576
609
618
586
528
516
509
519
567
551
460
394
346
260
221
249
289
290
277
300
274
278
317
388
455
429
412
393
388
327
203
190
218
226
211
134
78
55
37
22
-53
-114
-173
-284
-344
-465
-498
-506
-549
-579
-700
-787
-899
-990
-1027
-1047
-1049
-1019
-1013
-987
-975
-994
-1062
-1112
-1154
-1109
-1147
-1235
-1281
-1326
-1328
-1178
-731
24
840
1483
1922
2178
2404
2430
2369
1984
1406
758
68
-474
-857
-1103
-1276
-1332
-1251
-876
-563
-304
-212
-302
-299
-271
-203
-120
-65
112
443
866
1483
1918
2178
2249
2251
2141
1817
1366
866
461
200
115
112
204
285
455
711
895
985
848
579
291
-106
-464
-716
-937
-956
-822
-551
-211
106
421
599
704
710
635
450
122
-202
-459
-578
-624
-625
-624
-575
-549
-522
-510
-609
-762
-946
-1113
-1258
-1426
-1519
-1571
-1514
-1346
-1227
-1118
-1080
-1107
-1267
-1464
-1656
-1838
-2077
-2260
-2335
-2347
-2107
-1653
-714
571
1799
2775
3334
3634
3881
3739
3391
2593
1481
489
-563
-1314
-1796
-2122
-2226
-2174
-1859
-1110
-522
-44
102
29
84
100
178
253
240
471
966
1463
2109
2403
2537
2477
2175
1800
1103
196
-701
-1440
-1826
-1802
-1621
-1154
-596
112
928
1583
1987
1995
1761
1466
1121
762
393
63
-22
140
430
789
1005
1083
1060
901
688
305
-133
-569
-849
-912
-793
-591
-349
-44
300
613
763
706
413
44
-346
-685
-870
-941
-898
-697
-370
2
323
477
550
474
305
28
-462
-1004
-1524
-1894
-2118
-2171
-2128
-2068
-1901
-1705
-1507
-1350
-1265
-1296
-1383
-1522
-1637
-1770
-1753
-1469
-958
10
1225
2353
3147
3499
3644
3635
3277
2724
1661
389
-725
-1767
-2437
-2929
-3133
-2901
-2458
-1708
-754
-70
479
705
703
794
709
596
466
386
600
926
1217
1554
1658
1675
1527
1120
611
-119
-895
-1522
-1843
-1791
-1383
-788
-19
852
1779
2528
2941
2983
2649
2055
1342
651
-42
-572
-907
-914
-619
-163
336
837
1178
1433
1487
1306
1028
625
234
-107
-349
-419
-338
-219
-27
86
147
111
-40
-212
-463
-648
-692
-678
-573
-361
-78
289
591
827
913
807
623
313
-91
-542
-979
-1336
-1535
-1684
-1713
-1754
-1846
-1822
-1839
-1880
-1913
-2041
-2119
-2144
-2262
-2266
-2195
-2080
-1748
-1156
-460
834
2132
3115
3860
3885
3910
3702
2962
2250
865
-609
-1573
-2806
-3365
-3601
-3707
-3088
-2478
-1607
-456
153
707
971
812
918
758
574
520
399
640
1024
1300
1507
1424
1234
912
389
-169
-841
-1282
-1502
-1369
-802
-58
876
1811
2576
3332
3638
3435
2914
1888
861
-183
-1132
-1729
-2030
-1875
-1274
-509
418
1292
1944
2488
2721
2642
2286
1749
1094
495
-58
-451
-703
-821
-751
-661
-558
-439
-313
-250
-164
-92
5
162
307
508
696
864
992
991
819
535
140
-251
-699
-1124
-1456
-1685
-1741
-1733
-1665
-1652
-1605
-1628
-1563
-1723
-1846
-1947
-2147
-2177
-2326
-2395
-2357
-2413
-2346
-2006
-1788
-952
347
1706
2931
3517
3680
3901
3630
3021
2180
358
-1029
-2410
-3588
-4049
-4433
-4314
-3617
-2761
-1336
87
967
1806
2016
2139
2243
2107
1823
1479
1267
1354
1478
1516
1311
878
508
-46
-555
-1260
-1875
-2166
-2125
-1503
-499
514
1703
2806
3699
4505
4590
4162
3247
1962
734
-436
-1455
-2108
-2483
-2283
-1582
-605
557
1453
2194
2630
2775
2665
2201
1590
864
174
-322
-740
-975
-1030
-1034
-835
-566
-276
44
216
339
474
533
595
622
560
552
479
385
244
-48
-375
-705
-1012
-1201
-1343
-1490
-1551
-1529
-1467
-1365
-1346
-1388
-1531
-1756
-1879
-2058
-2181
-2355
-2322
-2371
-2394
-2332
-2419
-2528
-2524
-2244
-1699
-425
1252
2811
3820
4314
4495
4536
3829
2943
1353
-693
-2117
-3591
-4394
-4722
-4727
-4048
-2868
-1469
334
1466
2294
2821
2639
2595
2225
1707
1184
726
557
612
499
463
141
-193
-432
-915
-1324
-1746
-1911
-1654
-975
-6
1175
2171
3229
4021
4496
4590
3962
2940
1586
223
-962
-2023
-2821
-3174
-3074
-2273
-1208
47
1257
2203
3010
3594
3825
3541
2891
2004
1063
36
-811
-1363
-1781
-2089
-1822
-1423
-920
-244
262
750
1116
1375
1536
1346
986
749
288
54
-157
-445
-651
-821
-724
-636
-706
-662
-747
-820
-775
-894
-979
-1347
-1727
-1946
-2115
-2189
-2106
-2209
-2152
-2136
-2199
-2150
-2421
-2702
-2795
-2630
-2121
-939
922
2738
4020
4749
4997
5021
4135
2893
1307
-1051
-2771
-4381
-5415
-5568
-5512
-4672
-3194
-1634
334
1792
2663
3459
3333
3154
2818
2056
1513
887
367
261
-116
-325
-569
-1040
-1123
-1422
-1598
-1505
-1336
-781
79
1065
2253
3220
3960
4496
4555
4372
3624
2488
1181
-174
-1344
-2351
-3074
-3353
-3251
-2586
-1571
-378
1073
2211
3295
4085
4237
4080
3386
2407
1428
119
-863
-1672
-2454
-2532
-2523
-2152
-1409
-771
114
850
1409
1982
2023
1863
1605
1026
594
96
-406
-757
-1145
-1221
-1144
-1123
-975
-919
-886
-782
-794
-876
-1076
-1409
-1607
-1792
-1845
-1834
-1808
-1660
-1634
-1606
-1737
-1943
-2297
-2707
-3125
-3020
-2638
-1510
610
2581
4266
5087
5304
5235
4282
2877
1363
-1115
-2941
-4463
-5506
-5431
-5263
-4317
-2899
-1448
453
1970
2687
3454
3203
2936
2699
1997
1551
832
177
-73
-514
-899
-1096
-1642
-1659
-1721
-1615
-1135
-747
-23
908
1874
2935
3730
4122
4333
4024
3615
2809
1639
408
-902
-2020
-2897
-3524
-3710
-3515
-2884
-1747
-477
1047
2477
3632
4538
4855
4566
3827
2645
1350
48
-1180
-1968
-2599
-2808
-2583
-2112
-1340
-472
427
1305
1961
2454
2713
2493
2100
1449
709
61
-553
-1064
-1422
-1551
-1383
-1084
-817
-551
-474
-376
-333
-453
-715
-1011
-1364
-1520
-1677
-1637
-1520
-1611
-1425
-1479
-1700
-1903
-2452
-3042
-3525
-3731
-3148
-1896
520
2995
4642
5434
5470
5040
3916
2384
599
-1743
-3712
-4942
-5660
-5568
-5116
-4207
-2953
-1482
282
1684
2483
3129
3127
3007
2982
2599
2099
1223
376
-254
-1015
-1515
-1927
-2448
-2398
-2131
-1658
-818
-74
830
1747
2636
3603
4089
4233
4197
3768
3355
2621
1513
326
-1043
-2211
-3097
-3717
-3793
-3470
-2714
-1331
186
1896
3533
4718
5461
5537
4976
3974
2540
1055
-250
-1514
-2302
-2836
-3141
-3026
-2666
-1898
-900
154
1302
2249
2959
3424
3302
2767
1983
974
60
-776
-1409
-1753
-1895
-1639
-1225
-880
-603
-517
-511
-608
-852
-1161
-1453
-1695
-1793
-1786
-1662
-1507
-1398
-1276
-1387
-1617
-2163
-2761
-3359
-4153
-4148
-3633
-2085
902
3322
5078
5633
5000
4542
3150
1698
302
-2137
-3569
-4497
-5055
-4683
-4590
-4009
-3067
-2207
-383
955
1857
2929
2937
3243
3517
3118
2710
1475
264
-411
-1455
-1687
-1918
-2347
-1874
-1582
-890
6
397
1099
1659
2272
3338
3670
4011
4165
3694
3486
2636
1381
104
-1637
-2812
-3564
-4030
-3600
-3061
-2017
-458
884
2460
3776
4634
5170
4967
4499
3698
2406
1178
-124
-1363
-2257
-3059
-3483
-3575
-3286
-2264
-1016
406
1866
2933
3722
4051
3755
3008
1798
594
-353
-1170
-1630
-1855
-1890
-1654
-1287
-922
-712
-801
-867
-984
-1117
-1126
-1203
-1311
-1445
-1375
-1307
-1237
-1277
-1527
-1828
-2403
-2902
-3284
-3920
-4342
-4148
-3494
-1431
1501
4046
5496
5347
4478
3595
2576
1735
640
-1203
-2592
-3565
-4124
-4282
-4406
-4387
-4100
-3168
-1473
360
1971
3126
3488
3752
3857
3650
2905
1544
242
-722
-1287
-1271
-1321
-1525
-1510
-1387
-886
-290
255
769
1326
2268
3394
4271
4808
4696
4096
3311
2200
940
-458
-1891
-2897
-3429
-3398
-2932
-2375
-1624
-739
259
1387
2559
3641
4385
4766
4885
4454
3469
2089
412
-1167
-2543
-3521
-3971
-4088
-3644
-2635
-1378
66
1397
2453
3235
3573
3583
3135
2264
1311
337
-520
-1124
-1583
-1798
-1796
-1654
-1401
-1300
-1320
-1342
-1341
-1267
-1131
-885
-662
-553
-490
-583
-720
-1115
-1675
-2177
-2889
-3340
-3475
-3689
-3875
-3819
-3304
-1781
860
3631
5272
5225
4144
3092
2394
2006
1719
516
-1023
-2286
-3374
-4081
-4511
-4879
-4981
-4506
-3070
-839
1243
2853
3519
3506
3510
3446
3080
2250
1086
155
-448
-606
-581
-1026
-1618
-2113
-2287
-1828
-1021
-126
867
1885
3078
4130
4667
4633
3851
2819
1868
1011
343
-410
-1177
-1713
-2124
-2214
-2144
-2035
-1618
-1020
-3
1531
3070
4217
4726
4571
3948
2993
1920
841
-335
-1374
-2082
-2566
-2881
-2969
-2779
-2285
-1339
-7
1439
2645
3444
3713
3361
2614
1718
811
44
-555
-913
-1125
-1278
-1394
-1680
-2171
-2514
-2541
-2184
-1606
-945
-274
28
49
-43
-463
-1104
-1796
-2382
-2695
-3176
-3328
-3233
-3435
-3614
-3522
-3113
-1286
1586
4083
5176
4368
2906
2059
1671
2046
2199
1188
-153
-1671
-3072
-3986
-4824
-5325
-5559
-5068
-3246
-871
1323
2661
2756
2606
2656
2942
3264
2877
2318
1776
1177
821
71
-1087
-2232
-3214
-3244
-2491
-1288
157
1208
2128
2966
3494
3879
3641
3112
2705
2321
2240
1937
1080
3
-1286
-2289
-2781
-2898
-2420
-1693
-772
451
1615
2599
3098
3029
2698
2403
2391
2476
2250
1530
427
-850
-2132
-3148
-3673
-3572
-2685
-1277
314
1742
2601
2850
2543
1951
1494
1365
1503
1638
1456
932
50
-944
-1983
-2982
-3586
-3671
-3049
-2020
-1115
-427
-171
-392
-658
-951
-1113
-1178
-1363
-1423
-1729
-2338
-2686
-3109
-3498
-3357
-3012
-1770
658
3217
4745
4340
2481
1030
520
1139
2340
2558
1788
433
-1435
-2946
-4156
-5024
-5407
-5301
-4140
-2137
-64
1312
1287
745
590
1092
2367
3353
3815
3831
3250
2465
1248
-380
-1800
-3000
-3310
-2703
-1620
-316
474
812
970
1101
1676
2240
2714
3279
3554
3713
3357
2187
651
-947
-2033
-2344
-2057
-1267
-498
11
312
348
382
450
639
1028
1691
2644
3487
3616
2836
1371
-249
-1572
-2374
-2584
-2272
-1547
-693
-52
266
336
347
406
646
1169
1874
2575
2959
2694
1872
762
-289
-1134
-1816
-2306
-2609
-2748
-2642
-2455
-2259
-1999
-1754
-1276
-809
-507
-465
-738
-1178
-1704
-2362
-2795
-3021
-2969
-2595
-1907
-768
1305
3322
4012
3222
1240
-205
-41
1167
2824
3329
2317
671
-1700
-3432
-4115
-4298
-3857
-3426
-2612
-1310
-504
-334
-1310
-2227
-1708
-118
2412
4398
5115
5008
3818
2486
1231
56
-382
-719
-702
-432
-541
-735
-1462
-2235
-2244
-1392
485
2358
3557
4168
3927
3283
2322
1038
92
-403
-263
279
712
958
586
-316
-1057
-1282
-879
-121
570
1052
1352
1654
1884
1661
1158
618
262
113
33
-180
-570
-966
-1096
-1023
-735
-310
-3
163
287
443
717
1050
1464
1863
2004
1934
1494
699
-281
-1296
-2157
-2635
-2760
-2638
-2493
-2430
-2423
-2282
-1798
-1398
-1176
-1082
-1081
-1347
-1848
-2305
-2529
-2716
-2133
-1377
-134
2079
3797
4089
2882
689
-274
-14
1486
3316
3321
2230
162
-2549
-3886
-4043
-3195
-2185
-1856
-1238
-1100
-1172
-1739
-3271
-3655
-2557
-360
2478
3986
4420
3705
2323
1622
1178
1561
2335
2338
2036
1041
-313
-1631
-3005
-3448
-2954
-1387
816
2072
2502
2165
1325
831
557
703
1131
1445
1689
1480
1097
728
129
-241
-152
443
1203
1343
885
169
-391
-244
302
883
1197
1036
620
56
-452
-663
-726
-544
-191
204
460
268
-142
-518
-679
-329
378
1072
1604
1809
1719
1435
1143
930
567
156
-346
-991
-1761
-2551
-3228
-3724
-3671
-3009
-2366
-1768
-1654
-1696
-1872
-2305
-2288
-2380
-2416
-1535
-828
630
2849
4077
4259
2643
856
736
1290
2781
3692
2736
1394
-940
-3048
-3922
-3828
-2483
-1589
-1315
-1069
-1753
-2155
-2932
-3816
-3261
-1913
102
1735
2070
2110
1462
1131
1578
2066
3250
4047
3870
3155
1642
303
-913
-1897
-1856
-1548
-767
-67
-268
-412
-489
-316
219
648
1279
1616
1404
1006
347
326
934
1422
1889
1983
1958
1770
1050
403
-14
-29
459
787
1028
815
97
-527
-1078
-1054
-422
90
330
76
-316
-536
-685
-436
-38
222
466
431
264
122
69
266
613
1160
1735
1760
1353
529
-380
-1082
-1689
-2196
-2811
-3221
-3367
-3444
-3267
-3110
-2956
-2577
-2549
-2517
-2665
-2634
-1886
-648
1590
3878
4426
3582
1886
1103
2089
3703
5030
4456
2257
-236
-2791
-3873
-3361
-2524
-1820
-2097
-2563
-2807
-3232
-3500
-3860
-3478
-1783
-118
972
1009
311
37
202
1212
2562
3531
4105
3646
2695
2093
1692
1620
1304
729
330
-270
-887
-1704
-2350
-1956
-1134
-238
342
260
54
-329
-647
-418
236
1371
2292
2574
2478
2160
1897
1757
1694
1935
2120
1960
1423
661
97
-279
-397
-366
-327
-237
-322
-655
-1012
-1172
-969
-645
-269
204
453
465
313
69
40
228
466
598
561
641
876
1113
1270
1082
644
90
-569
-1431
-2339
-3051
-3404
-3593
-3532
-3476
-3524
-3504
-3418
-3349
-3156
-2532
-1435
616
2756
3658
2988
1677
1396
2765
4612
6175
5912
3968
1351
-1171
-2421
-2117
-1070
-739
-1775
-3123
-4100
-4743
-4834
-4826
-4101
-2619
-1230
-726
-1052
-1361
-933
-52
1442
2858
3644
3726
2980
2137
1999
2664
3539
3658
3262
2569
1504
340
-909
-1756
-1614
-1046
-730
-1037
-1577
-1904
-2067
-1891
-1330
-546
429
1034
1185
1347
1649
2304
2890
3245
3498
3331
2821
2165
1573
1472
1343
1073
622
-76
-543
-772
-862
-927
-1133
-1203
-1340
-1430
-1153
-892
-566
-251
-40
107
72
55
11
-119
70
363
760
1071
1080
902
514
259
-119
-773
-1517
-2346
-3133
-3598
-3849
-4075
-4363
-4389
-4319
-3796
-2966
-1297
850
1887
1748
879
615
2063
3887
5494
5858
4790
3323
1387
264
347
918
1088
-280
-2172
-3359
-4180
-4355
-4700
-4644
-3770
-3208
-3117
-3487
-3704
-2687
-1348
282
1799
2602
2933
2305
1563
1751
2560
3834
4371
4078
3808
3254
2701
2053
1331
1225
898
-15
-1203
-2365
-2675
-2623
-2600
-2320
-2116
-1717
-1463
-1487
-887
27
1022
1875
2337
2811
3086
3088
3154
3069
3188
3265
2815
2124
1407
959
759
492
291
-185
-876
-1356
-1813
-1984
-1885
-1675
-1395
-1273
-1171
-1013
-897
-638
-427
-298
-192
-167
-105
86
423
946
1152
1055
577
-39
-504
-1020
-1561
-2068
-2668
-3248
-3926
-4484
-4313
-3953
-2447
-670
424
228
-646
-631
1049
2837
4710
4865
3890
2858
1587
1414
1828
2606
2827
1254
-644
-1838
-2863
-2802
-3256
-3276
-2871
-2990
-3443
-4513
-5057
-4037
-2884
-1312
92
628
1156
909
733
1333
2162
3345
3522
3021
2856
2605
2734
3004
3079
3591
3442
2497
1003
-496
-983
-1186
-1436
-1532
-1853
-2005
-2177
-2528
-2208
-1449
-546
-19
74
408
970
1523
2173
2583
2854
2950
2782
2509
2275
2226
2260
2013
1680
1289
801
314
-86
-413
-743
-1104
-1463
-1813
-2040
-1904
-1595
-1295
-1138
-1126
-1259
-1359
-1379
-1149
-748
-241
12
11
-111
-320
-511
-441
-391
-403
-743
-1444
-2206
-3128
-3271
-3011
-2338
-758
292
-96
-1288
-2139
-667
1609
3632
4606
3454
2334
1221
621
1384
2592
3586
2970
591
-925
-2107
-2416
-2272
-2572
-2114
-1920
-2650
-3748
-4856
-4349
-2898
-1916
-781
-358
-158
81
-47
612
1848
3037
3566
2853
2161
1904
1709
1976
2302
2922
3483
2992
1836
653
284
518
329
-194
-812
-1361
-1617
-1850
-1663
-1029
-425
-266
-614
-665
-260
286
851
1245
1598
1828
1819
1683
1573
1818
2205
2111
1800
1335
1052
999
998
1095
909
414
-222
-992
-1485
-1453
-1272
-989
-1043
-1204
-1424
-1618
-1636
-1429
-1213
-833
-788
-1013
-1251
-1525
-1488
-1384
-1109
-872
-988
-1430
-1822
-2376
-2076
-1807
-524
785
1132
39
-1586
-1936
-41
1880
3621
3529
2322
1348
328
587
1710
3074
3675
2179
225
-752
-1636
-1569
-1968
-2040
-1738
-2335
-3502
-4897
-5417
-4080
-2892
-1953
-1262
-1272
-1087
-1119
-711
731
2255
3494
3575
3001
2931
2893
2812
2798
2726
3044
2809
1945
889
303
495
627
326
-191
-847
-1377
-1851
-1962
-1375
-655
-128
-307
-614
-432
21
707
1235
1414
1469
1157
1072
1244
1693
2369
2464
2030
1479
874
756
833
1131
1386
1112
635
45
-579
-739
-744
-691
-755
-1054
-1350
-1771
-2023
-1850
-1556
-1126
-857
-1132
-1527
-1796
-1745
-1642
-1543
-1450
-1450
-1780
-1959
-2296
-2190
-1875
-883
725
1541
1091
-386
-1352
-223
1550
3128
3592
2369
1454
256
110
1143
2487
3464
2741
783
44
-601
-619
-747
-1076
-595
-842
-2110
-3662
-4930
-4495
-3521
-3101
-2436
-2286
-2212
-2280
-2306
-1132
532
1847
2319
2088
2343
3103
3556
3890
4083
4454
4370
3387
2099
1224
1213
1309
917
214
-572
-1235
-1798
-2133
-1783
-1340
-1123
-1426
-1897
-1735
-1064
-88
835
1274
1364
1053
682
781
1241
1968
2455
2354
1996
1495
1055
1001
1249
1561
1507
1039
439
-163
-478
-499
-477
-594
-822
-1188
-1631
-1963
-2048
-1978
-1787
-1630
-1622
-1787
-2084
-2076
-1997
-1800
-1538
-1484
-1653
-1894
-2228
-2085
-1993
-1107
543
1383
1193
-32
-639
387
1743
3132
3648
2759
2152
747
216
1047
2497
3517
2569
592
-72
-550
-530
-688
-956
-343
-545
-1721
-3110
-3829
-3116
-2422
-2568
-2456
-2573
-2715
-3065
-3195
-2033
-327
853
896
443
742
1598
2357
3085
3840
4781
4995
4246
3199
2596
2888
3037
2599
1877
832
-196
-1068
-1596
-1240
-968
-1063
-1621
-2432
-2611
-2310
-1849
-1019
-426
117
363
226
457
942
1554
2187
2345
2318
1982
1514
1431
1606
1963
2108
1729
1074
404
-17
-141
-235
-333
-763
-1264
-1735
-2072
-2149
-2136
-1883
-1853
-2066
-2364
-2609
-2676
-2476
-2393
-2221
-2386
-2233
-2251
-2136
-1997
-1307
147
954
716
-321
-761
640
2385
3499
3924
2878
2439
1523
1059
1811
2979
3813
3163
1022
350
30
-38
-135
-654
-395
-759
-2244
-3664
-4324
-3513
-2394
-2474
-2492
-2676
-2821
-3082
-3245
-2293
-763
259
399
-60
98
842
1558
2418
3226
4054
4145
3386
2810
2701
3263
3726
3484
3112
2345
1358
486
-232
-63
90
-283
-889
-1827
-2254
-2205
-2106
-1662
-1421
-1310
-1282
-1491
-1155
-442
255
921
1258
1582
1814
1865
1914
2098
2346
2494
2305
1853
1421
1218
1009
699
275
-263
-674
-1250
-1734
-2071
-2262
-2331
-2398
-2633
-2727
-3000
-3081
-2987
-2793
-2696
-2767
-2961
-2897
-2455
-1926
-702
352
813
235
-696
-476
1239
2730
3935
3586
2620
2005
1424
2007
3170
4080
4096
2501
812
540
421
646
406
306
302
-612
-2195
-3402
-3595
-2751
-2326
-2565
-2986
-3487
-3822
-4013
-3258
-1844
-662
-348
-794
-862
-155
723
1653
2417
3278
3987
3718
3209
2945
3153
3673
3545
3048
2504
1783
1269
820
706
896
620
-88
-959
-1659
-1740
-1643
-1497
-1432
-1555
-1718
-1828
-1719
-1209
-542
-217
-255
-317
-99
395
982
1389
1702
1880
1943
1922
1785
1808
2042
1996
1560
860
207
-120
-341
-712
-1163
-1892
-2429
-2953
-3232
-3347
-3235
-3279
-3423
-3747
-3835
-3914
-3569
-3098
-2484
-1132
-211
312
-265
-841
-168
1511
2922
4229
3662
3002
2115
1585
2395
3649
4664
4532
2661
1233
1026
1110
1525
1037
649
-11
-1073
-2175
-2790
-2642
-2024
-2052
-2377
-2838
-3274
-3658
-3937
-3197
-2138
-1364
-1284
-1754
-1557
-655
416
1458
2002
2453
2833
2670
2956
3476
4111
4528
4105
3541
3030
2471
2183
1790
1455
1152
358
-442
-1147
-1449
-1310
-1215
-1220
-1587
-2107
-2384
-2284
-1691
-959
-397
-161
-287
-293
-104
329
1011
1399
1494
1289
977
972
1038
1310
1743
1839
1619
1006
300
-26
-102
2
-147
-596
-1168
-1946
-2658
-3100
-3163
-3038
-3321
-3670
-4106
-4310
-3930
-3561
-2419
-1280
-852
-1184
-1688
-1207
729
2088
3360
3210
2707
2237
1972
2582
4026
4984
4867
3118
1504
1351
1526
1976
1654
1332
590
-515
-1727
-2221
-2054
-1533
-1945
-2537
-3005
-3228
-3357
-3661
-3150
-2106
-1421
-1438
-2062
-2209
-1345
-311
731
1428
1816
2070
1777
1779
2455
3346
3983
3751
3157
2769
2507
2462
2459
2475
2424
1765
838
-112
-716
-944
-1078
-1165
-1369
-1791
-2266
-2720
-2607
-2014
-1320
-881
-936
-1049
-898
-476
361
1088
1571
1754
1631
1606
1669
1783
1953
1852
1592
1188
703
311
-47
-287
-504
-765
-1128
-1552
-2019
-2371
-2631
-2707
-2850
-2911
-3246
-3534
-3634
-3420
-2520
-1601
-1241
-1479
-2008
-1634
-277
1007
2358
2689
2401
1928
1390
1852
3186
4361
4788
3768
2479
2001
1911
2113
2041
1851
1244
115
-1144
-1980
-2072
-1791
-1940
-2219
-2587
-2903
-3173
-3636
-3421
-2669
-1995
-1576
-1645
-1639
-1191
-732
-40
858
1709
2368
2271
1938
2044
2624
3344
3570
3407
3083
2651
2241
1931
1800
1791
1523
1103
463
-24
-297
-528
-698
-813
-995
-1243
-1705
-2042
-2085
-1835
-1309
-944
-816
-896
-945
-686
-128
428
874
1020
1063
1112
1259
1533
1817
1880
1748
1436
1063
665
249
-156
-503
-890
-1283
-1838
-2314
-2810
-3098
-3377
-3393
-3384
-3329
-3383
-3323
-2594
-1588
-914
-1031
-1518
-1489
-355
703
1981
2288
2138
1690
1248
1453
2651
3673
4132
3343
2186
1748
1687
1893
1891
1815
1392
603
-406
-1001
-1165
-1144
-1702
-2148
-2424
-2415
-2474
-2974
-3236
-2905
-2426
-1835
-1486
-1183
-855
-829
-640
33
1070
2142
2550
2452
2380
2447
2784
3005
3304
3500
3296
2800
2303
2039
1964
1593
1110
568
114
-241
-706
-1119
-1410
-1540
-1541
-1577
-1590
-1579
-1633
-1500
-1300
-963
-642
-493
-338
-192
-42
268
630
1037
1283
1265
1218
1158
1146
1039
891
837
742
589
230
-216
-616
-925
-1238
-1529
-1947
-2253
-2765
-3143
-3504
-3659
-3532
-3478
-3017
-2299
-1801
-1570
-1738
-1820
-877
192
1635
2549
2612
2261
1599
1340
2123
3248
4091
3915
2912
2101
1538
1373
1232
1322
1344
840
-59
-967
-1540
-1582
-1862
-2140
-2195
-2115
-1953
-2162
-2532
-2546
-2452
-2186
-1758
-1110
-356
-52
-81
-18
440
1315
1977
2377
2703
2831
2952
2761
2698
2922
3015
2885
2620
2376
2274
1830
1170
568
148
27
-198
-416
-682
-1114
-1587
-2100
-2273
-1978
-1638
-1345
-1284
-1291
-1200
-1110
-791
-284
248
658
775
821
885
988
1202
1389
1545
1542
1307
991
679
349
58
-263
-526
-846
-1175
-1615
-2046
-2351
-2615
-2833
-3005
-3281
-3312
-3333
-3249
-2530
-1878
-1381
-1382
-1730
-1623
-864
18
1361
2100
2438
2193
1608
1532
2196
3113
3780
3624
3124
2593
2057
1596
1124
1037
753
193
-393
-834
-1022
-1362
-2229
-2884
-3176
-2873
-2433
-2253
-2128
-2105
-2275
-2322
-2022
-1021
11
592
819
888
1292
1816
2081
2383
2713
3079
3352
3280
3213
3039
2621
2161
1905
1984
2130
1847
1217
424
-171
-621
-919
-925
-845
-860
-1151
-1657
-1879
-1814
-1599
-1381
-1222
-991
-794
-687
-526
-288
-22
127
245
514
896
1294
1479
1452
1286
1035
815
695
669
682
463
84
-447
-937
-1328
-1699
-2029
-2279
-2597
-2878
-3165
-3390
-3399
-3479
-3128
-2500
-1759
-1325
-1309
-1479
-1077
-491
525
1380
1909
2184
1970
1758
1880
2291
2766
2898
2634
2567
2459
2373
1905
1401
879
285
-289
-656
-803
-770
-1206
-1885
-2557
-2960
-2932
-2796
-2547
-2117
-1920
-1918
-2019
-1810
-1093
-351
273
710
1181
1805
2276
2571
2842
3003
3165
3151
3187
3326
3335
3034
2563
2184
2099
1892
1459
795
234
-148
-488
-750
-918
-1104
-1347
-1745
-2047
-2006
-1747
-1421
-1238
-1086
-914
-721
-538
-294
19
364
560
721
846
960
1095
1133
1102
1026
857
717
557
414
265
-9
-357
-774
-1130
-1437
-1728
-1954
-2163
-2452
-2770
-3115
-3205
-3225
-3112
-2722
-2266
-1790
-1454
-1380
-1102
-691
-163
610
1164
1714
2002
2014
2040
2224
2485
2701
2507
2343
2229
2243
2082
1634
1139
520
-160
-654
-936
-900
-887
-1295
-1857
-2423
-2713
-2778
-2780
-2610
-2363
-2130
-1934
-1777
-1319
-794
-306
103
454
962
1596
2026
2429
2729
2990
3173
3167
3128
3058
2876
2608
2308
2218
2171
1921
1475
869
341
-112
-568
-835
-948
-1035
-1141
-1408
-1610
-1686
-1656
-1618
-1519
-1297
-944
-680
-428
-237
13
241
409
618
863
1084
1252
1327
1341
1248
1036
770
530
369
157
-170
-536
-844
-1042
-1197
-1524
-1863
-2267
-2597
-2878
-2997
-2954
-2808
-2587
-2224
-1902
-1550
-1340
-1223
-885
-476
48
592
943
1342
1644
1907
2178
2375
2475
2403
2230
2156
2148
2189
2073
1719
1329
715
48
-511
-911
-1058
-1226
-1561
-1857
-2124
-2221
-2310
-2407
-2405
-2332
-2207
-2069
-1832
-1316
-787
-303
117
462
932
1351
1675
2054
2379
2659
2847
2923
3037
3029
2896
2634
2359
2217
2048
1733
1363
1006
704
310
-113
-415
-653
-845
-1073
-1257
-1249
-1249
-1260
-1270
-1214
-983
-780
-654
-490
-290
-45
98
190
371
618
817
895
875
882
829
712
620
560
516
336
-8
-386
-716
-992
-1234
-1515
-1700
-1977
-2275
-2636
-2858
-2825
-2714
-2497
-2190
-1928
-1549
-1293
-1062
-627
-292
59
339
578
1000
1350
1601
1789
1917
2093
2104
2006
1942
1857
1829
1635
1290
1038
671
309
-73
-454
-690
-1001
-1380
-1717
-1961
-2054
-2141
-2228
-2213
-2136
-1986
-1888
-1745
-1386
-990
-561
-153
257
745
1122
1384
1696
2012
2335
2507
2528
2598
2656
2668
2565
2380
2252
2103
1850
1562
1263
988
607
156
-207
-460
-593
-727
-825
-861
-919
-999
-1074
-1033
-886
-732
-581
-401
-188
51
189
304
455
579
658
658
707
750
698
537
350
228
154
-9
-220
-417
-599
-761
-1012
-1229
-1413
-1615
-1875
-2145
-2333
-2344
-2378
-2357
-2187
-1930
-1572
-1295
-1064
-786
-508
-325
-115
115
506
874
1109
1246
1442
1626
1720
1686
1657
1674
1688
1554
1276
1013
762
487
186
-104
-322
-538
-859
-1167
-1407
-1517
-1582
-1702
-1799
-1813
-1805
-1745
-1669
-1448
-1162
-866
-601
-295
71
478
831
1102
1316
1519
1712
1865
2021
2161
2232
2221
2113
1965
1867
1762
1665
1512
1304
1072
782
474
217
-23
-198
-356
-494
-580
-633
-631
-619
-623
-622
-601
-531
-422
-294
-116
81
278
453
526
557
545
530
531
527
490
396
254
110
-27
-172
-299
-480
-660
-859
-1048
-1203
-1356
-1532
-1710
-1916
-2022
-2043
-2056
-1951
-1804
-1543
-1199
-942
-756
-609
-489
-277
-54
157
372
544
716
880
1083
1271
1379
1450
1462
1439
1371
1222
1046
894
722
525
272
12
-211
-416
-602
-746
-841
-928
-1049
-1209
-1291
-1301
-1224
-1177
-1126
-1045
-897
-685
-453
-200
116
412
639
800
928
1096
1246
1389
1491
1545
1546
1492
1455
1495
1546
1538
1413
1240
1121
1030
900
711
505
356
233
130
58
18
-13
-85
-191
-277
-316
-316
-308
-288
-229
-134
-34
34
112
197
262
291
301
253
180
110
38
-19
-69
-127
-217
-292
-365
-467
-621
-810
-1002
-1165
-1339
-1502
-1669
-1803
-1857
-1865
-1777
-1618
-1469
-1324
-1191
-1037
-821
-613
-455
-297
-155
3
133
260
424
627
805
906
948
1003
1068
1095
1067
1008
943
829
626
393
175
7
-147
-332
-466
-508
-505
-543
-632
-724
-778
-814
-853
-870
-810
-718
-610
-503
-365
-157
75
261
416
574
719
821
845
820
813
827
827
838
851
877
934
1010
1090
1165
1171
1081
930
766
670
623
625
629
577
494
390
317
293
295
297
242
163
90
32
37
55
79
102
114
98
78
48
13
-21
-68
-137
-242
-326
-368
-387
-416
-461
-491
-520
-596
-685
-821
-981
-1133
-1270
-1373
-1447
-1508
-1571
-1594
-1544
-1404
-1226
-1045
-894
-751
-643
-534
-393
-272
-161
-76
-2
128
293
442
546
619
693
784
868
934
931
840
691
499
342
201
93
-24
-105
-133
-155
-192
-264
-352
-378
-388
-413
-461
-508
-539
-563
-536
-450
-325
-166
-6
111
228
323
411
482
535
549
517
446
395
406
489
610
734
843
913
961
1012
1069
1133
1154
1115
1051
967
917
866
836
829
827
824
785
688
567
459
389
336
257
162
52
-40
-107
-168
-222
-269
-296
-310
-366
-440
-505
-558
-567
-578
-576
-550
-558
-578
-637
-682
-666
-688
-743
-824
-932
-1044
-1168
-1305
-1375
-1392
-1337
-1275
-1184
-1038
-908
-799
-720
-658
-549
-457
-364
-291
-254
-190
-111
-7
150
292
419
533
617
712
767
792
760
698
632
534
417
300
200
138
93
70
67
44
-17
-93
-181
-217
-248
-283
-315
-365
-389
-404
-385
-305
-189
-69
52
148
250
329
355
389
409
455
480
493
543
605
736
862
979
1119
1219
1275
1309
1306
1279
1225
1159
1091
1012
927
813
683
608
550
496
416
314
243
175
97
11
-107
-217
-327
-443
-521
-550
-536
-523
-524
-542
-552
-539
-518
-511
-491
-477
-486
-493
-505
-513
-548
-579
-617
-680
-742
-803
-855
-894
-980
-1099
-1219
-1285
-1241
-1175
-1111
-1066
-1023
-959
-864
-750
-642
-560
-472
-412
-328
-232
-139
-63
18
138
300
440
556
624
673
718
765
782
738
653
523
385
264
171
108
81
30
-9
-36
-53
-87
-156
-253
-331
-399
-436
-447
-427
-354
-235
-105
19
128
251
381
487
596
700
788
834
856
877
933
1025
1119
1193
1285
1353
1399
1398
1359
1314
1247
1153
1030
875
681
489
298
169
80
15
-56
-101
-82
-79
-105
-162
-250
-307
-363
-417
-448
-468
-475
-476
-464
-416
-354
-306
-262
-201
-126
-85
-103
-209
-322
-387
-440
-493
-531
-588
-660
-722
-775
-805
-866
-958
-1083
-1212
-1279
-1306
-1319
-1321
-1297
-1246
-1169
-1051
-895
-693
-469
-303
-223
-197
-159
-103
-26
56
160
264
393
532
671
820
966
1047
1034
975
876
762
636
487
322
173
53
-35
-90
-136
-158
-169
-177
-168
-156
-164
-179
-203
-226
-195
-108
17
146
279
406
556
731
901
1034
1111
1127
1139
1135
1140
1138
1132
1119
1113
1107
1099
1079
1041
984
912
794
617
401
165
-48
-224
-355
-436
-485
-479
-431
-374
-311
-261
-236
-257
-286
-323
-343
-387
-433
-454
-431
-378
-303
-227
-148
-80
-30
-18
-47
-108
-215
-312
-424
-529
-638
-737
-797
-842
-876
-925
-974
-1032
-1135
-1264
-1399
-1471
-1462
-1421
-1362
-1285
-1194
-1075
-916
-727
-514
-306
-164
-77
-43
27
136
255
346
412
460
547
658
781
904
991
1017
970
893
790
685
556
404
254
139
58
1
-46
-70
-55
-29
-11
-11
-13
20
48
83
120
175
252
341
435
554
696
842
975
1065
1115
1143
1140
1114
1074
1038
989
922
839
748
709
703
692
638
536
400
224
41
-112
-237
-355
-468
-562
-600
-586
-525
-442
-359
-268
-197
-148
-120
-103
-88
-93
-115
-125
-143
-135
-126
-112
-94
-87
-86
-112
-157
-219
-286
-364
-458
-583
-711
-824
-943
-1039
-1101
-1119
-1133
-1161
-1211
-1252
-1295
-1306
-1291
-1250
-1193
-1147
-1085
-995
-855
-677
-464
-301
-174
-86
-21
55
122
183
228
240
273
308
364
442
525
612
684
717
733
708
655
591
521
458
383
281
186
117
97
140
220
291
317
341
358
400
466
533
578
600
616
647
681
719
755
809
859
901
920
901
875
850
804
757
686
612
528
439
365
310
277
224
150
73
0
-86
-175
-288
-384
-454
-474
-450
-398
-347
-272
-182
-89
-3
32
44
51
47
22
-36
-111
-181
-240
-283
-281
-279
-275
-290
-331
-383
-423
-448
-480
-538
-626
-728
-833
-925
-993
-1003
-988
-1000
-1011
-1040
-1050
-1036
-1025
-1005
-987
-966
-919
-855
-754
-622
-501
-380
-266
-145
-17
64
109
125
143
166
187
214
254
296
347
430
535
654
740
771
744
712
701
688
635
573
483
412
358
336
349
379
401
424
459
519
584
610
625
605
569
558
555
561
572
574
585
594
607
631
640
644
607
550
509
443
389
326
250
196
132
80
47
-10
-66
-120
-192
-238
-270
-307
-322
-347
-344
-316
-264
-187
-123
-72
-43
-18
-20
-32
-71
-129
-188
-254
-294
-328
-336
-339
-351
-342
-324
-303
-272
-274
-293
-351
-448
-528
-615
-683
-704
-737
-765
-809
-849
-876
-899
-901
-927
-954
-953
-924
-880
-792
-704
-604
-504
-417
-308
-199
-104
-9
28
84
111
139
168
203
254
304
338
413
507
597
685
715
738
746
744
712
636
532
455
390
351
334
328
340
351
365
413
467
536
548
533
508
495
488
487
466
471
481
491
518
527
542
557
540
513
465
423
374
300
223
132
71
19
-7
-35
-69
-116
-176
-221
-273
-312
-373
-449
-500
-532
-484
-428
-359
-294
-255
-217
-172
-132
-84
-69
-88
-129
-174
-192
-189
-171
-149
-127
-116
-85
-65
-41
-23
-53
-102
-190
-272
-338
-393
-460
-537
-613
-675
-717
-744
-768
-805
-821
-834
-814
-782
-734
-690
-640
-580
-504
-416
-295
-171
-62
33
107
188
259
322
360
393
413
447
480
523
587
614
637
632
637
659
657
615
557
466
383
316
243
196
143
111
93
107
149
217
271
309
342
365
395
419
434
449
467
477
496
498
526
537
549
555
558
537
498
439
342
265
177
91
-8
-91
-179
-253
-339
-405
-461
-510
-542
-589
-633
-665
-676
-667
-621
-569
-493
-416
-346
-255
-170
-88
-3
45
80
84
86
88
62
53
56
58
86
124
143
141
102
36
-41
-145
-246
-368
-486
-589
-684
-761
-821
-848
-837
-795
-739
-657
-606
-559
-518
-488
-449
-398
-341
-247
-170
-74
10
103
208
321
425
491
509
497
464
418
387
337
297
268
258
276
318
354
377
361
329
279
245
193
143
79
48
38
58
106
168
242
326
413
499
567
613
625
615
615
614
613
607
610
603
596
591
579
537
498
425
333
203
72
-64
-199
-327
-434
-519
-585
-629
-639
-637
-646
-646
-640
-626
-604
-568
-522
-475
-424
-371
-312
-233
-133
-17
67
144
194
220
232
234
224
213
184
153
132
107
88
63
16
-42
-100
-173
-248
-325
-410
-498
-573
-607
-601
-583
-548
-515
-482
-427
-366
-308
-266
-249
-221
-192
-152
-88
-35
4
51
106
175
243
282
286
245
197
139
103
66
54
39
39
41
60
89
115
127
121
113
89
78
47
39
24
28
58
106
165
242
330
412
492
577
634
662
659
651
649
645
651
648
621
591
563
525
475
403
324
216
105
0
-110
-204
-298
-373
-420
-454
-470
-479
-497
-495
-491
-474
-466
-471
-474
-470
-448
-408
-343
-282
-217
-160
-101
-52
-2
40
65
68
96
108
113
98
67
60
39
11
-20
-40
-87
-124
-168
-187
-213
-243
-254
-264
-243
-221
-171
-166
-151
-161
-145
-145
-140
-128
-143
-150
-157
-135
-96
-42
-7
21
18
4
-8
-11
-26
-55
-92
-132
-149
-141
-141
-124
-105
-85
-55
-51
-38
-50
-56
-59
-55
-39
-19
26
70
130
182
266
335
404
450
505
553
577
600
620
639
647
655
668
658
646
617
583
517
449
358
297
229
165
106
46
-9
-67
-116
-157
-192
-235
-278
-320
-334
-357
-369
-379
-366
-355
-327
-313
-288
-264
-237
-212
-211
-195
-173
-133
-101
-69
-42
-28
-2
15
25
17
-9
-41
-62
-90
-88
-81
-94
-88
-69
-29
3
30
45
45
22
10
-15
-24
-37
-62
-90
-94
-99
-115
-112
-113
-114
-134
-138
-146
-165
-192
-217
-239
-267
-261
-267
-253
-257
-265
-261
-277
-275
-278
-261
-267
-255
-246
-219
-177
-144
-84
-38
26
64
96
123
168
198
229
264
306
336
373
428
479
502
519
539
536
539
515
494
454
418
371
362
338
323
321
294
264
231
214
169
129
67
35
1
-32
-60
-89
-102
-130
-138
-140
-145
-157
-173
-192
-218
-229
-233
-225
-208
-185
-145
-105
-79
-63
-63
-71
-84
-106
-111
-87
-70
-63
-33
-9
21
59
94
112
129
130
138
120
99
71
45
19
-6
-21
-26
-41
-64
-81
-105
-130
-141
-170
-208
-246
-250
-263
-261
-264
-276
-296
-310
-298
-333
-333
-360
-368
-392
-378
-363
-326
-315
-300
-256
-231
-186
-148
-108
-69
-27
-4
30
45
58
87
115
142
191
208
247
259
276
297
325
349
355
351
356
368
357
371
371
369
368
360
351
327
298
277
267
244
218
202
179
159
131
126
111
90
52
5
-35
-75
-98
-115
-124
-146
-142
-143
-151
-139
-120
-83
-50
-44
-35
-32
-50
-54
-32
-13
25
50
69
89
98
129
162
174
189
202
202
184
170
160
134
105
71
46
18
-2
-35
-47
-60
-71
-99
-128
-153
-167
-188
-201
-198
-223
-230
-236
-232
-261
-291
-288
-304
-330
-334
-331
-335
-334
-319
-290
-283
-291
-255
-223
-245
-199
-160
-146
-145
-134
-115
-111
-102
-52
-17
-16
16
53
49
41
60
111
128
120
176
210
215
241
284
315
328
321
343
339
303
306
293
243
226
203
197
204
172
169
190
178
166
145
126
117
85
53
44
14
-14
-22
-12
5
0
7
30
18
6
34
42
61
59
72
102
93
88
96
102
89
120
113
114
112
94
108
85
73
60
47
28
10
-13
-39
-55
-81
-89
-100
-124
-150
-198
-207
-220
-240
-243
-258
-279
-294
-299
-310
-317
-339
-347
-339
-354
-336
-314
-312
-327
-324
-309
-291
-282
-273
-253
-259
-248
-234
-223
-222
-212
-178
-167
-147
-131
-102
-97
-88
-57
-50
-13
-10
19
33
65
111
143
177
196
233
228
248
266
275
297
295
304
316
297
265
256
263
251
268
253
238
220
205
208
185
182
179
181
171
163
156
163
152
125
123
126
126
120
118
145
163
182
196
194
198
189
195
202
203
197
195
179
162
155
143
134
111
102
95
85
67
45
21
-16
-49
-77
-92
-103
-118
-134
-154
-172
-183
-192
-216
-222
-232
-255
-262
-282
-290
-295
-296
-296
-294
-287
-283
-276
-274
-267
-257
-272
-276
-280
-276
-276
-271
-264
-254
-238
-240
-222
-220
-210
-190
-168
-153
-130
-107
-95
-92
-73
-43
-28
-4
12
34
48
69
94
97
105
127
141
142
158
182
180
172
172
183
175
162
176
170
175
174
177
169
152
162
172
171
172
188
186
183
190
203
219
223
225
227
234
235
233
231
227
240
235
220
223
220
218
207
192
174
144
122
105
87
63
57
35
11
-5
-17
-23
-39
-54
-65
-88
-103
-120
-139
-143
-144
-163
-180
-186
-188
-190
-200
-196
-201
-212
-220
-220
-228
-231
-235
-238
-242
-251
-248
-243
-253
-259
-253
-247
-253
-260
-257
-255
-248
-244
-230
-225
-213
-204
-200
-177
-148
-130
-117
-96
-86
-79
-64
-45
-24
-12
4
11
15
26
41
59
61
62
70
78
72
79
83
80
93
98
99
108
118
115
118
121
132
143
142
145
161
172
182
201
213
228
241
263
275
269
267
271
262
259
261
253
237
228
215
204
192
189
179
161
152
135
123
103
86
72
61
47
29
14
-6
-13
-11
-7
-8
-18
-37
-49
-59
-75
-91
-102
-111
-120
-130
-140
-153
-161
-162
-161
-163
-173
-180
-188
-199
-210
-204
-203
-212
-216
-222
-211
-202
-199
-184
-176
-167
-161
-156
-161
-160
-149
-141
-122
-110
-101
-81
-63
-48
-44
-38
-34
-28
-30
-24
-4
-10
-10
-11
-5
8
20
35
40
34
30
40
43
47
53
59
65
65
72
88
104
117
135
150
164
166
164
170
183
191
193
203
211
217
215
220
230
239
238
236
228
212
197
183
173
160
154
155
143
134
133
131
123
116
112
97
75
58
47
34
25
12
6
1
-5
-14
-27
-38
-48
-55
-71
-82
-95
-111
-128
-135
-147
-157
-165
-171
-176
-186
-193
-209
-215
-222
-227
-231
-220
-220
-214
-205
-202
-187
-169
-158
-153
-151
-147
-148
-148
-150
-140
-127
-121
-113
-115
-119
-116
-109
-105
-101
-97
-97
-96
-92
-88
-76
-72
-66
-58
-50
-50
-51
-43
-33
-18
-12
-5
4
14
22
37
55
68
82
93
107
120
126
134
150
160
169
172
177
174
173
177
179
181
179
181
176
167
162
164
161
155
149
145
137
138
133
126
122
114
111
109
107
95
89
88
82
76
74
75
68
63
60
52
48
38
30
17
0
-8
-24
-35
-54
-63
-76
-92
-101
-114
-121
-135
-144
-150
-153
-153
-151
-157
-159
-159
-159
-158
-150
-141
-139
-135
-130
-121
-116
-113
-107
-104
-103
-103
-104
-111
-115
-116
-122
-118
-115
-108
-107
-100
-98
-97
-94
-97
-95
-95
-91
-84
-70
-59
-43
-30
-21
-11
1
10
16
23
36
40
47
58
64
77
83
94
103
107
113
116
115
119
116
115
110
109
111
111
117
121
120
120
126
129
132
133
134
137
146
142
137
130
130
132
137
139
132
127
115
109
108
104
98
96
93
83
69
59
52
41
29
23
13
-1
-16
-30
-40
-50
-60
-75
-89
-97
-106
-114
-120
-129
-129
-130
-132
-134
-136
-138
-139
-133
-131
-125
-120
-118
-110
-106
-97
-95
-95
-89
-87
-87
-85
-83
-87
-87
-85
-85
-84
-84
-78
-79
-78
-73
-66
-64
-61
-55
-49
-37
-27
-19
-9
-1
11
22
27
34
43
49
53
58
59
67
67
68
74
71
77
74
68
66
65
67
66
62
68
67
65
67
69
64
63
66
69
74
82
90
99
103
107
114
115
119
116
117
116
111
106
108
104
98
92
86
85
76
62
56
44
29
19
9
-2
-8
-15
-26
-33
-45
-52
-57
-69
-78
-89
-93
-96
-101
-102
-100
-98
-94
-90
-92
-89
-89
-88
-84
-82
-82
-81
-84
-81
-81
-81
-80
-86
-85
-82
-83
-86
-91
-93
-94
-95
-96
-97
-95
-93
-89
-85
-78
-68
-61
-54
-44
-35
-26
-15
-8
-1
8
11
17
20
26
32
34
35
39
39
37
37
32
28
28
25
26
25
20
23
25
29
27
33
35
35
36
42
49
54
59
66
72
77
81
86
90
97
101
104
103
103
101
98
97
94
93
95
89
86
83
76
68
60
53
44
40
31
22
15
10
5
-1
-6
-11
-15
-20
-26
-31
-34
-40
-45
-50
-50
-50
-55
-60
-61
-61
-64
-66
-68
-64
-62
-61
-64
-61
-59
-58
-56
-58
-56
-56
-57
-56
-59
-61
-59
-57
-59
-57
-54
-50
-46
-47
-43
-38
-33
-25
-22
-13
-7
-3
5
12
15
18
20
22
24
24
24
21
16
15
11
10
11
11
8
9
12
11
13
14
10
8
9
12
16
22
25
29
33
40
47
50
54
58
63
65
68
71
75
79
80
79
76
71
68
64
59
54
50
49
46
43
39
32
29
27
24
23
18
14
7
3
0
-4
-6
-8
-9
-12
-14
-14
-15
-20
-22
-24
-27
-31
-35
-40
-41
-43
-44
-50
-53
-55
-59
-59
-61
-63
-63
-63
-62
-64
-66
-64
-63
-60
-58
-54
-50
-49
-46
-44
-42
-38
-35
-32
-31
-31
-25
-21
-18
-12
-6
-4
0
2
2
3
4
3
1
-2
-1
1
-1
0
3
5
7
12
14
15
17
21
24
28
33
36
38
43
45
46
51
52
54
56
56
58
58
58
61
62
62
62
62
62
58
56
51
49
46
42
40
36
32
27
24
19
16
15
12
9
7
4
0
-3
-6
-10
-13
-17
-21
-23
-27
-29
-35
-39
-42
-47
-50
-53
-54
-56
-61
-62
-62
-63
-66
-68
-70
-71
-71
-71
-71
-72
-72
-71
-68
-63
-61
-59
-56
-51
-49
-43
-39
-37
-33
-30
-28
-24
-24
-19
-16
-14
-12
-9
-8
-7
-5
-3
-1
0
3
6
9
11
12
14
17
20
22
22
24
24
26
30
32
35
36
39
43
46
49
53
56
57
60
62
64
66
66
67
67
68
68
65
65
65
63
61
60
57
55
54
52
49
47
45
43
38
37
34
30
25
22
20
18
15
11
9
6
4
2
-1
-3
-6
-9
-13
-17
-21
-24
-27
-32
-36
-40
-45
-45
-50
-54
-56
-59
-61
-61
-63
-65
-66
-65
-62
-61
-62
-60
-58
-58
-55
-54
-52
-49
-48
-45
-44
-42
-39
-36
-34
-30
-29
-26
-24
-22
-20
-18
-17
-15
-16
-15
-13
-11
-10
-9
-6
-5
-3
-2
0
3
5
9
12
16
20
23
26
30
36
38
42
44
45
49
51
53
54
55
59
59
61
62
62
63
63
62
61
59
58
58
55
54
50
47
45
43
42
39
38
35
33
32
29
26
24
21
19
15
11
7
5
2
-2
-6
-10
-14
-17
-22
-27
-31
-35
-40
-42
-46
-49
-52
-54
-58
-60
-62
-64
-67
-67
-66
-65
-64
-64
-63
-61
-58
-55
-52
-48
-46
-44
-41
-37
-34
-32
-29
-27
-25
-23
-21
-20
-18
-16
-15
-13
-12
-12
-12
-11
-9
-8
-7
-5
-4
-2
0
3
4
7
11
14
16
20
24
27
31
35
39
42
45
48
50
53
55
56
58
60
61
62
62
64
63
63
64
62
61
59
58
56
53
52
50
48
47
44
41
38
36
35
33
30
28
25
23
20
17
14
12
9
4
0
-5
-10
-12
-16
-22
-27
-32
-37
-42
-48
-52
-56
-61
-66
-71
-74
-79
-82
-84
-86
-87
-88
-88
-87
-86
-86
-83
-81
-79
-76
-74
-72
-68
-64
-60
-56
-53
-50
-46
-43
-38
-35
-31
-29
-25
-22
-20
-17
-15
-12
-9
-6
-6
-2
2
5
8
12
16
18
24
30
33
39
43
48
51
55
61
65
67
72
76
78
81
84
85
88
90
90
90
90
89
89
88
87
85
83
81
78
76
73
71
68
66
62
60
58
53
52
50
47
44
40
38
35
32
29
26
22
17
11
7
3
-3
-7
-14
-19
-25
-30
-36
-41
-47
-53
-59
-65
-69
-75
-77
-83
-87
-91
-95
-98
-98
-99
-99
-100
-98
-99
-96
-94
-94
-92
-89
-85
-82
-78
-74
-72
-70
-67
-65
-61
-58
-55
-52
-50
-48
-46
-44
-40
-36
-34
-30
-27
-23
-20
-15
-12
-9
-4
0
5
12
18
24
29
34
39
44
49
54
59
63
66
70
73
75
78
79
82
84
85
85
86
85
84
83
82
81
82
80
79
78
76
75
72
70
69
67
65
64
61
58
55
52
48
44
42
39
36
31
27
24
18
14
9
3
-2
-8
-12
-19
-25
-31
-37
-42
-48
-54
-59
-63
-68
-71
-76
-80
-84
-87
-88
-90
-91
-92
-93
-93
-92
-90
-89
-87
-85
-83
-80
-78
-75
-74
-72
-70
-68
-65
-63
-59
-56
-54
-51
-48
-46
-43
-40
-37
-35
-30
-25
-22
-20
-15
-11
-7
-1
3
9
16
21
26
32
38
44
50
54
59
63
67
69
73
76
78
79
80
81
84
83
83
84
84
82
82
81
80
82
78
76
75
75
73
71
68
66
65
62
61
59
57
55
53
52
50
47
44
41
35
31
26
21
16
11
5
-1
-6
-14
-20
-25
-31
-35
-40
-45
-49
-54
-60
-63
-69
-73
-77
-78
-80
-83
-85
-86
-87
-87
-89
-89
-89
-88
-88
-86
-85
-83
-80
-82
-82
-81
-77
-76
-75
-72
-71
-69
-68
-67
-65
-63
-58
-57
-52
-47
-42
-39
-35
-28
-24
-20
-15
-10
-2
3
8
13
21
28
32
37
44
49
54
58
64
70
72
76
79
83
85
86
86
87
89
88
89
90
90
89
87
87
88
88
89
89
89
86
84
83
80
79
77
74
73
70
66
63
60
56
51
49
45
40
36
29
26
20
13
6
0
-5
-13
-19
-25
-31
-35
-42
-46
-50
-54
-58
-64
-67
-70
-72
-77
-81
-81
-83
-85
-87
-88
-89
-89
-91
-92
-91
-91
-91
-91
-90
-89
-87
-88
-87
-84
-83
-82
-81
-79
-75
-74
-74
-71
-67
-63
-60
-55
-49
-45
-41
-35
-29
-23
-16
-13
-8
-1
5
9
13
18
25
29
31
37
41
47
50
53
57
60
63
65
66
68
68
70
71
74
73
75
76
77
78
78
79
81
81
81
83
84
84
83
81
80
77
75
72
70
67
66
62
57
53
49
44
41
39
35
29
26
23
19
14
8
4
0
-4
-9
-12
-15
-18
-23
-28
-29
-31
-34
-37
-39
-40
-42
-43
-47
-47
-48
-50
-53
-54
-54
-56
-57
-59
-58
-58
-60
-62
-61
-61
-62
-61
-58
-57
-57
-59
-57
-55
-54
-54
-51
-49
-46
-46
-43
-40
-37
-34
-32
-29
-25
-23
-21
-18
-14
-12
-9
-6
-4
-3
-1
-1
3
5
7
9
13
17
19
19
20
23
24
24
26
30
31
29
30
31
33
34
35
38
39
40
41
41
42
43
39
40
41
42
40
38
37
38
35
32
32
31
29
26
24
24
23
19
19
19
18
16
13
12
11
9
7
6
5
4
0
-2
-5
-6
-8
-8
-10
-11
-11
-14
-16
-17
-18
-20
-19
-19
-20
-23
-24
-24
-24
-24
-25
-25
-24
-24
-25
-24
-25
-24
-25
-26
-25
-23
-22
-24
-24
-22
-22
-22
-21
-19
-18
-18
-17
-14
-12
-12
-11
-8
-6
-6
-8
-5
-2
-1
-2
-1
1
2
2
2
4
6
7
7
8
11
10
10
12
13
13
13
13
14
17
16
15
16
17
17
16
18
20
21
20
21
20
20
18
17
18
19
17
17
15
16
15
12
12
13
13
12
13
13
12
11
11
11
9
8
7
6
6
5
4
4
4
3
1
1
0
1
-1
-1
1
1
1
0
-1
-1
-3
-6
-7
-7
-7
-7
-8
-10
-10
-13
-14
-14
-15
-15
-15
-17
-17
-17
-20
-21
-22
-21
-22
-23
-22
-20
-21
-23
-25
-23
-22
-20
-20
-19
-18
-18
-17
-16
-14
-14
-14
-12
-11
-10
-10
-11
-9
-8
-6
-6
-6
-5
-5
-3
0
2
3
4
4
3
4
4
6
10
11
12
14
14
16
15
16
17
19
21
22
23
24
24
22
22
22
23
24
24
25
25
24
21
21
20
20
20
20
20
18
19
18
18
17
15
14
12
10
8
7
6
6
4
1
0
-4
-6
-6
-6
-7
-6
-6
-9
-11
-14
-15
-17
-18
-19
-20
-21
-23
-24
-25
-27
-28
-29
-30
-28
-28
-28
-30
-31
-31
-31
-32
-30
-28
-27
-26
-26
-26
-26
-26
-25
-24
-22
-21
-20
-19
-16
-14
-12
-9
-8
-8
-7
-4
-1
2
3
7
8
7
6
9
10
12
14
16
19
20
21
21
23
24
26
27
27
28
29
30
30
30
28
28
27
28
29
29
29
28
26
26
25
25
26
26
25
24
21
21
20
20
19
17
16
13
13
13
12
13
11
8
6
3
1
0
-2
0
-1
-3
-5
-8
-10
-12
-15
-15
-16
-16
-17
-17
-17
-17
-19
-23
-22
-23
-23
-22
-22
-23
-24
-25
-26
-26
-25
-23
-23
-23
-23
-23
-22
-20
-17
-14
-14
-12
-11
-11
-10
-8
-6
-5
-4
-5
-6
-3
-3
-1
1
3
4
6
8
10
11
13
13
14
14
16
18
21
20
19
18
18
18
20
23
24
25
24
22
20
21
22
23
24
24
22
19
18
17
16
16
15
14
14
13
13
12
12
9
8
6
6
5
6
7
5
4
0
-1
-3
-5
-5
-5
-5
-5
-8
-9
-9
-11
-11
-11
-12
-13
-13
-13
-14
-14
-14
-17
-19
-19
-17
-18
-17
-17
-18
-18
-19
-18
-16
-16
-15
-14
-14
-15
-13
-13
-11
-10
-8
-8
-9
-10
-8
-7
-5
-2
-1
0
0
1
2
1
3
4
6
8
8
7
8
7
7
9
8
10
10
13
14
13
13
11
12
12
14
16
17
16
16
14
14
14
16
17
19
18
17
17
15
15
14
14
15
16
16
14
12
12
11
10
11
9
10
10
11
11
10
7
4
3
4
5
4
6
4
2
-1
-2
-3
-3
-2
-2
-3
-6
-7
-8
-8
-6
