2
1
1
1
0
1
2
0
0
0
1
1
1
1
1
2
1
1
2
2
1
2
2
1
2
2
3
3
2
2
2
2
2
1
1
2
2
1
1
2
1
1
0
0
0
0
0
0
1
1
0
-1
0
0
-2
0
-2
-1
-1
0
1
0
0
1
0
0
0
1
-1
-1
-1
-1
-1
-2
-2
-2
-2
-3
-2
-2
-1
0
0
0
-1
0
1
-1
-2
-2
-2
-1
-1
0
-1
-1
-2
-2
-2
-2
-3
-2
-3
-2
-1
-3
-1
-1
-2
-1
-4
-4
-4
-5
-5
-5
-5
-5
-4
-4
-4
-3
-3
-3
-3
-2
-3
-4
-4
-4
-4
-4
-5
-4
-4
-5
-5
-3
-4
-2
-1
-1
-1
0
1
1
1
0
1
1
2
2
2
2
2
3
3
3
5
4
5
5
5
5
6
5
5
4
3
3
3
4
3
5
6
5
5
6
5
5
4
5
5
6
6
5
3
4
3
4
3
4
5
4
5
4
5
5
6
6
7
7
7
7
5
4
4
4
3
5
4
3
3
4
5
5
6
5
6
5
5
5
3
3
2
0
-2
-1
-2
-4
-4
-4
-3
-4
-5
-4
-2
-4
-4
-3
-5
-5
-7
-5
-8
-8
-9
-9
-11
-11
-11
-11
-10
-11
-10
-10
-10
-9
-9
-10
-10
-9
-9
-10
-10
-10
-9
-10
-12
-11
-11
-12
-11
-10
-10
-8
-8
-8
-8
-7
-8
-7
-8
-7
-7
-7
-7
-5
-4
-3
-4
-4
-4
-3
-3
-2
-1
-1
-1
0
2
1
4
5
4
5
5
5
5
5
6
6
6
6
6
5
6
6
6
8
9
10
10
10
9
9
9
10
10
10
10
12
10
10
8
9
8
7
5
5
5
5
6
6
7
7
7
8
8
9
7
7
6
5
4
4
2
1
0
0
0
0
0
1
0
1
1
0
0
-1
0
-1
-1
-1
-1
-2
-2
-2
-4
-6
-6
-6
-6
-5
-3
-4
-4
-3
-3
-3
-4
-4
-5
-4
-6
-7
-6
-8
-8
-8
-9
-9
-11
-9
-9
-8
-7
-7
-6
-6
-6
-4
-4
-3
-4
-3
-3
-2
-3
-5
-5
-5
-6
-6
-5
-4
-2
0
1
2
1
3
2
3
2
2
2
3
2
3
4
3
4
4
5
5
5
4
6
7
8
7
7
8
9
9
9
8
8
8
7
6
4
3
2
1
1
-1
-1
0
1
2
3
2
0
0
-1
-2
-1
-2
-2
-2
-2
-3
-3
-5
-6
-6
-6
-6
-6
-5
-6
-5
-6
-6
-4
-6
-5
-4
-3
-3
-4
-4
-6
-6
-7
-7
-6
-6
-5
-5
-4
-3
-2
-2
-1
0
-1
1
2
3
3
4
4
4
4
3
4
3
3
3
2
5
5
6
7
8
9
9
11
9
10
10
10
10
9
8
7
8
8
8
8
9
11
11
11
11
9
9
8
8
6
7
7
6
5
4
3
2
0
-2
-2
-3
-4
-4
-3
-3
-3
-3
-2
-2
-2
-1
-4
-3
-5
-6
-7
-8
-9
-11
-12
-11
-12
-10
-9
-8
-9
-9
-8
-9
-10
-11
-12
-12
-12
-12
-12
-12
-11
-12
-11
-11
-11
-10
-11
-8
-10
-9
-8
-8
-6
-6
-5
-6
-3
-5
-4
-4
-4
-4
-5
-3
-3
-2
-1
0
2
2
3
4
4
4
3
4
2
4
1
3
3
3
3
3
6
4
5
6
6
5
5
7
4
7
8
9
10
9
11
10
13
12
11
13
12
15
12
15
14
13
14
14
15
13
14
12
10
10
8
9
6
7
6
5
7
4
6
4
6
4
4
4
1
1
-1
0
-2
-2
-1
-3
0
-2
-2
-1
-1
0
-1
-1
-2
-1
-2
-1
-2
-4
-3
-5
-4
-6
-6
-5
-8
-7
-7
-7
-9
-8
-8
-8
-6
-8
-7
-7
-8
-7
-9
-7
-8
-9
-7
-7
-5
-6
-2
-4
-1
-2
-1
2
0
4
2
6
5
6
4
3
5
4
6
6
6
8
7
9
9
8
11
9
11
10
11
9
10
9
8
9
7
9
8
9
8
5
6
3
6
4
4
4
1
4
-1
4
-4
1
-2
-4
-2
-7
-5
-10
-7
-11
-12
-9
-13
-10
-15
-12
-16
-16
-17
-20
-18
-22
-21
-22
-23
-21
-25
-23
-24
-25
-22
-23
-21
-24
-20
-24
-22
-21
-25
-18
-24
-18
-22
-17
-18
-17
-15
-16
-11
-14
-9
-8
-6
-3
-4
2
0
4
6
6
11
8
14
14
18
16
23
20
23
28
25
31
34
32
40
39
41
43
42
43
45
46
45
51
45
50
49
45
49
45
47
47
45
45
42
42
38
40
36
37
35
32
34
27
30
22
22
18
14
13
10
5
4
0
-2
-5
-8
-13
-14
-17
-22
-20
-28
-30
-33
-37
-40
-42
-47
-48
-48
-54
-54
-55
-62
-59
-62
-63
-62
-62
-68
-61
-67
-69
-62
-69
-63
-63
-64
-64
-56
-65
-54
-56
-57
-49
-52
-48
-43
-44
-41
-34
-38
-29
-28
-26
-20
-20
-13
-9
-8
-1
1
4
8
13
13
25
18
33
28
32
39
38
44
48
51
52
63
54
67
63
69
72
77
73
82
79
79
85
75
83
76
78
72
77
71
75
75
67
71
66
65
65
59
64
56
64
49
54
48
39
44
31
33
20
24
3
13
-2
-1
0
-9
-11
-13
-25
-24
-30
-43
-41
-51
-57
-58
-62
-72
-62
-77
-71
-76
-79
-77
-81
-79
-79
-79
-81
-82
-89
-88
-89
-95
-90
-99
-100
-101
-117
-101
-114
-100
-99
-94
-96
-79
-82
-71
-61
-66
-48
-50
-48
-40
-37
-38
-25
-34
-19
-17
-3
-1
18
22
34
49
39
56
49
63
56
78
66
81
84
74
95
90
99
110
107
114
122
116
123
121
114
119
121
109
132
116
128
132
113
123
112
105
109
103
100
109
97
93
97
83
82
87
61
74
48
39
33
12
12
-5
-8
-33
-29
-55
-51
-62
-79
-76
-106
-107
-126
-131
-140
-143
-153
-156
-156
-170
-159
-185
-186
-209
-217
-237
-250
-273
-289
-302
-325
-329
-346
-346
-352
-360
-350
-358
-347
-351
-347
-354
-350
-348
-347
-337
-324
-312
-285
-272
-244
-216
-188
-156
-128
-86
-63
1
13
75
112
168
242
308
388
468
559
634
728
795
859
919
941
973
979
975
962
922
880
826
774
712
664
603
552
506
459
418
384
338
299
251
202
164
128
92
59
27
-3
-20
-41
-58
-56
-67
-65
-67
-81
-82
-99
-110
-134
-148
-178
-195
-222
-258
-286
-326
-355
-393
-433
-477
-513
-558
-583
-599
-617
-620
-618
-633
-622
-614
-627
-594
-623
-613
-617
-630
-644
-646
-669
-691
-679
-734
-705
-737
-757
-754
-787
-789
-795
-790
-800
-746
-736
-640
-531
-398
-211
-41
141
337
542
729
930
1058
1168
1234
1251
1243
1219
1151
1078
990
889
812
747
673
621
562
504
468
412
367
322
262
209
163
101
53
17
-11
-9
-4
27
88
156
241
342
445
559
655
737
812
848
852
823
763
679
568
421
268
119
-20
-124
-203
-264
-297
-319
-309
-277
-241
-206
-162
-126
-100
-68
-67
-44
-36
-30
-19
-11
6
12
15
-4
-18
-51
-95
-140
-212
-279
-345
-426
-488
-561
-616
-675
-719
-796
-848
-927
-988
-1031
-1095
-1115
-1154
-1161
-1171
-1147
-1156
-1088
-1080
-1025
-989
-980
-965
-966
-974
-987
-988
-991
-911
-799
-596
-342
-108
136
369
649
946
1217
1427
1568
1633
1639
1589
1471
1359
1189
1021
850
702
586
478
365
246
159
83
43
3
-56
-94
-137
-168
-193
-212
-210
-181
-140
-77
9
109
226
366
507
655
801
906
1023
1110
1188
1231
1223
1174
1114
1021
899
769
610
474
355
256
194
138
102
82
71
79
106
120
135
148
146
153
148
130
110
84
57
31
-3
-40
-93
-142
-194
-246
-307
-371
-436
-491
-542
-605
-660
-720
-752
-785
-814
-852
-884
-903
-908
-917
-936
-946
-967
-974
-1005
-987
-987
-962
-952
-951
-932
-944
-916
-930
-928
-917
-955
-973
-1012
-1065
-1089
-1137
-1166
-1167
-1091
-1053
-795
-579
-281
37
224
553
875
1184
1443
1635
1668
1709
1655
1453
1358
1102
871
685
410
263
145
-7
-94
-141
-198
-157
-114
-149
-79
-62
-39
60
55
125
231
314
453
605
747
926
1134
1296
1520
1680
1774
1887
1896
1921
1907
1814
1687
1496
1291
1075
864
622
402
232
60
-52
-153
-225
-249
-262
-243
-217
-180
-159
-124
-100
-79
-60
-69
-72
-86
-111
-122
-139
-166
-202
-256
-314
-373
-440
-521
-600
-680
-749
-811
-873
-916
-960
-997
-1028
-1038
-1048
-1055
-1077
-1089
-1115
-1148
-1181
-1196
-1220
-1204
-1194
-1193
-1191
-1186
-1157
-1140
-1109
-1138
-1127
-1170
-1205
-1227
-1306
-1327
-1369
-1375
-1374
-1289
-1159
-889
-544
-228
175
466
827
1243
1599
1919
2122
2197
2215
2157
1956
1775
1538
1217
986
717
521
394
224
120
69
13
9
45
35
75
125
131
196
217
250
372
460
610
779
931
1094
1287
1458
1613
1757
1815
1870
1853
1785
1720
1559
1359
1119
869
636
407
188
-20
-180
-331
-413
-469
-485
-458
-432
-353
-269
-187
-104
-52
-3
42
64
66
69
39
23
10
-62
-131
-223
-321
-403
-503
-620
-732
-862
-961
-1029
-1107
-1157
-1204
-1242
-1240
-1243
-1236
-1212
-1200
-1182
-1172
-1170
-1160
-1156
-1177
-1157
-1184
-1150
-1150
-1139
-1125
-1110
-1100
-1085
-1093
-1150
-1132
-1213
-1212
-1272
-1323
-1333
-1301
-1245
-1064
-854
-475
-25
397
806
1222
1634
2102
2455
2631
2719
2648
2487
2263
1887
1527
1117
685
318
15
-211
-359
-480
-580
-553
-529
-447
-347
-308
-199
-89
4
114
211
327
484
660
829
1052
1241
1437
1667
1823
2002
2124
2162
2169
2109
2012
1852
1611
1330
1024
718
408
124
-143
-319
-457
-529
-534
-490
-396
-270
-131
32
175
300
393
446
465
453
401
330
249
117
7
-116
-254
-386
-560
-691
-831
-966
-1097
-1218
-1311
-1371
-1396
-1433
-1426
-1411
-1378
-1315
-1285
-1277
-1249
-1229
-1206
-1211
-1234
-1260
-1274
-1284
-1322
-1333
-1349
-1344
-1312
-1305
-1338
-1341
-1407
-1447
-1470
-1525
-1558
-1517
-1570
-1476
-1327
-1123
-671
-192
293
820
1288
1714
2296
2649
2932
3088
2986
2847
2617
2167
1786
1318
774
417
76
-214
-315
-472
-554
-477
-466
-375
-240
-232
-125
-14
14
130
226
290
510
728
923
1219
1419
1642
1934
2114
2258
2364
2317
2244
2107
1868
1605
1290
918
585
273
-35
-251
-444
-552
-567
-545
-456
-313
-144
40
235
397
515
604
646
663
620
546
446
333
205
72
-72
-215
-366
-512
-656
-803
-943
-1079
-1199
-1314
-1401
-1462
-1505
-1525
-1504
-1479
-1430
-1379
-1339
-1268
-1238
-1213
-1180
-1194
-1158
-1192
-1225
-1265
-1338
-1378
-1481
-1555
-1658
-1722
-1787
-1874
-1893
-1975
-1973
-1990
-1957
-1866
-1753
-1570
-1313
-906
-396
180
720
1205
1659
2135
2598
2901
3075
3048
2893
2639
2247
1774
1304
781
354
33
-206
-324
-393
-409
-356
-237
-151
-27
36
54
152
165
239
307
382
567
781
1015
1307
1579
1817
2085
2308
2431
2508
2416
2225
2020
1742
1447
1098
709
334
61
-136
-262
-320
-344
-254
-92
84
313
513
706
873
1021
1098
1109
1074
994
897
754
567
359
140
-67
-238
-420
-597
-753
-886
-1004
-1098
-1175
-1239
-1280
-1327
-1354
-1367
-1415
-1415
-1447
-1456
-1448
-1456
-1446
-1430
-1423
-1411
-1377
-1373
-1364
-1392
-1451
-1523
-1628
-1770
-1917
-2066
-2215
-2330
-2458
-2552
-2637
-2562
-2526
-2360
-2164
-1913
-1543
-1026
-443
259
920
1523
2032
2480
2908
3219
3307
3161
2907
2450
1975
1379
790
305
-101
-380
-494
-506
-408
-230
-21
194
434
556
645
647
598
593
544
542
560
698
902
1198
1509
1773
2066
2284
2438
2485
2406
2204
1911
1557
1155
778
407
91
-153
-340
-394
-364
-285
-123
49
244
474
690
874
1054
1192
1300
1370
1353
1293
1203
1044
896
651
371
99
-173
-446
-674
-885
-1054
-1154
-1211
-1213
-1166
-1138
-1066
-1040
-1002
-984
-1019
-1078
-1177
-1243
-1342
-1414
-1514
-1583
-1597
-1591
-1572
-1562
-1618
-1603
-1688
-1789
-1925
-2104
-2315
-2459
-2618
-2764
-2782
-2872
-2773
-2701
-2504
-2278
-1945
-1593
-1054
-433
350
1141
1767
2297
2686
3113
3455
3533
3320
2896
2338
1706
1012
286
-285
-732
-1019
-1003
-902
-585
-251
129
534
882
1122
1250
1235
1138
1056
958
897
876
890
1098
1382
1615
1884
1995
2080
2084
1970
1738
1408
952
497
143
-203
-391
-490
-504
-340
-104
149
421
633
824
1002
1095
1137
1163
1137
1139
1160
1179
1221
1251
1220
1214
1123
941
681
320
-37
-379
-741
-1054
-1275
-1447
-1437
-1363
-1252
-1057
-843
-673
-517
-462
-476
-551
-705
-907
-1072
-1275
-1468
-1593
-1758
-1803
-1834
-1893
-1944
-2094
-2252
-2387
-2612
-2812
-2995
-3171
-3277
-3230
-3233
-3061
-2846
-2661
-2256
-1841
-1310
-630
145
974
1780
2321
2691
3101
3362
3514
3385
2833
2272
1532
713
-84
-782
-1333
-1578
-1659
-1503
-1058
-559
-31
496
891
1342
1628
1660
1642
1553
1493
1476
1460
1426
1589
1801
2026
2217
2188
2081
1894
1508
1041
489
-119
-643
-1023
-1237
-1193
-976
-676
-132
515
1107
1669
1927
2083
2141
2017
1796
1479
1140
860
764
623
682
744
861
1073
1176
1211
1127
843
475
91
-373
-800
-1160
-1447
-1518
-1436
-1269
-941
-628
-288
35
241
320
285
129
-96
-358
-639
-928
-1213
-1484
-1680
-1860
-2048
-2255
-2556
-2809
-3143
-3357
-3656
-3832
-4004
-3996
-3900
-3653
-3308
-2939
-2430
-1964
-1215
-396
677
1561
2195
2650
2927
3293
3413
3274
2734
2056
1256
354
-541
-1502
-2111
-2570
-2714
-2500
-2118
-1450
-794
-166
453
1030
1434
1617
1649
1611
1758
1845
1897
2046
2195
2553
2895
3025
3010
2746
2295
1670
882
-20
-853
-1617
-2239
-2473
-2374
-1915
-1223
-441
520
1460
2321
2890
3195
3338
3251
2997
2502
1951
1470
1126
868
649
540
480
534
532
495
449
259
109
-78
-288
-434
-619
-759
-851
-844
-764
-609
-505
-365
-149
-2
211
325
346
412
437
437
366
160
-156
-482
-884
-1393
-1946
-2590
-3153
-3561
-3954
-4209
-4317
-4304
-4080
-3799
-3497
-3128
-2754
-2447
-2005
-1632
-1009
-43
953
1845
2546
2843
3216
3576
3526
3205
2334
1298
213
-973
-2214
-3063
-3685
-3906
-3654
-3199
-2266
-1223
-370
423
1008
1447
1732
1613
1310
1217
1236
1378
1619
1821
2305
2926
3291
3474
3289
2799
2114
1136
13
-954
-1831
-2515
-2766
-2585
-1883
-893
21
914
1785
2496
2987
3031
2738
2390
2021
1727
1554
1423
1535
1739
1872
1979
1967
1798
1467
918
188
-454
-1094
-1565
-1796
-1841
-1511
-1035
-558
-92
318
582
700
570
262
-13
-281
-389
-421
-373
-122
244
572
799
807
669
344
-207
-975
-1822
-2626
-3285
-3771
-4080
-4118
-3906
-3564
-3161
-2780
-2480
-2230
-2167
-2208
-2173
-1955
-1298
-217
914
1955
2706
3314
3865
4190
3854
3016
1768
328
-1070
-2557
-3773
-4437
-4644
-4323
-3569
-2523
-1278
-226
463
912
1144
1082
762
225
-72
63
405
905
1456
2139
2950
3497
3585
3258
2577
1609
469
-704
-1643
-2167
-2399
-2242
-1594
-561
693
1717
2400
2791
2947
2725
2123
1299
615
274
181
388
917
1760
2825
3539
3818
3800
3361
2684
1551
324
-884
-1678
-2362
-2618
-2442
-1901
-968
-234
389
926
1173
1169
753
154
-334
-600
-765
-778
-545
-131
544
981
1210
1240
953
528
-171
-1068
-1835
-2580
-3118
-3404
-3458
-3230
-2828
-2474
-2133
-1887
-1826
-1944
-2241
-2609
-2802
-2835
-2577
-1719
-332
1413
2817
3667
4055
4298
4201
3587
2245
703
-795
-2193
-3335
-4194
-4373
-4020
-3425
-2601
-1616
-604
50
162
-26
-131
-194
-447
-714
-657
56
1056
1864
2436
2893
3296
3309
2714
1746
670
-407
-1475
-2257
-2512
-2190
-1574
-891
87
1277
2359
2901
2821
2485
2151
1676
981
286
17
257
762
1257
1891
2818
3456
3783
3662
3186
2631
1705
593
-451
-987
-1367
-1528
-1574
-1367
-724
-296
-118
-12
-20
81
-19
-268
-397
-299
-85
113
355
606
988
1100
1008
791
422
-65
-659
-1314
-1743
-2098
-2351
-2550
-2592
-2474
-2380
-2313
-2337
-2252
-2253
-2314
-2499
-2536
-2547
-2262
-2000
-1178
209
1902
3079
3656
3729
3792
3739
3142
1999
842
-285
-1258
-2161
-2975
-3111
-2909
-2626
-2249
-1711
-1058
-644
-787
-1066
-1040
-868
-905
-994
-803
117
1144
1808
2146
2425
2683
2527
1779
866
3
-835
-1713
-2355
-2373
-1873
-1328
-860
-173
809
1726
2097
1925
1763
1697
1502
1086
638
661
984
1348
1610
1962
2415
2650
2668
2470
2299
2128
1673
1115
686
474
314
-88
-300
-491
-245
-371
-615
-875
-1045
-915
-877
-766
-462
1
541
925
1246
1396
1426
1186
766
382
-165
-682
-1251
-1660
-1731
-1834
-1900
-1971
-1947
-1828
-1862
-1972
-2318
-2350
-2565
-2668
-2753
-2849
-2707
-2311
-1801
-626
1034
2719
3730
4035
3871
3652
3479
2496
1422
296
-571
-1200
-1890
-2459
-2359
-2043
-1703
-1429
-1148
-812
-709
-1155
-1475
-1460
-1313
-1238
-1215
-734
311
1211
1592
1681
1758
1835
1472
678
-96
-638
-1159
-1686
-1926
-1702
-1145
-759
-516
-70
586
1030
1040
861
874
1044
1067
881
913
1259
1651
1862
1954
2105
2332
2239
1890
1648
1657
1869
1881
1776
1752
1743
1500
1008
522
228
-106
-518
-1230
-1539
-1791
-1797
-1747
-1497
-776
24
735
1243
1688
1946
1839
1346
702
136
-504
-1175
-1696
-1995
-1910
-1851
-1880
-1817
-1682
-1555
-1755
-2042
-2367
-2574
-2836
-3117
-3244
-3127
-2779
-2180
-1327
281
2250
3943
4625
4418
3984
3451
2846
1750
728
-49
-597
-1021
-1423
-1538
-1306
-1153
-1118
-1005
-747
-652
-964
-1415
-1418
-982
-696
-636
-447
189
1000
1283
1047
764
639
418
-54
-487
-640
-667
-840
-987
-802
-404
-228
-385
-479
-183
236
331
151
188
521
785
727
565
672
988
1186
1246
1413
1713
1967
2042
2034
2148
2289
2257
2096
2059
2178
2060
1618
1008
563
226
-236
-835
-1434
-1780
-1964
-2003
-1839
-1434
-677
85
764
1398
1788
1853
1495
959
373
-211
-928
-1568
-1963
-2022
-1859
-1748
-1740
-1703
-1658
-1741
-2023
-2354
-2689
-2989
-3206
-3318
-3073
-2852
-2246
-1522
-207
1693
3417
4317
4297
3714
3324
2680
2049
1157
616
289
-101
-337
-792
-808
-825
-1076
-1107
-1001
-827
-933
-1242
-1141
-630
-137
-113
-60
236
750
1005
609
252
132
4
-233
-512
-478
-336
-441
-660
-666
-355
-201
-304
-442
-178
384
645
580
492
589
686
390
-24
-210
-72
225
504
905
1399
1889
2162
2232
2352
2402
2325
2102
1993
2136
2146
1925
1403
858
394
-100
-643
-1268
-1661
-1914
-1954
-1806
-1511
-894
-292
363
951
1359
1459
1237
796
307
-198
-784
-1321
-1773
-1957
-1879
-1783
-1765
-1787
-1947
-2106
-2318
-2596
-2887
-3112
-3328
-3167
-3023
-2593
-2151
-1405
-330
1383
3139
3951
4121
3443
2882
2385
1699
1134
696
507
379
221
-84
-249
-396
-763
-845
-727
-591
-621
-867
-796
-291
47
107
-29
60
446
616
398
105
22
-57
-128
-229
-264
-222
-410
-612
-619
-451
-237
-172
-106
258
806
1089
1058
878
695
528
239
-179
-387
-302
24
478
919
1347
1733
1936
1994
2048
2127
2287
2279
2245
2257
2180
1919
1429
933
395
-122
-612
-1211
-1575
-1848
-1865
-1694
-1433
-856
-220
330
809
1148
1229
992
562
65
-417
-938
-1332
-1683
-1826
-1832
-1734
-1775
-1847
-1921
-2187
-2344
-2625
-2872
-3148
-3231
-3097
-2855
-2507
-1866
-1074
604
2320
3670
3971
3505
2900
2220
1634
1074
699
657
523
568
366
113
-53
-521
-788
-747
-562
-411
-478
-460
-125
173
188
-49
-196
-121
98
65
-52
-117
-204
-298
-384
-464
-499
-699
-931
-912
-703
-433
-181
-7
327
822
1138
1182
1114
961
773
507
138
-90
-97
40
282
583
891
1254
1588
1815
2081
2350
2544
2589
2420
2243
2077
1820
1478
1152
816
424
13
-471
-925
-1266
-1585
-1727
-1668
-1366
-840
-374
95
580
898
878
529
104
-358
-749
-1253
-1681
-1908
-1988
-1932
-2033
-2097
-2199
-2364
-2531
-2712
-2878
-3001
-3118
-3088
-3064
-2536
-1944
-854
789
2316
3351
3297
2799
2172
1714
1426
1179
1157
1127
995
867
421
114
-255
-748
-806
-609
-294
-103
-24
122
426
475
201
-43
-223
-114
-24
-87
-26
-11
-116
-303
-466
-648
-849
-1083
-1190
-940
-565
-248
-33
132
415
776
942
946
966
1016
1055
940
613
292
215
214
255
321
418
750
1217
1572
1917
2239
2382
2546
2415
2215
2079
1823
1666
1529
1452
1159
651
70
-650
-1053
-1495
-1738
-1644
-1458
-873
-479
-207
14
190
176
-31
-319
-648
-859
-1104
-1333
-1512
-1693
-1769
-1909
-2098
-2290
-2470
-2651
-2964
-3069
-3230
-3088
-2903
-2506
-2024
-1236
203
1837
2837
2943
2481
1957
1634
1528
1254
1205
1195
1093
896
377
42
-108
-357
-405
-149
223
419
315
105
119
253
132
-129
-252
8
306
339
165
-13
-187
-502
-900
-1167
-1370
-1503
-1581
-1505
-1072
-544
-226
-87
109
455
801
926
948
1088
1257
1278
1040
592
296
233
219
242
329
540
948
1316
1583
1779
1902
1949
1893
1822
1879
1967
2014
2003
1993
1763
1355
784
125
-389
-670
-805
-887
-879
-743
-577
-568
-594
-580
-558
-533
-526
-635
-862
-1060
-1300
-1514
-1736
-1825
-1885
-2043
-2094
-2240
-2423
-2649
-2847
-2958
-3010
-2775
-2407
-2020
-1074
314
1690
2322
2151
1950
1637
1694
1774
1504
1580
1423
1115
587
-212
-457
-563
-621
-324
258
744
976
793
471
398
264
-42
-249
-192
309
625
516
327
84
-151
-576
-998
-1273
-1375
-1446
-1592
-1594
-1345
-1031
-863
-789
-502
-75
316
506
674
985
1237
1290
1036
706
612
567
489
417
476
729
1046
1204
1241
1375
1379
1398
1389
1511
1732
1754
1779
1647
1597
1356
1023
804
546
587
527
286
72
-66
-166
-446
-708
-830
-806
-706
-735
-727
-883
-1006
-1166
-1469
-1666
-1833
-1830
-2018
-2059
-2204
-2438
-2546
-2785
-2704
-2689
-2573
-2200
-1981
-1198
-190
1052
1707
1607
1499
1220
1520
1929
2002
2036
1864
1532
1068
183
-400
-618
-641
-390
84
461
664
636
376
349
421
353
308
392
828
1250
1129
691
240
-55
-365
-747
-1037
-1112
-1030
-1011
-1138
-1167
-1062
-999
-1024
-917
-572
-142
127
241
490
781
968
934
787
863
1100
1160
1051
879
849
890
893
953
1017
1084
1064
1092
1168
1285
1470
1354
1156
1029
934
886
633
480
574
637
664
529
200
22
-29
-171
-366
-547
-609
-661
-867
-1171
-1411
-1594
-1688
-1730
-1843
-1931
-1979
-2061
-2255
-2427
-2620
-2633
-2576
-2409
-2305
-2077
-1715
-707
428
1327
1389
1106
894
969
1473
1601
1687
1816
1656
1505
883
109
-177
-316
-181
162
368
455
404
98
-109
-34
11
133
331
648
1183
1368
1106
634
201
-13
-199
-426
-668
-787
-783
-888
-1002
-1104
-1119
-1091
-1069
-912
-610
-297
-114
-3
127
332
539
571
585
815
1147
1464
1545
1418
1343
1282
1123
903
656
554
611
678
708
736
764
691
630
601
636
773
732
579
455
316
193
24
-114
-105
6
65
-61
-311
-576
-813
-1047
-1374
-1599
-1708
-1730
-1802
-1959
-2152
-2346
-2428
-2529
-2506
-2448
-2265
-2101
-1935
-1711
-1349
-556
444
1159
1390
1084
863
970
1441
1872
2049
1986
1690
1502
963
382
94
-32
168
488
571
547
295
-62
-248
-221
-81
177
383
621
1038
1201
1018
622
214
52
52
3
-156
-352
-527
-646
-737
-833
-827
-776
-742
-643
-527
-461
-428
-415
-343
-117
163
420
607
761
975
1249
1428
1457
1439
1408
1432
1449
1284
1045
853
713
575
408
228
156
271
420
565
668
618
433
141
-169
-381
-449
-459
-447
-329
-243
-262
-433
-728
-917
-968
-1020
-1117
-1298
-1471
-1652
-1826
-2117
-2419
-2553
-2597
-2454
-2331
-2249
-2104
-1959
-1698
-1174
-439
399
811
752
584
552
968
1572
1817
1977
1800
1632
1552
1035
596
402
302
557
787
647
470
134
-131
-134
-89
-46
181
394
665
933
848
628
458
324
312
366
297
158
-57
-339
-499
-536
-524
-372
-258
-155
-25
-9
-130
-286
-372
-357
-191
23
247
528
748
914
1028
1023
1003
997
972
1038
1170
1253
1236
1103
880
720
613
433
340
313
372
562
618
484
314
75
-127
-310
-510
-583
-567
-607
-652
-745
-862
-921
-921
-861
-718
-602
-581
-672
-862
-1012
-1183
-1408
-1608
-1693
-1723
-1743
-1862
-1993
-1930
-1785
-1440
-936
-588
-338
-255
-465
-347
21
441
973
1141
928
975
856
698
754
510
437
654
619
617
520
126
14
28
-14
141
264
286
417
467
375
338
230
173
268
322
358
358
173
-32
-161
-211
-106
80
187
294
393
442
493
434
289
234
254
298
418
450
494
618
713
720
709
614
520
506
490
537
598
613
641
676
632
641
624
575
612
655
655
631
527
391
305
152
-10
-141
-292
-368
-451
-609
-759
-881
-930
-841
-748
-693
-657
-694
-719
-790
-932
-1071
-1193
-1263
-1295
-1411
-1574
-1659
-1702
-1659
-1452
-1314
-1223
-1171
-1322
-1378
-1213
-947
-431
65
175
355
370
251
471
577
619
819
771
742
820
606
464
399
298
388
489
450
489
492
397
349
215
130
210
334
457
577
563
497
403
246
173
182
228
329
428
491
593
674
714
719
694
674
679
663
644
648
663
644
657
622
542
525
408
270
226
157
147
178
127
236
387
423
514
514
495
639
645
518
463
309
246
203
2
-132
-251
-414
-507
-637
-801
-851
-896
-946
-948
-951
-967
-982
-1020
-1112
-1223
-1346
-1483
-1573
-1584
-1595
-1484
-1264
-1181
-1133
-1245
-1550
-1559
-1403
-1273
-902
-746
-692
-366
-320
-246
64
158
516
973
1058
1227
1188
888
824
728
595
666
620
596
773
768
661
513
250
167
250
250
308
354
351
441
463
417
408
392
389
462
505
520
509
414
362
392
419
485
575
635
678
682
587
503
480
463
506
579
628
669
666
563
481
428
344
320
290
270
354
402
397
412
396
434
523
528
506
452
344
240
96
-118
-296
-456
-609
-681
-774
-868
-926
-1049
-1159
-1227
-1308
-1363
-1439
-1551
-1657
-1679
-1678
-1592
-1378
-1314
-1261
-1241
-1402
-1354
-1236
-1172
-820
-686
-689
-560
-722
-710
-418
-266
89
467
566
868
1025
971
1041
963
855
946
945
943
1019
873
673
532
351
338
404
352
358
356
274
234
134
52
105
167
221
282
300
327
347
295
192
100
37
4
57
143
237
325
302
239
223
159
176
253
341
517
627
617
589
536
497
556
601
686
818
846
818
783
685
610
535
429
403
410
340
255
132
30
-2
-78
-161
-222
-336
-474
-650
-887
-1050
-1173
-1299
-1422
-1528
-1659
-1711
-1735
-1668
-1502
-1432
-1408
-1444
-1559
-1487
-1334
-1156
-798
-640
-550
-437
-547
-527
-347
-298
-2
299
487
813
924
894
950
902
859
945
906
939
1040
1016
973
876
733
708
732
713
702
620
493
366
193
67
14
-34
-31
3
31
99
112
28
-73
-144
-163
-149
-149
-164
-160
-165
-162
-161
-155
-117
-47
14
81
132
162
208
248
302
403
476
537
615
683
806
898
932
953
966
961
968
898
792
692
550
413
246
45
-110
-259
-376
-443
-521
-628
-727
-800
-874
-954
-1126
-1339
-1411
-1457
-1402
-1269
-1301
-1268
-1279
-1448
-1402
-1321
-1232
-877
-779
-741
-576
-639
-543
-283
-196
117
387
399
542
574
522
639
684
712
909
975
1041
1145
1036
920
802
603
569
599
602
643
592
478
390
279
180
164
138
103
60
-55
-144
-191
-291
-391
-471
-533
-509
-443
-413
-387
-341
-321
-311
-326
-319
-243
-131
-44
-7
-9
-8
39
99
181
330
473
574
663
657
676
706
716
775
820
875
929
923
861
757
629
524
434
380
345
249
79
-117
-355
-550
-720
-953
-1122
-1240
-1372
-1377
-1412
-1376
-1184
-1114
-1047
-1018
-1092
-966
-800
-672
-411
-358
-323
-249
-331
-253
-58
15
254
430
507
703
753
729
812
817
828
916
872
869
915
856
808
743
637
648
689
675
646
524
366
250
147
67
21
-54
-98
-122
-190
-232
-292
-381
-434
-456
-468
-440
-412
-448
-485
-533
-582
-559
-508
-435
-310
-201
-114
-31
20
57
137
233
317
407
446
451
486
497
560
604
626
665
666
647
586
480
366
261
190
175
130
53
-77
-260
-422
-543
-684
-785
-909
-1039
-1147
-1255
-1362
-1427
-1366
-1293
-1273
-1296
-1448
-1488
-1349
-1204
-852
-547
-399
-151
-74
-62
162
264
472
757
833
1009
1148
1136
1234
1270
1223
1286
1275
1249
1295
1233
1114
1018
896
875
942
951
987
976
840
719
560
393
339
263
179
105
-39
-158
-249
-389
-504
-605
-698
-727
-734
-754
-773
-796
-837
-844
-829
-823
-755
-667
-594
-462
-381
-363
-311
-278
-193
-40
68
175
313
390
488
542
524
531
553
570
619
638
612
579
474
340
203
26
-145
-289
-412
-502
-599
-698
-817
-988
-1149
-1260
-1398
-1428
-1378
-1409
-1360
-1395
-1518
-1446
-1361
-1199
-840
-706
-614
-457
-523
-449
-243
-178
94
383
549
887
1061
1097
1226
1252
1272
1419
1447
1501
1618
1605
1606
1575
1466
1449
1406
1312
1260
1129
976
886
762
696
695
648
605
539
409
299
192
36
-83
-200
-326
-415
-494
-605
-701
-819
-945
-978
-974
-961
-888
-862
-885
-841
-852
-833
-700
-606
-463
-310
-262
-148
-47
-2
124
210
275
405
441
445
456
419
398
363
257
166
101
23
-30
-89
-136
-197
-290
-433
-638
-808
-950
-1093
-1160
-1134
-1128
-1078
-1082
-1226
-1224
-1191
-1168
-944
-841
-854
-711
-769
-781
-568
-508
-268
98
220
463
638
600
735
777
754
924
1008
1095
1264
1271
1275
1324
1280
1317
1369
1320
1348
1336
1273
1273
1184
1082
1055
976
893
834
697
580
489
350
243
158
61
-13
-78
-170
-257
-349
-430
-491
-499
-492
-522
-541
-599
-655
-657
-659
-664
-630
-606
-556
-468
-413
-376
-314
-257
-179
-70
4
52
88
91
79
67
65
66
57
64
2
-42
-75
-178
-271
-393
-608
-743
-867
-1006
-1019
-1023
-990
-915
-895
-932
-945
-960
-905
-800
-665
-611
-572
-557
-582
-504
-359
-226
-15
140
220
349
387
375
395
403
448
569
664
759
861
892
916
941
943
1004
1059
1106
1125
1069
970
883
812
796
784
763
736
703
669
606
555
493
432
423
380
283
226
96
-48
-99
-233
-304
-302
-368
-366
-361
-439
-441
-451
-503
-452
-422
-404
-319
-288
-253
-185
-166
-116
-70
-55
-44
-62
-110
-150
-174
-169
-179
-212
-239
-300
-308
-309
-334
-360
-411
-496
-535
-630
-696
-722
-777
-701
-662
-673
-660
-772
-830
-769
-794
-693
-626
-674
-547
-513
-491
-281
-166
8
270
330
422
504
438
482
536
515
602
645
636
715
718
696
703
655
653
729
747
770
761
688
673
638
597
592
581
581
595
556
520
436
358
301
232
189
127
48
33
-5
-57
-77
-145
-158
-126
-141
-125
-113
-162
-178
-219
-277
-272
-290
-302
-260
-246
-184
-125
-106
-97
-98
-107
-97
-75
-36
7
33
15
-28
-96
-186
-244
-286
-322
-371
-455
-610
-716
-818
-891
-906
-871
-779
-648
-572
-559
-588
-616
-615
-545
-411
-363
-297
-269
-314
-266
-166
-80
112
244
294
376
337
290
284
271
331
442
508
570
597
583
585
567
571
589
638
684
695
645
580
517
462
421
412
396
351
333
280
264
265
196
126
80
25
34
62
34
40
20
-61
-85
-107
-139
-95
-97
-137
-136
-167
-204
-185
-171
-134
-67
-43
1
47
69
77
78
50
52
67
80
101
104
59
11
-39
-105
-121
-139
-159
-163
-234
-348
-440
-545
-585
-590
-597
-531
-503
-494
-499
-620
-674
-656
-676
-539
-449
-467
-363
-366
-368
-197
-104
27
245
294
385
453
374
373
390
383
488
538
512
556
508
448
428
348
331
387
390
434
441
362
333
288
237
266
297
315
342
296
240
178
101
36
-15
-49
-49
-33
-58
-98
-169
-258
-295
-308
-328
-266
-234
-245
-228
-258
-294
-276
-290
-255
-169
-122
-60
-18
6
23
27
17
22
57
112
142
173
154
103
91
33
30
42
22
20
-20
-137
-168
-243
-332
-301
-376
-346
-240
-250
-223
-225
-407
-368
-364
-378
-191
-202
-227
-142
-220
-211
-63
-76
81
207
198
285
302
253
320
344
336
432
422
443
474
441
403
364
316
327
349
355
363
305
257
195
147
112
107
116
132
116
75
8
-75
-122
-162
-167
-141
-106
-103
-117
-174
-251
-291
-311
-313
-276
-276
-283
-304
-372
-405
-414
-420
-376
-328
-295
-232
-230
-201
-142
-139
-100
-66
-46
37
97
130
187
179
198
207
196
205
182
176
140
75
44
-10
-53
-30
-75
-91
-72
-87
-30
20
-20
-74
-86
-124
-82
25
30
62
105
47
109
166
169
298
346
351
410
361
325
355
332
363
393
356
357
350
317
320
271
231
240
233
252
248
194
151
89
6
-4
-44
-58
-52
-118
-173
-262
-343
-364
-378
-390
-357
-375
-377
-378
-450
-486
-522
-549
-524
-519
-529
-496
-528
-559
-547
-554
-526
-460
-424
-374
-324
-316
-272
-238
-204
-132
-89
-45
32
66
126
178
170
191
198
172
200
203
218
263
241
240
244
202
235
224
143
169
141
164
255
252
239
211
142
129
158
211
304
346
362
353
334
360
398
448
542
578
606
645
606
623
628
583
572
538
489
473
424
365
318
258
227
229
195
199
170
107
53
-23
-78
-84
-90
-133
-168
-261
-320
-373
-438
-469
-498
-541
-553
-587
-667
-702
-749
-814
-807
-791
-819
-778
-773
-789
-729
-718
-712
-626
-604
-577
-485
-502
-488
-438
-451
-387
-305
-284
-192
-110
-77
-15
19
12
28
39
33
79
99
115
155
151
138
158
127
117
117
73
86
96
111
164
199
213
232
186
188
211
244
335
381
410
423
411
427
476
504
600
661
673
717
705
692
698
677
663
683
663
662
657
608
565
530
495
457
434
400
343
295
224
136
89
31
-55
-79
-126
-192
-206
-277
-345
-354
-377
-383
-381
-447
-515
-542
-610
-672
-690
-750
-771
-753
-793
-812
-812
-837
-801
-739
-755
-714
-674
-667
-582
-514
-465
-361
-306
-244
-141
-105
-56
-17
-16
14
27
34
46
43
57
90
110
118
125
126
107
89
75
56
106
143
163
227
204
190
251
217
273
336
279
353
375
330
435
460
467
604
599
640
714
687
726
761
708
740
747
690
739
687
651
654
587
565
592
557
561
555
469
440
379
296
269
231
130
73
-14
-110
-146
-213
-300
-342
-406
-472
-475
-554
-617
-647
-749
-791
-770
-820
-790
-768
-822
-775
-797
-843
-787
-815
-816
-761
-810
-788
-728
-718
-614
-528
-494
-403
-372
-361
-310
-282
-228
-159
-105
-70
-46
-21
-14
7
56
76
103
121
77
29
-18
-81
-105
-113
-127
-112
-96
-83
-52
-22
-22
9
43
66
108
155
185
258
333
396
474
527
566
605
653
692
735
772
782
804
816
802
809
800
803
799
789
776
772
744
724
678
598
573
515
464
432
370
294
267
192
159
135
58
25
-60
-168
-227
-307
-365
-391
-494
-564
-625
-704
-708
-704
-750
-744
-761
-813
-781
-764
-769
-699
-671
-648
-555
-511
-456
-361
-324
-285
-209
-203
-175
-131
-134
-112
-87
-87
-49
6
8
17
12
-26
-24
-32
-57
-53
-79
-124
-143
-185
-210
-210
-243
-261
-286
-330
-345
-350
-364
-357
-332
-310
-277
-219
-184
-149
-69
-22
65
156
220
299
359
395
463
522
582
677
712
776
797
801
817
829
849
872
853
823
795
750
719
685
653
603
568
530
467
413
375
303
265
195
97
51
-19
-97
-123
-199
-278
-313
-407
-451
-455
-501
-538
-553
-614
-626
-624
-645
-626
-601
-566
-516
-464
-428
-373
-325
-267
-208
-149
-79
-16
38
71
77
80
102
114
151
182
187
162
119
42
-27
-60
-91
-89
-94
-134
-193
-265
-354
-405
-442
-462
-456
-470
-481
-501
-521
-524
-493
-463
-425
-354
-326
-278
-222
-214
-169
-111
-91
17
104
152
272
310
331
419
466
523
624
667
722
775
776
793
810
794
796
795
761
743
703
661
647
603
532
490
410
362
336
242
186
114
16
-24
-57
-133
-163
-216
-294
-332
-388
-441
-442
-448
-440
-423
-440
-442
-431
-403
-370
-331
-290
-252
-203
-144
-117
-79
-32
1
61
114
156
188
196
178
175
164
167
168
151
135
76
13
-60
-97
-127
-160
-198
-259
-343
-435
-497
-556
-581
-592
-608
-626
-652
-680
-704
-712
-709
-670
-646
-605
-551
-518
-463
-403
-375
-308
-260
-208
-112
-68
1
71
99
162
229
281
387
447
506
575
597
636
646
648
683
681
679
694
671
672
654
599
566
521
467
456
409
351
295
221
158
99
37
-25
-69
-97
-140
-174
-190
-222
-216
-198
-185
-151
-125
-111
-85
-67
-31
10
60
114
175
234
268
301
335
372
406
439
448
453
451
440
412
377
352
326
317
300
278
225
158
76
-4
-67
-112
-163
-214
-293
-393
-499
-592
-662
-718
-716
-726
-731
-753
-798
-848
-842
-845
-823
-754
-712
-643
-610
-585
-559
-521
-480
-386
-291
-204
-114
-46
-3
43
96
131
208
276
333
395
443
466
487
488
499
514
513
530
526
503
458
405
353
332
325
314
305
276
214
172
124
66
52
32
1
16
6
-35
-34
-55
-80
-42
-39
-37
41
65
93
150
149
162
222
249
304
373
376
414
437
440
478
497
491
516
489
460
445
374
325
284
230
209
175
113
71
-14
-95
-165
-241
-281
-312
-361
-417
-519
-634
-705
-775
-796
-792
-790
-780
-793
-815
-849
-857
-857
-829
-785
-723
-662
-616
-566
-541
-490
-422
-345
-255
-159
-94
-26
22
66
113
168
243
291
339
371
391
391
403
410
435
470
488
501
501
478
455
412
369
359
334
330
317
289
247
226
171
149
159
131
138
130
88
83
75
66
102
114
138
183
189
215
253
253
296
332
342
385
405
417
434
437
440
455
449
457
466
440
427
394
350
322
270
213
155
91
44
-10
-78
-146
-240
-341
-394
-467
-513
-539
-589
-625
-685
-761
-814
-843
-855
-842
-834
-808
-811
-814
-811
-821
-810
-787
-770
-734
-684
-648
-572
-539
-505
-429
-375
-295
-187
-133
-43
16
35
86
104
143
187
227
247
287
292
299
307
296
323
332
337
346
354
330
326
291
265
267
250
244
235
210
193
173
137
140
118
113
136
129
138
150
141
167
195
226
280
313
341
370
387
407
433
430
445
469
472
499
498
491
488
470
457
449
420
401
373
333
278
224
179
126
85
41
6
-42
-90
-163
-244
-310
-376
-411
-454
-498
-526
-580
-622
-644
-667
-660
-649
-656
-642
-640
-673
-667
-666
-660
-614
-591
-558
-509
-480
-433
-380
-348
-309
-254
-217
-160
-98
-53
11
64
97
146
197
217
264
303
300
328
318
289
292
276
257
267
260
253
281
258
245
250
207
211
228
210
224
238
223
212
204
174
169
180
174
189
187
177
176
177
172
195
207
222
244
237
264
286
283
283
302
286
297
287
251
242
204
165
147
121
92
92
56
27
3
-38
-70
-98
-143
-164
-200
-249
-285
-343
-391
-426
-459
-497
-516
-552
-581
-615
-650
-654
-644
-628
-613
-594
-586
-557
-548
-514
-477
-447
-417
-396
-354
-328
-306
-271
-220
-168
-116
-75
-42
-3
14
34
68
107
152
190
224
256
272
285
297
314
325
327
315
308
300
287
283
268
269
279
265
263
274
274
285
299
300
297
291
269
280
283
277
299
291
279
285
254
234
249
236
244
256
242
248
258
226
238
246
228
258
259
243
236
197
164
146
114
111
94
57
43
17
-23
-43
-73
-109
-129
-148
-179
-206
-236
-260
-292
-328
-351
-394
-421
-429
-451
-450
-454
-464
-465
-476
-484
-488
-486
-480
-472
-450
-420
-403
-372
-354
-345
-316
-309
-290
-249
-229
-196
-161
-159
-117
-91
-87
-44
-9
10
59
87
89
114
120
123
142
151
167
191
201
209
197
185
184
177
178
180
176
168
168
150
151
146
133
139
145
165
179
173
173
180
181
190
184
188
189
185
190
186
180
167
160
166
177
183
200
211
210
204
205
194
190
191
174
163
141
121
93
70
63
54
33
15
-9
-42
-63
-92
-105
-106
-108
-111
-122
-151
-175
-199
-220
-220
-220
-232
-239
-245
-258
-261
-267
-267
-267
-254
-255
-239
-217
-208
-190
-181
-173
-144
-106
-82
-50
-22
-16
6
21
22
29
33
52
68
87
110
126
148
139
163
168
158
175
170
171
171
164
148
149
129
118
126
108
114
116
90
85
72
30
32
22
16
29
31
26
36
24
18
41
39
44
58
41
29
33
8
17
14
14
35
29
40
45
55
52
60
69
63
59
56
39
27
18
-6
-21
-32
-47
-62
-69
-84
-100
-118
-130
-140
-151
-165
-182
-173
-188
-201
-208
-215
-227
-223
-220
-208
-203
-210
-205
-214
-213
-207
-198
-194
-187
-172
-165
-155
-146
-143
-119
-97
-85
-58
-34
-15
11
26
30
46
42
42
54
66
69
78
84
80
81
81
95
92
93
94
104
100
94
97
84
86
86
79
78
85
84
87
69
47
41
32
29
27
38
29
30
34
23
24
36
55
62
76
73
83
83
76
80
73
87
102
107
111
119
115
121
125
131
142
162
174
170
171
162
159
138
132
128
116
117
100
90
73
56
38
21
10
-10
-16
-42
-59
-65
-88
-105
-115
-124
-125
-146
-162
-165
-189
-199
-193
-195
-194
-194
-191
-177
-169
-163
-142
-125
-116
-107
-97
-88
-80
-63
-58
-41
-34
-27
-3
3
12
27
38
44
48
50
54
69
77
90
104
111
114
111
102
94
89
90
84
82
83
73
65
46
42
38
43
42
36
25
6
-9
-29
-38
-57
-53
-50
-58
-60
-51
-46
-46
-38
-28
-5
10
25
40
49
57
61
61
63
70
69
73
74
67
70
80
76
81
73
68
75
63
64
62
59
51
39
12
6
-13
-30
-36
-51
-54
-71
-74
-95
-113
-121
-130
-129
-133
-132
-124
-120
-112
-116
-114
-106
-99
-97
-93
-88
-78
-59
-51
-44
-32
-22
-16
4
12
25
49
69
73
76
87
91
91
91
101
102
97
106
111
99
102
99
93
102
102
100
103
95
83
72
44
33
26
13
10
0
-9
-13
-20
-27
-22
-21
-24
-23
-26
-30
-30
-39
-36
-29
-25
-17
-15
-16
-9
0
3
9
21
31
36
29
41
49
51
55
59
60
52
41
33
26
15
6
-8
-15
-22
-27
-30
-32
-38
-53
-63
-70
-67
-78
-90
-88
-88
-98
-114
-126
-144
-152
-156
-160
-165
-165
-162
-157
-153
-139
-127
-119
-109
-104
-97
-88
-80
-73
-66
-60
-48
-35
-25
-9
9
33
60
69
90
96
100
110
116
131
137
143
140
131
131
130
124
116
118
113
104
99
98
98
94
89
87
80
83
75
69
63
55
56
47
39
29
26
30
31
29
25
20
24
30
32
34
36
40
50
57
56
51
47
41
34
26
17
10
3
-8
-12
-8
-4
-7
-15
-16
-16
-21
-26
-31
-40
-45
-57
-65
-73
-79
-94
-104
-101
-106
-101
-109
-107
-104
-112
-119
-114
-105
-108
-94
-86
-84
-81
-83
-84
-86
-84
-63
-48
-39
-27
-17
-4
5
19
31
39
45
58
72
81
90
96
107
110
116
119
119
122
125
125
122
127
126
133
136
137
134
132
129
118
119
110
99
92
82
75
75
71
67
59
43
35
32
19
13
6
-5
-9
-21
-31
-44
-47
-46
-45
-57
-72
-78
-84
-85
-95
-98
-95
-91
-85
-85
-84
-82
-85
-88
-94
-89
-92
-91
-93
-109
-115
-128
-137
-146
-149
-153
-150
-147
-148
-138
-138
-137
-124
-131
-126
-118
-112
-96
-92
-85
-81
-78
-73
-53
-32
-16
1
14
18
21
29
38
49
59
64
73
78
85
93
95
106
116
124
127
129
133
133
145
150
159
165
171
182
183
184
172
166
167
155
154
150
137
133
119
113
108
98
91
87
87
76
74
68
58
60
52
40
30
17
9
-4
-12
-23
-28
-44
-54
-58
-70
-81
-88
-91
-88
-89
-105
-117
-123
-128
-132
-132
-145
-155
-166
-172
-165
-169
-167
-167
-156
-157
-151
-142
-147
-143
-138
-132
-124
-108
-108
-110
-107
-108
-100
-94
-85
-75
-70
-63
-53
-37
-34
-25
-15
-18
-13
-7
24
72
108
110
65
29
30
56
126
154
155
113
54
55
65
104
142
146
135
120
117
118
92
80
67
86
119
122
127
93
65
66
77
98
117
129
130
126
108
86
60
49
56
72
70
64
50
29
22
5
-6
-3
-10
-12
-9
-23
-44
-67
-86
-89
-88
-90
-99
-106
-123
-138
-148
-164
-162
-166
-162
-157
-159
-160
-167
-164
-158
-151
-154
-156
-145
-132
-114
-106
-107
-105
-103
-97
-81
-66
-57
-47
-35
-24
-13
-5
0
8
14
23
34
39
44
47
52
61
62
75
91
102
117
118
112
108
112
118
131
153
165
168
161
147
145
141
139
144
150
150
143
142
130
123
118
118
128
125
125
113
99
88
74
66
59
60
51
43
33
25
23
13
12
13
13
4
-1
-5
-19
-31
-43
-53
-60
-66
-76
-92
-111
-126
-138
-151
-155
-163
-179
-183
-184
-189
-183
-183
-190
-193
-199
-201
-198
-195
-205
-211
-211
-212
-208
-204
-204
-202
-190
-178
-161
-145
-131
-112
-94
-73
-57
-54
-47
-44
-38
-23
-13
-1
6
13
23
41
66
77
86
91
99
104
115
126
126
133
137
140
143
142
146
154
161
170
170
172
176
181
184
181
192
191
190
182
173
164
156
145
127
119
102
90
82
71
57
46
44
38
41
39
36
29
17
10
-3
-13
-9
-15
-21
-20
-30
-38
-51
-54
-63
-69
-70
-77
-77
-86
-90
-94
-100
-98
-93
-95
-102
-111
-120
-127
-134
-142
-146
-157
-158
-156
-145
-141
-141
-136
-138
-131
-130
-126
-117
-117
-113
-104
-103
-94
-82
-70
-62
-57
-47
-37
-24
-13
5
26
36
51
59
68
80
96
109
119
127
126
136
142
150
160
155
159
160
155
155
156
151
148
145
143
148
137
124
115
108
104
104
94
83
78
76
76
81
78
77
77
70
71
65
52
39
32
30
17
11
-1
-9
-16
-21
-21
-29
-32
-38
-45
-40
-42
-50
-58
-66
-71
-79
-79
-73
-87
-97
-102
-110
-117
-124
-120
-119
-113
-118
-120
-122
-122
-112
-104
-112
-114
-114
-115
-108
-102
-93
-85
-85
-87
-88
-90
-86
-77
-61
-47
-35
-26
-13
0
6
17
36
46
56
68
73
79
87
88
96
106
107
122
133
134
144
151
161
164
167
171
167
169
164
158
151
149
146
133
128
123
124
128
129
124
122
113
101
90
82
72
60
49
34
28
24
22
14
7
0
-4
-3
-6
-13
-20
-25
-31
-36
-44
-56
-60
-62
-65
-67
-82
-96
-105
-111
-114
-116
-117
-130
-139
-148
-152
-155
-157
-161
-167
-163
-160
-151
-154
-152
-152
-159
-156
-155
-150
-147
-138
-138
-134
-134
-131
-120
-110
-96
-84
-75
-79
-69
-61
-55
-40
-38
-30
-19
-5
2
10
22
31
52
62
75
89
94
103
113
127
132
136
138
137
132
132
140
138
142
148
147
150
149
151
150
151
151
149
146
144
141
132
128
127
120
107
104
103
98
93
82
71
62
57
56
51
46
33
25
10
2
1
-11
-19
-23
-26
-33
-35
-40
-46
-47
-45
-49
-62
-68
-75
-84
-88
-89
-99
-103
-109
-119
-123
-131
-134
-135
-137
-141
-141
-145
-141
-131
-128
-129
-126
-117
-112
-106
-98
-95
-95
-94
-74
-71
-70
-59
-54
-43
-38
-32
-35
-30
-26
-17
0
7
17
21
37
51
59
67
68
73
80
87
94
105
110
118
124
127
126
127
127
129
131
133
137
137
138
134
132
125
125
126
122
121
116
121
117
113
117
115
109
102
97
93
88
79
67
56
47
35
26
19
15
9
-1
-11
-18
-27
-31
-33
-41
-51
-62
-64
-72
-74
-78
-92
-100
-104
-109
-117
-127
-141
-146
-148
-153
-159
-159
-163
-168
-170
-175
-177
-179
-175
-175
-175
-171
-176
-173
-165
-168
-170
-165
-157
-152
-145
-125
-120
-116
-105
-98
-87
-75
-67
-62
-54
-48
-37
-26
-15
-2
7
23
26
28
43
52
65
72
75
79
86
97
104
111
110
118
122
127
136
130
137
144
151
152
153
157
160
166
168
166
167
163
162
160
157
159
152
151
145
139
139
134
132
124
117
110
102
98
89
87
80
68
62
52
40
31
22
2
-7
-21
-39
-46
-66
-72
-84
-93
-95
-112
-113
-115
-124
-130
-139
-148
-151
-148
-154
-156
-158
-167
-165
-165
-162
-166
-171
-170
-174
-174
-167
-163
-161
-159
-158
-155
-149
-145
-134
-122
-118
-110
-105
-103
-89
-80
-71
-68
-59
-52
-43
-25
-17
-6
-2
5
14
27
33
43
51
49
58
63
72
83
95
112
115
120
127
132
140
148
153
155
159
160
162
161
155
150
151
148
149
148
146
148
142
136
133
120
115
113
106
108
101
88
85
73
54
50
43
35
27
16
8
0
-7
-11
-21
-31
-39
-47
-52
-56
-65
-74
-88
-98
-107
-109
-112
-114
-116
-122
-127
-130
-131
-131
-117
-112
-116
-112
-112
-110
-115
-114
-107
-105
-105
-100
-102
-103
-98
-97
-92
-85
-76
-68
-60
-55
-48
-44
-35
-27
-19
-12
-8
-6
3
6
14
21
20
27
43
51
57
69
77
88
94
101
103
107
113
118
124
128
129
130
134
134
144
150
151
158
151
153
154
151
150
151
145
141
137
130
130
117
107
97
87
75
64
56
47
37
35
30
17
9
2
-8
-13
-29
-32
-39
-51
-61
-77
-78
-91
-100
-108
-116
-124
-134
-134
-138
-132
-133
-142
-141
-143
-138
-133
-134
-133
-137
-135
-132
-133
-131
-123
-123
-120
-113
-110
-103
-96
-91
-87
-83
-80
-75
-70
-69
-62
-56
-53
-46
-42
-35
-26
-15
-11
5
17
26
34
47
58
66
75
77
92
95
100
104
106
108
112
117
114
115
124
129
131
136
139
141
142
141
143
142
134
134
130
136
136
135
129
123
120
109
95
88
81
71
68
59
49
36
22
10
-2
-15
-27
-34
-47
-46
-54
-65
-75
-88
-87
-90
-97
-110
-116
-123
-126
-129
-140
-136
-141
-146
-148
-149
-145
-144
-140
-146
-144
-138
-132
-126
-115
-111
-107
-103
-105
-93
-89
-75
-69
-72
-63
-55
-46
-38
-32
-24
-13
-8
-3
7
18
23
33
36
42
53
56
61
67
64
67
69
69
71
77
76
72
75
80
83
86
85
89
90
90
92
88
90
90
88
89
92
92
88
88
89
83
80
81
78
78
79
74
69
70
69
62
59
53
50
41
33
26
22
15
9
5
-4
-5
-10
-23
-27
-35
-45
-44
-53
-59
-65
-74
-77
-87
-91
-97
-104
-105
-111
-118
-119
-123
-122
-126
-123
-118
-114
-115
-111
-105
-108
-104
-106
-109
-104
-103
-97
-88
-93
-80
-79
-74
-57
-51
-43
-38
-30
-28
-18
-7
0
1
11
16
13
17
25
31
34
35
36
49
54
59
66
68
69
73
76
78
84
85
82
89
93
98
92
88
90
89
95
97
93
88
87
86
85
82
84
77
63
62
57
54
57
55
50
43
42
43
40
36
32
28
26
18
16
10
9
3
0
-5
-14
-11
-15
-18
-26
-31
-33
-41
-45
-47
-47
-48
-55
-62
-56
-54
-49
-53
-59
-62
-64
-66
-65
-64
-66
-68
-74
-74
-72
-77
-80
-78
-74
-74
-70
-74
-65
-64
-64
-61
-60
-55
-50
-44
-45
-45
-37
-30
-18
-10
-6
2
2
4
9
17
16
15
24
26
33
39
38
41
43
52
53
59
61
56
61
60
65
73
75
76
76
77
77
79
81
78
73
74
71
72
72
71
71
67
66
58
57
58
53
48
41
37
31
33
29
26
22
16
13
3
0
2
0
-2
-7
-12
-15
-17
-17
-18
-22
-26
-24
-25
-25
-21
-29
-36
-31
-34
-34
-39
-42
-44
-45
-46
-51
-44
-43
-46
-44
-46
-51
-55
-65
-60
-65
-71
-66
-63
-58
-65
-63
-65
-67
-64
-61
-55
-55
-50
-40
-37
-35
-34
-34
-30
-28
-24
-20
-10
-10
-6
-6
3
10
9
14
13
13
19
23
22
20
25
26
34
39
36
43
39
37
44
46
49
48
42
42
38
38
41
39
37
34
34
39
37
35
32
20
21
20
15
17
15
15
16
12
7
6
2
-4
-4
-6
-11
-7
-7
-9
-9
-12
-9
-8
-4
-13
-16
-15
-21
-17
-19
-27
-24
-28
-28
-27
-34
-31
-35
-36
-39
-36
-34
-39
-40
-38
-37
-35
-35
-30
-34
-34
-31
-37
-38
-36
-33
-34
-31
-31
-23
-15
-16
-17
-22
-17
-15
-15
-12
-7
-3
5
8
7
9
10
12
11
12
15
19
22
20
25
25
27
29
28
30
30
35
30
34
35
33
32
32
31
30
27
24
24
25
26
22
22
24
26
26
23
22
21
20
20
21
23
22
16
15
10
8
11
5
6
5
5
9
9
10
11
3
1
-1
-2
0
-3
-3
-6
-6
-7
-9
-10
-17
-19
-19
-19
-21
-23
-22
-26
-33
-33
-33
-34
-35
-37
-40
-41
-39
-38
-38
-43
-44
-41
-38
-35
-35
-30
-25
-23
-20
-14
-12
-10
-9
-7
-5
-3
2
3
7
4
7
10
11
14
16
18
18
22
26
30
31
32
35
37
38
39
39
38
37
38
43
41
41
38
38
36
35
34
31
31
26
25
27
27
22
21
18
15
15
14
12
13
12
15
17
15
13
9
8
6
5
4
2
0
-1
0
-1
-2
-7
-10
-9
-5
-5
-3
-2
-5
-5
-7
-12
-12
-16
-17
-17
-19
-17
-21
-21
-22
-24
-22
-23
-21
-23
-25
-27
-26
-25
-27
-26
-27
-29
-30
-31
-32
-31
-29
-29
-28
-26
-19
-15
-13
-12
-12
-8
-4
-4
-1
2
4
5
6
7
5
7
9
11
11
14
18
17
19
20
18
18
19
18
19
20
19
19
17
16
16
15
15
15
13
11
9
10
7
7
7
3
4
4
4
2
0
-2
-1
-2
-4
-5
-7
-10
-11
-11
-10
-9
-11
-12
-11
-11
-9
-9
-10
-10
-13
-12
-12
-15
-14
-16
-17
-17
-17
-16
-14
-14
-16
-15
-15
-14
-11
-11
-13
-11
-10
-10
-7
-6
-7
-5
-4
-4
-2
1
1
2
5
4
7
9
7
10
11
12
14
16
18
21
23
23
28
29
28
29
30
30
31
31
32
33
33
32
32
34
31
32
30
29
28
30
27
23
24
22
21
19
17
16
14
12
9
9
6
1
0
-5
-6
-8
-10
-12
-15
-16
-18
-16
-20
-24
-25
-29
-30
-32
-33
-37
-37
-39
-40
-40
-42
-42
-42
-43
-44
-43
-40
-41
-40
-40
-39
-37
-37
-35
-34
-34
-33
-28
-27
-25
-24
-21
-18
-18
-15
-13
-12
-9
-7
-1
2
6
10
12
16
16
20
23
23
24
25
28
30
32
34
36
39
40
41
45
44
45
47
47
47
47
45
45
45
43
44
43
42
40
40
40
39
39
36
33
33
30
28
26
21
20
17
15
11
11
9
5
2
-2
-5
-8
-11
-14
-17
-19
-20
-23
-25
-28
-30
-32
-33
-34
-35
-37
-38
-41
-44
-44
-47
-49
-52
-51
-52
-52
-50
-50
-50
-49
-48
-46
-43
-43
-42
-40
-39
-36
-34
-30
-28
-26
-23
-20
-16
-14
-12
-9
-7
-1
2
6
7
10
13
16
17
20
21
25
27
29
32
34
36
36
37
37
39
40
39
40
41
41
40
42
40
39
38
36
35
34
33
32
28
26
22
21
18
16
16
13
12
10
9
6
4
1
-1
-3
-5
-7
-8
-11
-13
-13
-15
-16
-16
-18
-19
-20
-21
-23
-24
-24
-24
-24
-23
-21
-22
-22
-22
-24
-23
-24
-24
-22
-22
-22
-20
-19
-19
-19
-19
-18
-17
-15
-14
-13
-12
-8
-8
-6
-3
-3
-3
-2
-1
1
2
4
5
7
9
9
10
12
13
15
18
18
18
18
19
20
20
21
23
24
23
22
23
23
22
22
23
23
23
23
22
21
19
19
18
17
16
15
12
11
9
8
6
4
3
1
0
0
-3
-3
-5
-8
-8
-9
-10
-11
-11
-13
-12
-13
-13
-15
-15
-16
-15
-16
-18
-17
-17
-17
-18
-17
-18
-17
-15
-15
-15
-15
-14
-13
-13
-13
-12
-12
-11
-11
-9
-9
-8
-9
-9
-9
-10
-10
-11
-8
-7
-6
-6
-6
-5
-4
-4
-3
-2
-2
-2
-2
-2
-2
-1
0
1
3
2
4
5
5
6
5
6
8
8
8
8
9
10
11
