2.219001  1.011231  0.185086  1.032572  3.252450  2.212494  1.166317  1.069825  0.496351  -0.213681  -0.102751  -0.000257  
0.228822  1.326242  3.917234  0.893591  0.951333  0.754386  1.854018  1.322167  0.013042  0.544139  0.191045  0.000051  
1.925217  1.660307  1.391999  0.959331  1.615583  1.417176  1.652776  1.332217  0.812672  0.287018  0.091840  -0.000313  
1.961775  2.813134  2.470319  0.745025  2.850801  0.150602  1.439109  -0.258577  -0.234491  -0.047635  0.087155  -0.000152  
2.085538  1.090396  0.163322  -0.106383  2.748883  2.166609  1.723678  1.807744  -0.278337  -0.070492  -0.116683  0.000179  
-1.692499  0.807513  2.405067  -1.558715  0.707755  0.518165  0.709590  2.113004  0.070919  -0.001004  0.110072  0.000233  
2.032946  2.127298  2.284156  0.816697  2.033597  2.166634  0.876387  1.354984  0.592566  0.003368  0.165293  -0.000217  
2.789610  2.374891  1.480929  -0.365054  0.791471  0.131648  -0.828909  -0.645142  -1.450047  -0.306769  -0.045060  0.000303  
2.197772  1.026453  0.514222  0.626010  2.779867  2.773663  2.318400  0.607273  -0.289670  0.005714  -0.057619  -0.000674  
-0.821678  0.525189  2.558200  -0.913770  0.170911  -0.115961  1.858292  1.300384  0.280432  0.302783  0.032621  0.000276  
1.922169  2.023228  1.999105  1.706148  1.952948  1.470756  1.272309  0.773124  0.516520  0.217162  0.134644  -0.000420  
2.459878  2.467088  2.189967  2.118210  2.583166  0.789606  -0.141364  0.034762  0.032383  -0.062361  -0.037184  0.000535  
2.199533  1.389356  0.009641  -0.472525  1.352183  1.819655  2.109993  1.037431  -0.022393  -0.152170  -0.126962  0.000512  
0.755843  -0.390405  -0.030810  -1.350352  0.256965  -0.634972  1.175120  1.525486  0.024210  -0.054574  0.016053  0.000227  
0.962532  -0.100039  0.272956  0.784146  1.668707  -0.142224  1.164657  1.755565  0.617971  0.093989  -0.023880  0.000597  
3.070820  2.284323  0.400571  -0.216713  0.613309  0.331561  -0.337359  -1.092854  0.068235  0.136740  -0.009724  0.000331  
2.556700  1.171221  -0.356210  -0.089543  2.343186  1.127072  0.804810  1.478440  0.277097  -0.120262  -0.236030  0.001095  
0.724912  0.564437  1.809484  0.164457  0.038793  0.837997  2.442959  1.871752  0.167513  0.245295  0.081806  0.000650  
1.802917  1.815670  1.774039  1.463538  1.503908  1.265548  1.085810  0.891386  0.690018  0.361864  0.184838  -0.000477  
2.058025  2.616369  2.290162  0.814023  2.141678  0.327879  0.553333  0.148034  -0.535745  -0.029748  0.129519  0.000137  
2.258976  1.306206  -0.004071  -0.637496  2.707408  0.657036  2.048187  1.070610  -0.260333  -0.088725  -0.204084  0.000383  
-1.309750  0.331283  2.604616  -0.744775  -0.364690  0.119440  0.802880  1.765400  0.150434  -0.101331  0.145227  0.000355  
2.267392  2.205895  2.126500  0.113845  1.291911  1.649079  0.231472  1.498387  1.002620  0.122902  0.171726  0.000027  
2.523442  2.473427  1.779864  1.185002  1.456771  -0.162634  -0.889693  -0.723239  -0.436258  -0.220021  0.012571  0.000262  
1.917795  1.518803  1.086553  1.172170  1.996465  2.231895  1.950317  1.080420  0.224145  -0.094633  0.069636  -0.000564  
-1.011190  -0.192490  3.232804  0.760760  -0.273277  -0.612045  1.910161  1.200561  -0.266297  0.322167  0.141362  0.000379  
2.006950  2.122687  2.022764  1.610269  1.609777  1.004700  0.739865  0.449277  0.262405  0.113038  0.088225  -0.000119  
2.206364  2.238158  1.921543  1.543280  1.469798  0.687538  0.161747  -0.106392  -0.179139  -0.107543  0.009366  0.000315  
2.871433  1.716850  0.333367  -1.128760  0.732098  0.795800  0.830872  0.758452  -0.444243  0.155162  -0.166442  0.001101  
0.850302  0.216886  0.362766  -1.256873  -0.454962  -1.158377  0.354850  0.769502  -0.258289  -0.184184  -0.033477  0.000238  
2.499084  1.853861  0.738252  0.289020  0.881892  0.728811  0.688162  0.661190  0.465480  0.147389  -0.028320  0.000510  
2.733413  1.967894  0.731819  0.328548  1.430906  -0.063191  -0.133439  0.204075  0.674476  0.208663  -0.053506  0.000525  
